data	data	2775.81	4437.6	3547.61	2523.31	7505.49	8745.11	5245.71	2498.82	2266.19	2681.11	681.185	1184.53	3454.21	4746.81	2437.91	2046.36	2008.41	1977.69	2267.21	2328.92	2605.18	2769.81	2820.41	3089.35	1993.64	1802.52	7830.6	5047.04	1092.95	800.999	2458.98	2470.17	1928.08	2336.49	4605.24	881.466	2177.33	2384.63	2588.2	2140.84	1052.48	1061.45	2029.07	1658.19	1868.34	1560.31	3079.04	4219.62	3054.36	1530.86	3931.96	1795.72	3149.82	2354.64	3037.81	4479.8	5156.67	3026.63	3978.7	4382.15	1928.09	1838.19	3011.23	2544.9	1648.07	1013.62	592.663	1217.97	8263.09	7334.65	2199.11	3135.14	3858.74	2614.14	2488.11	3186.55	5084.27	4268.75	4455.21	1756.11	3380.66	2738.41	4139.2	3587.36	2210.83	2642.99	2087.08	3136.25	3376.47	3828.98	4306.65	2809.54	4670.88	2737.71	3927.19	2676.86	1981.65	2079.56	3223.02	2170.4	1762.59	2164.34	6298.7	6823.35	9005.27	7231.31	10308	8395.47	1207.41	978.437	1379.41	2062.7	1453.57	2014.8	2246	1135.96	1981.34	2982.22	1980.59	2491	1793.71	1197.45	1323.87	2366.46	4173.74	3487.78	1791.03	3324.11	2136.01	1042.18	3599.29	1739.54	2555.35	2861.75	4529.45	3834.25	1781.41	6092.1	2214.14	3006.94	3809.4	4821.28	3824.92	3533.62	2359.69	3037.02	1269.43	2223.09	3278.92	2151.22	3172.9	4252.98	1318.02	1162.07	2673.72	3265.93	1537.91	1984.67	1670.16	2927.51	5077.45	3524.07	2038.64	2018.35	1836.78	1830.97	1553.97	867.443	7903.08	3286.27	817.521	1161.04	1753.14	804.263	226.694	455.747	763.346	2103.42	1443.25	677.108	2111.52	2350.08	579.986	481.079	609.333	580.423	836.462	1008.81	5353.02	3997.83	6873.81	3604.88	5030.08	5567.5	5097.66	4643.26	11452.4	6908.4	7041.31	3420.98	3348.02	3794.71	6532.29	5249.14	6601.1	6080.9	5758.17	9094.01	2111.95	3440.57	1731.54	2914.42	2869.29	6166.15	8107.5	8365.8	8422.58	8458.38	5898.14	7252.34	5023.56	7562.25	10777.2	11067.6	9922.17	6329.46	4180.45	6962.17	8624.77	12946.7	4307.72	4407.71	8177.13	2877.47	1882.81	2394.94	5336.68	5447.65	4316.15	4880	4677.61	6298.29	5613.45	4408.13	5785.64	4712.33	
data	data	SFG_L_7_1	SFG_R_7_1	SFG_L_7_2	SFG_R_7_2	SFG_L_7_3	SFG_R_7_3	SFG_L_7_4	SFG_R_7_4	SFG_L_7_5	SFG_R_7_5	SFG_L_7_6	SFG_R_7_6	SFG_L_7_7	SFG_R_7_7	MFG_L_7_1	MFG_R_7_1	MFG_L_7_2	MFG_R_7_2	MFG_L_7_3	MFG_R_7_3	MFG_L_7_4	MFG_R_7_4	MFG_L_7_5	MFG_R_7_5	MFG_L_7_6	MFG_R_7_6	MFG_L_7_7	MFG_R_7_7	IFG_L_6_1	IFG_R_6_1	IFG_L_6_2	IFG_R_6_2	IFG_L_6_3	IFG_R_6_3	IFG_L_6_4	IFG_R_6_4	IFG_L_6_5	IFG_R_6_5	IFG_L_6_6	IFG_R_6_6	OrG_L_6_1	OrG_R_6_1	OrG_L_6_2	OrG_R_6_2	OrG_L_6_3	OrG_R_6_3	OrG_L_6_4	OrG_R_6_4	OrG_L_6_5	OrG_R_6_5	OrG_R_6_6	OrG_R_6_6	PrG_L_6_1	PrG_R_6_1	PrG_L_6_2	PrG_R_6_2	PrG_L_6_3	PrG_R_6_3	PrG_L_6_4	PrG_R_6_4	PrG_L_6_5	PrG_R_6_5	PrG_L_6_6	PrG_R_6_6	PCL_L_2_1	PCL_R_2_1	PCL_L_2_2	PCL_R_2_2	STG_L_6_1	STG_R_6_1	STG_L_6_2	STG_R_6_2	STG_L_6_3	STG_R_6_3	STG_L_6_4	STG_R_6_4	STG_L_6_5	STG_R_6_5	STG_L_6_6	STG_R_6_6	MTG_L_4_1	MTG_R_4_1	MTG_L_4_2	MTG_R_4_2	MTG_L_4_3	MTG_R_4_3	MTG_L_4_4	MTG_R_4_4	ITG_L_7_1	ITG_R_7_1	ITG_L_7_2	ITG_R_7_2	ITG_L_7_3	ITG_R_7_3	ITG_L_7_4	ITG_R_7_4	ITG_L_7_5	ITG_R_7_5	ITG_L_7_6	ITG_R_7_6	ITG_L_7_7	ITG_R_7_7	FuG_L_3_1	FuG_R_3_1	FuG_L_3_2	FuG_R_3_2	FuG_L_3_3	FuG_R_3_3	PhG_L_6_1	PhG_R_6_1	PhG_L_6_2	PhG_R_6_2	PhG_L_6_3	PhG_R_6_3	PhG_L_6_4	PhG_R_6_4	PhG_L_6_5	PhG_R_6_5	PhG_L_6_6	PhG_R_6_6	pSTS_L_2_1	pSTS_R_2_1	pSTS_L_2_2	pSTS_R_2_2	SPL_L_5_1	SPL_R_5_1	SPL_L_5_2	SPL_R_5_2	SPL_L_5_3	SPL_R_5_3	SPL_L_5_4	SPL_R_5_4	SPL_L_5_5	SPL_R_5_5	IPL_L_6_1	IPL_R_6_1	IPL_L_6_2	IPL_R_6_2	IPL_L_6_3	IPL_R_6_3	IPL_L_6_4	IPL_R_6_4	IPL_L_6_5	IPL_R_6_5	IPL_L_6_6	IPL_R_6_6	PCun_L_4_1	PCun_R_4_1	PCun_L_4_2	PCun_R_4_2	PCun_L_4_3	PCun_R_4_3	PCun_L_4_4	PCun_R_4_4	PoG_L_4_1	PoG_R_4_1	PoG_L_4_2	PoG_R_4_2	PoG_L_4_3	PoG_R_4_3	PoG_L_4_4	PoG_R_4_4	INS_L_6_1	INS_R_6_1	INS_L_6_2	INS_R_6_2	INS_L_6_3	INS_R_6_3	INS_L_6_4	INS_R_6_4	INS_L_6_5	INS_R_6_5	INS_L_6_6	INS_R_6_6	CG_L_7_1	CG_R_7_1	CG_L_7_2	CG_R_7_2	CG_L_7_3	CG_R_7_3	CG_L_7_4	CG_R_7_4	CG_L_7_5	CG_R_7_5	CG_L_7_6	CG_R_7_6	CG_L_7_7	CG_R_7_7	MVOcC	MVOcC	MVOcC	MVOcC	MVOcC	MVOcC	MVOcC	MVOcC	MVOcC	MVOcC	LOcC_L_4_1	LOcC_R_4_1	LOcC_L_4_2	LOcC_R_4_2	LOcC_L_4_3	LOcC_R_4_3	LOcC_L_4_4	LOcC_R_4_4	LOcC_L_2_1	LOcC_R_2_1	LOcC_L_2_2	LOcC_R_2_2	Amyg_L_2_1	Amyg_R_2_1	Amyg_L_2_2	Amyg_R_2_2	Hipp_L_2_1	Hipp_R_2_1	Hipp_L_2_2	Hipp_R_2_2	BG_L_6_1	BG_R_6_1	BG_L_6_2	BG_R_6_2	BG_L_6_3	BG_R_6_3	BG_L_6_4	BG_R_6_4	BG_L_6_5	BG_R_6_5	BG_L_6_6	BG_R_6_6	Tha_L_8_1	Tha_R_8_1	Tha_L_8_2	Tha_R_8_2	Tha_L_8_3	Tha_R_8_3	Tha_L_8_4	Tha_R_8_4	Tha_L_8_5	Tha_R_8_5	Tha_L_8_6	Tha_R_8_6	Tha_L_8_7	Tha_R_8_7	Tha_L_8_8	Tha_R_8_8	
2775.81	SFG_L_7_1	0	163.878	196.856	35.95	136.721	21.8333	97.3981	6.87597	31.6162	5.07317	41.3333	5.23932	4.22222	0.0680272	0.346667	1.35714	0.0222222	26.3876	0.258333	0.0133333	0.275	0.416667	0.44	56.4031	0.108333	29.3798	0.343284	0	0.321429	0.382979	1.48649	0.402778	2.52688	1.79861	1.67544	0	0.790476	0.366667	3	5.03922	0.0133333	0.0192308	0.0597015	0	0	0	0.0235294	0.0123457	0.744681	0.170068	0.149254	0.0047619	0.0238095	0.0915033	0.0162602	0.0333333	1.32143	0.0321285	0.702381	0.681481	0.0555556	1.38365	0.0707071	0.267974	11.0588	0.108844	2.71014	0.0555556	2.70748	0.0104167	0	0	0.0185185	0.17284	0	0.00320513	3.02174	0	0.113333	0.00320513	0.0190476	0.00374532	1.34043	0.00374532	0.00490196	0	0.0142857	0.00374532	0.0441176	0.00378788	0.0637255	0	0.235294	0	0.010929	0	0	0	0.050505	0	0.0277778	0	0.0637255	0	0.0394737	0	0.0686275	0	0	0	0	0.00444444	0	0	0.0231481	0	0.0193237	0	0.00724638	0.00854701	0	0	0	0	1.0929	0.0229885	0.12381	0	0.00584795	0	0.404762	0.101695	0.020202	0.0042735	0.147619	0.0045045	0.010582	0.0153846	0	0	0	0	0.0591398	0.0045045	0.0070922	0	0.637037	0.356322	20.1373	1.00575	1.18421	0.154762	1.82051	1.74359	0.00564972	0	0.010582	0	0	0	2.08333	0.148148	0.0917874	0	0.34375	0	0.133333	0.00606061	7.52273	0.014652	0.0681818	0	7.17172	0.00938967	0.0378788	0.124183	1.77193	2.78378	0.25	2.94444	1.15385	0.203704	16.1042	1.92157	1.06349	1.01418	0.025	0.125	0.193237	0	0.0964912	0	0.0776256	0	0.489247	0.136364	0.248889	0.00225225	0.287037	0	0.00490196	0	0.201754	0.00225225	0.18018	0.00813008	0.200803	0.00724638	0.0383142	0	0.0535714	0.219409	0.233831	0.00438596	0.924242	0.265873	0.328125	0.00595238	0.396825	0.00666667	18.2857	0.902778	1.37374	0.00560224	0.807292	0.018315	22.5098	33.2439	6.34146	0.414966	1.80952	0.0163934	157.639	0.15847	0.189744	0.0526316	5.10784	0.0408163	23.6095	0.0438596	18.1667	0.0107527	29.0286	0.00358423	78.6952	0.0884354	
4437.6	SFG_R_7_1	163.878	0	93.0952	143.775	49.8175	165.509	66.8939	105.118	24.7748	104.964	14.5619	42.5619	0.244898	0.205674	1.425	0.217391	8.00758	7.41026	0.690909	0	0.836364	4.89247	26.7121	5.13095	17.5926	8.11111	0.27381	0.036036	0.916667	15.8333	0.365385	4.34444	9.44681	85.8778	0.227848	0.121212	0.232704	33.8556	10.8865	92.7333	0.00673401	0	0	0	0.0037037	0.00584795	0.118841	0.0388889	0.269076	0.184397	0.0894309	0.00606061	0.903846	0.05	0.919355	0.114286	0.338384	0.178295	0.658333	0.792453	0.132075	14.7172	0.583333	15.2812	0.410256	1.04167	0.26087	1.83333	0.631206	1.54167	0	0.00505051	0.0348837	3.06863	0.00740741	0.00505051	0.482051	0.127451	0.0539216	0.0116279	0.0284553	0.0555556	0.313726	0.0648148	0.106838	0.225989	0.011236	0.0677966	0.224806	0.338164	0.456349	0.00483092	0.142857	0.25	0.0714286	0.161765	0.027451	0.00564972	0.473896	0.0734463	0.261905	0.0193237	0.0021097	0.5	0.0352941	0.0162602	0.420635	0.0491803	0	0	0	0	0	0	0.0382514	0.14881	0.0602837	0.878307	0.00564972	0.0120482	0.0037037	0.220339	0.021097	0.1	1.44856	1.48925	0.0795455	0.661538	0.0591398	0.0104167	1.37179	0.461111	0.0622222	0.134328	0.0833333	0.124378	0.016129	0.104478	0	0.183673	0.0164609	0.805556	0.346491	0.113333	0.025641	0.602837	0.225	1.61905	1.3547	3.80503	0.147619	1.18667	0.213333	7.49645	0.00995025	0.025	0	0.00900901	0.00505051	0.103825	0.758772	1.06322	0.0736434	0.0190476	0	0.00606061	0	0.25	1.15423	0.0606061	0.0585586	0.166667	0.789744	0.32381	0.18254	1.03788	0.823529	3.76577	0.2	37.1	0.289617	6.1087	1.7451	6.98333	0.00813008	2.19355	0.0238095	1.11111	0.764444	0.104478	0.00934579	0.05	0.0549451	0.266667	0.13242	0.0875	0.131868	0.649123	0.148148	0.0329218	0.00383142	0.00775194	0.0681004	1.24	0.757202	0.0577778	0.0245614	0.24359	0.0105263	0.139303	0.0543478	22.4583	0.234043	1.94709	0.633333	45.0652	0.0819672	2.79487	0.346535	0.625641	2.63052	209.267	1.33677	1.96875	0.773196	0.333333	0.141026	92.2593	1.2069	10.3448	0.075188	6.93519	3.1124	104.41	0.563574	1.13978	0.134557	4.27027	0.748227	75.2703	0.162393	58.2432	0.125	43.1802	0.281746	67.5784	
3547.61	SFG_L_7_2	196.856	93.0952	0	11.3721	181.705	7.85606	234.847	1.76087	0.121528	0.504505	0.0493827	2.4	0.047619	0.037037	51.6491	0.341085	3.41975	17.031	3.05051	0.0204082	4.67677	0.510204	73.463	26.9922	0.287879	6.12121	0.228856	0	29.2593	0.638298	5.89189	0.479167	45.7857	3.29167	4.35897	0	3.1619	0.0848485	70.6437	1.16327	0	0	0.0497512	0	0	0	0.015873	0	0.934783	0.258503	0.185185	0	0.279279	0.02	0.423611	0.0421456	2.81818	0.133333	1.65432	0.166667	7.65556	0.173077	14.5222	0.0333333	0.184524	0.0763889	0.309524	0.00854701	7.06383	0.00219298	0.0128205	0	0.111111	0.0251572	0.00877193	0.00392157	11.8768	0.0031746	0.802721	0	0.543011	0.00266667	3.64583	0.0031746	0.766667	0.00266667	0.0416667	0	1.39303	0	2.68182	0	0.114428	0	0.435897	0.00343643	0.171717	0	2.93229	0	1.53535	0	0.025641	0.00343643	0.0843882	0.011236	2.72222	0.00282486	0	0	0.003663	0	0	0	0.0238095	0.010929	0.010582	0.00343643	0.003663	0.0225225	0.0114943	0	0.078125	0	3.90686	0.0215054	0.908213	0	0.0491803	0	0.712644	0.0481481	0.117647	0.0108696	1.40196	0.00358423	0.026455	0.00653595	0.0612245	0	0.100629	0	2.33333	0	0.224638	0	0.0621469	0.107345	0.614583	0.385057	0.0677966	0.0242424	0.010929	0.461538	0.14966	0	0.02	0	0.14966	0	4.30409	0.0962199	1.05797	0	1.32292	0	1.40476	0	35.5725	0	1.19883	0	37.2286	0.00469484	0	0.0147059	0	0.131783	0.00497512	0.010101	0.00564972	0.0320513	0.0990991	0.0810811	0	0.479167	0	0	0.608696	0.0149813	0.114035	0	0.384977	0	1.3545	0.429293	1.56338	0	1.63333	0.00358423	0.0102564	0	1.06944	0	0.863014	0.0160643	0.341564	0	0.0344828	0	0.0606061	0.546185	0.130208	0.00995025	0.915423	0.698039	0.05	0.00634921	0.286458	0.00497512	62.8639	1.70238	1.27778	0.00840336	1.04286	0.129032	17.3429	32.1318	21.6589	0.125926	1.82857	0.00260417	215.29	0.287179	0.338462	0.109966	3.14141	0.02589	23.1524	0.0333333	15.8056	0.0140845	23.9804	0.0107527	94.8476	0.118056	
2523.31	SFG_R_7_2	35.95	143.775	11.3721	0	27.6746	244.2	1.60145	18.8077	0.614815	0.272727	11.7179	0.0119048	0.115942	0.00813008	0.466667	135	1.13636	3.21795	0.283951	14	0.314465	17.5278	3.56061	14.1389	2.22727	29.6444	0.19883	0.444444	0.263889	9.82051	0.0849673	12.1667	1.74638	85.7531	0.0377358	0.166667	0.0261438	15.9259	1.96377	21.0333	0	0	0	0.00340136	0.0020202	0.00340136	0.0854701	0.0536398	0.138889	0.00987654	0	0.00680272	0.0192308	0	0.0447154	0.206897	0.0392157	0.306878	0.0481928	0.339506	0.00421941	0.791667	0.0128205	0.321839	0.265823	0.130952	0.0272109	0.0363636	0.292517	0.79798	0	0.00505051	0.0288066	0.0909091	0.00396825	0.0218579	0.0512821	0.373737	0.015873	0.00716846	0.00749064	0.046875	0.040404	0.106667	0.0121951	0.0437158	0.00749064	0.0288066	0.0310078	0.643519	0.064257	0	0.08	0.272727	0.0326797	0.161765	0.00813008	0	0.0562249	0.0491803	0.0232558	0.031746	0	0.273632	0.00766284	0.00724638	0.0588235	0.15942	0	0	0	0	0	0	0.00537634	0.0601093	0.0177305	0.358974	0	0.0117647	0	0.0437158	0.00401606	0.0277778	1.04527	5.41026	0.0766283	1.90404	0.00833333	0.0677966	1.04641	0.61828	0.0208333	1.83333	0.0191571	0.141414	0	0.8	0	0.423611	0.00784314	1.625	0.0325203	0.0282486	0.0168776	0.689394	0.130081	0.463542	0.978903	1.07527	0.0121212	0.0483871	0.0160643	0.114943	0	0.0229885	0	0.00900901	0	0.977401	0.371795	4.18713	0.0522088	0.974747	0	0.027027	0	0.74359	0.130081	0.441026	0.00784314	0.418605	0.0992064	1.09167	0	0.0307018	0	0.00813008	0	0	0.00268817	0.0242424	0.0720721	0	0	0.00416667	0	0	0.191111	0.0144928	0.0190476	0.0416667	0.0128205	0.173333	0.038961	0.0347826	0.0480769	0.442982	0.0222222	0.027027	0.00383142	0.00716846	0.0448718	0.697778	0.183761	0.0225225	0.0116959	0.338095	0	0.0735294	0.0283688	8.03252	0.121528	0.828125	0.195876	6.63265	0.00268817	3.86667	0.238994	0.588542	0.524904	70.3714	0.858586	1.13333	0.426426	0.583333	0.236111	49.775	0.522222	34.6133	0.047619	5.70476	0.693182	31.2451	0.38488	0.291139	0.0751634	4.33333	0.605072	38.2368	0.284848	34.6847	0.346405	29.4865	0.32	29.8889	
7505.49	SFG_L_7_3	136.721	49.8175	181.705	27.6746	0	398.744	1.86469	0.493976	0.309524	0.388889	101.763	86.0333	291.99	29.5303	186.569	5.44961	0.987654	8.58915	205.551	0.751773	62.375	3.14286	7.02899	23.8788	0.192593	1.41667	90.1667	0.0484848	21.7381	0.560284	21.381	1.78231	56.1724	0.763889	49.56	0.100629	8.23457	0.287879	58.6092	0.261111	0.00584795	0.035461	2.1746	0	0	0	0.188406	0.0952381	0.137255	0.496599	21.1739	0.25	0.201258	0.00546448	0.724359	0.2	7.14516	0.422481	0.907692	0.417625	0.31746	0.0282486	0.217054	0.00406504	0.209677	0.021164	0.0410256	0.0140845	5.02083	0.0535714	0.521127	0	0.722222	0.0456621	0.429224	0.01	25.1418	0.0357143	7.08844	0.00666667	2.66667	0	11.8403	0.0116959	1.24339	0	0.893333	0	3.92157	0.0151515	7.37745	0	3.55238	0.012012	2.75362	0.00909091	0.522523	0	5.26263	0	3.68627	0	1.10798	0.030581	0.170833	0.00453515	8.0098	0	0.04811	0	0.0144928	0	0.0189394	0	0.118143	0.00611621	0.134259	0.0336391	0.0687831	0.00421941	0.302222	0	0.131313	0	23.4279	0.0905797	7.23188	0.0333333	1.52821	0	7.58081	0.0886525	7.98485	0.0289855	7.92647	0.0248227	0.568627	0.0322581	0.123656	0	0.65625	0	6.20952	0.0045045	1.66667	0	1.10383	0.382716	6	0.378788	5.01258	0.312757	7.45912	1.28692	5.37705	0	0.408046	0	2.97222	0	23.0529	0.172285	6.77941	0.0251572	0.239316	0	12.5852	0	145.724	0.0105263	8.45556	0	50.7029	0	0.366667	0.117371	3.84553	23.4048	2.78014	0.17094	7.10458	0.27027	1.15476	0.097561	0.0760234	0.307292	0.017094	0.0409357	0.462963	0.145833	1.19635	0.0267857	7.42723	0.0416667	0.38806	0.147059	9.78704	0.0724638	8.47418	0.00673401	0.652968	0	12.379	0.0373563	12.1918	0.0452675	1.625	0.125	1.67143	0.0215054	0.0569106	0.640449	0.530516	0.122324	3.92271	1.42248	6.14706	0.822222	0.333333	0.369565	67.4783	2	0.574074	0.23053	11.8826	0.916667	82.1532	25.9457	94.4925	0.880952	81.982	2.58974	260.222	1.24051	1.53052	0.117845	12.2698	1.5743	59.193	0.469136	58.9912	1.25969	82.6579	2.05833	191.703	2.52137	
8745.11	SFG_R_7_3	21.8333	165.509	7.85606	244.2	398.744	0	0.560784	0.209302	0.300546	0.21875	69.8667	215.93	170.704	240.746	27.5152	159.961	0.222222	1.5977	22.1489	127.842	18.9653	83.3472	0.635659	16	0.15942	0.434783	10.7234	11.6167	0.638889	4.96552	3.2517	63.859	7.02837	26.6071	19.3741	29.4667	0.366667	59.9012	6.42553	0.40404	0.163121	0	0.14	0.194444	0.00372439	0.00680272	0.0868347	0.197802	0.48366	0.0871795	12.7986	33.9524	0.0364583	0.0320513	0.277108	0.148148	0.20614	0.302083	0.353414	0.635802	0.0168776	0.343434	0.00555556	0.0606061	0.329218	0.218391	0	0.0666667	0.383333	2.9537	0.0136054	0.0151515	0.0454545	3.3	0.0113636	0.0252525	0.538462	2.50242	0.140097	0.0365854	0.101626	0.0456621	0.12549	0.472973	0.0897436	0.031746	0.011236	0.0262172	0.48062	0.876712	0.882353	0.00749064	0.168317	0.788288	0.0680272	0.589041	0.0396825	0.00803213	0.562249	0.0218579	0.368217	0.015873	0.0212121	1.24286	0.0392157	0.0108696	0.956863	0.168889	0.00326797	0	0	0.00990099	0	0.030303	0.0284553	0.277778	0.0425532	1.6715	0	0.00784314	0	0.026455	0.0196078	0.015625	1.3373	6.50249	0.149813	2.59903	0.0288066	0.0444444	1.27083	0.936508	0.0555556	2.10101	0.161049	0.549296	0	1.40097	0	0.346667	0.0196078	0.94	0.277778	0.03125	0.0506329	0.489362	0.190476	0.973545	1.12757	2.10734	0.352113	1.66038	0.469136	9.71333	0	0.0277778	0	0	0	1.01111	0.590717	4.81921	0.272727	1.51208	0.0440252	0.0133333	0.029304	0.630631	1.70238	0.362745	0.226054	0.265152	1.56808	0.437037	1.65152	7.11364	9.0873	48.0317	3.91228	5.11111	0.537313	17.6596	0.0641026	2.55556	0	2.2381	0.125	0.573333	0.824561	0.0882353	0.0642202	0.233333	0.137681	1.54386	0.132479	0.0583333	0.460145	2.671	0.355556	0.207207	0.00724638	0.151111	0.297491	3.66667	1.00855	0.0755556	0.0921986	3.87556	0.039604	0.282407	0.0496454	12.2	0.115646	3.49275	0.343234	10.4293	0.205993	43.6173	0.281159	47.1833	0.759857	202.105	0.911765	4.73148	0.466077	59.0873	1.16667	346.795	1.17407	71.0833	0.623932	187.829	1.45594	176.296	0.343333	0.359307	0.258503	102.667	0.843137	92.8596	0.4329	171.467	0.534188	173.444	2.37398	178.632	
5245.71	SFG_L_7_4	97.3981	66.8939	234.847	1.60145	1.86469	0.560784	0	17.8841	331.394	116.563	0	0.163934	0.0266667	0.031746	1.36905	0.0208333	0.755556	0.886525	0.488372	0.0833333	0.854701	0.0885417	28.4386	7.73759	32.6	9.08696	0.313253	0	3.13793	0.0188679	2.44167	0.05	3.59804	0.416667	2.90698	0.0182648	2.47368	0.236364	30.2323	6.81046	0	0	0.133333	0	0	0	0.0361446	0	1.1875	0.146667	0.446667	0	67.5667	0.226667	170.583	18.8511	8.91667	2.21769	106.667	5.20833	51.2157	3.69231	213.323	2.07333	1.17576	0.236111	0.944444	3.03704	4.56463	0.0201149	0	0	0.619048	0.302469	0.0047619	0.00392157	6.8156	0	0.188679	0	0.0952381	0.0156863	2.21333	0.0031746	0.0128205	0.0196078	0.0517241	0.00634921	0.0392157	0.0136986	0.0539216	0.00793651	0.0895522	0	0.0235294	0.0103093	0.00383142	0	0.350282	0.00396825	0.0392157	0.00793651	0.0104167	0.00569801	0.311966	0.00282486	0.0588235	0.0164609	0	0	0.003663	0	0	0	0.227273	0.0555556	0.0376344	0.0157233	0.003663	0.0355556	0.0192308	0	0	0	4.18966	0.0912281	0.590164	0.0310078	1.48039	0	2.81212	0.0687285	0.114035	0.0299145	0.187793	0.0189394	0.0333333	0.230769	0.133333	0	0.0833333	0	0.105556	0.0343137	0.101449	0	0.344828	0.344633	1.95238	1.2069	0.188889	0.157895	0.10119	1.55556	0.0133333	0.00350877	0.025641	0	0.00606061	0	8.39394	0.137457	0.0821256	0.0222222	2.70588	0	0.937107	0.00584795	26.3333	0.03663	0.0292398	0	20.6162	0.00925926	0	0.0196078	0	0.325926	0.00314465	0.015873	0.0333333	0.106918	0.245614	1.17544	0.0444444	1.96377	0	0	1.79452	0.025	0.622222	0	0.449074	0.00311526	1.81771	0.446154	0.463964	0	0.328889	0	0.00512821	0	0.804444	0.00268817	1.47556	0.0166667	0.360465	0.0143369	0.0498084	0.00574713	1.07895	0.947791	0.151042	0.0287356	52.5763	2.41948	0.0666667	0	0.295699	0.0155763	140.137	5.88627	1.63682	0.0287356	0.972973	0.641026	59.3137	1.08046	36.9333	0.973333	0.447619	0.00314465	356.784	0.290698	2.15819	0.207483	7.05051	0.0190476	31.9524	0.0666667	18.1524	0.0116959	50.3737	0	83.2667	0.157895	
2498.82	SFG_R_7_4	6.87597	105.118	1.76087	18.8077	0.493976	0.209302	17.8841	0	24.0083	107.86	0.0757576	0.00823045	0.0265152	0.0428571	0.0843373	0.313131	0.0277778	12.9524	0.00775194	0.0583333	0.0277778	2.61765	0.231884	7.71429	0.434783	68.4058	0.0486891	0.0187793	0.00641026	17.1954	0.137255	1.74074	0.00666667	31.871	0.329365	0.133333	0.097561	24.6882	0.0133333	181.844	0	0	0.00784314	0.00444444	0	0	0.003003	0.00574713	0.118056	0.0273632	0.162698	0.0181818	0.523809	0.242424	0.411765	39.1159	0.117216	1.18667	0.348485	5.35	0.0196078	69.9688	0.217687	55.5806	0.19774	0.0057971	0.0425532	0.0628931	0.00757576	0.20202	0	0.00520833	0	10.6263	0	0.0643275	0.00462963	0.0657277	0	0.0813954	0	0.20904	0	0.0547945	0	0.465517	0	0.19774	0	0.73913	0.00673401	0.0820513	0	0.130631	0	0.463768	0	0	0.0131579	0.174359	0	0.153846	0	0.171053	0.0912698	0.0281124	0	0.183575	0	0	0	0.004329	0	0.0264026	0.010582	0.196429	0.00444444	0.104167	0	0.00387597	0	0.413793	0	0.206897	0.0208333	0.461905	0	0.106481	0.00843882	0	0.0470085	0.0646766	0.020202	0.127451	0	0.0915033	0.010101	0.4	0	0.276596	0	0.449275	0.0149254	0.360544	0	2.57778	0	0.00555556	0.222222	0.0451977	0	0.0111111	0	0.0175439	0	0.0438596	0	0	0	0.0364583	0.0586081	0.420765	0	0.150235	0	0.00444444	0	0.261261	0.00925926	0.175676	0	0.18018	0.00925926	0.872549	0	0	0	0	0	0	0	0	0.574074	0	0.0148148	0	0	0	0.711111	0.136364	0	0	0.00326797	0.0128205	0.364444	0.164444	0.00653595	0.0405405	0.00653595	0.0164609	0	0.0232558	0	0.130631	0.699588	0.109649	0	0.112554	0	0.0410959	0.0133333	15.5917	0.00378788	0.213542	0.166667	115.816	0.00775194	0.0169492	0.0103093	0.125604	1.55814	243.924	0.0183486	0.242424	0.242064	0.1	0	1.30667	0.076087	19.4222	0.114428	0.0263158	2.5	6.16216	0.013986	0.354839	0.0870647	0.0628931	0.0173913	2.2451	0	1.56863	0	0.398693	0.565891	2.59804	
2266.19	SFG_L_7_5	31.6162	24.7748	0.121528	0.614815	0.309524	0.300546	331.394	24.0083	0	122.293	0.111111	0.204082	0.116667	0.0601093	0.0330033	0.0111111	0.00550964	0.2	0.012945	0.00660066	0.00647249	0.0847458	0.0242424	1.85507	0.126126	4.81481	0.0641026	0	0	0.0141844	0.0454545	0.105556	0.0350877	0.156863	0.0976431	0.047619	0.05	0.318408	0.0833333	4.76667	0.0141844	0.00529101	0.016835	0	0	0	0.0166667	0	0.177778	0.0126984	0.050505	0	31.4479	1.21014	34.5816	68.4348	0.886667	14.8723	94.7849	12.078	0.343434	4.12925	12.4688	8.54348	5.87356	0.222222	21.8222	3.21212	0.306667	0.0114943	0	0	0	0.194969	0	0	0.401361	0.00314465	0.00641026	0.00628931	0	0	0.183007	0	0	0	0	0	0	0.0410959	0	0.0175439	0.0153846	0	0	0	0	0	0	0	0	0.0219298	0	0	0.121212	0	0.0035461	0.04	0	0	0	0	0	0	0.102564	0.0151515	0.0268817	0.00287356	0	0	0	0	0	0	1.44643	0.140562	0.247126	0.0401606	0.0952381	0	0.5	0.0654762	0.0388889	0.0621469	0.015625	0.0378788	0.00555556	0.604167	0.0166667	0	0	0	0.0752688	0.0752688	0	0	0.325397	0.354839	7.46667	1.02083	0.342857	0.0136054	0.460784	1.0625	0	0.00350877	0.00877193	0	0.00606061	0	0.941176	0.15	0	0.0348837	0	0	0.00952381	0.0116959	1.83838	0.0888889	0	0.00641026	0.0454545	0.0192308	0	0.00757576	0.0555556	0.954545	0.24	0	0.215054	0.0208333	7.37634	1.07407	9.05128	1.53333	0.025	0	0.431373	0.00347222	0.207207	0	0.14554	0	0.275556	0.040404	0.141553	0	0.027027	0	0	0.00666667	0.31982	0	0.414286	0.00628931	0.0294985	0.03663	0.00546448	0.00383142	0.350877	0.491228	0.0268817	0.0114943	26.5819	0.55303	0.00490196	0	0.0960452	0.00555556	23.2011	3.00575	0.164103	0.0131579	0.214286	0.0692641	13.4167	0.457143	7.71429	1.59477	0.00453515	0.00314465	97.6045	0.0561798	1.17222	0.030303	0.739583	0.0031746	7.32323	0.0196078	3.39394	0.00980392	12.7419	0	26.0085	0.0686275	
2681.11	SFG_R_7_5	5.07317	104.964	0.504505	0.272727	0.388889	0.21875	116.563	107.86	122.293	0	0.27907	0.27957	0.0178571	0.131455	0.0198413	0.020202	0	4.04301	0.00406504	0.00546448	0.00793651	0.0916667	0.130719	0.139785	2.24806	5.91667	0.0458716	0.037037	0	2.0404	0.0313726	0.103175	0.00537634	0.296296	0.0522088	0.0181818	0.0144928	0.287037	0.0107527	18.9192	0	0	0.00392157	0	0	0	0.021021	0.00574713	0.0933333	0.0163934	0.0321285	0.00617284	56.7197	0.40404	47.2667	35.0133	12.2695	0.131944	23.913	64.4848	0.0192308	20.0606	0.486111	50.1354	0.591837	7.61111	2.35135	59.8824	0.0549451	1.10938	0	0	0.00406504	2.7549	0	0	0	0.0208333	0	0.0114943	0	0.0111111	0.00378788	0	0	0.0517241	0	0.00497512	0	0.0364583	0.00271003	0.0102564	0.011236	0.213542	0	0.0294118	0	0	0.00877193	0.0208333	0	0.0102564	0	0.229167	0.124498	0.0151515	0.00271003	0.00330033	0	0	0	0	0	0.00330033	0.00980392	0.140351	0.014652	0.59375	0.00694444	0	0	0.0166667	0	0.0166667	0.245614	0.51462	0.00516796	0.222222	1.19883	0	0.577465	0.553459	0.438889	0.0363636	0	0.0376344	0.0698925	0.0776256	0	0	0	0.0217391	0.857143	0.0130719	0.00900901	0.0292398	0.277778	1.77419	1.40972	12.2043	0.186047	0.138889	0.728682	7.44	0.0133333	0	0.0045045	0.00900901	0.0130719	0	2.40385	1.95513	0	0.0144928	0	0	0	0	0	0.027027	0	0.205882	0	0.362745	0	0.142857	0.211382	0.485714	0	0.0333333	0.198413	0.301075	1.03704	3.81609	0.0833333	14.6212	0	0	0.573333	0.119403	0.00326797	0.012987	0.00653595	0.143519	0.242798	0.08	0.0163399	0.210046	0.00326797	0.0191571	0	0	0.00980392	0.538813	0.303797	0.0324074	0.00623053	0.219178	0	0.0735294	0.0117647	1.84167	0.0530303	1.58854	0.101449	43.7755	0.0151515	0.112903	0.0902778	0.745098	0.275986	107.218	0.21978	1.33862	0.177778	0.257143	0	28.3333	0.145594	1.71875	0.017094	0.0537634	0.648746	82.1275	0.1	4.10784	0.0124378	0.0434783	0.170833	40.6566	0.0333333	18	0.0147059	7.20588	0.146341	61.1717	
681.185	SFG_L_7_6	41.3333	14.5619	0.0493827	11.7179	101.763	69.8667	0	0.0757576	0.111111	0.27907	0	9.19298	26.7333	0.202899	0.24	2.3252	0	0.227273	0	0.0133333	0.00888889	0.231293	0.0666667	5.46825	0	0.00775194	0.00749064	0	0.0888889	0.0133333	0.0804598	0.108844	0.365591	0	0.00843882	0.00617284	0.0322581	0.00497512	0.451613	0	0	0	0	0	0	0	0	0	0	0.00757576	0.00843882	0.00995025	0	0	0	0	0.0797101	0	0.0362319	0.0851064	0	0	0	0	0.0833333	0	0.0392157	0.00740741	0.0441176	0	0	0	0	0	0	0	0.0530303	0	0	0	0	0	0	0	0	0	0	0	0.00966184	0	0.0289855	0	0.0441176	0	0	0	0	0	0.00900901	0	0.00497512	0	0.00497512	0	0	0	0.0294118	0	0	0	0.0047619	0	0	0	0.0684932	0	0.018018	0	0.0175439	0	0	0	0	0	0.340426	0.0042735	0.0193237	0.00438596	0	0	0.0070922	0	0	0	0.0142857	0.0045045	0	0.0042735	0	0	0	0	0.0112994	0.0045045	0	0	2.68841	0.025974	0.777778	0.00854701	4.21277	0.0462963	8.02222	0.162393	0	0	0	0	0	0	0.0567376	0.00314465	0.00966184	0.00229885	0	0	0	0	0.190476	0.00229885	0.010101	0	0.319728	0	0.131783	0.0894309	1.77778	1.28333	7.95833	11.6667	4.12319	0.0745614	3.16667	0.0277778	0.261905	0.0380952	0.0606061	1.2	0	0	0	0.00793651	0.0045045	0.0121951	0	0	0.0142857	0	0.028169	0	0	0	0.0047619	0	0.0047619	0	0.00952381	0.0175439	0	0	0.022831	0	0.0142857	0	0.327684	0.00611621	0.21393	0	0.00749064	0	0.333333	0.0123457	0	0.00757576	0.00749064	0.0213675	0.566667	0.588235	0.102941	0.00628931	0.12037	0	1.20721	0	0.0416667	0	0.2	0	0.203252	0	0.27193	0	0.567568	0	0.486486	0	
1184.53	SFG_R_7_6	5.23932	42.5619	2.4	0.0119048	86.0333	215.93	0.163934	0.00823045	0.204082	0.27957	9.19298	0	3.5	23.6667	12.8862	0	0	0	2.80435	0	3.70139	0.448276	0.508333	0.413793	0.00462963	0	1.40136	0	0.0204082	0.0111111	0.62963	0.252874	2.93617	0.00401606	1.43056	0	0.04	0.0111111	2.32624	0	0	0.1	0.0588235	0	0	0	0.00757576	0.00740741	0.0277778	0.152778	2.47619	0	0.0166667	0	0.0757576	0	0.0974359	0.00268817	0.116162	0.081761	0	0	0.00555556	0	0.0166667	0.0569106	0.00617284	0.027027	0.03125	0.119403	0	0	0.00378788	0	0	0	0.109375	0.0338164	0.0241546	0	0.0617284	0	0.025641	0.0147059	0.0641026	0	0	0	0.333333	0.0245098	0.615686	0	0.0212121	0.0245098	0.0235294	0.0149254	0.0198413	0	0.389558	0	0.278431	0	0.00606061	0.0666667	0	0	0.654902	0	0	0	0	0	0	0	0.021097	0.0307692	0.00813008	0.0966184	0	0	0	0	0.00392157	0	0.147287	0.0601093	0.00749064	0.0199005	0.0205761	0	0.0632911	0.0451977	0.00793651	0.00396825	0.0337079	0.00546448	0	0.00546448	0	0	0	0.010929	0.177489	0	0.00490196	0	0.0490196	0.572327	0.0769231	1.03086	0.338164	2.6	0.48366	15.4722	0.00995025	0	0	0	0.00505051	0.00330033	0.0168776	0.0584795	0.127341	0	0.0125786	0	0.00716846	0	0.494118	0	0.121212	0	0.58209	0	2.28571	8.84921	0.495935	24.5833	0.634409	20.6275	0.602941	18.6444	0.0555556	6.04348	0.00952381	2.90741	0.1	9.66667	0	0	0.00330033	0.00406504	0.0286738	0.0125	0	0	0.0769231	0.0952381	0.0666667	0	0	0	0.0434783	0.134199	0.0144928	0	0.025	0.025	0.00833333	0.00456621	0.0166667	0.22043	0	0.179104	0.153439	0.40404	0.132479	1.41026	0.00840336	0.146465	0.0313726	1.62037	0.0275229	0.257576	0.0366972	0.116162	0.369863	11.2368	0.138577	0.176768	0.210526	1.54054	0.137778	3.60952	0.00362319	0.0121951	0.0424837	1.14379	0.122807	5.32407	0.127193	7.5614	0.144737	6.89744	0.111111	4.39048	
3454.21	SFG_L_7_7	4.22222	0.244898	0.047619	0.115942	291.99	170.704	0.0266667	0.0265152	0.116667	0.0178571	26.7333	3.5	0	235.738	0.341564	0.0522876	0.0227273	0	74.3733	0.386364	23.5867	0.0915033	0.0070922	0.0217391	0.0141844	0	268.559	53.1704	0	0	2.12346	0.0866667	0.0217391	0.0448718	29.5867	0.025641	1.53846	0.385417	0.0217391	0	42.938	4.89167	6.77273	0	0.030303	0	0.674419	56.6288	1.18056	0.344086	28.3478	0.385417	0	0	0	0.011236	0.0172414	0.030303	0.00653595	0.0262172	0	0	0.0070922	0	0	0	0.0292398	0	0.206751	0.0538721	0	0	0	0.052381	0.00490196	0	0.0344828	0.0484848	0	0	0.0166667	0	0.0282486	0.00909091	0.00833333	0	0.00813008	0	0.00813008	0.012012	0.0121951	0	0.0745614	0.012012	0.00823045	0.0121212	0.017094	0	0.034188	0	0.00813008	0	0.0533333	0.0222222	0	0.00362319	0.00813008	0	0	0	0	0.00416667	0	0	1.02083	0.004329	0.864197	0.0222222	0.284946	0.00833333	0	0	0	0	0.0787037	0.015873	0.0787037	0.0759494	0	0	0	0	0	0	0.0469484	0	0.00483092	0.00378788	0.0149254	0	0.0248756	0	0.00925926	0	0	0	5.36066	0.466667	0.0595238	0.0119048	16.1576	0.662393	26.9321	0.190476	0.0166667	0	0.00462963	0	0.00555556	0	0.0172414	0.0037037	0.00462963	0	0.139785	0.0314465	0.0296296	0	0.178404	0	0	0	0.00775194	0	1.77551	0.28	41.3917	87.2167	42.5472	0.533333	32.4048	1.77912	11.0748	0.504274	8.61988	0.263889	13.2529	1.83333	0.00888889	0	0.16	0.266667	0.283105	0.443137	0.00505051	0.00362319	0.162162	0.564706	0.146119	0.00314465	0.00483092	0	0.0945946	0.0146199	0.0135135	0.00362319	0.0921053	0.880952	0.0045045	0.0769231	1.05417	0.0190476	0.0606061	0.0349206	9.6455	0.266667	6.80208	1.14394	5.78049	0.407895	0.306878	0.168582	0.8	0.72043	20.3684	0.806306	4.65833	3.71053	0.719807	0.13615	7.33333	2.4386	2.56897	1.34649	0.0833333	0	3.45528	1.87083	0.217054	0.418803	3.39444	1.6748	1.96032	2.59402	7.19048	2.36842	
4746.81	SFG_R_7_7	0.0680272	0.205674	0.037037	0.00813008	29.5303	240.746	0.031746	0.0428571	0.0601093	0.131455	0.202899	23.6667	235.738	0	1.49306	0.0205761	0	0.020202	5.51852	8.52632	13.6148	5.85714	0	0.0113636	0	0.0320513	191.985	195.833	0	0	0.0902778	1.18182	0.00401606	0.371429	7.48551	0.92	0.0416667	16.9506	0.00401606	0.00606061	24.2536	31.3667	2.1938	8.61111	0.868217	0.0537634	38.2695	98.9848	0.608333	2.39286	20.363	49.7692	0	0.0343137	0.00653595	0.0241546	0.00326797	0.057971	0.042328	0.0761905	0	0.0185185	0	0.0248756	0.0392157	0.0384615	0	0	0.0588235	1.2963	0	0.0252525	0.00330033	3.78161	0	0.0299145	0	15.9762	0.00330033	0.0875	0.00396825	0.052381	0.0185185	0.913333	0	0.0337553	0	0.0714286	0	0.131579	0	0.0421456	0.0275229	0.208889	0.0121212	0.163522	0	0.0493827	0.00396825	0.00833333	0	0.00766284	0.00641026	0.349398	0	0.753247	0	0.261905	0.003367	0	0	0.020202	0	0.12963	0	0.0164609	0.102041	0.28	0	0.382514	0	0.003003	0	0.00512821	0.128788	4.80392	0.0378788	3.22857	0	0.0512821	0.0503876	0.233831	0.00282486	1.45098	0	0.380282	0	0.859155	0	0.00995025	0	0.0759494	0	0.00900901	0	0.0564103	0.215447	0.0989583	0.160643	0.224044	0.0595238	1.60731	0.292181	1.66667	0	0.0483871	0	0	0	0.14359	0	0.379487	0	2.56338	0.103175	0.0274914	0	0.248366	0.0537634	0.116883	0	0	0	0.0138889	1.97959	8.02041	32.1197	118.545	1.53623	1.53846	0.0243902	5.72	0.157895	2.80808	0.0410256	6.45	1.41176	18.9804	0.002849	0.755556	0.0747664	21	0.0492424	23.464	0.002849	0.788889	0.0970874	27.6933	0.0165017	1.24658	0	0.2125	0.058104	13.4429	0.00542005	0.653509	0.0366667	14.9079	0.00660066	0.625	0.12069	0.138095	0.029304	0.531532	0.204545	1.41429	0.534884	12.2047	1.94949	106.949	0.0507937	4.54386	1.88506	22.79	0.050505	130.275	0.0781893	84.8718	0.036036	46.3287	0.027451	130.368	0.0628931	23.7521	0.0314465	0.018018	0.11828	69.0342	0.0314465	6.0873	0.0766283	44.8	0.340996	41.0163	1.05405	33.8633	
2437.91	MFG_L_7_1	0.346667	1.425	51.6491	0.466667	186.569	27.5152	1.36905	0.0843373	0.0330033	0.0198413	0.24	12.8862	0.341564	1.49306	0	0.266667	6.24561	0.0406504	162.947	0.0057971	183.242	0.503704	258.03	0.705426	2.71667	0	6.36364	0	0.0869565	0.0387597	9.70833	0.295455	4.06667	0.0289855	9.92	0	3.16	0.00273224	3.21333	0.00775194	0	0	0.263889	0	0	0	0.0481481	0.00775194	0.0192308	0.0285714	0.84127	0.00273224	0.104938	0	0.0689655	0.0271318	1.96491	0.0873016	0.0757576	0.0465116	0.097561	0	0.362745	0	0.016129	0	0	0	1.48551	0.0155763	0.047619	0	0.215686	0.00323625	0.0434783	0.00647249	10.4222	0.0030581	2.85816	0.00350877	0.763441	0	8.13043	0	0.236715	0	0.112676	0	0.84375	0	1.4375	0	0.533333	0	1.20833	0	0.1	0	0.994624	0	0.963542	0	0.311966	0.0122324	0.1125	0.00453515	1.56923	0	0.0347222	0	0.00966184	0	0.0149813	0	0.027027	0	0.00823045	0.0154321	0.0163934	0	0.0177778	0	0.0416667	0	4.46465	0.0108696	3.52657	0.021978	0.328125	0	1.20312	0.0189394	3.25128	0.00724638	3.23529	0	0.169154	0.00358423	0.0322581	0	0.150538	0	1.35784	0	0.373333	0	0.0656566	0.123016	0.805128	0.0281124	0.132353	0.109756	0	0.479167	2.08475	0	0.106918	0	1.31073	0	5.91667	0.0271318	1.64706	0.0102041	0	0	8.19858	0	55.2634	0.00350877	2.86441	0	3.65041	0	0.0222222	0.0337079	0.021097	0.366255	0	0.0144928	0.00326797	0	0	0.0144928	0	0.0470085	0	0.0175439	0.146119	0.00226757	0.767123	0.00854701	2.61972	0.00980392	0.0509259	0.0149254	1.84259	0.011396	1.55399	0.003367	0.30137	0	4.09589	0.0163399	5.80093	0.00392157	0.638889	0.014245	1.18571	0	0	0.174757	0.0666667	0.0865385	0.615385	0.329365	1.18137	0.020202	0.0568182	0.0566038	3.06111	0.365079	0.148148	0.150943	2.83099	0.0660066	13.2883	1.10714	29.1642	0.366013	17.1019	0.0240964	18.1453	0.0198413	0.0833333	0.0112045	2.50617	0.0429043	6.14414	0.045614	4.79487	0.0408163	9.61261	0.040404	13.8333	0.0361446	
2046.36	MFG_R_7_1	1.35714	0.217391	0.341085	135	5.44961	159.961	0.0208333	0.313131	0.0111111	0.020202	2.3252	0	0.0522876	0.0205761	0.266667	0	0.00666667	30	0.035461	162.689	0.0507246	96.9074	0.126984	346.706	0.0387597	14.4	0	5.51282	0	0.0416667	0.0296296	10.3478	0.106061	6.125	0.00666667	0.506667	0	1.94203	0.0444444	0.138889	0	0	0	0	0.0020202	0.003367	0	0.0344828	0	0	0	0.00641026	0	0.017094	0.00793651	0.0862069	0.00823045	0.0944444	0.00396825	0.0653595	0	0.127451	0	0.416667	0.00877193	0	0	0.00680272	0	0.0931373	0	0.0133333	0.00411523	0.0208333	0	0.00546448	0	0.0615385	0	0	0	0.016129	0	0.021645	0	0.0913979	0	0.00888889	0.00803213	0.219178	0.00803213	0.0147059	0	0.0666667	0	0.086758	0	0	0.0042735	0.010582	0.00401606	0.0245098	0	0.0745614	0	0	0.00803213	0.0710382	0	0	0	0	0	0.00392157	0	0.0322581	0	0.0539216	0	0	0	0.0327869	0	0.0273224	0.00766284	0.583333	0	0.18408	0.0042735	0.00546448	0.0131579	0.0740741	0	0.25	0	0.0185185	0	0.177083	0	0.070922	0	0.222222	0	0.0493827	0.00490196	0.262411	0	0.00462963	0.0131579	0.0121212	0	0	0	0	0	0.00854701	0	0	0	0.248588	0	0.913793	0.00823045	0.0564103	0	0.003367	0	0.282051	0.0116279	0.0347222	0.0042735	0.235294	0.00766284	0.517241	0	0	0	0.0123457	0	0	0	0	0	0	0	0	0	0	0.0135135	0	0	0	0.00766284	0.00865801	0.0125	0.00606061	0.00766284	0.030303	0.00766284	0	0	0.00505051	0.00383142	0.0562771	0	0	0	0.271429	0	0	0	0.0655738	0	0.102941	0	0.169312	0	0.738562	0	0.078125	0.0131579	8.46032	0.0040404	0.161765	0.0040404	0.0625	0.0196078	5.92793	0.0175439	6.51634	0	1.78095	0.0198413	1.72222	0.00909091	0	0.0045045	1.18605	0.0272109	1.26852	0.0326797	2.30894	0.0457516	2.45238	0.0217391	2.13333	
2008.41	MFG_L_7_2	0.0222222	8.00758	3.41975	1.13636	0.987654	0.222222	0.755556	0.0277778	0.00550964	0	0	0	0.0227273	0	6.24561	0.00666667	0	0.410853	17.9286	0	41.1944	0.00694444	218.692	0.620155	200.052	0.030303	0.015625	0	61.1833	0.00740741	28.6481	0	13.4359	0.0992908	1.51852	0	0.941177	0	14.1923	0.0070922	0	0	0.003003	0	0	0	0	0	0.0232558	0.0289855	0.015625	0	31.3333	0	5.13889	0.003003	1.44444	0	0.425926	0.00600601	0.978495	0	119.288	0	0	0	0	0	0.622222	0	0.0130719	0	0.0114943	0	0.0679012	0	0.939394	0	0.0283688	0	2.41212	0	0.503704	0	11.0523	0	0.477012	0	0.140625	0	0.696429	0	0.0037037	0	0.031746	0	2.91358	0	10.8848	0	0.236559	0	0	0	0.00340136	0	0.614035	0	0	0	0	0	0	0	0	0	0	0	0	0	0.222222	0	4.04575	0	0.232323	0	0.0606061	0	2.46667	0	0.00520833	0.00350877	1.39535	0	0.0757576	0	27.6829	0	9.83333	0	20.3889	0	76.5814	0	0	0	0	0	0.015625	0	0.00529101	0	0	0	15.125	0	0.06	0	6.41414	0	0.12037	0	0.0555556	0	0.00653595	0	0.02	0	1.84444	0	0.0261438	0	1.13636	0	0	0	0	0	0	0	0	0	0	0	0	0	0	0	0.00340136	0	0	0	0.0144928	0	0.0277778	0.00520833	0.0516432	0	0.0547264	0	0.0307692	0	0.0338164	0	0.0148148	0	0.00542005	0.00292398	0.00271003	0	0	0.00606061	0	0	0.00877193	0	0	0	0.015625	0	3.74713	0.0162602	0.00793651	0	0.057971	0	0.0969697	4.73563	1.08889	0.00292398	0	0	10.1146	0	0.00456621	0.00350877	0.0520833	0	0.196078	0	0.107843	0	0.196078	0	5.48958	0	
1977.69	MFG_R_7_2	26.3876	7.41026	17.031	3.21795	8.58915	1.5977	0.886525	12.9524	0.2	4.04301	0.227273	0	0	0.020202	0.0406504	30	0.410853	0	0	5.72619	0	85.6528	1.84127	252.769	0.782946	63.8406	0.00892857	0.0123457	0.00757576	77.7593	0.00694444	25.3478	0.0724638	13.5	0	0.103448	0	1.2963	0.101449	15.9855	0	0	0	0	0	0.00421941	0.0030303	0.00784314	0.0037037	0	0	0.012987	0	2.66667	0.0153257	68.3867	0	1.79167	0.0114943	1.80808	0	0.574713	0	147.029	0.0222222	0.0188679	0	0.00653595	0.0105263	0.22381	0	0.125	0	0.150943	0	0.202381	0.0205128	0.429293	0.0102564	0.166667	0	1.18129	0.015625	0.746269	0	2.92949	0	1.50794	0	7.00629	0.00813008	0.39548	0.0105263	1.22222	0.00350877	0.569231	0.00803213	0.132075	0	0.708333	0.0042735	1.06548	0	0.930348	0	0.00606061	0.0125	3.79487	0	0.0144928	0	0.00888889	0	0.0248756	0	0	0.00350877	0.0707071	0	0.00462963	0	0.685185	0	0.320988	0.0470085	0.326531	0.0156863	0.100529	0	0.00833333	0.0444444	0.0238095	0.00505051	0.673913	0.0037037	0.914894	0	7.83704	0	2.4188	0	2.63415	0.00938967	6.56349	0	0.550388	0.00823045	0.0634921	0.04	0.118644	0	0	0	0.00617284	0	0.162162	0	0.0969697	0	0.025	0.021645	0.30719	0.0117647	0.553333	0	0.0380952	0	0.00483092	0.0547264	0.5	0	0.0653595	0.027451	0.0588235	0	0.00456621	0	0	0	0	0	0.00462963	0.00775194	0	0	0	0	0	0.00444444	0	0.00347222	0.00416667	0	0.037037	0.00469484	0.00508906	0.00347222	0.0787037	0.00347222	0.016129	0	0.00606061	0.00347222	0.115741	0.00416667	0	0.00347222	0.0175439	0	0.015625	0.0037037	0.5	0.00350877	0.130208	0.022831	0.410256	0.0147059	0.166667	0.0105263	0.0798122	0.0736434	3.13333	0.0381944	0.149254	0.0242424	0.0798122	0.326087	36.3984	0.0264026	0.62069	0	0.166667	0.24359	2.02941	0.030303	0.135135	0.0104167	0.128788	0.226667	4.35294	0.22449	4.23529	0.41844	2.31667	0.375	2.13131	
2267.21	MFG_L_7_3	0.258333	0.690909	3.05051	0.283951	205.551	22.1489	0.488372	0.00775194	0.012945	0.00406504	0	2.80435	74.3733	5.51852	162.947	0.035461	17.9286	0	0	0.113636	318.81	0.0921986	33.76	0.0641026	5.6129	0	115.937	0.00694444	0.652174	0	10.7879	0.0921986	0.288889	0.0340136	47.5278	0.0133333	10.6389	0.010582	0.302083	0	0	0	0.120567	0	0	0	0.0992908	0.0022831	0.0114943	0.0136054	8.18841	0.0215054	0.925	0	0.0666667	0.00749064	0.20915	0.0196078	0.0734463	0.00749064	0.143791	0	2.5	0	0.03125	0	0	0	0.657658	0.00877193	0.166667	0	0.271605	0.00529101	0.0722222	0	1.35461	0.00555556	0.166667	0	0.892308	0	0.72549	0	1.34392	0	0.149254	0	0.252381	0.00606061	0.969697	0	0.815315	0.00606061	0.574879	0	0.702564	0	5.15152	0	0.835821	0	0.315068	0	0.021645	0	0.979798	0	0.00438596	0	0.00938967	0	0	0	0.0140845	0.0030581	0.0324074	0	0.00469484	0	0.0483871	0	0.295699	0	0.401961	0.00438596	0.135266	0.0037037	0.00913242	0	0.185185	0.00362319	0.111111	0	0.196078	0.00350877	0.679012	0.00350877	0.487654	0	1.04848	0	2.44828	0	0.0691824	0	0.020202	0.00813008	0.0707071	0.00749064	0.0724638	0.00416667	0.00490196	0.0166667	0.624113	0	0.0222222	0	0.366667	0	0.467742	0.00374532	0.224242	0	0.122222	0	2.46667	0	3.71698	0	0.292237	0	1.17172	0	0.0037037	0.0037037	0.00252525	0.0227273	0	0	0.017316	0	0.00252525	0	0.00252525	0	0	0.00555556	0.0222222	0	0.134199	0	0.238739	0.00287356	0.0153846	0	0.288288	0.00444444	0.200913	0	0.0182648	0	0.266667	0.00444444	0.18018	0	0.103604	0	0.056338	0	0.00252525	0.00980392	0.0877193	0	0.817352	0.0757576	1.16432	0.140741	0.112319	0.0140056	0.942029	0.0745098	0.420091	0.0137741	2.69388	0.0751174	11.8372	0.495614	1.83333	0.0362319	5.82051	0.232456	2.57246	0.153846	0.04	0	2.71795	0.235772	2.3254	0.0506329	2.75833	0.192157	5.80272	0.273092	2.12698	0.233766	
