data	data	1457.97	2405.82	5360.6	1538.3	5411.88	7461.25	2897.41	2952.46	1363.75	1243.51	1581.13	1584.37	4258.68	3995.81	4754.51	1709.73	1444.85	1550.48	5676.53	2365.65	3639.85	1830.56	3158.97	2491.66	1647.05	2426.55	11150	9419.85	1133.73	480.356	2283.31	677.679	1157.78	1125.08	3638.14	1245.14	1711.19	1000.48	2547.49	1010.93	595.418	1220.07	5959.24	1501.21	4830.46	1865.43	3119.03	4433.84	1546.92	1228.9	6140.2	1338.8	3381.82	2098.68	3794.45	3567.72	4326.82	2262.13	2511.49	3139.98	1693.47	990.602	3867.5	1615.05	795.979	968.433	395.047	1186.62	4255.36	4274.49	2316.36	1688.36	1743.92	1838.31	1968.6	1209.82	2150.51	1363.24	2415.82	1048.74	3022.6	1593.4	2940.17	1336.27	2736.55	2185.11	2088.3	1975.96	3912.7	2754.64	1300	835.043	1648.13	2742.98	3017.59	942.908	2239.38	1799.55	2737.79	1121.8	1998.71	1714.21	7910.65	7010.27	6106.28	7637.23	3460.15	3386.51	1343.74	1829.72	1524.27	1532.96	3010.4	2136.05	1868.99	2960.37	1420.76	1612.84	1901.06	2072.92	1052.84	1355.69	1398.63	1128.06	3024.88	3057.43	2513.1	3490.95	2135.77	1397.43	4172.22	1978.37	1971.71	1153.82	3552.64	6336.68	3986.66	6250.96	2086.12	2534.49	4440.91	3834.21	4672.81	2852.04	1799.75	2417.69	1291.64	2195.08	1116.03	1639.73	3542.09	4629.05	1293.56	1687.77	2794.75	3742.91	1563.2	1652.94	2363.31	2086.16	4451.05	3982.43	1130.37	1185.78	1919.75	1211.3	1478.55	583.217	4854.47	2091.55	758.824	344.146	2529.39	1205.62	479.539	834.514	1238.77	2591.03	1073.41	1183.87	2210.36	2849.49	576.875	871.086	743.39	665.313	1292.3	1020.74	4327.27	5914.95	10968.1	2953.26	6123.78	4408.21	4208.65	6085.56	12157.2	5896.48	2691.54	2887.81	1853.73	2281.9	4225.27	2599.48	4220.59	4400.64	5329.09	8226.74	2773.3	4452.21	1568.39	3001.32	4303.87	4766.73	8352.55	9035.63	8922.14	11119.8	6210.13	8789.97	5587.55	7692.82	10560.2	10004.7	9991.07	6713.39	5887.13	6836.46	6308.69	6035.88	6298.61	4106.35	8111.69	2961.23	3955.16	2464.22	6699.22	5071.75	5993.43	6137.89	4703.45	6624.84	5949.65	4736.7	7117.22	6015	
data	data	SFG_L_7_1	SFG_R_7_1	SFG_L_7_2	SFG_R_7_2	SFG_L_7_3	SFG_R_7_3	SFG_L_7_4	SFG_R_7_4	SFG_L_7_5	SFG_R_7_5	SFG_L_7_6	SFG_R_7_6	SFG_L_7_7	SFG_R_7_7	MFG_L_7_1	MFG_R_7_1	MFG_L_7_2	MFG_R_7_2	MFG_L_7_3	MFG_R_7_3	MFG_L_7_4	MFG_R_7_4	MFG_L_7_5	MFG_R_7_5	MFG_L_7_6	MFG_R_7_6	MFG_L_7_7	MFG_R_7_7	IFG_L_6_1	IFG_R_6_1	IFG_L_6_2	IFG_R_6_2	IFG_L_6_3	IFG_R_6_3	IFG_L_6_4	IFG_R_6_4	IFG_L_6_5	IFG_R_6_5	IFG_L_6_6	IFG_R_6_6	OrG_L_6_1	OrG_R_6_1	OrG_L_6_2	OrG_R_6_2	OrG_L_6_3	OrG_R_6_3	OrG_L_6_4	OrG_R_6_4	OrG_L_6_5	OrG_R_6_5	OrG_R_6_6	OrG_R_6_6	PrG_L_6_1	PrG_R_6_1	PrG_L_6_2	PrG_R_6_2	PrG_L_6_3	PrG_R_6_3	PrG_L_6_4	PrG_R_6_4	PrG_L_6_5	PrG_R_6_5	PrG_L_6_6	PrG_R_6_6	PCL_L_2_1	PCL_R_2_1	PCL_L_2_2	PCL_R_2_2	STG_L_6_1	STG_R_6_1	STG_L_6_2	STG_R_6_2	STG_L_6_3	STG_R_6_3	STG_L_6_4	STG_R_6_4	STG_L_6_5	STG_R_6_5	STG_L_6_6	STG_R_6_6	MTG_L_4_1	MTG_R_4_1	MTG_L_4_2	MTG_R_4_2	MTG_L_4_3	MTG_R_4_3	MTG_L_4_4	MTG_R_4_4	ITG_L_7_1	ITG_R_7_1	ITG_L_7_2	ITG_R_7_2	ITG_L_7_3	ITG_R_7_3	ITG_L_7_4	ITG_R_7_4	ITG_L_7_5	ITG_R_7_5	ITG_L_7_6	ITG_R_7_6	ITG_L_7_7	ITG_R_7_7	FuG_L_3_1	FuG_R_3_1	FuG_L_3_2	FuG_R_3_2	FuG_L_3_3	FuG_R_3_3	PhG_L_6_1	PhG_R_6_1	PhG_L_6_2	PhG_R_6_2	PhG_L_6_3	PhG_R_6_3	PhG_L_6_4	PhG_R_6_4	PhG_L_6_5	PhG_R_6_5	PhG_L_6_6	PhG_R_6_6	pSTS_L_2_1	pSTS_R_2_1	pSTS_L_2_2	pSTS_R_2_2	SPL_L_5_1	SPL_R_5_1	SPL_L_5_2	SPL_R_5_2	SPL_L_5_3	SPL_R_5_3	SPL_L_5_4	SPL_R_5_4	SPL_L_5_5	SPL_R_5_5	IPL_L_6_1	IPL_R_6_1	IPL_L_6_2	IPL_R_6_2	IPL_L_6_3	IPL_R_6_3	IPL_L_6_4	IPL_R_6_4	IPL_L_6_5	IPL_R_6_5	IPL_L_6_6	IPL_R_6_6	PCun_L_4_1	PCun_R_4_1	PCun_L_4_2	PCun_R_4_2	PCun_L_4_3	PCun_R_4_3	PCun_L_4_4	PCun_R_4_4	PoG_L_4_1	PoG_R_4_1	PoG_L_4_2	PoG_R_4_2	PoG_L_4_3	PoG_R_4_3	PoG_L_4_4	PoG_R_4_4	INS_L_6_1	INS_R_6_1	INS_L_6_2	INS_R_6_2	INS_L_6_3	INS_R_6_3	INS_L_6_4	INS_R_6_4	INS_L_6_5	INS_R_6_5	INS_L_6_6	INS_R_6_6	CG_L_7_1	CG_R_7_1	CG_L_7_2	CG_R_7_2	CG_L_7_3	CG_R_7_3	CG_L_7_4	CG_R_7_4	CG_L_7_5	CG_R_7_5	CG_L_7_6	CG_R_7_6	CG_L_7_7	CG_R_7_7	MVOcC	MVOcC	MVOcC	MVOcC	MVOcC	MVOcC	MVOcC	MVOcC	MVOcC	MVOcC	LOcC_L_4_1	LOcC_R_4_1	LOcC_L_4_2	LOcC_R_4_2	LOcC_L_4_3	LOcC_R_4_3	LOcC_L_4_4	LOcC_R_4_4	LOcC_L_2_1	LOcC_R_2_1	LOcC_L_2_2	LOcC_R_2_2	Amyg_L_2_1	Amyg_R_2_1	Amyg_L_2_2	Amyg_R_2_2	Hipp_L_2_1	Hipp_R_2_1	Hipp_L_2_2	Hipp_R_2_2	BG_L_6_1	BG_R_6_1	BG_L_6_2	BG_R_6_2	BG_L_6_3	BG_R_6_3	BG_L_6_4	BG_R_6_4	BG_L_6_5	BG_R_6_5	BG_L_6_6	BG_R_6_6	Tha_L_8_1	Tha_R_8_1	Tha_L_8_2	Tha_R_8_2	Tha_L_8_3	Tha_R_8_3	Tha_L_8_4	Tha_R_8_4	Tha_L_8_5	Tha_R_8_5	Tha_L_8_6	Tha_R_8_6	Tha_L_8_7	Tha_R_8_7	Tha_L_8_8	Tha_R_8_8	
1457.97	SFG_L_7_1	0	91.8291	139.64	3.16279	76.5652	4.29861	79.7018	74.186	32.0333	3.59524	64.6774	3.94309	11.3556	0.362319	0.0681818	1.16239	0	0.0542636	0.0496454	0.129252	0.00483092	0.0333333	0.0833333	1.40833	0	10.4683	0.185897	0.0666667	0	0	0	0	0	0	0	0.0123457	0	0	0	0	0.00564972	0	0.00913242	0	0.00913242	0	0.0172414	0.0131579	0	0	0.00483092	0	0.108333	0	0.0731707	16.9147	2.05983	0.0217391	1	0.689394	0	0	0.037037	0	4.62037	0.0542636	9.69565	1.28682	0.0102564	0	0	0	0	0	0	0	0	0	0	0	0	0	0	0	0	0	0	0	0	0	0	0	0	0	0	0	0.00411523	0	0	0	0	0	0.00271003	0	0.00271003	0	0	0	0.00438596	0	0	0	0	0	0.00865801	0.00775194	0.004329	0.00387597	0	0	0	0	0	0	0.0847458	0.0277778	0	0.010989	0	0.00574713	0.0564972	0.0166667	0	0.0111111	0.0119048	0.0394737	0.0261438	0.0588235	0	0	0.0204082	0	0.00813008	0	0	0	0.77551	0.0238095	16.2793	0.0653595	0.48366	0.0166667	3.16	0.111111	0	0	0	0	0	0	0.232558	0.00724638	0	0	0	0	0	0	0	0	0	0	0	0	0.00952381	0.0680272	2.04386	7.19298	0.410256	0.171429	0.106918	0.109091	5.62963	0.760417	14.845	0.0683761	0.00843882	0.037037	0.00326797	0.0394737	0	0	0	0	0	0.0593607	0	0	0.00387597	0	0	0	0	0	0	0.00392157	0.011236	0	0.00740741	0	0	0.00387597	0.0175439	0	0.150327	0.0333333	0.0219298	0.0128205	0.00913242	0	0.148148	0.0259259	0.10101	0	0.0680272	0	23.9683	8.05426	0.0365854	0	0.0285714	0	5.49275	0	0.0287356	0	0	0	0.466667	0.0149254	0.117117	0.0149254	0.0277778	0.00995025	1.25926	0.00497512	
2405.82	SFG_R_7_1	91.8291	0	217.545	49.631	61.9535	35.058	55.2602	92	6.65854	66.5432	17.1282	73.9596	0.851852	0.739583	7.44961	2.75926	0	0	0.4	0.0595238	0.0135135	0.137255	12.1783	0.210526	0.155039	0.186275	0	0.0416667	0.04	0.0987654	0.106667	0.150538	0.137255	7.88095	0.0358974	0.133333	0.0215054	2.18391	0.15	3.41667	0	0.0138889	0	0	0	0	0	0.00220751	0	0	0.0121951	0.0190476	0.0869565	0	7.02222	0.28	0.233333	0.00833333	0.356061	0.1	0	0.00980392	0	0.010101	0.787234	1.81944	0.888889	16.679	0	0.00900901	0	0	0.00529101	0.0107527	0	0	0	0	0	0	0	0.0282486	0	0.002331	0	0.0451977	0	0	0	0.0675676	0	0.00438596	0	0.00254453	0	0	0	0	0	0.0144928	0	0.0593607	0	0.0243056	0.0123457	0.0045045	0	0.0117647	0.00401606	0	0	0	0	0	0.0260417	0.0441176	0.00378788	0.0324074	0	0	0	0	0	0	0.0467836	0.344828	0.00529101	0.0512821	0.00401606	0	0.0133333	0.304094	0	0.00584795	0	0.178744	0	0.102941	0	0	0	0.1	0	0.00900901	0	0	0.906433	0.248227	2.08163	0.899225	1.91228	0.0444444	3.52727	0.592593	0	0	0	0	0.00401606	0	0.0606061	0.0555556	0	0.161458	0	0.0026455	0	0.00483092	0	0.283582	0	0	0	0	0.512346	0.362963	6.98333	5.95614	0.15625	37.7222	2.26543	0.637037	0.979167	105.944	1.02222	0.530864	0	0.00311526	0.701961	0.393519	0	0	0	0	0.399061	0.141414	0	0	0	0	0	0.00294985	0	0	0.888889	0.0234742	0.00900901	0.00469484	0.00900901	0	0	1.1746	0.00401606	0.00900901	0.0361446	11.1667	0.0160643	0.0539216	0	0.0512821	0.0609756	29.1824	0	0.0383481	0	0.0480769	1.56667	82.0455	0.0169492	0.638889	0	0.676471	0.0542636	34.0061	0.020202	0.551724	0	0.166667	0.0070922	7.87963	0	2.21569	0	2.95496	0.010101	14.8095	
5360.6	SFG_L_7_2	139.64	217.545	0	5.2963	150.839	3.82313	208.914	87.2636	7.78261	1.10317	0	6.68992	2.43262	0.121212	216.783	1.18605	2.83333	0.030303	84.2581	0.16	2.98333	0.0238095	176.75	1.68992	92.6914	9.86822	4.00709	0.106383	37.954	0	8.72917	0	7.09677	0.02	3.53704	0	3.28125	0.00843882	157.402	0	0	0	0.553191	0	0.0252525	0	0	0.0112045	0.0126582	0	1.44872	0.0111111	10.2778	0	19.5507	4.73485	1.26797	0.0238095	0.444444	0.0606061	58.6092	0	79.2184	0	0.22	0.0111111	0.163399	0.356061	0.14359	0.0652921	0.026455	0	0.78125	0	0.031746	0	0.0273973	0	0.0456621	0	0.0348259	0	0.0798122	0.00275482	0.959064	0	0.0704225	0	0.333333	0.0300546	0.514124	0	0.0606061	0.022831	0.144144	0	1.68362	0	0.615385	0	0.427861	0	0.323625	0.0677507	0.101587	0.108434	0.217593	0.0235294	0.017094	0	0	0	0.0776699	0	0.00505051	0	0	0	0	0	0.0225225	0	0.0892857	0	6.57627	0.206349	0.204762	0.123596	2.99145	0	8.77193	0.185606	0.868056	0.0454545	0.333333	0.180851	9.53901	0.16129	0.287879	0	3.93478	0	3.45679	0	0.0218579	0	0.0490196	0.00234742	0.216216	0.0731707	0.0469484	0.00225225	0	0.00980392	3.2	0	0.0233918	0	4.9537	0	2.04	0.127341	2.37811	0	0.0285714	0	1.95906	0	4.63184	0.00236407	0.173333	0	26.8444	0	0.0047619	0.00574713	1.4386	3.67544	0	0.0729167	0	0.00537634	0	0.03125	0.00555556	0.00680272	0	0	0.0699588	3.26027	0.025	0.0185185	0.0135135	0	0.412935	3.84977	0.0813954	0.00294985	0.0447154	0	0.0338983	0	0.0268199	0	0.043771	0.962963	0.276423	0.0115942	0.277778	0	0.5	0.211382	0.149254	0.0652921	44.6667	0.596078	0.218855	0.00340136	0.0676328	0.0407407	129.674	1.10588	0.846154	0.281787	0.124378	0.0408805	107.136	6.59259	40.5417	0.0685579	2.83333	0	206.099	0.00483092	4.51412	0.129032	0.236364	0	47.1143	0.0843373	23.9714	0.0114943	21	0.0242424	114.941	0.0883534	
1538.3	SFG_R_7_2	3.16279	49.631	5.2963	0	17.4697	170.29	0.606061	53.1467	0.0265152	0.030303	4.58537	0	0.163522	0.104938	2.54472	129.611	0	0.0569106	0.189922	15.5287	0	4.63889	1.825	8.7	0	80.1594	0.0198413	0.494624	0	1.56522	0.00740741	2.72222	0.0222222	15.2874	0.0238095	0.958333	0.00401606	9.82222	0	10.4	0	0	0.00383142	0	0	0	0	0	0.00483092	0	0.027451	0.444444	0.0117647	0.0526316	0.0784314	3.63441	0.0873016	0.0141844	0.00396825	0.0802469	0.003367	1.61111	0.003663	0.793103	0	0.0424242	0	0.00653595	0	0.00673401	0	0	0	0.290323	0	0	0	0	0	0	0	0.197917	0	0	0	0.525424	0	0.016129	0	0.509259	0	0.057971	0	0.0170068	0	0.015873	0	0.0959596	0.0030581	0.368159	0.0030581	0.502347	0	0.0541667	0.0509804	0.0133333	0.00406504	0.0583333	0	0	0	0	0	0	0.00520833	0	0	0	0	0	0	0.0292398	0	0.0493827	0.0203252	0.622951	0	0.227273	0	0.0268817	0.0476191	0.429379	0.0104167	0.0555556	0.003663	0.633333	0.00724638	0.761194	0	0.0555556	0	1.12	0	0.416667	0	0.0493827	0.0156863	0.00483092	0	0.118644	0	0	0.00438596	0	0.00392157	0.0138889	0	0.0916667	0	0.00595238	0.0492424	0.169697	0	0.936508	0	0	0	0.505747	0	1.4697	0	0.119403	0	1.75	0	0	0	0	0.108108	0	0	0	0.0769231	0	0	0	0	0	1.29804	0.248889	0	0.0045045	0	0	0.902778	0.20398	0	0	0	0	0	0.00277778	0	0	2.00784	0.00877193	0	0.0166667	0	0.00925926	0	6.15079	0	0.00673401	0.170635	23.2681	0	0.010101	0	0.0352564	0.293651	47.3648	0	0.0294985	0.0119048	0.031746	0.0035461	37.9545	0	4.69136	0.00287356	0.895238	0.430233	13.2712	0.0347222	0.0860215	0	0.0964912	0.0277778	6.51351	0.00287356	3.80556	0.00574713	4.7193	0.00862069	5.7193	
5411.88	SFG_L_7_3	76.5652	61.9535	150.839	17.4697	0	390.189	0.208333	5.37589	1.2	0.943262	172.608	39.2619	450.279	84.7447	279.868	11.6589	0.333333	0	169.94	9.22464	7.93939	0.0574713	3.7619	3.65079	0.035461	3.68182	72.8267	8.02083	4.77381	0	7.5641	0	11.7857	0.00401606	5.80952	0.0287356	3.84946	0.0120482	22.7556	0	9.51389	0.24359	0.0133333	0.015625	0.0155039	0.0333333	33.0556	6.15033	0.435185	0.0143678	3.76	0.0402299	3	0	2.01333	0.923077	3.12	0.00784314	1.03145	0.433333	0.0392157	0	0.0204082	0	4.29167	0	2.07207	0.326531	0.776471	0.0192837	0.0428571	0	0.0135135	0	0.0285714	0	0.00462963	0	0.00813008	0	0	0	0.189815	0	0.00803213	0	0	0	0.049505	0	0.037037	0	0.0952381	0	0.00694444	0	0.0246914	0	0.0506329	0	0.0379747	0	0.361111	0	0.0363636	0.0689655	0.00970874	0	0.807229	0.00826446	0.0464135	0.00289855	0.0272727	0	1.82745	0.0916667	1.36822	0.0546448	0.00387597	0.00314465	0	0	0	0	2.06771	0.203922	0.103604	0.0567376	0.030303	0	1.45161	0.0864198	0.183099	0.00724638	0.0540541	0.0362319	0.289855	0.0277778	0	0	0.00877193	0	0.140097	0	0	0	6.03333	0.28692	8.05303	0.0524345	21.5537	0.17803	37.6207	0.6	0.285714	0	0.0357143	0	0.00512821	0	0.845238	0.0851852	0.191919	0	0	0	0.0512821	0	0.589372	0	0.00606061	0	0.40625	0	2.53552	0.1	29.5891	37.1382	16.246	0.71345	21.6034	0.487973	11.6327	0.00497512	37.1597	0.0337553	5.31008	0.661111	0.0452675	0.714912	0.0406504	0	0.0117647	0.00282486	0.120773	0.684444	0.0772358	0.003003	0.00865801	0	0.00401606	0	0.0365854	0.00282486	0.0288066	0.20155	0.0708333	0.022409	0.127193	0	0.488372	0.128205	1.40784	0.0192837	7.30476	0.340996	4.26068	0.0972222	0.857143	0.227778	17.6667	0.372093	0.324074	0.049505	0.0694444	0.0125786	56.8803	9.88235	13.5467	0.00574713	10.5128	0.0103093	36.4815	0	1.10053	0.0534591	10.4186	0	28	0.0515464	24.4561	0.0333333	28.8974	0.0258621	48.9561	0.0524345	
7461.25	SFG_R_7_3	4.29861	35.058	3.82313	170.29	390.189	0	0.578616	17.1839	0.541667	2.2973	123.217	145.638	120.341	237.391	196.364	82.0769	0.0457516	0.509434	155.5	195.308	0.280702	32.7467	33.6905	16.1884	0.0679012	25.1786	7.06667	48.2833	0.421769	5.31884	1.70833	17.3067	2.14894	74.641	0.569444	32.8333	0.0816327	13.4103	0	3.88506	0.456522	0.170543	0.00766284	0.839506	0	0	1.21986	1.76923	0.123188	0.0243902	0.327869	10.12	0.0378788	0.339744	0.676923	12.4474	0.16	0.853801	0.0776256	1.28736	0	1.78378	0	0.579365	0.198068	5.12593	0.163522	7.23256	0.00833333	0.0155039	0	0.639785	0	1.87255	0	0.548387	0.00483092	0.237037	0	0.119403	0	4.69953	0.00497512	0.172161	0	6.26667	0	0.671053	0	8.65462	0.00326797	0.751055	0	0.143333	0	0.439216	0	1.20444	0.00326797	4.84931	0	8.28455	0.00524934	1.3447	0.0996169	0.216667	0.00766284	1.33333	0.0070922	0.0120482	0	0.00421941	0.00524934	0	0.0108696	0.257028	0.0035461	0.150794	0	0.0164609	0	0.627193	0	0.193237	0.168627	8.76882	0.0113636	3.77941	0	0.4	0.203922	6.73889	0.00732601	1.20312	0.00542005	20.3237	0.0240964	17.3333	0	1.16092	0	8.93678	0.00716846	6.43961	0	8.94048	0.245833	3	0.403756	7.44242	0.433333	0.752874	0.684931	7.9883	0	0.368421	0	4.43056	0	0.135802	0.0775194	4.80791	0	21.4689	0	0.00793651	0	7.94624	0	95.2529	0	10.5266	0	89.2184	0.0591398	0.442424	38.8537	40.4959	1.63333	14.4861	0.216312	1.70115	0.404255	3.36458	0.81592	0.813953	10.4841	0.753623	2.77519	1.13778	0	0.00456621	0	0.038961	1.13889	0.704762	0	0.00865801	0	0.0519481	0	0.00438596	0	0.0632911	2.45736	0.0844444	0.0444444	0.854167	0.0271318	0.12381	0.00512821	5.59848	0.0119048	0.0396825	0.266667	30.4667	0.0416667	0.425703	0.00401606	0.161765	0.515873	110.068	0.0266667	0.262911	0.0705882	2.34722	0.0313726	184.775	0.042328	122.069	0.00453515	53.6316	0.662791	103.294	0.0866667	1.33333	0.0030581	0.602339	0.073718	104.248	0.0057971	61.1026	0.0126582	84.5812	0.0144928	113.658	
2897.41	SFG_L_7_4	79.7018	55.2602	208.914	0.606061	0.208333	0.578616	0	24.969	158.6	39.5659	0.166667	1.05426	0.00628931	0.0972222	1.34127	0.0363636	3.24138	0.0151515	6.03175	0.00961538	1.44715	0	6.56522	0.00666667	88.6	4.93023	0.368687	0.0288462	13.1238	0	5.92308	0	2.4	0.00529101	1.49612	0.00387597	0.421053	0	25.7714	0	0	0	0.0628019	0.00383142	0.057971	0	0.00512821	0	0	0	0.475728	0.00766284	10.2889	0	280.074	31.4167	2.06944	0.201389	29.5778	1.05072	6.32222	0	33.1889	0	3.91398	0.292683	0.108696	4.39683	0.306878	0.037037	0.0042735	0	0.108333	0	0.0042735	0	0	0	0	0	0	0	0	0	0.374269	0	0.00497512	0	0.0396825	0.002331	0.169399	0	0	0.0178971	0.0219298	0	0.633333	0	0.169231	0	0.0923077	0	0.0826446	0.0225225	0.0514905	0.0348837	0.0376344	0.0113636	0.0136612	0	0	0	0.0352304	0	0	0	0	0	0	0	0	0	0.0727273	0	0.672956	0.0337079	0	0.0181159	0.364341	0.0172414	1.90556	0.0591398	0.121212	0.0382514	0.129412	0.0378007	1.55333	0.0833333	0.0148148	0	1.03472	0	0.82716	0.00497512	0.0042735	0	0.002849	0	4.69892	0.0666667	0.002849	0.00347222	0	0.00347222	0.452991	0	0.050505	0	0.575	0	2.55556	0.0215054	0.104478	0	0	0	0.112994	0	0.263682	0	0.0191571	0	1.91176	0	0	0	0.216667	1.48649	0.00877193	0.0333333	0	0	0.010101	0.565657	0	0.0540541	0	0	0.0470085	1.11712	0.0210526	0.0160643	0.0035461	0	0.328205	1.17808	0.0319149	0	0.0155039	0	0.00564972	0	0.0175439	0	0.0337553	0.180723	0.134058	0	0.0677507	0	0.175	0.0691057	0.306878	0.037037	42.897	0.3	0.0596206	0.00340136	0.115942	0.0226537	24.7971	0.6	2.10053	0.153333	0.713333	0.0224359	12.5152	0.0915033	2.32258	0.02331	0.0277778	0	166.3	0.00687285	1.94624	0.0171821	0.00204499	0.00311526	5.47917	0.00623053	1.00952	0.00497512	0.645833	0.00934579	25.2157	0.00497512	
2952.46	SFG_R_7_4	74.186	92	87.2636	53.1467	5.37589	17.1839	24.969	0	7.34921	44.5897	3.83333	0	0.117284	0.0560748	0.0996169	17.2361	0	2.56322	0.166667	7.27957	0.0121951	0.808333	0.0555556	3.90909	0.174242	146.821	0.0348837	0.634921	0	2.91026	0.00529101	0.350427	0.010582	12.9583	0.0396825	0.5	0	11.7071	0.0277778	46.2889	0	0	0.00766284	0	0	0	0	0.00421941	0	0	0.0555556	0.195122	0.15812	0.611111	3.18841	122.441	0.277108	0.15	0.0542636	0.653061	0	20.2688	0	64.0119	0.111111	0.390805	0.103175	0.263158	0.00411523	0.421769	0	0	0	0.40625	0	0	0	0.00401606	0	0	0	0.356322	0	0.0258216	0.00333333	1.28571	0	0.0862069	0	1.00995	0	0.111111	0	0.073718	0	0.0273973	0	0.222222	0	0.644444	0	0.939394	0	0.110329	0.630952	0.0123457	0	0.0858586	0	0	0	0	0	0	0.0057971	0	0	0.00564972	0.00546448	0	0	0.0740741	0	0.0754717	0.151163	1.96045	0	0.166667	0	0.025641	0.149425	2.22024	0.0337079	0.0425532	0.00330033	1.00913	0.0181159	1.34545	0	0.155556	0	1.67974	0	1	0	0.0261438	0.104938	0.0147059	0.208333	0.824561	0.0246914	0	0.179487	0	0.0037037	0.0588235	0	0.0634921	0	0.027027	0.193182	0.846154	0	0.215962	0	0	0	0.20155	0	0.60274	0	0.0185185	0	1.77477	0.00724638	0	0.474074	0.00854701	0.0731707	0.015873	0.0320513	0.00287356	1.4	0	0.162791	0	0	0	2.52157	1.31944	0.00865801	0.0355556	0	0	3.22374	0.400966	0	0.00537634	0.00347222	0	0.00333333	0.00564972	0	0.00600601	3.85317	0.126761	0.00311526	0.0120482	0	0.0241546	0.00374532	19.5833	0	0.421769	0.52439	113.582	0	0.0192308	0	0.857143	0.638211	200.388	0.0286738	1.16172	0.0193798	0.669841	1.12613	66.3131	0.0852713	2.52381	0	0.833333	1.22222	67.4561	0.115789	3.45556	0.0126582	0.462963	0.0681004	23.0556	0.00564972	9.44118	0.00564972	12.8421	0.0442177	35.9459	
1363.75	SFG_L_7_5	32.0333	6.65854	7.78261	0.0265152	1.2	0.541667	158.6	7.34921	0	41.8062	13.1905	0.0757576	0.341667	0.0877193	0.0691824	0.00595238	0.0162602	0	0.293333	0.00680272	0.0261438	0	0.015873	0	0.174603	0.408333	0.119403	0.00961538	0.401709	0	0.111111	0	0.0793651	0	0.02589	0	0	0	0.641026	0	0	0	0.0193237	0	0.189744	0.0410256	0.2	0.135417	0.0130719	0	0.0961538	0	1.10417	0	26.9655	65.7597	5.32184	1.33333	116.787	11.9924	0.166667	0	3	0	9.2381	0.8	28.7101	16.124	0.125	0.00653595	0	0	0	0	0	0	0	0	0	0	0	0	0	0	0	0	0	0	0	0	0.00508906	0	0	0	0	0	0.00508906	0	0.00254453	0	0	0	0.030581	0	0.0162602	0.0113636	0.00396825	0.00749064	0	0	0	0	0.0108401	0	0	0	0	0	0	0	0	0	0	0	0.37037	0.010929	0	0	0.0292398	0.010929	0.805031	0.0382514	0.00653595	0.0166667	0.0348837	0.00343643	0.0228758	0.00340136	0	0	0	0	0.0193798	0	0	0	0.156863	0.00617284	23.6071	0.0694444	0.031746	0.00694444	1.38462	0.070922	0.037037	0	0	0	0.0229885	0	1.88667	0.0106383	0.00406504	0	0	0	0	0	0.00406504	0	0	0	0	0	0	0.141844	0.00724638	0.130081	0.138889	0.0289855	0	0.192593	3	1.58824	20.3556	0.171429	0.00724638	0.00653595	0.0128205	0.297297	0.00350877	0	0	0	0.0995025	0.333333	0.00701754	0	0.00387597	0	0	0	0.00350877	0	0.0126582	0.0396825	0.0322581	0	0.0295699	0	0.016129	0	0.137566	0.00653595	10.5198	0.076087	0.0192837	0	0.179487	0.102564	1.8239	0.155797	0.863388	0.0165017	0.222222	0.00970874	2.5	0.0144928	0.186667	0	0	0	37.4359	0.00343643	0.836066	0.00343643	0	0	2.08333	0	0.428571	0	0.222222	0	8.37821	0	
1243.51	SFG_R_7_5	3.59524	66.5432	1.10317	0.030303	0.943262	2.2973	39.5659	44.5897	41.8062	0	0.77305	5.22989	0.0126582	1.07407	0.00617284	0	0	0	0.00444444	0	0	0	0	0	0.0238095	0.0166667	0.0343137	0.003003	0	0	0.0102564	0	0.016129	0	0.0102564	0	0.0163934	0	0.0655738	0	0.00490196	0.00694444	0	0	0	0	0.0441176	0	0	0.00666667	0	0	1.48148	0.0123457	75.9481	42.8	12.1667	0	24.7259	63.631	0	0	0	0	0.681481	4.08772	2.57724	82.3254	0	0	0	0	0	0	0	0	0	0	0	0	0	0	0	0	0	0	0	0	0	0.003663	0	0	0	0	0	0	0	0	0	0	0	0	0	0.003663	0.00374532	0	0	0	0	0	0.00520833	0	0	0	0.0104167	0	0	0	0	0	0	0	0	0	0.0357143	0.111111	0	0.0175439	0	0	0.00628931	0.134752	0	0	0	0	0	0	0	0	0	0	0	0	0	0	0.377358	0.00595238	1.69388	0.708333	0.810458	0.0148148	1.38667	0.103175	0	0	0	0	0	0	0.0340136	0.0104167	0	0	0	0	0	0	0	0.00584795	0	0	0	0	2.98718	0.166667	0.851852	0.449612	0.0539216	2	1.1	0.202899	0.00823045	65.2222	0.284553	1.02564	0	0.00666667	0.0714286	0.047619	0	0	0	0	0.086758	0.00877193	0	0	0	0	0	0	0	0	0.0963855	0	0	0	0	0	0	0.00680272	0	0	0	0.184524	0.00520833	0	0	0	0	5.5	0	0	0	0.003003	0	2.80645	0	0.0540541	0	0.00287356	0	4.78571	0.003663	0.583333	0	0.040404	0.003663	2.73737	0	0.795699	0	1.5625	0	4.2549	
1581.13	SFG_L_7_6	64.6774	17.1282	0	4.58537	172.608	123.217	0.166667	3.83333	13.1905	0.77305	0	15.087	116.243	4.08333	0.36036	5.95614	0	0	0.169399	0.703704	0.00326797	0.156863	0.00456621	3.05128	0	2.50407	5.79487	0.561728	0	0	0	0	0	0	0	0.0377358	0	0	0	0	1.25333	0.143791	0	0	0	0.0112994	5.58667	1.58974	0.222222	0.175926	0.00326797	0.0754717	0	0	0	0.806667	2.58333	0.00595238	1.08943	0.564626	0	0	0	0	6.44167	0.0808081	5.04301	0.205674	1.11404	0.00606061	0	0	0	0	0	0	0.00680272	0	0	0	0	0	0.00724638	0	0	0	0	0	0	0	0	0	0	0	0	0	0	0	0	0	0	0	0.00225225	0	0.00225225	0	0	0	1.44737	0	0.140845	0	0.00225225	0	3.07018	0.003663	2.1039	0.003663	0.00865801	0	0	0	0	0	0.143939	0.0185185	0	0.00913242	0	0	0.0238095	0	0	0	0	0.0940171	0.00406504	0.0769231	0	0	0	0	0.00406504	0	0	0	2.8366	0.149123	19.5417	0.0326797	16.3827	0.0482456	28.761	0.125683	0	0	0	0	0	0	0.317829	0.0185185	0	0	0	0	0	0	0	0	0	0	0	0	1.04848	0.0307018	9.44167	6.90196	15.3043	10.45	20.8667	0.209738	10.3561	0.229167	27.246	0.0641026	4.61905	3.71795	0	0	0	0	0	0	0	0	0.08	0	0	0	0	0	0	0	0	0	0	0.00740741	0	0.00246914	0.568376	0.003663	2.28947	0.00606061	3.8114	0.00732601	5.07111	0.00732601	0.0634921	0.0409357	0.00280112	0	0.135135	0.344086	0.0185185	0	0.0793651	9.27957	0.00280112	0.00287356	0.00617284	0.00687285	0	0	0.00546448	0	0.236842	0	0.00653595	0.00343643	0.671111	0.00687285	0.00980392	0.0124378	0	0	
1584.37	SFG_R_7_6	3.94309	73.9596	6.68992	0	39.2619	145.638	1.05426	0	0.0757576	5.22989	15.087	0	3.25926	24.6944	55.8049	0	0	0	17.0496	0	0.00757576	0	31.8618	0.0864198	0.00628931	0	2.5817	0	0.0261438	0	0.0952381	0	0.06	0.0729167	0.0208333	0	0.00680272	0	0	0.0104167	0.0851064	1.46154	0	0	0.047619	0	1.62319	0.0444444	0.745098	1.10784	0	0	0	0	0.0845771	0	0.0344828	0	0.0178571	0.010929	0	0	0	0	0.0116959	8.75833	0.179487	16.4907	0	0.0363636	0	0	0	0	0	0	0	0	0	0	0	0	0	0.00628931	0	0	0	0	0	0.00333333	0	0	0	0.0117647	0	0	0	0	0	0	0	0	0	0.00508906	0	0.00411523	0	0	0	0	0	0.00490196	0	0	0	0.0394737	0	0.030303	0	0	0	0	0	0	0.0107527	0.0497512	0	0.00952381	0	0	0.00877193	0.0273224	0.0045045	0	0	0.00900901	0.00813008	0.00900901	0	0	0	0.00617284	0.00406504	0	0	0	0.0634921	1.76923	0.0740741	9.98582	0.214689	0.628931	0.327684	8.03205	0	0	0	0	0	0	0.0136986	0.0444444	0	0	0	0	0	0	0	0	0	0	0	0	0.0952381	0.284722	1.80488	31.404	4.8125	165.63	0.183908	0.779874	0.0740741	9.49333	0.0268817	3.03252	0.491228	87.0185	0	0	0.00421941	0	0	0	0	0.00411523	0.00421941	0.00584795	0	0.00392157	0	0	0	0.00392157	0	0	0.0142857	0.00784314	0.00358423	0	0	0.0533333	0	0.0156863	0.00462963	0.0755556	0.00925926	0.0570175	0.227642	0	0	0.030303	0.351852	3.26437	0	0	0	1.42735	0	0	0	0.213675	0	0.0962963	0	0	0	0	0	0.878049	0.00462963	0.560976	0	0.706349	0	0.294574	
4258.68	SFG_L_7_7	11.3556	0.851852	2.43262	0.163522	450.279	120.341	0.00628931	0.117284	0.341667	0.0126582	116.243	3.25926	0	209.29	1.72807	0.0512821	0	0	39.307	2.20833	20.7101	0	0	0	0.0507246	0.00537634	323.702	103.252	0	0	0.0444444	0	0.00505051	0	1.09333	0	0.416667	0	0.0298507	0	72.9231	0.977273	32.5217	0.0754717	0.183673	0.115152	60.1587	74.6159	0.537634	0.00505051	47.942	0.0045045	1.99346	0	1.42593	0.00793651	0.322404	0	0.172043	0	0	0	0.0432099	0	4.20261	0	0.133333	0.0168776	0.104418	0	0	0	0.00497512	0	0	0	0.017094	0	0.00406504	0	0	0	0.0548523	0	0.00401606	0	0	0	0.00666667	0	0.00775194	0	0.025974	0.0026455	0	0	0.00387597	0	0.00634921	0	0.00634921	0	0.0726496	0	0.00606061	0.0227273	0.00396825	0	0.164706	0.003663	0.0310078	0	0.00606061	0	0.299625	0.00732601	0.18638	0.00732601	0.00387597	0	0	0	0	0	0.212963	0.0769231	0.108333	0.0117994	0.0245098	0	0.231884	0.0310078	0.0675105	0	0.00784314	0.00287356	0.0776256	0.00273224	0	0	0.00877193	0	0.0365297	0	0	0	0.441026	0.0296296	2.14744	0.00687285	9.00521	0.0643939	18.0521	0.204545	0.163399	0	0	0	0.010582	0	0.0899471	0	0.00333333	0	0	0	0.00606061	0	0.0291667	0	0	0	0.0125	0	4.74731	0.0309278	70.2093	49.4186	64.0208	0.0508475	9.32292	0.154639	29.2695	0.00687285	26.8912	0.00833333	18.8413	0.0512821	0	0.0681818	0.0325203	0	0.021097	0.00793651	0.00245098	0.0384615	0.0845771	0	0.004329	0	0.00401606	0	0.0119048	0.0026455	0	0.030303	0.025974	0.00740741	0.0321285	0.00246914	0.09319	0.003663	0.214559	0	1.03153	0.021978	1.12613	0.0146199	4.52381	0.625731	4.04762	0.0426357	0.0822511	0.0155039	4.46491	0.0379747	37.3171	0.223577	1.53086	0.0192308	16.6825	0.0387597	9.04878	0.011236	0.109375	0.0152905	13.0682	0.00793651	2.91057	0.0194175	1.25926	0.03663	13.2868	0.072165	5.99206	0.0337079	
3995.81	SFG_R_7_7	0.362319	0.739583	0.121212	0.104938	84.7447	237.391	0.0972222	0.0560748	0.0877193	1.07407	4.08333	24.6944	209.29	0	6.59028	0.0833333	0.00555556	0	64.0425	10.2963	0.0833333	2.8642	0.130719	0.0432099	0	0.0880503	150.902	209.955	0	0	0.119497	0.292929	0.183007	0.00877193	0.0653595	4.36905	0.0128205	0.00311526	0.00666667	0	5.15909	41.5366	0.15942	2.75641	9.06944	0.025641	56.0455	142.3	0.412698	0.786667	0.288889	3.95238	0.00308642	0.00617284	0.00724638	0.836478	0.0166667	0.025641	0.0107527	0.425641	0	0	0	0	0.00732601	1.66667	0.06	2.74419	0.0491803	0.0481928	0	0.0714286	0	0.0380952	0	0.0428571	0.0298507	0.00292398	0	0.0131579	0	0.0576132	0.00555556	0.101626	0.00250627	0.0555556	0	0.0515873	0	0.343643	0.00326797	0.00757576	0	0.297189	0	0.114035	0	0.0117647	0.00501253	0.0396825	0	0.121212	0.00239808	0.814433	0.0249221	0.0719697	0	0.014652	0	0.0113636	0	0.00289855	0	0	0	0.248996	0	0.12549	0	0.0107527	0	0.0365854	0	0.00888889	0.216117	3.86385	0.012945	0.893519	0	0.0380952	0.187266	2.16425	0.047619	0.138889	0	3.16667	0.00326797	1.26667	0	0.0199005	0	0.123077	0	0.0692641	0	0.333333	0.126812	2.06897	0.0374532	5.49383	0.118421	0.820833	0.0923077	6.4023	0	0.0199005	0	0.185792	0	0.00966184	0.0138889	1.02564	0	1.2723	0	0.00262467	0	0	0	2.44286	0	0.103896	0.0045045	0.00980392	0.0144928	0.407407	51.0635	76.9048	0.969697	9.48485	0.0388889	1.43889	0.101852	1.93939	0.0227273	0.524823	33.7642	13.5098	0.25	0.51004	0.0105263	0	0	0.857143	0.136752	0.062963	0.0105263	0.00724638	0	0.247967	0	0.104418	0	0.611765	0.202899	0.0299145	0.054902	4.63566	0.031746	0.204167	0.0148148	0.42723	0	0.0946502	0.0248227	1.43694	0.00479616	1.54167	4.03546	14.4621	0.0181159	21.2326	0.325	1.19658	0.00555556	23.9792	0.0784314	134.312	0.00271003	18.1611	0.00469484	55.9242	0.0555556	22.9645	0.0493827	0.724638	0.00512821	3.05303	0.29588	35.3121	0.0259259	46.3116	0.029304	58.8582	0.00512821	37.8	
4754.51	MFG_L_7_1	0.0681818	7.44961	216.783	2.54472	279.868	196.364	1.34127	0.0996169	0.0691824	0.00617284	0.36036	55.8049	1.72807	6.59028	0	1.35	3.33333	0.00378788	494.885	8.74074	137.667	0.0320513	332.458	0.186047	4.38095	0.0113636	3.21171	0.157233	11.5333	0	41.7564	0.0266667	29.4359	0.0333333	55.0278	0.0205128	8.05128	0.0246914	5.47619	0	0.00784314	0.122807	0	0.00383142	0.0106383	0	0.290598	0.236364	0.0387597	0	19.75	0.00392157	1.97872	0	6.4031	0.0901961	3.86928	0.0151515	1.20755	0.0542636	0.893333	0	2.7907	0	0.0327869	0.003663	0.0880503	0.00456621	0.342857	0.0106667	0.18408	0.00308642	0.0483871	0.00308642	0.0784314	0	0.04	0	0.0284553	0	0.0222222	0	0.398148	0	0.277778	0	0.0299145	0	0.522807	0.0078125	0.770563	0	0.27619	0	0.174074	0	0.87013	0	1.0641	0	0.824786	0	1.12982	0.0104167	0.320388	0.214559	0.379167	0	0.0751174	0.00826446	0	0.00289855	0.215686	0	0	0.132231	0.0289855	0.077957	0	0.00314465	0.0177778	0	0.0185185	0	4.68783	0.34902	0.153153	0.0412371	0.416667	0	4.69945	0.129167	0.444444	0.00362319	0.267606	0.0245614	3.90256	0.016835	0.00617284	0	0.505376	0	2.36364	0.00282486	0.559748	0	0.0311111	0.0816327	0.00555556	0.0786517	0.0562771	0.106529	0.025641	0.61512	0.535948	0	0.591837	0.00308642	0.381818	0	2.29167	0.0703704	4.83636	0	0	0	8.29762	0	14.0753	0	0.934641	0	9.0226	0	0.0037037	0.0842491	0.408889	4.95455	0.0107527	0.677596	0.00340136	0.285285	0	0.00938967	0.0438596	0.0289855	0.194805	0.696429	0.00803213	1.39316	0.0650406	0	0.0196078	0.00564972	0.140097	1.05263	0.160338	0.003003	0.12987	0	0.0168776	0	0.0772358	0.00282486	0.00444444	0.503876	0.897778	0.0263158	0.257778	0	0.0610329	0.273408	0.309524	0.0186667	9.06667	0.704981	1.66667	0.137741	0.12963	0.0362319	32.9792	0.733333	0.538813	0.043956	0.657658	0.00546448	65.1382	0.20202	20.9293	0.00847458	11.2018	0	43.6667	0	1.09836	0.0961538	12.746	0	32	0.0992064	30.2632	0.0300546	40.4444	0.0114943	45.6842	0.102273	
1709.73	MFG_R_7_1	1.16239	2.75926	1.18605	129.611	11.6589	82.0769	0.0363636	17.2361	0.00595238	0	5.95614	0	0.0512821	0.0833333	1.35	0	0	0.106667	0.0942029	112.984	0	29.8261	1.1	280.422	0	44.0351	0.00520833	41.9855	0	0.0897436	0	0.449275	0	9.5942	0	8.61111	0	1.6	0	1.74359	0	0	0	0.0666667	0	0	0	0.00724638	0	0	0	8.68056	0	0.0857143	0	5.22581	0	0.175926	0	0.0943396	0	0.0952381	0	0.4	0	0.0242424	0	0.00653595	0	0	0	0	0	0.021164	0	0	0	0	0	0.00421941	0	0.0343137	0	0	0	0.0546448	0	0.00421941	0	0.0801688	0	0.004329	0	0.00343643	0	0	0	0.0190476	0	0.0882353	0	0.0649351	0	0.035461	0	0	0	0.0166667	0	0	0	0	0	0	0	0	0	0	0	0	0	0	0	0	0.00392157	0.522013	0.00392157	0.253086	0	0.153333	0	0.48	0	0.36	0	0.877193	0	1.64286	0	0.00694444	0	0.208333	0	0.224138	0	0.0251572	0	0	0	0.0584795	0	0	0	0	0	0.0720721	0	0.0238095	0	0	0	0.633333	0	0.142157	0	0.003663	0	0.202381	0	0.269608	0	0.0135135	0	0.275862	0	0	0	0	0	0	0	0	0	0	0	0	0	0	0.0284553	0.004329	0	0	0	0	0.0160643	0.00462963	0	0	0	0	0	0	0	0	0.0291667	0	0	0.00843882	0	0.00925926	0	0.0943396	0	0	0.00628931	0.550388	0	0.00666667	0	0.00546448	0.00784314	1.675	0	0	0	0	0	26.1746	0	0.763636	0	1.40196	0	2.44203	0	0.0140351	0	0.047619	0	5.12963	0	2.18095	0	2.7963	0	3.89815	
1444.85	MFG_L_7_2	0	0	2.83333	0	0.333333	0.0457516	3.24138	0	0.0162602	0	0	0	0	0.00555556	3.33333	0	0	0	2.16162	0	50.5909	0	102.636	0	47.6952	0	0.0964912	0	38.3182	0	145.333	0	6.71429	0	13.4598	0	0.744444	0	92.4306	0	0	0	0.00732601	0	0	0	0	0	0	0	0.5625	0	28.4697	0	20.3205	0	0.843137	0	0	0	6.91667	0	70.254	0	0	0	0	0	0	0	0	0	0.0808081	0	0	0	0.00520833	0	0.00520833	0	0.0350877	0	0	0	0.357576	0	0.0409357	0	0.114428	0	0.446541	0	0.0333333	0	0.109453	0	1.27778	0	0.375	0	0.380117	0	0.0120482	0	0	0.00421941	0.0535714	0	0	0	0	0	0	0	0	0	0	0	0	0	0.00641026	0	0.0188679	0	0.108527	0	0	0	13.9649	0	7.67544	0	3.99206	0	0.00490196	0	24.626	0	0.376068	0	5.91667	0	3.13178	0	0	0	0	0	0	0	0	0	0	0	6.96774	0	0	0	5.64646	0	6.07407	0.00340136	0.025641	0	0	0	0.0421941	0	0.0899471	0	0	0	1.43333	0	0	0	0	0	0	0	0	0	0	0	0	0	0	0	0	0	0.00406504	0	0	0	0	0	0.00406504	0	0	0	0.0892857	0	0.00406504	0	0	0.00843882	0	0	0	0	0	0	0	0	0.0617284	0.00340136	0	0	0	0	0.436782	0.00340136	0	0	0	0	0.097561	0	0.703704	0	0.0148148	0	0.0903955	0	0	0	0	0	0.0277778	0	0.0148148	0	0.00925926	0	0.0517241	0	
1550.48	MFG_R_7_2	0.0542636	0	0.030303	0.0569106	0	0.509434	0.0151515	2.56322	0	0	0	0	0	0	0.00378788	0.106667	0	0	0.00378788	8.50538	0	27.7931	0	191.203	0	96.5222	0	2.93137	0	43.6349	0	2.27161	0	4.84314	0.00340136	0.458333	0	1.08974	0	13.7826	0	0	0	0.00387597	0	0	0	0	0	0	0.00340136	0.130081	0	10.5507	0	47.2778	0.00411523	8.72	0	0	0	2.47619	0	127.302	0	0	0	0	0	0.00340136	0	0.00606061	0	0.0320513	0	0.00606061	0	0	0	0	0	0	0	0.00584795	0	0.150943	0	0.0116959	0	0.0959596	0	0.030303	0	0	0	0.00584795	0	0.0242424	0	0.0467836	0	0.0959596	0	0.010101	0.0313726	0	0	0.0287356	0	0	0	0	0	0	0	0	0	0	0	0	0	0.00628931	0	0	0	0.82906	0	8.55263	0	20.1111	0	7.05208	0	19.4259	0	1.88095	0	71.2791	0	1.3619	0	1.51515	0	5.57246	0	0	0	0	0	0	0	0	0	0	0	16.2051	0	0.010101	0	3.19792	0.00383142	12.6071	0	0.0925926	0	0	0	0	0	0.0820513	0	0	0	0.153846	0	0	0	0	0	0	0	0	0	0	0	0	0	0	0.0862745	0	0	0	0	0	0.0456621	0	0	0	0	0	0	0	0	0	0.0853658	0	0	0	0	0.263158	0	0.558559	0	0.00340136	0.00421941	3.40476	0	0	0	0.0156863	0.00843882	5.62602	0	0.0124611	0	0.0155039	0	1	0	0.659574	0	0	0.0229885	0.0238095	0	0	0	0	0	0.00900901	0	0	0	0.0138889	0	0.00900901	
5676.53	MFG_L_7_3	0.0496454	0.4	84.2581	0.189922	169.94	155.5	6.03175	0.166667	0.293333	0.00444444	0.169399	17.0496	39.307	64.0425	494.885	0.0942029	2.16162	0.00378788	0	7.1773	170.53	0.025641	134.707	0.0277778	7.59459	0.0284553	369.076	5.77778	0.757576	0	28.2024	0.0333333	12.2069	0.0266667	103	0.0384615	19.2857	0.00396825	1.92593	0	0.0288066	0.144444	23.0635	0.00383142	0.012012	0	0.544304	5.43262	0.0426357	0.00462963	127.143	0	14.8571	0.00823045	24.1135	0.147287	6	0.0378788	1.05952	0.0185185	3.03704	0	4.84783	0.00784314	0.0483871	0.0185185	0.0409357	0.00401606	0.328829	0.0185185	1.00469	0.00308642	0.0974359	0.00308642	0.596244	0	0.0487805	0	0.0396825	0.00308642	0.313008	0	0.363248	0	1.19679	0	0.242798	0.00308642	1.18947	0.0078125	2.62195	0	0.361404	0.00266667	0.659649	0.00289855	3.36546	0	3.34146	0	2.46988	0.00292398	1.5641	0.0186667	0.71746	0.291667	0.939024	0	0.0246914	0.0133333	0	0	0.520635	0	0	0.153226	0.0273973	0.109333	0.00378788	0.0031746	0.199134	0	0.115226	0	2.27363	0.32963	0.324786	0.0891089	1.5101	0	6.15897	0.115079	0.787037	0	0.425926	0.0132013	8.38647	0.0165017	0	0	1.01878	0	3.68056	0.00564972	1.4386	0	0.0555556	0.161716	0.0115942	0.076087	0.0987654	0.197279	0.019802	1.15152	2.48765	0	2.40606	0.00308642	1.55385	0	5.11111	0.0599251	3.52976	0	0.00416667	0	30.3824	0	22.7952	0	2.26901	0	19.6869	0	0.00358423	0.0967742	1.10684	4.34979	0.0107527	0.741573	0.00649351	0.411003	0	0.0149813	0.0116959	0.046595	0.747863	1.05455	0.0416667	1.8481	0.113725	0.0047619	0.0322581	0.002849	0.14554	1.38961	0.303797	0	0.223629	0	0.0883534	0	0.107143	0	0.0323625	0.640152	1.65789	0.0254237	0.396624	0	0.0938967	0.311594	0.235556	0.031746	8.58333	0.954545	2.10861	0.180108	0.122807	0.0526316	32.4264	0.949612	0.536036	0.0726073	1.23423	0.00865801	90.8175	0.042042	27.9399	0.0484848	55.8205	0	74.9778	0	1.34444	0.058997	21.1395	0	57.7521	0.0536723	48.55	0.0510753	62.1917	0.0238095	86.5812	0.0498442	
2365.65	MFG_R_7_3	0.129252	0.0595238	0.16	15.5287	9.22464	195.308	0.00961538	7.27957	0.00680272	0	0.703704	0	2.20833	10.2963	8.74074	112.984	0	8.50538	7.1773	0	0.0574713	100.635	0.311594	62.037	0	24.5287	0.487179	259.485	0.0208333	0.198198	0.0724638	0.925926	0.134752	0.588889	0.035461	47.2029	0	0.974359	0	0.181818	0	0	0	8.125	0	0	0.00666667	0.00266667	0	0	0.0677966	32.5556	0.00347222	0.718518	0.0113636	15.0855	0.00740741	0.727273	0	0.0546448	0	0.347518	0	3.06349	0	0.00546448	0	0.00564972	0	0	0	0.0871795	0	1.06863	0	0.0555556	0	0.0921986	0	0.0266667	0	0.958333	0	0.0457516	0	1.03704	0	0.162393	0	2.01984	0	0.156379	0	0.183007	0	0.303419	0	0.262222	0	0.711111	0	1.51406	0	0.494737	0.00493827	0.0200803	0.00383142	0.235294	0	0	0	0	0	0	0	0	0	0	0	0.00383142	0	0.145299	0	0.0333333	0.00766284	1.23497	0	2.45128	0	0.672515	0.0196078	1.19774	0.0035461	1.97126	0	17.0637	0	28.0573	0	0.728814	0	2.70556	0	3.84615	0	2.28161	0.00766284	0.00444444	0.00438596	0.135417	0	0.025974	0	0.00396825	0	0.756944	0	1.99306	0	0.339744	0.0111111	1.84242	0	6.71144	0	0.00512821	0	3.17708	0	30.7917	0	1.07512	0	13.9583	0	0	0	0.00396825	0.00757576	0	0	0.00396825	0.00680272	0	0.00490196	0	0	0	0.130268	0.0168776	0	0.00456621	0	0.00497512	0.0533333	0.0284553	0	0	0	0.245614	0	0.00469484	0	0.124444	0.0871212	0	0	3.05333	0	0.10628	0	0.414815	0	0.00362319	0.0271318	1.29787	0	0.0228758	0	0.0147493	0.0503876	22.5926	0	2.32	0.00775194	5.19369	0.00323625	14.6111	0.0111111	30.6935	0	5.04878	0.0719697	5.48889	0.00294985	0.106061	0	0.0625	0.0058997	6.36585	0	3.5122	0	5.0813	0	6.23016	
3639.85	MFG_L_7_4	0.00483092	0.0135135	2.98333	0	7.93939	0.280702	1.44715	0.0121951	0.0261438	0	0.00326797	0.00757576	20.7101	0.0833333	137.667	0	50.5909	0	170.53	0.0574713	0	0	315.5	0	2.99187	0	120.087	0.0416667	0.222222	0	303.854	0	1.68116	0	120.298	0	0.388889	0	0.411765	0	0	0	5.4359	0	0.0136054	0	0	0.00537634	0	0	134.108	0	8.23611	0	23.6894	0	0.598765	0.00784314	0.079602	0.00406504	1.87333	0	5.77236	0	0.00294985	0	0	0	0.400901	0	0.492308	0	0.0416667	0	0.257576	0	0.0765766	0	0.0144928	0	0.20614	0	0.328889	0	2.67123	0	0.102564	0	1.17442	0	2.22944	0	0.382883	0.00282486	0.451852	0	4.77193	0	3.35043	0	2.64557	0	0.831111	0.00806452	0.130719	0.0352941	0.508772	0	0.0160256	0	0	0	0.0816993	0	0.00273224	0	0.0456621	0	0	0	0.0833333	0	0.286385	0	0.956522	0.289377	0.372294	0.114286	1.48333	0	5.3046	0.00793651	1.46995	0	0.128571	0	11.5291	0	0.0621469	0	3.05291	0	4.10769	0	1.21605	0	0.114155	0.0666667	0.00564972	0.057971	0.0506329	0	0.00462963	0	1.48718	0	1.46	0	1.51235	0	2.43503	0.00784314	1.63333	0	0	0	18.9565	0	10.5095	0	2.35821	0	18.6812	0	0	0	0	0	0	0	0	0	0	0	0	0	0	0	0.0136986	0.166667	0.248889	0	0.0864198	0	0.0277778	0.137778	0.427928	0	0.0720721	0	0.296804	0	0.292793	0	0.0253165	0.0627451	0.444444	0.019774	0.299145	0.00314465	0.022831	0.00647249	0.27027	0	2.86667	0.0528455	2.69271	0.0104987	0.204444	0.00833333	4.97163	0.0772358	0.707207	0.0111111	2.02985	0.00472813	66.0813	0.00537634	4.97354	0.0216049	39.6581	0.00277778	17.0439	0	0.227778	0.0666667	34.2481	0.00277778	14.2719	0.0333333	12.8246	0	41.4634	0.00323625	23.6667	0.04	
1830.56	MFG_R_7_4	0.0333333	0.137255	0.0238095	4.63889	0.0574713	32.7467	0	0.808333	0	0	0.156863	0	0	2.8642	0.0320513	29.8261	0	27.7931	0.025641	100.635	0	0	0.00595238	183.088	0	1.89189	0	36.6	0	21.046	0	167.643	0	9.86458	0	104.206	0	0.361905	0	0.735294	0	0	0	2.28571	0	0	0	0	0	0	0	59.5432	0.00406504	1.42222	0.00406504	3.84848	0	0.466667	0	0	0	1.10853	0	13.4701	0	0	0	0	0	0	0	0.0260417	0	0.258333	0	0.00766284	0	0.170732	0	0.0160643	0	0.430769	0	0.0462046	0	2.57627	0	0.091954	0	0.68	0	0.0925926	0	0.0868056	0	0.0769231	0	0.176471	0	0.444444	0	0.481982	0	0.140351	0	0	0	0.100457	0	0	0	0	0	0	0	0	0	0	0	0	0	0.100529	0	0.148148	0	0.491525	0	0.712121	0	0.695906	0.00396825	0.372881	0	0.942529	0	5.1592	0	37.4181	0	4.60714	0	8.35185	0	5.74576	0	0.575163	0	0	0	0.00938967	0	0.0319635	0.00392157	0	0	1.41304	0	0.658915	0	0.780142	0	1.4717	0	2.85354	0	0.847222	0	2.41333	0	6.23737	0	0.0666667	0	3.24731	0	0	0	0	0	0	0	0	0	0	0	0	0	0	0.0229885	0	0	0	0	0.00813008	0.00913242	0	0	0	0	0	0	0	0	0.00813008	0.0153257	0	0	0.207207	0	0.0746269	0	0.0793651	0	0	0.00406504	0.149425	0	0	0	0.0289855	0.00401606	1.41304	0	0.0892019	0	1.4023	0	2.84127	0	3.04545	0	1.5122	0.00406504	0.755556	0	0.0410256	0	0.0387597	0	1.50794	0	1.01587	0	0.953488	0	1.4127	
3158.97	MFG_L_7_5	0.0833333	12.1783	176.75	1.825	3.7619	33.6905	6.56522	0.0555556	0.015873	0	0.00456621	31.8618	0	0.130719	332.458	1.1	102.636	0	134.707	0.311594	315.5	0.00595238	0	0.097561	131.407	0.0507246	0.715686	0.0784314	22	0	86.3667	0	20.0139	0.0070922	23.8395	0	2.52	0	12.32	0.0070922	0	0	0.00775194	0	0.0035461	0	0.003663	0	0.00308642	0	3.43678	0.00595238	0.857143	0	11.76	0.0238095	0.689922	0	0.08	0.0119048	0.833333	0	2.78161	0	0.0121212	0	0.0266667	0	0.0808081	0	0.0687831	0	0.010582	0	0.0416667	0	0.0241546	0	0.0135135	0	0.0175439	0	0.122549	0	0.206897	0	0.0273224	0	0.27451	0.00546448	0.355856	0	0.106061	0	0.0701754	0	0.634921	0	0.671111	0	0.497778	0	0.317269	0.00826446	0.0420712	0.00421941	0.122807	0	0.0142857	0	0	0	0.0228758	0	0	0	0	0	0	0	0.00520833	0	0.0119048	0	1.9209	0.0823045	0.0241546	0.0045045	4.44444	0	4.61789	0.0333333	1.66667	0	0.0469484	0.004329	5.90152	0.00347222	0.0123457	0	1	0	1.14815	0	0.160256	0	0	0	0	0.015873	0.00456621	0	0	0	1.83333	0	0.156463	0	1.4902	0	2.87037	0.0185185	2.87179	0	0	0	0.323383	0	5.23118	0	0.430556	0	3.60256	0	0	0.00416667	0	0	0	0	0	0	0	0	0	0	0	0	0	0.0684932	0.0135135	0	0	0	0.00533333	0.101852	0.021097	0	0.0126582	0	0.030303	0	0.0148148	0	0	0.0329218	0.123932	0.00925926	0.0593607	0	0.00308642	0.0234742	0.106061	0	1.79333	0.0321285	0.422886	0	0.0497512	0.0113636	7.94203	0.0963855	0.124378	0.00550964	0.0298507	0	14.1282	0.352941	9.54545	0	0.27451	0	3.14667	0	0.0597015	0.03663	2.38333	0	3.81905	0.0601852	4.94118	0.00387597	8.98148	0.00387597	3.2549	0.0519481	
