data	data	1900.26	4303.1	6500.3	988.118	10634.5	7448.29	4391.97	2397.07	1153.66	2094.2	1343.23	1733.98	5135.77	3710.14	3149.45	2169.48	2466.27	1506.34	2117.23	2073	5794.85	2897.33	2713.87	2141.1	1252.03	1608.08	5211.85	7525	644.993	1205.6	1006.19	1183.95	1456.43	2845.02	5654.68	2276.46	2005.37	1813.32	2349.74	1448.87	920.97	1485.06	2388.03	3490.25	4842.71	2048	3313.44	5317.64	1649.19	1266.26	3698.46	3699.62	2282.79	2416.05	2210.61	2166.11	5143.67	2697.91	2450.93	3990.48	1085.22	1493.89	2665.55	2740.03	724.075	943.905	500.809	1221	5123.06	5839.66	907.358	2056.62	2618.76	2286.77	1839.79	2565.91	2595.82	2989.94	3554.42	1180.33	2921.5	3577.35	3159.21	2886.28	2582.57	2822.71	2009.99	2989.99	3308.16	2994.52	1830.67	1606.09	2345.52	3781.06	2235.15	2863.98	2592.38	1629.3	1301.91	1679.29	3386.05	2798.07	7829.48	8777.12	8003.78	7189.75	4751.38	3618.98	1339.02	1533.97	1726.8	2285.06	877.462	2975.91	2541.03	2968.69	3330.12	4357.65	1548.98	1269.38	3340.69	2187.49	2343.76	997.099	3977.46	3443.41	3354.49	4670.14	1505.26	1311.26	2133.87	3008.05	4117.99	1983.58	5532.92	5778.29	4833.03	4830.69	3515.63	3058.38	4020.08	3629.08	4717.48	2814.44	1420.84	2756.41	1937.29	2292.87	1327.31	1723.93	2099.56	5263.89	809.751	1910.9	3302.63	3450.13	1551.5	1231.95	3040.03	3133.26	5045.91	4433.67	1406.74	1611.85	1689.96	1607.04	1472.08	1118.37	4280.51	3176.48	1413.24	1088.43	2146.21	1107.02	494.834	435.886	1447.93	3120.59	1420.36	521.495	1872.26	2854.84	1045.85	712.212	955.038	1431.41	1678.84	1040.91	3275.66	6981.97	4470.63	2525.81	4685.68	6147.88	4991.02	5187.82	12275.3	7746.38	5083.59	4580.44	3612.47	2490.79	7998.36	8208.49	5115.16	6429.49	3396.56	4931.73	2249.41	3208.12	1880.73	2000.24	3215.33	6100.9	8134.06	8950.31	9402.89	10602.5	6587.58	9856.13	6652.32	7467.25	8990.99	10531.5	10178.9	6461.78	5660.95	7620.05	6822.94	13019.1	5617.75	4805.4	7623.44	2315.35	3107.6	2111.94	5821.79	6273.18	7961.75	4582.18	8553.97	4314.58	5501.59	3873.12	6926.63	4711.38	
data	data	SFG_L_7_1	SFG_R_7_1	SFG_L_7_2	SFG_R_7_2	SFG_L_7_3	SFG_R_7_3	SFG_L_7_4	SFG_R_7_4	SFG_L_7_5	SFG_R_7_5	SFG_L_7_6	SFG_R_7_6	SFG_L_7_7	SFG_R_7_7	MFG_L_7_1	MFG_R_7_1	MFG_L_7_2	MFG_R_7_2	MFG_L_7_3	MFG_R_7_3	MFG_L_7_4	MFG_R_7_4	MFG_L_7_5	MFG_R_7_5	MFG_L_7_6	MFG_R_7_6	MFG_L_7_7	MFG_R_7_7	IFG_L_6_1	IFG_R_6_1	IFG_L_6_2	IFG_R_6_2	IFG_L_6_3	IFG_R_6_3	IFG_L_6_4	IFG_R_6_4	IFG_L_6_5	IFG_R_6_5	IFG_L_6_6	IFG_R_6_6	OrG_L_6_1	OrG_R_6_1	OrG_L_6_2	OrG_R_6_2	OrG_L_6_3	OrG_R_6_3	OrG_L_6_4	OrG_R_6_4	OrG_L_6_5	OrG_R_6_5	OrG_R_6_6	OrG_R_6_6	PrG_L_6_1	PrG_R_6_1	PrG_L_6_2	PrG_R_6_2	PrG_L_6_3	PrG_R_6_3	PrG_L_6_4	PrG_R_6_4	PrG_L_6_5	PrG_R_6_5	PrG_L_6_6	PrG_R_6_6	PCL_L_2_1	PCL_R_2_1	PCL_L_2_2	PCL_R_2_2	STG_L_6_1	STG_R_6_1	STG_L_6_2	STG_R_6_2	STG_L_6_3	STG_R_6_3	STG_L_6_4	STG_R_6_4	STG_L_6_5	STG_R_6_5	STG_L_6_6	STG_R_6_6	MTG_L_4_1	MTG_R_4_1	MTG_L_4_2	MTG_R_4_2	MTG_L_4_3	MTG_R_4_3	MTG_L_4_4	MTG_R_4_4	ITG_L_7_1	ITG_R_7_1	ITG_L_7_2	ITG_R_7_2	ITG_L_7_3	ITG_R_7_3	ITG_L_7_4	ITG_R_7_4	ITG_L_7_5	ITG_R_7_5	ITG_L_7_6	ITG_R_7_6	ITG_L_7_7	ITG_R_7_7	FuG_L_3_1	FuG_R_3_1	FuG_L_3_2	FuG_R_3_2	FuG_L_3_3	FuG_R_3_3	PhG_L_6_1	PhG_R_6_1	PhG_L_6_2	PhG_R_6_2	PhG_L_6_3	PhG_R_6_3	PhG_L_6_4	PhG_R_6_4	PhG_L_6_5	PhG_R_6_5	PhG_L_6_6	PhG_R_6_6	pSTS_L_2_1	pSTS_R_2_1	pSTS_L_2_2	pSTS_R_2_2	SPL_L_5_1	SPL_R_5_1	SPL_L_5_2	SPL_R_5_2	SPL_L_5_3	SPL_R_5_3	SPL_L_5_4	SPL_R_5_4	SPL_L_5_5	SPL_R_5_5	IPL_L_6_1	IPL_R_6_1	IPL_L_6_2	IPL_R_6_2	IPL_L_6_3	IPL_R_6_3	IPL_L_6_4	IPL_R_6_4	IPL_L_6_5	IPL_R_6_5	IPL_L_6_6	IPL_R_6_6	PCun_L_4_1	PCun_R_4_1	PCun_L_4_2	PCun_R_4_2	PCun_L_4_3	PCun_R_4_3	PCun_L_4_4	PCun_R_4_4	PoG_L_4_1	PoG_R_4_1	PoG_L_4_2	PoG_R_4_2	PoG_L_4_3	PoG_R_4_3	PoG_L_4_4	PoG_R_4_4	INS_L_6_1	INS_R_6_1	INS_L_6_2	INS_R_6_2	INS_L_6_3	INS_R_6_3	INS_L_6_4	INS_R_6_4	INS_L_6_5	INS_R_6_5	INS_L_6_6	INS_R_6_6	CG_L_7_1	CG_R_7_1	CG_L_7_2	CG_R_7_2	CG_L_7_3	CG_R_7_3	CG_L_7_4	CG_R_7_4	CG_L_7_5	CG_R_7_5	CG_L_7_6	CG_R_7_6	CG_L_7_7	CG_R_7_7	MVOcC	MVOcC	MVOcC	MVOcC	MVOcC	MVOcC	MVOcC	MVOcC	MVOcC	MVOcC	LOcC_L_4_1	LOcC_R_4_1	LOcC_L_4_2	LOcC_R_4_2	LOcC_L_4_3	LOcC_R_4_3	LOcC_L_4_4	LOcC_R_4_4	LOcC_L_2_1	LOcC_R_2_1	LOcC_L_2_2	LOcC_R_2_2	Amyg_L_2_1	Amyg_R_2_1	Amyg_L_2_2	Amyg_R_2_2	Hipp_L_2_1	Hipp_R_2_1	Hipp_L_2_2	Hipp_R_2_2	BG_L_6_1	BG_R_6_1	BG_L_6_2	BG_R_6_2	BG_L_6_3	BG_R_6_3	BG_L_6_4	BG_R_6_4	BG_L_6_5	BG_R_6_5	BG_L_6_6	BG_R_6_6	Tha_L_8_1	Tha_R_8_1	Tha_L_8_2	Tha_R_8_2	Tha_L_8_3	Tha_R_8_3	Tha_L_8_4	Tha_R_8_4	Tha_L_8_5	Tha_R_8_5	Tha_L_8_6	Tha_R_8_6	Tha_L_8_7	Tha_R_8_7	Tha_L_8_8	Tha_R_8_8	
1900.26	SFG_L_7_1	0	123.842	156.438	0.350427	31.098	0.375587	162.362	19.7917	40.7143	3.98246	10.8431	12.7238	0.0166667	0.0535714	0.0283688	0.0438596	0.1	8.20635	0	0.010582	0.0348259	0.177778	0.409091	12.2368	0.0724638	21.9512	0.0117647	0.114943	0	0.130952	0.0518519	0.238095	0.0555556	2.66667	0.217687	0.0333333	0.0378788	0.44	2.49383	1.36054	0	0	0.015873	0.0119048	0.0801688	0.002849	0.0484848	0.0847458	0.0138889	0	0.0569106	0.0138889	0.0340136	3.02	0.0182648	0.159091	6.24306	0	1.95918	0.0219298	0.137931	5.18	2.33333	7.40136	3.94286	1.28431	1.02941	0.512821	0.0416667	0.0047619	0	0	0.0810811	0.02	0.00595238	0	0.324324	0.0047619	0.141667	0	0.00497512	0	0.0205128	0.0047619	0	0	0	0	0.00340136	0	0	0	0.174863	0.00574713	0.00694444	0	0.00546448	0	0	0.0171821	0.00340136	0	0.237288	0.0117994	0.078125	0.0171821	0.00340136	0	0.00546448	0	0	0	0	0	0	0	0.0734463	0	0	0	0.00595238	0	0	0	1.28931	0.0151515	1.56497	0.029304	0	0.00378788	0.503268	0.0148148	0.502825	0	1.01613	0.0842912	0.00537634	0.118774	0.0261438	0.0126582	0.0466667	0.0299145	0.010101	0.0116279	0.0588235	0.0337553	1.63248	2.58974	5.09804	0.824074	0.461111	0.025	0.121212	4.8547	0	0	0	0	0	0.0113636	4.64	0.183333	0.468085	0.0689655	0.0416667	0	0.511111	0.103448	6.63218	0.314176	1.45679	0.0775194	7.30952	0.0365297	0	0.190476	1.05556	0.575758	0.05	0.131313	0	0.00952381	0.215686	2.02778	2.35354	2.35185	0	0.0123457	0.146667	0.307018	0.0657277	0	1.35065	0	0.00952381	0.0483092	2.92105	0.0162602	0.843434	0	0.00980392	0.00378788	2.81818	0	0.121622	0.411255	0.608108	0.0105263	0.584699	0.025641	0	0.00333333	0.0215054	0	2.16667	0.0225225	1.77333	0.00287356	0.131455	0.011396	10.7037	0.328571	0.37037	0.010101	0.580645	0	30.9236	11.951	1.15603	0.876712	0.097561	0.00262467	57.9369	0.0227273	0.624242	0.0031746	5.32558	0.00862069	17.019	0	19.5648	0.00287356	22.2381	0.00574713	55.4949	0.010101	
4303.1	SFG_R_7_1	123.842	0	102.487	98.9841	67.359	167.719	83.9487	62.1453	15.5214	38.9583	19.5727	53.902	0.980952	0.027027	0.944444	70.4848	5.86508	1.66667	0.0136054	0.00238095	1.6963	2.62069	15.5041	29.8788	8.4065	38.3968	0.0215054	0.1625	0	13.5309	0.0133333	2.27586	0.0272109	33.4222	0.0412371	0.196078	0.00666667	45.3667	0.0733333	34.5	0.02	0	0.00537634	0.0205761	0.0802469	0.0548523	0.037037	0.166667	0.0462963	0	0	0.111111	0.153333	0.541667	0.185654	0.128205	0.37037	0.00546448	1	0.951389	0.0816327	30.2111	0.258503	17.7444	0.57037	10.4583	1.18803	4.64516	0.00833333	0.755208	0	0.00574713	0.00326797	0.870968	0	0.015625	0	0.010582	0.00653595	0.00287356	0	0.0656566	0.00917431	0.015873	0	0.025641	0	0.0151515	0.0294118	0.0298507	0	0	0.00320513	1.03704	0.0192308	0.0348259	0.0136986	0.004329	0	0.387387	0.0424837	0.0166667	0.00865801	0.666667	0.0597015	0.424242	0.00520833	0	0.00865801	0.0106383	0.0358974	0.374269	0	0.0992908	0.0793651	0.450292	0.004329	0.154122	0.040404	0.047619	0	0.0307692	0	0	0.44	1.59259	0.0177778	0.818627	0	0.0582011	0.13964	2.79096	0.213333	0.040404	0.0934959	0.816425	0.0148148	1.59804	0	0.655367	0	2.32184	0.0148148	0.474359	0	1.63333	1.45736	17.0901	0.819444	11.1176	0.207547	0.252252	0.475177	32.5315	0.00766284	0	0	0.00813008	0	0.215054	0.313008	3.15556	0	0.328638	0	0	0	0.194872	0	3.96774	0	0.280423	0	5.29167	0.0406504	0.545455	3.3964	6.2963	0.36036	1.14815	0.391304	0.418803	0.212121	3.90476	0.108527	11.6863	0.070922	0.00444444	0.192771	1.02252	0.012987	0.021097	0.00803213	0.177778	0.0208333	0.191176	0.025641	0.17094	0.0946502	0.0821256	0	0.0285714	0.017094	0.481982	0.239837	1.00901	0.0310078	0.0765766	0.0128205	0.222222	0.0231481	0.391026	0.00865801	0.365591	0.3125	54.6871	0.129032	9.59864	0.0598291	0.291667	0.757576	157.271	0.0229885	1.09804	0.00854701	0.207792	0.392157	118.286	0.0980392	51.1264	0.0102041	4.54286	0.839506	115.215	0.438819	1.33333	0.0102041	6.1626	0.704167	64.4804	0.780822	61.6176	0.00212314	62.2353	0.0555556	98.2857	
6500.3	SFG_L_7_2	156.438	102.487	0	0.203252	511.535	19.0238	180.392	5.0873	0.0130719	0.155556	1.15556	28.886	0	0.0238095	223.93	4.95935	11.7101	3.16667	0	0	132.015	1.09848	313.648	19.8	5.6875	6.03252	0.0148148	0.0434783	5.49383	2.42963	13.0385	2.63704	98.8519	5.74468	1.68707	0.117647	63.8148	2.55072	198.143	2.31915	0	0	0.0943396	0.00516796	0.154762	0.002849	0.0447154	0.022409	0.0734463	0	0.631579	0.0136986	7.39394	0.170068	0.833333	0.0590717	7.4898	0.0379747	2.84	0.0886076	9.08046	1.06803	140.391	1.10884	0.0119048	0.125	0.14966	0.00469484	0.1875	0.0314465	1.24183	0	2.33333	0.0434783	0.418182	0	3.43902	0	2.68254	0	0.360215	0	0.151042	0	0.186667	0	0.172414	0	0.929293	0.003663	0.134259	0	0.713542	0.0186916	0.61828	0.00641026	1.89394	0	0.566138	0.0106383	1.51515	0.003663	0.776042	0.0458716	0.429293	0.3375	0.222222	0	0.0808081	0.00892857	0	0.00892857	0	0.021021	0	0	0.285714	0.021021	0	0.00275482	0.111111	0.00456621	0	0	3.70238	0.0714286	2.61111	0.0833333	0.031746	0.00564972	0.907407	0.2	1.74074	0.00411523	6.0796	0.0666667	0.154229	0.150235	0.678788	0.0769231	0.488506	0.181818	0.54902	0.0386473	0.773585	0.0263158	0.229508	0.0833333	0.0116959	0.100402	0.688525	0.010101	0	0.0238095	3.54167	0	0.551282	0	5.00585	0.00865801	13.9048	0.489712	2.16667	0.0407407	0.108333	0	17.6599	0.0350877	61.5606	0.145594	9.43333	0.0271318	67.7667	0.0682731	0	0	0	0.52381	0.00330033	0.142857	0	0	0.00330033	0.0175439	0.00330033	0.00330033	0	0	0.63964	1.90598	0.255708	0.0035461	2.07792	0.0724638	0.0755556	0.338095	5.84211	0.0210526	7.56522	0.0070922	0.107843	0	5.4386	0.1	0.315789	3.62869	3.96847	0.0491228	1.45455	0.010989	0.025	0.0177305	0.129944	0.0606061	12.5027	0.649123	7.70667	0.420513	0.361905	0.0584795	78.3697	1.04505	0.964103	0.147799	5.06566	0.0350877	60.2361	28.8788	23.655	0.558333	1	0.0183727	177.889	0.166667	1.23636	0.025641	15.8406	0.129353	38.1275	0.207317	41.981	0.787879	39.5727	0.702564	158.202	0.269006	
988.118	SFG_R_7_2	0.350427	98.9841	0.203252	0	0.125	61.8167	0.00775194	28.7619	0	0	0.042735	0	0.017094	0	0.170732	140.647	0.772358	0.782609	0	0	1.53659	1.54321	0.601626	30.4167	0.00793651	52.2778	0	0	0	1.87654	0	2.1358	0	15.3448	0.0042735	0.0775194	0	5.71429	0.0204082	14.2299	0	0	0	0	0	0	0	0	0	0	0	0	0	0	0.00833333	0	0.0205761	0	0	0.00546448	0	7.1954	0.0204082	5.28736	0	0	0	0	0	0	0	0	0	0.2	0	0	0	0	0	0	0	0.0135135	0	0	0	0	0	0	0	0.0037037	0	0	0	0	0	0.0037037	0	0.004329	0	0.0222222	0	0.00740741	0	0	0	0.0205128	0	0	0	0	0	0	0	0	0	0	0	0	0	0	0	0	0	0	0	0.0248756	0	0.0128205	0	0.00966184	0	0.0923077	0	0.00505051	0	0.0539216	0	0.129353	0	0.166667	0	0.353333	0	0.0454545	0	0.185792	0	0	0	0	0	0	0	0	0	0	0	0	0	0.0343137	0.0284553	0.328205	0	0.0945274	0	0	0	0.174129	0	0.497512	0	0.176768	0	0.409722	0	0	0	0	0	0	0	0	0	0	0	0	0	0	0.015873	0.00282486	0	0	0	0	0	0.00490196	0	0	0.00378788	0.00469484	0	0.00529101	0	0.00888889	0.015873	0.00282486	0	0.00444444	0	0.0185185	0.00546448	0.111111	0	0	0.0437158	4.08772	0	0	0	0	0.0754717	10.9716	0	0	0	0.0140845	0.00666667	0.00980392	0	4.23404	0	0.00980392	0.0452675	0.173333	0.0284553	0	0	0	0.0203252	0.00980392	0	0.00980392	0	0	0	0.00980392	
10634.5	SFG_L_7_3	31.098	67.359	511.535	0.125	0	248.937	5.38636	1.22727	0.864198	0.462121	203.481	119.077	450.127	116.921	422.435	8.08943	2.01333	5.04762	337.254	18.8485	301.611	23.75	37.087	40.05	0.0310078	0.98374	81.7833	73.0163	0.166667	17.7407	20.1852	24.0889	69.0476	31.4965	72.5679	3.23129	51.1667	7.02837	33.0238	9.73759	0.121212	0.0416667	0.0549451	15.2815	0.344569	0.0232558	0.0833333	1.24031	0.038961	0.0261438	17.2222	3.51773	2.69841	0.0466667	0.363636	0.0288066	3.4183	0.0365854	0.98718	0.164659	0.295597	0.5625	3.22222	0.262411	7.22963	0.62249	1.38095	0.148936	0.951111	0.0737705	0.280952	0.00277778	3.42424	0.201389	0.385714	0.00546448	7.32558	0.00973236	6.9697	0.00273224	0.216216	0	0.371429	0.0148148	0.436937	0.00289855	0.171171	0	1.0122	0.0196078	0.2	0	2.54902	0.120301	0.385281	0.0185185	1.99543	0.00289855	0.415525	0.0394265	1.38961	0.00769231	4.93333	0.2	0.282828	0.203922	0.355556	0	0.438095	0.0119904	0.42029	0.0350877	0	0.0833333	1.55238	0.0385965	2.00469	0.091358	0.748792	0.00666667	0.122549	0.00456621	0.00444444	0	11.6389	0.314815	4.06965	0.284314	0.114583	0.00634921	3.75	0.447059	5.1875	0.00411523	13.5894	0.246106	0.431373	0.604651	1.78333	0.348259	2.01093	0.840796	1.81863	0.0892019	2.11905	0.212121	13.9064	1.13793	8.9058	0.768939	4.44048	0.0841424	8.81132	1.92208	4.88506	0	0.793939	0	7.63277	0.0299145	29.0944	2.17829	3.04545	0.12037	0.0217391	0.00266667	38.697	0.0485437	72.6389	0.697531	0.83908	0.0687285	33.9333	0.320675	0.333333	0.0428571	54.2735	82.1083	3.34286	0.481481	4.89744	0.0869565	3.20833	0.187793	6.63566	1.11261	2.21368	0.384615	0.56962	1.34979	0.61039	0.0121212	4.14634	0.119883	0.0982906	0.180556	15.3792	0.0434783	19.5143	0.0519878	0.455882	0.0280374	14.1417	0.205797	0.439024	3.2875	11.52	0.130841	3.09589	0.134557	0.324675	0.0336391	0.489177	0.184211	15.9435	0.783333	35.4242	0.267857	0.805556	0.195767	73.915	2.68687	2.00952	0.501333	23.7353	0.170543	180.504	67.0909	73.5085	1.90031	75.0684	0.0542636	132.881	0.294686	0.681818	0.0531915	59.6746	0.0433333	66.3095	0.189922	134.427	0.297619	105.476	0.279762	192.964	0.225	
7448.29	SFG_R_7_3	0.375587	167.719	19.0238	61.8167	248.937	0	0.141553	8.16667	0.0619048	0.444444	47.3846	148.41	55.5528	158.977	22.9444	227.667	0.0387597	1.21528	1.13333	258.143	120.194	243.389	11.2403	43.4267	0	1.15333	0.717391	84.4667	0	35.8718	0.909722	54.0533	0	192.345	24.2585	66.4483	0	46.2759	0	63.5517	0.0697674	0.0720721	0	1.96429	0	0.0705882	0.0909091	0.210728	0.028169	0.0909091	0.103704	12.9753	0.0590717	1.78431	0.414634	0.975309	1.13415	0.649123	0.0193798	0.387978	0.00326797	5.65942	0	0.913333	0.00584795	0.635659	0.0266667	0.116279	0	0.872146	0	0.528205	0.00653595	1.29032	0	0.715686	0	0.202749	0.0163399	0.128788	0	3.63964	0.00611621	0.207483	0	2.52252	0	2.24	0.00623053	0.43295	0	0.00378788	0	1.67368	0.0183486	0.436782	0	0.0946502	0	1.68	0.0124611	0.465863	0	3.0756	0.0675676	0.2723	0.00520833	0.00254453	0	0.176667	0	0.212121	0	1.3569	0	0.482587	0.0042735	1.57483	0	0.0454545	0	4.68519	0	1.16908	0.300412	2.60101	0.0638298	3.15278	0.003003	1.67188	0.121951	5.72487	0.185654	3.32308	0.129412	6.2657	0.00340136	13.087	0.00421941	2.30994	0.00421941	7.11111	0.00340136	6.78607	0	5.03955	0.0879121	0.726667	0.0376344	0.589744	0.08	0.272109	0.0606061	3.86395	0.00462963	0.298246	0	0.51773	0.0113636	2.95	0.236948	22.8251	0	4.66667	0	0.0116279	0.00469484	2.59016	0	19.0199	0	2.60847	0.00469484	14.7944	0.0121212	0.0592593	25.4	67.5447	5.00901	0	0.0857143	2.38562	0.00374532	0.016129	0	0.475	0.396825	2.23333	0.124031	1.96581	0	0.0238095	0	0.541667	0.0144928	0.233333	0.00884956	0.995781	0.223529	0.804444	0	0.441315	0.00294985	4.75	0.155039	1.54825	0.107407	1.10684	0.0823045	2.11872	0.003003	0.134259	0.0042735	0.362319	0.565041	14.0909	0	25.5449	0.00501253	11.1014	1.07083	95.8497	0.040404	1.89744	0.00854701	5.61261	0.0300546	155.25	0.0996169	122.027	0.0148148	117.667	1.5935	103.203	0.416667	0.374359	0.00250627	23.6202	0.813492	76.8291	1.03333	56.2308	0.0246914	53.1351	0.0143885	127.205	
4391.97	SFG_L_7_4	162.362	83.9487	180.392	0.00775194	5.38636	0.141553	0	36.1429	156.435	73.075	0	0.444444	0.0205128	0.415205	0.211382	0	1.93939	2.88636	0	0	0.652778	0.0777778	6.2037	0.449275	108.684	6.23485	0.153439	0.678363	4.23958	0.0204082	0.439394	0.0357143	0.0666667	0.609195	1.49383	0.022831	4.27273	0.0769231	12.0729	0.0611111	0.0457516	0	0.0972222	0.0297619	0.611111	0.00606061	0.612121	0.396552	1.93694	0	0.753333	0.0136986	28.8111	7.19728	111.769	6.30303	11.7778	0.681818	53.7778	0.411348	26.3854	2.44667	92.6042	8.7619	0.00877193	0.113636	0.0894309	1.38333	0.597701	0.0142857	2.35849	0	1.93798	0.00666667	1.35802	0	4.2439	0.0142857	3.09302	0	0.54386	0	0.4	0.0142857	0.277778	0	0.51462	0	0.910053	0.00333333	0.0185185	0	0.0322581	0	0.576271	0	0.95679	0	0.430303	0	1.30108	0.00333333	0.263441	0.00311526	0.328431	0.226804	0.140351	0	0	0	0	0	0	0	0	0.030303	0.425287	0	0	0	0.474359	0	0	0	2.87065	0.00680272	1.34463	0.014652	2.52688	0	5.08602	0.0444444	3.79798	0	6.82587	0.0378788	3.30769	0.0374532	0.722222	0	1.03252	0.00775194	1.72358	0	0.131944	0.0193798	0.1	0.020202	0.111111	0.0740741	0.283333	0	0	0.0296296	1.05714	0	0.106667	0	0.815789	0	2.47967	0.176707	4.32576	0.0481481	0.203252	0.00497512	1.96528	0.0747126	89.3125	0.153257	40.8925	0.0486891	30.5889	0.00913242	0	0	0.34058	0.0648148	0.00606061	0	0	0.00757576	0.00854701	0	0	0.159091	0.00606061	0	1.15741	2.18376	0.0562771	0	0.457265	0	0.0540541	0.2723	1.97807	0	5.63285	0.0035461	0.142157	0.00378788	1.74561	0	0.558559	2.54701	1.68	0	0.845411	0.003663	0.321839	0	0.79661	0	10.2628	0.195833	0.109195	0	1.7265	0.00497512	135.667	0.400901	2.75	0.00289855	5.52713	0.00314465	15.8741	0.238095	41.0595	0.509259	1.14815	0.00869565	280.069	0.0111111	3.72024	0.0659341	2.05983	0.0115942	30.4086	0.0175439	19.8021	0.00584795	15.4848	0	176.475	0.0359477	
2397.07	SFG_R_7_4	19.7917	62.1453	5.0873	28.7619	1.22727	8.16667	36.1429	0	29.4	105.057	0.833333	0	0	0.0344828	0.0179211	1.93333	0.68254	5.52778	0	0	0.150327	1.0942	0.918699	9.60318	3.76423	77.6078	0.0322581	0.183333	0.0125786	17.037	0	0.712963	0.00584795	7.40541	0.0210526	0.231884	0.0204082	1.53333	0.0612245	16.0595	0.0340136	0	0.00537634	0.030303	0.487654	0.0266667	0.376543	0.155914	0.453704	0	0	0.0512821	0.136054	26.2889	0.639456	64.4127	0.291667	1.15873	0.0111111	0.956522	0.0272109	50.3778	0.170068	158.81	0	0.0884354	0.0476191	0.29078	0.0177778	0.138889	0	0	0	0.133333	0	0.015625	0	0.00462963	0	0	0	0.039548	0	0.00462963	0	0.030303	0	0.0260417	0.00900901	0	0	0	0.00297619	0.322222	0	0	0.00913242	0	0	0.0577778	0	0	0.00595238	0.136364	0.0740741	0.502488	0.0529101	0	0	0.003663	0	0.003663	0	0.035461	0	0	0.0292398	0.0425532	0	0.0070922	0	0.0760234	0	0.0242424	0.128514	0.503145	0.0153257	0.263158	0	0.0984849	0.0392157	1.2549	0.100402	0.162791	0.0227273	0.295238	0	1.00641	0	0.0860215	0	0.215054	0	0.0363636	0	0.283333	0	0.00680272	0.00952381	0.0440252	0	0.0037037	0	0	0.00392157	0.0720721	0	0	0.00401606	0.166667	0.349794	2.70748	0	0.206573	0	0	0	0.449495	0	1.42157	0	0.402985	0	2.38889	0	0	0	0	0	0	0	0	0	0	0	0	0	0	0.188755	0.914286	0	0.00462963	0.00438596	0.0231481	0.0234742	0.492537	0.0153257	0.0175439	0.0149813	0.0196078	0	0.0153846	0.0114943	0.0711111	0.230453	0.842593	0.00803213	0.0263158	0.00888889	0.123288	0.0437158	0.818841	0.036036	0.186441	0.620833	73.1522	0	0.775862	0.0987654	0.257576	0.87013	138.915	0.10119	0.492063	0.00490196	0.202899	0.179487	31.9462	0.127907	28.2982	0.00666667	0.20765	0.650206	64.3129	0.308333	6.25	0.00666667	1.9386	0.379167	24.3548	0.657895	15.1505	0	15.6452	0.0387597	27.2941	
1153.66	SFG_L_7_5	40.7143	15.5214	0.0130719	0	0.864198	0.0619048	156.435	29.4	0	76.9333	1.39744	0.403101	0.0860215	0.229885	0.00529101	0.00490196	0	0.542636	0	0	0.117949	0.0388889	0	0.416667	0	3	0.0634921	0.344633	0	0.0136054	0	0	0	0.212644	0.177083	0.0136986	0	0.045977	0	0.021164	0.0130719	0.00757576	0.00865801	0.0175439	0.511905	0.00606061	0.470238	0.231638	1.22807	0	0.0376344	0.00724638	0.376344	9.92361	2.25	29.3256	0.833333	3.90152	36.036	2.55814	0	1.22	0.21875	10.6957	5.23656	1.21667	34.027	4.15447	0.00546448	0.0185185	0	0	0	0.00653595	0	0	0	0.00925926	0	0	0	0	0	0.00925926	0	0	0	0	0	0	0	0	0	0	0	0	0.00574713	0	0	0	0	0	0.016129	0.0042735	0	0	0	0	0	0.00505051	0	0.0885417	0	0	0	0.158974	0.0107527	0.0338164	0	0.020202	0	0	0	0	0.246914	0	0.0804598	0	0	0	3.4	0.010989	0.0133333	0	0.162602	0.00387597	0	0	0	0	0	0	0	0	0	0.00383142	1.75758	0.609929	9.23656	0.848485	0.0273224	0.00757576	0.0217391	1.19565	0	0	0	0	0	0.00595238	0.565217	0.653846	0	0.00740741	0	0.00497512	0	0.0224719	0	0.0337079	0	0.0222222	0	0.00641026	0	0.031746	1.46212	0.55	2.4	0.00784314	0.018018	0.35461	6.76667	0.00784314	3.66667	1.85271	0.0555556	0.00900901	0.0142857	0.019943	0	0	0.011236	0	0	0	0.0526316	0.00505051	0.15261	0	0	0	0.0394737	0	0.00952381	0.0166667	0.0577778	0	0.0495495	0	0	0.00483092	0.010582	0.0386473	0.0273224	0.158974	0	0.197917	0.4625	0.00362319	0.333333	0.0814815	0.373984	0.0162602	0.723577	0	2.49425	0.010989	0.191057	0.231884	0.135135	0	32.7027	0	0.267857	0.00900901	0.208333	0.00724638	1.76667	0.00483092	1.52222	0.00724638	1.42222	0.00724638	24.8627	0	
2094.2	SFG_R_7_5	3.98246	38.9583	0.155556	0	0.462121	0.444444	73.075	105.057	76.9333	0	0.855072	0.333333	0.00529101	0.0225989	0	0	0.0325203	1.05128	0	0.00595238	0	0.0178571	0.00793651	0.0714286	0.0650406	7.88889	0.0327869	0.0874317	0	0.222222	0	0.0155039	0	0.396825	0.0042735	0.00680272	0	0.0325203	0	0.170543	0.0617284	0.00555556	0.00537634	0	0.30303	0.00456621	0.230303	0.0888889	2.96491	0	0	0	0.118056	8.68889	26.6508	44.358	10.9348	0.114943	77.7752	113.14	0	0.885417	0.00680272	12.2989	2.28986	1.14667	18.754	69.85	0.037037	0.0591398	0	0	0	0	0	0.003367	0	0	0	0.003367	0	0.00505051	0	0	0	0	0	0.00505051	0	0	0	0	0	0.123656	0	0	0	0	0	0	0	0	0.0136986	0.054902	0.0037037	0.0879121	0.00529101	0	0.00865801	0.00732601	0.0860215	0.00732601	0	0.0352941	0.215054	0	0.0380952	0.0352941	0.11828	0	0	0.010101	0	0	0.405229	0.865385	0.0185185	0.261905	0	0	0.210884	1.81333	0.0259259	0	0.004329	0.0234742	0.00330033	0.0263158	0	0.00952381	0	0.0190476	0.00330033	0.0141844	0	0.0190476	1.29333	0.133333	2.56738	4.94667	0.291667	0	1.1037	0.141414	0.00542005	0	0	0	0	0	0.0666667	0.938775	0	0.00823045	0	0	0	0.034188	0.00617284	0.0694444	0.00617284	0.00925926	0.00617284	0.117647	0.119048	0	19.9848	0.0166667	0	0.212121	0.758333	0.00362319	0.0520833	0.733333	0.162791	49.3333	0.0457516	0	0.0643939	1.07353	0.00913242	0	0	0.00497512	0.0102564	0.0931373	0.0308642	0.0070922	0.004329	0.00793651	0	0	0	0.025641	0.064257	1.07729	0	0.00694444	0.00444444	0.00406504	0.018018	0.325	0.052381	0.166667	0.337255	19.587	0.27957	0.169399	0.228758	0.21164	0.223577	51.8867	0.441667	0.354497	0.0042735	0.134615	0.0133333	28	0.0444444	3.33333	0.00641026	0.297101	0.162879	75.1046	0.0476191	26.4424	0.00641026	1.2	0.07173	13.2688	0.183333	2.66667	0	3.89247	0.00641026	26.5152	
1343.23	SFG_L_7_6	10.8431	19.5727	1.15556	0.042735	203.481	47.3846	0	0.833333	1.39744	0.855072	0	14.6404	52.4141	5.11905	3.03846	3.29825	0	1.77778	0.32	1.42063	0.74359	2.87597	1.74667	20.6404	0	0.0630631	0.333333	8.43089	0	3.00758	0.09375	5.06667	1.49462	12.029	0.230769	0.632653	0.612903	1.87681	0.188889	5.5	0.17284	0.00628931	0.00362319	0.0232558	0.0398551	0.0340136	0.0121951	0.0902778	0.1125	0.0540541	0.222222	0.00258398	0	0.0133333	0.00917431	0	1.5	0	0.0545455	0.00628931	0	0.234043	0	0.037037	18.4741	0.111111	2.66667	0.22695	0.3375	0.0508475	0	0.00280112	0	0.0992908	0	0.00560224	0	0.0282486	0.0136986	0.00560224	0	0	0.0285714	0.0451977	0	0	0.0136986	0	0	0	0	0	0.348039	0.0225564	0.00490196	0	0	0	0	0	0	0	0.752381	0.0296296	0.00333333	0.00326797	0	0	0.0469484	0.00167504	0.246377	0.0248756	0	0.0147059	1.01905	0.0547264	0.493333	0.017284	0.545894	0.010101	0	0	0	0	15.4902	0.021978	0.482587	0.018018	0	0	1.78014	0.0731707	0.234973	0	0.309859	0.0480769	0	0.242857	0	0.146465	0.010929	0.308081	0	0.0343137	0.00546448	0.0606061	35.78	0.0769231	26.7609	0.349593	2.82692	0.0128205	7.79333	0.402778	0	0	0	0	0.00546448	0.0128205	0.79661	0.144033	0.0289855	0.0228758	0.00362319	0.0172414	0.0104167	0.0125	0.615023	0.160131	0	0.0326797	0.021164	0.0940171	0.277778	0.0606061	8.04386	3.81197	12.8667	0.0666667	1.9321	0.163399	16.6042	0	15.9683	0.34188	2.02564	1.7963	0.0203252	0.00869565	0.0493827	0	0.0923695	0.002849	0.0205761	0.00326797	0.345679	0.00542005	0.492958	0.00600601	0.0142857	0.00641026	0.212851	0.011396	0.0070922	0.00271003	0.298246	0	0.0972222	0.0244648	0.259259	0	0.277056	0.037037	1.41429	0.079602	4.10294	0.0938967	0.0344828	0.00320513	2.08108	0.238095	0.219409	0.0987654	0.638095	0.00258398	9.55151	10.7843	1.03955	0.473251	0.880342	0.00843882	1.55263	0.0343137	0.0405405	0.0057971	1.78395	0	1.82114	0.0277778	4.49123	0.00564972	3.31515	0	3.73684	0.0126582	
1733.98	SFG_R_7_6	12.7238	53.902	28.886	0	119.077	148.41	0.444444	0	0.403101	0.333333	14.6404	0	7.71014	161.139	18.4309	0.319444	0	0	0.117647	0.0344828	22.1032	0.179487	8.24806	0.36	0	0	0.194444	0.0333333	0	0.477778	0	0.177778	0	0.911111	1.07483	0.0430108	0	0.0444444	0	0.266667	0.031746	0.135417	0	0.0283688	0	0.0160643	0.0378788	0.0281124	0.0833333	1.17857	0	0.0250896	0	0	0.025641	0	0.00833333	0	0.134615	0.0199005	0	0	0	0	0.0178571	3.51351	0.139535	0.509259	0	0.323529	0	0	0	0	0	0	0	0.0147059	0.00311526	0	0	0	0.00311526	0.0347222	0	0	0	0	0	0.00456621	0	0	0	0.205128	0	0.00913242	0	0	0	0.00444444	0	0	0	0.192982	0	0	0	0	0	0.102941	0	3.62903	0	0.0144928	0	5.6455	0	0.792271	0	0.650538	0	0	0	0	0.0131579	0.142076	0.0765766	0.0196078	0	0	0.0263158	0.293785	0.00877193	0.00995025	0.00793651	0.00469484	0	0.00938967	0	0.00666667	0	0.0133333	0	0.00666667	0	0	0.339869	7.42222	0.0416667	2.24031	0.444444	0.924242	0.219858	36.3333	0	0	0	0	0	0	0.00411523	0.19883	0	0	0	0.0775194	0	0	0	0.00854701	0	0	0	0.00694444	0.031746	0.783333	7	45.7752	0.324324	8.60606	0.636364	12.42	0	1.5814	0	11.1282	0.411765	50.4359	0	0.0365854	0	0.00396825	0	0.0307018	0	0	0.025641	0.202186	0.0119048	0.00245098	0	0.004329	0	0.0570175	0	0.017316	0.199134	0	0.175439	0	0	0.20098	0	0.818627	0.0181818	6.56989	0.0125786	8.43169	0.00501253	0.0732601	0.0121951	1.34694	0.05	0.76087	0	0.0162602	0.0070922	11.5983	0	0.141414	0.00250627	3.2963	0.00732601	4.75333	0.00877193	0.0285714	0.00250627	0.74	0.045977	5.16216	0.0555556	5.13158	0.00250627	4.3964	0	6.24074	
5135.77	SFG_L_7_7	0.0166667	0.980952	0	0.017094	450.127	55.5528	0.0205128	0	0.0860215	0.00529101	52.4141	7.71014	0	212.252	0.34188	0.034188	0	0	198.033	8.95727	26.1159	0.55814	0	0	0	0	365.432	237.475	0	0	0.004329	0.0378788	0	0.11828	16.1111	0.204545	0	0.0582011	0	0	131.2	9.16667	6.54386	13.2	0.183908	2.78788	0.259259	100.158	31.4762	0.507246	64.8333	2.46377	0	0	0.152542	0.00564972	0.00282486	0	0.03125	0.00497512	0	0	0	0	0.0512821	0	0.0909091	0.00333333	2.80321	1.70988	0.00512821	0.00280112	0.0192308	0	0.00584795	0.00560224	1.76515	1.15152	2.11111	0.00560224	0.103704	0	1	1.67284	0	0	0.130435	0	0	0.00516796	0	0	1.48889	0.0451128	0.0227273	0.00793651	0	0	0	0	0	0.00512821	0.186992	0.085213	0.157407	0	0.0070922	0	0.0982906	0.00486618	1.27632	0	0	0.039801	7.64979	0	3.54321	0.0422886	3.63596	0	0.00584795	0	0	0	3.73333	0.0206186	0.147059	0.0393939	0.00406504	0.0031746	0.00406504	0.0196078	0.0637255	0	0.490196	0.0849057	0.0348259	0.0880503	0	0.00660066	0	0.0166667	0.0153846	0.00320513	0.00512821	0.0166667	19.0765	0.0347222	1.14465	0.10119	6.40556	0	14.5706	0.0860215	0	0	0	0	0	0.00634921	0	0.04	1.10502	0.042042	0.985185	1.08333	0	0.0264026	1.06481	0.378205	0	0.013468	0	0.0133333	0.549708	0.00757576	82.1026	107.096	41.9362	0.0645161	12.3626	0.015873	20.2721	0	11.3878	0.82963	46.8829	0.444444	0.252252	0.00847458	0.141667	0.0030303	5.22831	0.0146199	0.054902	0	9.24658	0	1.35211	0.0155763	0.0555556	0.0190476	6.58108	0.0584795	3.24537	0.00392157	0.902222	0.0350877	0.159817	0.0428135	2.70782	0	2.32927	0.047619	6.52083	0.00378788	11.0606	0.0526316	20.0833	0.021645	0.0595238	0.161458	5.34568	2.54815	15.9484	0.0200501	14.2393	0.0295359	4.50926	0.538941	14.1667	0.0464135	6.52174	0.0222222	0.00694444	0	8.375	0.0125	1.80723	0.0128205	5.42529	0.00333333	11.0163	0.00666667	5.26389	0.0337553	
3710.14	SFG_R_7_7	0.0535714	0.027027	0.0238095	0	116.921	158.977	0.415205	0.0344828	0.229885	0.0225989	5.11905	161.139	212.252	0	2.25833	0	0	0	8.94697	11.3571	39.8511	2.08974	0	0	0.0314465	0.00564972	50.881	364.535	0	0	0	0	0	0.0683761	28.0069	8.04938	0	1.46154	0	0.00793651	5.68889	79.7692	0.214815	27.8571	5.48485	0.127451	16.8636	23.9106	0.2	14.8025	3.24242	15.72	0	0.0327869	0.25	0.079096	0.0155039	0.0229885	0.0465116	0.00546448	0	0.00757576	0	0.0327869	0	0.271605	0.025641	0	0.00611621	1.94928	0	0.010989	0	0.0315789	0	0.021978	0	0.772727	0	0.00421941	0	0.224638	0.00294985	1.42424	0	0	0	0.0984849	0.00617284	0.0296296	0	0	0.00258398	0.695035	0.0058997	0.746377	0	0	0	0.00358423	0.00311526	0.0425532	0.0249221	0.188552	0	0.0231481	0	0.00749064	0.00606061	0.03367	0.0309278	0.248756	0	0.121212	0.0442177	0.487923	0.00970874	0.180272	0.0272109	0.0909091	0	0	0	0	0.158915	0	0.0454545	0.0699588	0	0	0.0119048	0	0.0070922	0	0.00387597	0.132353	0	0.012987	0	0.00900901	0	0.0142857	0	0	0	0.0142857	0.674419	0.862434	0.0522088	0.103825	0.119048	0.472222	0.299578	7.72881	0	0	0	0	0	0	0.00396825	0.00456621	0	0.0394265	0	1.07692	0	0.0238095	0	0.585185	0	0	0	0.0107527	0.0273224	0.603774	65.9915	154.982	5.025	5.25287	0.132479	5.15789	0.697368	1.93103	0.5	1.95679	20.3158	75.6078	0.00490196	0.981982	0.0308642	0.732394	0.0462963	0.995434	0.00600601	0.27451	0.0716511	1.375	0.00775194	0.392694	0	0.0434783	0.0401235	0.951754	0	0.337778	0.0350877	0.333333	0.0185185	0.0182648	0.0292398	0.0329218	0.00917431	0.966102	0.0408163	0.691542	0.150327	2.33333	0.206349	24.2698	0	0.130952	0.164609	14.1354	0.0695652	8.59804	0.00245098	21.1282	0	4.90278	0.00961538	14.626	0	1.33333	0.0196078	0.0172414	0.122807	9.65	0.0962199	2.35659	0.0851064	3.96667	0.00819672	10.1333	0.00546448	2.31783	
3149.45	MFG_L_7_1	0.0283688	0.944444	223.93	0.170732	422.435	22.9444	0.211382	0.0179211	0.00529101	0	3.03846	18.4309	0.34188	2.25833	0	3.38211	0.596491	0.00628931	103.196	1.34074	337.13	2.18939	233.492	3.68333	0	0.0151515	0	0.0493827	0	0.507576	12.96	0.82963	2.52564	2.04348	53.5513	0.4375	2.49383	0.210145	0.925926	0.623188	0	0	0.00362319	0.00666667	0.00724638	0	0.003663	0.00472813	0	0	0.0229885	0.00757576	0.210526	0	0.00766284	0	0.0261438	0.00421941	0.00520833	0.0143369	0.0190476	0.0283688	0.309524	0.00628931	0	0.00383142	0	0	0.0311111	0.00236407	0.104575	0	0.288889	0.0141844	0.0338983	0	0.595238	0	0.627907	0	0.00865801	0.00396825	0.0852713	0	0.00980392	0.00396825	0.0141844	0	0.0909091	0	0.00888889	0	0.0593607	0.00236407	0.0338983	0	0.100529	0	0.0166667	0	0.0989583	0	0.210046	0.00987654	0.00497512	0.00888889	0.0231481	0	0.0131579	0	0	0.0280702	0	0.00740741	0.004329	0.0315789	0.0577778	0.00740741	0	0.00666667	0.0188679	0.00396825	0.004329	0	0.215385	0.0170068	0.151042	0.019802	0	0	0.0386473	0.00469484	0.148718	0	0.823529	0.00934579	0.0193237	0.029703	0.0760234	0.020202	0.0935673	0.0461538	0.161765	0	0.106918	0.00340136	0.017094	0.04811	0	0.0104167	0.0350877	0.0122324	0	0.0952381	0.0396825	0	0.0125786	0	0.0297619	0	0.16092	0.0842491	0.153846	0.00634921	0	0	1.04651	0.00497512	2.72414	0.0349206	0	0.0138889	1.3908	0.0185185	0	0.00416667	0.0177778	2.82906	0	0.00900901	0	0.046595	0	0.004329	0	0	0	0	0.0119048	0.025641	0.00803213	0.0031746	0.247059	0.0116959	0.00497512	0.0136986	1.50439	0.00877193	1.0381	0.0058997	0.03125	0	1.40789	0.020649	0.0229885	0.0683761	0.635556	0.0117994	0.152778	0.00952381	0.004329	0.00311526	0.004329	0.0166667	0.570621	0.0631579	1.4881	0.0520833	0.0136986	0.00819672	3.63063	0.0548523	0.205882	0.037037	1.97143	0.00980392	20.5897	10.1026	4.26016	0.0678466	14.3248	0.00680272	4.21986	0.025641	0.00888889	0	7.35043	0.00266667	1.4955	0.0130719	10.875	0.0175439	10.3846	0.0131579	6.42064	0.0196078	
2169.48	MFG_R_7_1	0.0438596	70.4848	4.95935	140.647	8.08943	227.667	0	1.93333	0.00490196	0	3.29825	0.319444	0.034188	0	3.38211	0	2.3252	0.0972222	0	99.1754	11.881	111.175	9.09756	329.842	0	19.5758	0	0	0	5.0303	0.0144928	8.47619	0.0138889	9.32	0	0.0229885	0	2.90667	0	6.08974	0	0	0	0	0	0	0	0	0	0	0	0	0	0.0681818	0	0.030303	0.00854701	0.0227273	0	0.010929	0	0.246914	0	0.0769231	0	0	0	0	0	0	0	0.00444444	0	0.123457	0	0.00888889	0	0.00900901	0	0.00913242	0	0.057971	0	0	0	0.0307692	0	0.0416667	0	0.021645	0	0	0	0.00350877	0	0.00877193	0	0	0	0.0516432	0	0.021645	0	0.00701754	0	0.0047619	0	0	0	0	0	0	0	0	0	0	0	0	0	0	0	0.042328	0	0.0268817	0.00347222	0.0166667	0	0.0153846	0	0	0.00347222	0.114943	0.00347222	0.0107527	0	0.0634921	0	0.306878	0	0.1	0	0.294118	0	0.241935	0	0.197531	0	0	0	0.00574713	0	0	0	0	0	0.0614035	0	0.0598291	0	0.030303	0	0.367816	0	0.00462963	0	0	0	0.0925926	0	0.235632	0	0.123656	0	0.753086	0	0	0	0.00833333	0	0	0	0	0	0	0	0	0	0	0	0.0047619	0	0	0	0	0	0	0	0	0	0.00980392	0	0.0104167	0	0.003663	0	0.0047619	0	0	0	0.0199005	0	0	0	0	0.00666667	0.124183	0	0.1	0	0	0.0133333	1.84	0	0	0	0	0	0.568627	0	1.49425	0	0.0380952	0.00854701	0.156463	0.00347222	0	0	0.02	0.00347222	0.0784314	0	0.0980392	0	0.0729167	0	0.0980392	
2466.27	MFG_L_7_2	0.1	5.86508	11.7101	0.772358	2.01333	0.0387597	1.93939	0.68254	0	0.0325203	0	0	0	0	0.596491	2.3252	0	0.705426	0	0	46.3768	0.00694444	197.889	9	133.788	7.33333	0.0108696	0	104.227	0.0347222	9.10145	0.0185185	31.6944	0.427673	0.0203252	0	5.47826	0.205674	106.267	0.22449	0	0	0.0277778	0	0.0590278	0.003367	0.0173611	0.003367	0.0242424	0	0.0140351	0	51.5467	0.06	42.1515	0.0277778	2.74444	0	0	0.00497512	1.94048	0.0496454	186.889	0.0952381	0	0	0	0	0.0461538	0	1.30612	0	0.196078	0	0.836478	0	0.0438596	0	0.169082	0	26.3684	0	1.00505	0	12.4167	0	2.07273	0	3.47541	0	0.198718	0	0.20398	0.0042735	19.5389	0	42.4808	0	16.3626	0	9.59563	0	0.0615385	0	0	0.00340136	0.242424	0	0.0153846	0	0	0	0	0	0	0	0.0461538	0	0	0	3.9359	0	0.384058	0	0.0648148	0.0235294	0.021164	0.0119048	0.0526316	0	0.02	0.0225225	0.0355987	0	0.20132	0.00406504	0.515152	0.0234742	21.5917	0.00469484	24.5447	0.028169	1.22727	0.00497512	0.333333	0	0	0	0	0	0.015873	0	0	0	30.9062	0	0.148936	0	13.6875	0	0.0425532	0.00775194	0.121795	0	0.010989	0	0.0238095	0.00387597	0.285714	0.00775194	0.150538	0.00387597	0.604938	0.00406504	0	0	0	0	0	0	0	0	0	0	0	0	0	0	0	0.034632	0.00740741	0.00350877	0.0284553	0.00701754	0	0	0.0803213	0.00350877	0.192029	0	0	0	0.0763052	0.00362319	0	0.0692641	0.0491228	0.00362319	0.0260417	0	0	0.00490196	0.0424242	0.0047619	0.261261	0.0428571	0.243056	0.0555556	0.0547264	0	1.16374	0.0564103	0.0746269	0.003367	0.0877193	0	4.04348	22.4023	0.153333	0.0222222	0	0	1.36478	0.0149813	0	0	0.244444	0	0.124444	0.0431373	0.288462	0.109091	0.247312	0.128571	0.926829	0.0308642	
1506.34	MFG_R_7_2	8.20635	1.66667	3.16667	0.782609	5.04762	1.21528	2.88636	5.52778	0.542636	1.05128	1.77778	0	0	0	0.00628931	0.0972222	0.705426	0	0	0	0.0869565	7.23188	1.3254	86	0.246032	143.691	0	0	0	53.3889	0.00694444	2.96296	0.0136054	7.48148	0.00358423	0.0598291	0.00740741	5.25333	0.0136054	7.46667	0	0	0	0.00694444	0.0112994	0	0	0	0.0218579	0	0	0.00865801	0.0128205	3.89855	0.00823045	24.2333	0.021645	4.27381	0	0.425287	0	11.3086	0.0196078	268.271	0	0	0	0	0.00537634	0.00520833	0	0	0	0.047619	0	0	0	0	0	0	0	0.0606061	0	0	0	0.0533333	0	0.030303	0.00396825	0.0104167	0	0	0	0.00362319	0.00421941	0.00520833	0	0	0	0.0324074	0.00396825	0.0163934	0	0.0108696	0.00877193	0	0.00396825	0	0	0	0	0	0	0.00358423	0	0	0	0.00358423	0	0	0	0.00584795	0	0	0.00803213	2.49573	0	1.97674	0	4.42342	0	0.0611111	0.00803213	7.97368	0	0.0923077	0	6.79545	0	0.3	0	0.411348	0	0.191489	0	0.152047	0	0	0	0	0	0	0	0	0	12.6458	0	0	0.00392157	8.61458	0.0337553	26.3958	0	0.0555556	0	0	0	0.0520833	0	0.401042	0	0.0717949	0	0.217391	0	0	0	0	0	0	0	0	0	0	0	0	0	0	0.00784314	0.00343643	0	0	0	0	0	0.00374532	0	0	0	0.00512821	0	0	0	0.00877193	0.0126582	0.00680272	0	0	0	0.25	0	0.0416667	0.0218579	0.0104167	0.0329218	1.19231	0	0.00520833	0	0	0.0627451	4.8718	0.0218579	0	0	0.00483092	1.40741	8.06838	0.00803213	2.28472	0	0	0.127193	0.14	0.0168776	0	0	0.00520833	0.0253165	0.0322581	0.0218579	0.114583	0	0.104167	0.0689655	0.0378788	
2117.23	MFG_L_7_3	0	0.0136054	0	0	337.254	1.13333	0	0	0	0	0.32	0.117647	198.033	8.94697	103.196	0	0	0	0	0.568182	189.651	0.222222	0	0	0	0	134.204	5.90244	0	0	0	0.0070922	0	0.0102564	40.5139	0.0212766	0	0.00512821	0	0	0	0	0	2.0303	0	0	0	0.133333	0	0	21.4127	0.377778	0	0	0	0	0	0	0	0	0	0	0	0	0	0	0	0	0	0	0	0	0	0	0	0	0.00952381	0	0	0	0	0	0	0	0	0	0	0	0	0	0	0	0.00925926	0	0	0	0	0	0	0	0	0	0.0502283	0.00241546	0	0	0	0	0.00877193	0	0	0	0	0.00241546	0	0	0.0175439	0.00241546	0	0	0	0	0	0	0	0	0	0	0	0	0	0	0	0	0.00262467	0	0	0	0	0	0	0	0	0	0	0	0.00995025	0	0	0	0	0	0	0	0	0	0	0	0	0	0	0	0	0	0	0	0	0	0.00952381	0	0	0	0.00952381	0	0	0	0.577236	0.00724638	0	0	0	0	0	0	0	0	0	0	0.00803213	0.00784314	0.00444444	0	0.143411	0	0	0	0.29845	0	0.0181159	0	0	0	0.29845	0	0	0.00784314	0.00854701	0	0	0	0	0	0	0	0.0862069	0	0.442424	0.00241546	0.140351	0	0.2	0	0.0131579	0	0.818182	0	2.2	0.00524934	0.00888889	0.0135135	2.27778	0.00524934	1.20667	0	0.00438596	0	1.08667	0.00387597	0.403922	0.00262467	1.58915	0	1.19858	0	1.31293	0.00524934	
2073	MFG_R_7_3	0.010582	0.00238095	0	0	18.8485	258.143	0	0	0	0.00595238	1.42063	0.0344828	8.95727	11.3571	1.34074	99.1754	0	0	0.568182	0	13.0296	214.463	0	0.888889	0	0.00854701	0.0148148	203.436	0	0.138889	0.047619	0.430556	0	1.39583	6.98582	58.058	0	3.23457	0	0.0634921	0	0	0	12	0	0	0	0.0241546	0	0	0	41.7424	0	0.00246914	0	0.00493827	0.00516796	0.00493827	0	0.0172414	0	0.0123457	0	0	0	0.00512821	0	0.0116959	0	0.095679	0	0.0522088	0	0.0862745	0	0.0963855	0	0.0879121	0	0.0842491	0	0.0378788	0	0.0283019	0	0.0759494	0	0.0636704	0	0.175627	0	0.0042735	0	0.364407	0	0.143369	0	0.0864198	0	0.0528455	0.0030581	0.0942029	0	0.876437	0	0	0	0.0047619	0	0.0413625	0	0.00479616	0	0.423729	0	0	0	0.443503	0	0	0	0.0142857	0	0	0.014652	0.492308	0.0512821	1.51741	0	0.0358974	0	0.22043	0.00401606	0.583333	0.00784314	2.00483	0	1.69082	0	0.0606061	0	0.3125	0.0037037	0.00900901	0	0.344633	0.0805861	0.00512821	0	0.0461538	0.029304	0.0869565	0	0	0.00462963	0.00740741	0	0.00694444	0	0.0582011	0.00938967	0.185792	0	1.31276	0	0.00687285	0	0.130435	0	1.0848	0	0.0657277	0	0.0787879	0	0	1.20952	0.145299	0.203252	0	0	0.00343643	0	0	0	0	0.0544218	0	0.00241546	0.471111	0	0.00877193	0	0.448718	0.00490196	0.00368324	0.0036036	0.477477	0.0119048	0.835681	0	0.202532	0	1.58228	0.00241546	0.194805	0.0217391	0.708861	0.00766284	0.947619	0	0	0	0.0241546	0.00925926	0.392857	0.003367	1.19048	0	7.77083	0.00462963	0.541667	0	0.594595	0	3.83796	0.00719424	9.425	0.00294985	9.96445	0.00719424	9.74242	0.00516796	1.57672	0.00943396	0.0343137	0.00314465	2.22963	0.072165	3.65	0.0905797	1.39316	0.00959233	1.62162	0	4.84783	
5794.85	MFG_L_7_4	0.0348259	1.6963	132.015	1.53659	301.611	120.194	0.652778	0.150327	0.117949	0	0.74359	22.1032	26.1159	39.8511	337.13	11.881	46.3768	0.0869565	189.651	13.0296	0	30.1288	203.13	9.79845	0.0350877	0.057971	10.8333	17.7652	1.49275	12.8409	149.069	21.9773	20.3182	30.8333	504.694	4.79592	3.61111	2.1087	3.375	7.61702	0	0.015873	0.113636	8.57778	0.0732601	0.0147059	0.0187266	0.68254	0.00823045	0.00287356	19.8889	2.32639	4.67708	0.00564972	0.268817	0.00225225	0.143678	0.0208333	0.104167	0.310861	0.314815	0.163121	10.4333	0.0769231	0	0.114943	0	0.0613027	0.123288	0.0649718	1.51515	0.00546448	4.29545	0.0992908	0.853801	0.00546448	8.03968	0.00869565	6.13492	0.00273224	1.93443	0.00569801	1.56061	0.00869565	0.723164	0	0.793103	0.00392157	0.811594	0.0127226	0.0751174	0	0.642857	0.0892388	2.15054	0.0103359	4.4269	0	0.737705	0.0106383	1.41919	0.00769231	1.65258	0.120988	0.0245098	0.0666667	0.169014	0.00260417	0.159817	0.00719424	0	0.00479616	0	0.0383693	0.00438596	0	0.592593	0.0434783	0	0	1.09524	0.00392157	0.00694444	0	3.75897	0.205674	1.86473	0.161716	0.10101	0.00320513	0.515625	0.141176	2.71282	0	8.85572	0.0987654	0.394872	0.189394	0.858025	0.0931373	1.17576	0.181373	1.21538	0.0193237	0.753086	0.0375	0.203704	0.395833	0	0.289855	0.352113	0.0608974	0.00462963	0.192308	0.555556	0.00564972	0.18239	0	0.695402	0.00623053	1.93785	1.18352	11.5714	0.0367232	0.00813008	0	8.7619	0.0196078	21.9101	0.24058	0.229885	0.0224719	6.75556	0.0620155	0	0.00512821	0.566667	0.0496454	0	0	0.0310078	0.0045045	0	0	0	0.0488889	0	0	0.152263	0.369919	0.291667	0.00925926	2.5865	0.0863095	0.00925926	0.0533333	11.9054	0.0327381	11.3775	0.042042	0.862434	0.0124611	10.2387	0.141593	0.11245	0.527426	10.5434	0.0849057	4.75117	0.0342679	0.0045045	0.0280374	0.018018	0.116667	4.625	0.417722	14.7099	0.541667	0.162281	0.161616	11.3987	0.639269	0.804762	0.359375	32.5411	0.141791	102.142	8.5679	7.27419	0.789174	52.6228	0.127273	21.5817	0.102222	0.116402	0.00990099	26.2431	0.0562249	10.032	0.175758	32.2791	0.187879	36.1088	0.146893	29.5917	0.2	
