data	data	4556.26	5693.66	6603.24	3376.68	9590.04	7051.82	4520.91	5419.15	2711.36	2963.46	2174	1908.23	3806.24	4064.42	2493.17	1781.76	2020.34	1669.13	2403.34	1660.26	3191.02	2278.99	1785.21	2494.68	1761.56	1678.94	5159.92	10995.5	941.676	1422.98	1281.25	1471.63	1982.21	2430.62	2790.42	1119.22	2603.68	2499.26	1972.11	1813.9	938.822	680.877	1960.79	1902.05	2074.71	1704.38	2622.27	6607.96	1278.56	752.199	2968.71	1950.15	2722.23	3221.29	1210.05	3499.77	5263.36	2317.97	4458.4	3902.94	1549	2126.79	2418.5	3385.15	1037.71	979.006	834.023	709.236	2233.89	2977.84	1528.96	1699.29	2644.31	3225.88	1713.14	2622.74	3296.75	1648.96	3676.44	1550.43	3091.08	2446.23	1817.16	1987.95	3460.65	2705.55	3097.07	3519.79	5155.98	2958.21	3308.17	2281.65	1677.63	1250.15	2838.38	1766.76	3465.19	2093.68	3833.66	1709.09	2485.38	2247.75	9163.75	5723.72	7914.93	6711.85	5336.12	7215.9	1166.84	3010.04	1273.62	1362.51	1271.92	1151.52	381.251	2469.36	1412.8	2832.17	1310.95	1086.58	3651.66	1648.6	1713.49	1136.14	4691.53	5886.89	2864.1	4641.07	2257.15	2303.29	3644.24	3079.43	2644.52	5203.07	6675.07	3772.42	3144.1	3417.84	3310.82	3488.58	4438.12	4272.03	5686.49	2399.79	2255.4	2740.82	2051.04	4642.91	1247.98	1720.58	9294.57	8329.18	1003.89	3111.53	2838.88	3209.84	1900.22	1272.83	2521.28	2407.54	4329.36	3421.01	1238.32	1659.13	1463.43	1246.58	1668.54	1088.71	5587.11	2158.95	1068.01	523.946	2978.62	1476.52	364.892	1041.53	639.236	2164.1	858.842	900.915	1809.34	3216.62	555.967	533.84	746.536	1188.35	634.471	834.452	3973.46	8874.34	5837.43	4687.88	5105.25	6486.87	5702.51	5325.69	18263.1	11319.4	4066.93	3067.51	5628.59	5095.59	6322.68	6145.94	5737.19	6071.79	11050.8	8607.11	8723.83	6235.66	2228.58	3151.18	2560.26	3016.88	7810.26	10097.6	7598.7	9520.66	3525.92	8937.94	8531.93	10714	8734.76	12049.3	8187.27	8733.93	3596.57	4357.64	8925.04	13428.6	5154.78	5774.4	8717.85	5490.94	4646.53	4841.92	4399.83	5511.83	8318.89	7256.89	7282.31	5614.61	4424.13	2708.8	8850.06	9229.51	
data	data	SFG_L_7_1	SFG_R_7_1	SFG_L_7_2	SFG_R_7_2	SFG_L_7_3	SFG_R_7_3	SFG_L_7_4	SFG_R_7_4	SFG_L_7_5	SFG_R_7_5	SFG_L_7_6	SFG_R_7_6	SFG_L_7_7	SFG_R_7_7	MFG_L_7_1	MFG_R_7_1	MFG_L_7_2	MFG_R_7_2	MFG_L_7_3	MFG_R_7_3	MFG_L_7_4	MFG_R_7_4	MFG_L_7_5	MFG_R_7_5	MFG_L_7_6	MFG_R_7_6	MFG_L_7_7	MFG_R_7_7	IFG_L_6_1	IFG_R_6_1	IFG_L_6_2	IFG_R_6_2	IFG_L_6_3	IFG_R_6_3	IFG_L_6_4	IFG_R_6_4	IFG_L_6_5	IFG_R_6_5	IFG_L_6_6	IFG_R_6_6	OrG_L_6_1	OrG_R_6_1	OrG_L_6_2	OrG_R_6_2	OrG_L_6_3	OrG_R_6_3	OrG_L_6_4	OrG_R_6_4	OrG_L_6_5	OrG_R_6_5	OrG_R_6_6	OrG_R_6_6	PrG_L_6_1	PrG_R_6_1	PrG_L_6_2	PrG_R_6_2	PrG_L_6_3	PrG_R_6_3	PrG_L_6_4	PrG_R_6_4	PrG_L_6_5	PrG_R_6_5	PrG_L_6_6	PrG_R_6_6	PCL_L_2_1	PCL_R_2_1	PCL_L_2_2	PCL_R_2_2	STG_L_6_1	STG_R_6_1	STG_L_6_2	STG_R_6_2	STG_L_6_3	STG_R_6_3	STG_L_6_4	STG_R_6_4	STG_L_6_5	STG_R_6_5	STG_L_6_6	STG_R_6_6	MTG_L_4_1	MTG_R_4_1	MTG_L_4_2	MTG_R_4_2	MTG_L_4_3	MTG_R_4_3	MTG_L_4_4	MTG_R_4_4	ITG_L_7_1	ITG_R_7_1	ITG_L_7_2	ITG_R_7_2	ITG_L_7_3	ITG_R_7_3	ITG_L_7_4	ITG_R_7_4	ITG_L_7_5	ITG_R_7_5	ITG_L_7_6	ITG_R_7_6	ITG_L_7_7	ITG_R_7_7	FuG_L_3_1	FuG_R_3_1	FuG_L_3_2	FuG_R_3_2	FuG_L_3_3	FuG_R_3_3	PhG_L_6_1	PhG_R_6_1	PhG_L_6_2	PhG_R_6_2	PhG_L_6_3	PhG_R_6_3	PhG_L_6_4	PhG_R_6_4	PhG_L_6_5	PhG_R_6_5	PhG_L_6_6	PhG_R_6_6	pSTS_L_2_1	pSTS_R_2_1	pSTS_L_2_2	pSTS_R_2_2	SPL_L_5_1	SPL_R_5_1	SPL_L_5_2	SPL_R_5_2	SPL_L_5_3	SPL_R_5_3	SPL_L_5_4	SPL_R_5_4	SPL_L_5_5	SPL_R_5_5	IPL_L_6_1	IPL_R_6_1	IPL_L_6_2	IPL_R_6_2	IPL_L_6_3	IPL_R_6_3	IPL_L_6_4	IPL_R_6_4	IPL_L_6_5	IPL_R_6_5	IPL_L_6_6	IPL_R_6_6	PCun_L_4_1	PCun_R_4_1	PCun_L_4_2	PCun_R_4_2	PCun_L_4_3	PCun_R_4_3	PCun_L_4_4	PCun_R_4_4	PoG_L_4_1	PoG_R_4_1	PoG_L_4_2	PoG_R_4_2	PoG_L_4_3	PoG_R_4_3	PoG_L_4_4	PoG_R_4_4	INS_L_6_1	INS_R_6_1	INS_L_6_2	INS_R_6_2	INS_L_6_3	INS_R_6_3	INS_L_6_4	INS_R_6_4	INS_L_6_5	INS_R_6_5	INS_L_6_6	INS_R_6_6	CG_L_7_1	CG_R_7_1	CG_L_7_2	CG_R_7_2	CG_L_7_3	CG_R_7_3	CG_L_7_4	CG_R_7_4	CG_L_7_5	CG_R_7_5	CG_L_7_6	CG_R_7_6	CG_L_7_7	CG_R_7_7	MVOcC	MVOcC	MVOcC	MVOcC	MVOcC	MVOcC	MVOcC	MVOcC	MVOcC	MVOcC	LOcC_L_4_1	LOcC_R_4_1	LOcC_L_4_2	LOcC_R_4_2	LOcC_L_4_3	LOcC_R_4_3	LOcC_L_4_4	LOcC_R_4_4	LOcC_L_2_1	LOcC_R_2_1	LOcC_L_2_2	LOcC_R_2_2	Amyg_L_2_1	Amyg_R_2_1	Amyg_L_2_2	Amyg_R_2_2	Hipp_L_2_1	Hipp_R_2_1	Hipp_L_2_2	Hipp_R_2_2	BG_L_6_1	BG_R_6_1	BG_L_6_2	BG_R_6_2	BG_L_6_3	BG_R_6_3	BG_L_6_4	BG_R_6_4	BG_L_6_5	BG_R_6_5	BG_L_6_6	BG_R_6_6	Tha_L_8_1	Tha_R_8_1	Tha_L_8_2	Tha_R_8_2	Tha_L_8_3	Tha_R_8_3	Tha_L_8_4	Tha_R_8_4	Tha_L_8_5	Tha_R_8_5	Tha_L_8_6	Tha_R_8_6	Tha_L_8_7	Tha_R_8_7	Tha_L_8_8	Tha_R_8_8	
4556.26	SFG_L_7_1	0	185.295	439.674	1.39683	57.9841	3.93023	166.853	13.0593	41.8529	21.7302	11.287	4.5	0.680556	0.222222	0.0232558	0.880342	3.66667	0.0141844	0.0272109	0.00520833	0.327044	0.0769231	1.94872	2.41228	0.15	0.0357143	0.0536398	0.182222	20.2759	0.362319	0.234568	0.0729167	6	1.74306	0.254545	0.183673	2.73958	1.94444	70.6771	3.0068	0	0.0289855	0	0.0245098	0	0	0	0.00444444	0.012987	0	0.00775194	0.00980392	0.21875	0.111111	0.222222	0.554264	1.60841	0.091954	2.02749	0.505747	9.44792	2.02	19.5269	0.586667	3.74747	0.0447761	1.91954	0.118056	0	0.0534979	1.28395	0	0.339744	0.00641026	1.11905	0	0.0384615	0	0.644068	0	1.55172	0	0.0821256	0.0727969	0.103825	0.00294985	1.43452	0.003367	3.0101	0.00569801	0.506494	0.15	0.438095	0.0246914	1.33333	0	0.54321	0.00421941	1.3114	0.00294985	0.866667	0.00343643	1.32381	0.0220386	0.0660066	0.103896	0.791045	0.127148	0	0.0035461	0	0	0	0	0	0.00666667	0	0.01	0.0228758	0	1.33898	0.003367	0.166667	0	0.75	0.311404	0.157895	0.124113	0.176871	0.0561404	0.491749	0.190476	0.171171	0.129412	1.68075	0.0035461	0.628931	0.0355556	1.63768	0.4	1.86806	0.691542	1.13527	0.0539216	6.6963	0.40796	8.80488	0.324561	8.09091	0.169154	8.20091	0.573477	5.2193	0.275362	0.258333	0	0.511111	0	0.00694444	0.00512821	0.761438	0.148148	1.89041	0.0243056	0	0.0245098	1.91892	0.0440252	13.1689	0.243056	1.43192	0	18.4088	0.421769	0.111111	0	1.44737	15.0813	0	0.251852	0.691667	0.0625	3.5	2.88889	16.2083	0.0289855	0	0.214815	0.346801	0.48996	0.0757576	0	0.0493827	0.0777778	0.113333	0.137778	5.90991	0.25614	0.225108	0	0.00273224	0.00350877	0.359307	0.0265487	1.12821	0.902439	6.33784	0.535461	1.75111	0.119565	0.153846	8.99145	0.370892	0.157895	30.7059	25.0402	1.62644	0.285024	0.015625	0.0275689	163.542	70.7711	0.905263	0.764957	0.21645	0.358696	6.56757	25.8085	5.84931	8.78986	0.401515	4.64103	274.109	12.3585	10	1.3642	2.40936	0.276316	58.4381	8.5	41.1238	3.05229	21.8857	0.635556	197.702	14.6987	
5693.66	SFG_R_7_1	185.295	0	42.7333	55.2556	49	160.752	35.9106	365.409	2.825	60.2917	10.2895	82.7937	1.07692	1.96491	0.452991	3.92064	0.0757576	4.57471	0.0208333	0.54023	1.44444	1.44792	3.06667	5.45455	0.120567	2.28788	0.109195	0.91954	0.00628931	76.4828	0.0681818	1.42424	0.703704	178.269	0.0133333	10.4409	0.177778	162.484	0.176471	186.247	0	0	0	0.0943396	0.0170068	0	0.0136054	0.00378788	0	0.0136986	0	0.0849673	0.0125	0.552632	0.0299625	0.204545	3.65152	0.0652174	2.65152	0.775	0.0188679	92.2083	0.113208	65.4409	0.113475	2.09677	0.561404	5.90805	0	0.20614	0	0	0	0.590476	0	0	0.00387597	0	0.00749064	0	0.0205761	0.510417	0.0175439	0.0724638	0	0.551913	0.0493827	0.179894	0.0222222	0.0407407	0	0.674797	0.102881	0.153846	0.0916667	0.0177778	0	0.140097	0	0.154589	0.0164609	0.0666667	0.154762	0.0620915	0.161172	0.0789474	0.0390071	0.479675	0.00877193	1.92488	0.0234742	0.793427	0.0328639	0	0.00483092	7.14976	0	4.83568	0.0113636	0.00323625	0.00330033	0.470899	0	0.0818713	0.799283	0.666667	0.0765766	0.205128	0	0.150943	0.618519	0.173077	0.0896057	0.77193	0.264493	0.155172	0.00469484	0.976191	0	5.27891	0.00469484	9.38	0.0659341	1.10063	0.0107527	5.39869	3.63522	20.9733	0.0816327	3.90351	0.432624	14.36	2.47222	57.3901	0	0.0666667	0.00617284	0.0333333	0	0.0392157	1.66667	0.473333	0.0507246	0.333333	0	0.0457516	0.0666667	0.648649	0.222222	1.20988	0.0108696	0	0.213178	4.40625	0.108696	1.46377	3.89431	21.4959	0.0140351	9.19608	0.615819	31.4898	0.133333	20.7778	0.2	13.7101	0	0.0208333	1.15079	0.185714	0.00854701	0.472222	0.00961538	0.0965732	0.162963	0.124378	0.316151	1.30342	0.0138889	0	0.00311526	0	0.0228758	0.0440252	2.88186	0.141304	0.347079	2.03419	0.403509	0.61039	0.149123	36.9677	0.191057	1.73516	2.07752	89.0556	0.126761	14.8186	0.0204082	0.037037	9.66279	297.88	1.46091	1.85388	0.119048	1.25541	0.0727273	6.51429	0.196296	87.3556	0.11245	5.15789	14.4762	61.2793	2.25468	3.7963	0.150406	0.333333	0.378947	20.1333	0.0787879	6.90909	0.038961	0.564972	1.37443	36.6857	
6603.24	SFG_L_7_2	439.674	42.7333	0	1.2963	654.089	6.43704	114	3.73643	0.0588235	1.72797	23.9189	7.31783	0.0151515	0.0657895	131.158	0.22963	13.2963	0	22.7901	0	49.9067	0.0205128	205.093	0.349206	9.75	0.0436508	9.7957	0.030303	61	0.115646	8.80952	0.0153846	180.138	0.189542	2.96078	0.104575	46.1075	0.346405	153.366	0.69281	0	0	0	0	0.00724638	0	0.0111111	0	0.021645	0	0.00606061	0	1.36559	0.253968	0.608333	1.16667	0.765625	0.245211	0.225397	0.969349	24.4583	0.54717	57.4731	0.301205	0.0327869	0.00865801	0.00970874	0	0.01	0.0047619	2.4321	0	0.823529	0	3.05952	0	0.239437	0	1.87778	0	6.42076	0	0.821596	0.0229885	0.5	0.0130719	5.80702	0.003367	9.98507	0.0025641	1.38095	0.0660377	1.6338	0.0047619	7.64615	0	1.95833	0.0130719	4.62441	0.00294985	3.61026	0	3.5446	0.010582	0.0533333	0.25974	2.70647	0.168831	0.0173611	0	0.00378788	0	0.00378788	0	0	0	0.01	0	0.0119048	0	4.6129	0.00673401	0.614943	0	0.861111	0.192982	0.0614035	0.116838	0.638889	0.0947368	1.41538	0.0942029	0.441315	0.140351	3.7381	0.0035461	1.99359	0.0106383	4.60145	0.0294118	5.8125	0.0392157	3.70588	0	18.8	0.0241546	0.0438596	0.116838	0.0364583	0.017316	11.7477	0.135314	0	0.00512821	0.708333	0	1.40741	0	0.0833333	0	1.10256	0.23913	6.49765	0.003367	0	0	19.5619	0.0116959	36.2911	0.023569	2.34272	0	67.5407	0.0666667	0	0	0.18254	0.130081	0	0.00952381	0	0.0025641	0.003367	0	0.00350877	0	0	0	0.108911	0.715447	0.09319	0	0.0726496	0.0413223	0.123016	0.226667	12.6937	0.0564972	0.502164	0	0	0.00326797	0.809524	0.00793651	0.179211	1.18293	13.5676	0.138614	3.47297	0.0264026	0.100877	3.11628	0.171171	0.0208333	43.9623	9.38697	1.58065	0.125	0.0181159	0.0206718	191.69	15.4643	0.32971	0.3375	0.502222	0.0915033	10.5897	3.72436	18.1389	1.69281	6.61261	1.59748	213.322	3.99359	4.70833	0.622642	1.87778	0.185606	23.1667	2.40385	14.3333	0.703704	7.7094	0.14881	144.975	4.19872	
3376.68	SFG_R_7_2	1.39683	55.2556	1.2963	0	8.47727	283.298	0.155556	109.923	0	0.928571	5.06504	0	1.94017	0.419753	0.227642	187.117	0.031746	7.88	0.0133333	23.625	0.751938	43.88	0.731707	87.1905	0	60.1569	0.0440252	0.113095	0	65.8974	0.0222222	37.6154	0.276596	225.298	0.0181818	26.3111	0.0833333	133.345	0.0347222	71	0	0	0	0	0.00358423	0	0.00653595	0	0	0	0	0.1875	0	0.362745	0.00314465	0.829787	0.0666667	0.270833	0.0470588	0.125	0.00584795	15.4624	0	47.2857	0	0	0	0	0	0	0	0.004329	0	0.175926	0	0.00865801	0	0.00401606	0	0	0	0.838542	0	0.0416667	0	1.20765	0	0.385417	0.00694444	0.0509259	0	0.440171	0	0.00350877	0.00813008	0.0416667	0	0.447761	0	0.461905	0.00813008	0.0895522	0.00347222	0.0177305	0.0191571	0.00347222	0.00347222	0.156379	0	0.0111111	0	0	0	0	0	0	0	0	0	0	0.00347222	1.02732	0	0.316092	0.0144928	0.422222	0	0.140351	0	0.206061	0.00378788	0.124183	0	0.610169	0.00749064	0.480226	0.00542005	1.7076	0.00520833	5.61438	0	8.24837	0.00826446	1.44242	0	6.01307	0	0.0822511	0	0	0.0177305	1.43162	0.00574713	0.0162602	0	0.246032	0	0.00680272	0	0.204082	0.0151515	0.17284	0.0035461	0.0865801	0.00326797	0.045045	0.0222222	0.851852	0.021978	0.400844	0	0.00529101	0.0288066	1.29524	0	0	0.025641	0.25	0.0333333	0	0	0.00574713	0.00900901	0	0	0.00574713	0	0	0.10728	0.0187266	0	0	0	0.021097	0.0128205	0.00925926	0.016835	0.65812	0.003367	0.00888889	0	0	0.003367	0.0126582	0.176471	0.0138889	0.0212766	1.32051	0.00362319	0.351111	0	4.75269	0	0	0.046729	1.3141	0	0.00925926	0.00358423	0	0.219608	83.6173	0.0179211	0.00843882	0.00653595	1.38739	0.00387597	0.722222	0.0035461	40.9615	0.00505051	2.41481	0.380342	3.89683	0.043956	0.0679012	0.00387597	0.0338983	0.0353535	1.55556	0.00653595	0.126126	0.00387597	0.0357143	0.370892	2.91473	
9590.04	SFG_L_7_3	57.9841	49	654.089	8.47727	0	110.233	0.85034	1.05747	0.0601093	0.773946	375.686	68.4445	440.774	34.6417	383.857	2.79845	4.66667	0.0070922	175.667	0.874074	77.6667	0.413043	67.5303	2.26984	0.635659	0.0117647	26.977	7.51587	23.9012	0	8.66667	0.0902778	223.874	0.891156	46.2024	0.366667	125.956	1.01333	67.3656	0.0576923	0.00775194	0.0416667	0.00243309	0.0148148	0.0652174	0	0.0797101	0.0318471	0.0649351	0.0070922	24.284	0.00641026	0.179012	0.0833333	0.352941	0.631783	0.835979	0.122605	0.253205	0.790262	13.8205	0.0987654	2.31183	0.11245	0.283333	0.0530303	0.0437158	0.0503145	0.0584192	0.0179211	0.878307	0.00246914	1.5	0.00311526	2.21164	0.00246914	0.826667	0	1.50926	0	9.1592	0.00223714	1.43556	0.0185185	0.75	0.00980392	6.23077	0	8.50667	0.0352304	2.7173	0.0825397	2.00444	0.0358423	10.5771	0	4.575	0.0190476	7.88596	0	4.11275	0	7.30667	0.0536723	0.0970874	0.129167	1.73246	0.130952	0.116838	0	0.0454545	0	0.0568182	0	0.00497512	0	0.0462046	0.00716846	0.0396825	0	5.56923	0.00246914	0.238806	0	3.07512	0.482269	0.557078	0.285223	0.752525	0.147368	6.72637	0.25	2.25238	0.249123	6.22381	0.0208333	1.81871	0.0306513	3.01923	0.0348259	3.1697	0.0784314	5.42857	0.00793651	7.01361	0.0434783	0.454955	0.612903	0.284153	0.235507	14.6667	0.439863	0.585034	0.300725	0.666667	0	2.97778	0	0.0784314	0	2.62903	0.329749	15.1961	0.0165017	0.0522876	0.00574713	51.9316	0.0350877	68.4789	0.0315789	1.44286	0	81.9608	0.0350877	0.00793651	0.0350877	25.2308	32.8167	0.0251572	0.175439	1.2449	0.0385965	0.003367	0	0.0620155	0.0596491	0	0.535088	0.15534	0.620833	0.663043	0.0102564	2.58333	0.030303	0.492593	0.201754	22.0133	0.16835	2.67105	0.00694444	0.0460993	0.00653595	4.91342	0.015625	0.54955	0.859438	18.5778	0.326599	5.05405	0.0729167	0.0315789	3.06584	0.625571	0.0164609	9.84977	4.19157	10.372	0.953405	0.833333	0.214112	111.959	18.3755	0.995614	0.576577	22.7429	0.323024	74.3846	9.8	48.3568	1.32593	74.7607	10.5152	198.038	14.0909	11.325	0.751004	12.7989	0.849359	100.325	9.67879	65.5556	2.28736	49.3415	0.703704	326.592	16.303	
7051.82	SFG_R_7_3	3.93023	160.752	6.43704	283.298	110.233	0	0.166667	14.1795	0.0990991	2.91358	31.5635	224.029	30.8333	124.017	8.93617	54.2105	0.0814815	0.64	0.819444	148.364	4.87879	53.2051	1.81301	31.8205	0	1.8227	5.57143	7.23611	0.0133333	18.4444	0.630435	63.1795	1.75362	107.726	4.86667	75	0.826087	109.862	0.198582	2.5	0.777778	0.020202	0.00666667	1.45833	0.0204082	0.00877193	0.673333	0.0869565	0	0.111111	0.201389	64.5067	0.010101	2.17901	0.0160256	4.04762	0.23221	1.2931	0.265918	2.55172	0.025641	12.617	0	1.7716	0.183761	0.511111	0.0857143	1.30409	0	0.116883	0	0.688525	0.00611621	1.05405	0.0030581	0.544974	0.00383142	0.0215054	0.0262172	0.0166667	0.0238095	4.71296	0.0175439	0.359848	0	4.91787	0.0387597	2.42254	0.00749064	0.789272	0.0119048	3.7735	0.0113636	0.226496	0.0987654	0.577519	0.015873	2.61111	0.0198413	3.65823	0.0164609	1.11667	0.0374532	0.413043	0.178295	0.0736842	0.00350877	0.766667	0.00877193	1.44601	0.00444444	0.535211	0.017316	0.00383142	0	5.00966	0	3.41429	0.0229885	0.00647249	0.00516796	4.29688	0	0.988889	0.285185	5.65196	0.0732601	2.92237	0	2.05556	0.707317	2.63979	0.010101	4.73232	0.0824373	2.89524	0.00813008	11.0343	0.0268817	20.5163	0	37.8491	0.0526316	7.55738	0.0268817	32.8428	1.0566	9.43396	0.0987654	1.47541	0.199313	14.4292	1.88679	31.7917	0	1.02721	0	1.125	0	0.748299	0.176955	4.65104	0.0111111	1.54286	0.00333333	2.1	0.08	32.8495	0.205128	4.16915	0.00378788	0.323232	0.210046	17.4167	0.0869565	2.96914	20.7833	31.4048	0.166667	3.25758	0.245902	25.84	0.00350877	0.723577	0.0172414	11.8824	0.213675	0.386667	1.03876	0.2	0.00854701	0.284722	0.0135501	0.820513	0.132576	0.0493827	0.25	4.27706	0.0132013	0.0630631	0	0.0240964	0.022792	0.811404	1.84524	0.0681004	0.231579	9.00439	0.0815603	2.79452	0.00560224	37.8413	0.00666667	1	0.349206	17.6823	0.04329	15.9219	0.047619	36.5856	1.03745	252.818	0.193878	1.5	0.0986395	97.8778	0.0804598	119.798	0.163043	123.417	0.0454545	171.595	1.91561	120.175	0.645614	2.20606	0.0430108	5.88304	0.610526	76.9	0.192771	25.5576	0.104418	18.8655	1.8216	176.919	
4520.91	SFG_L_7_4	166.853	35.9106	114	0.155556	0.85034	0.166667	0	15.5248	415.205	91.7121	0.00803213	0.00900901	0.0231481	0.030303	0	0.0148148	1.74074	0	0.010929	0	0.327161	0.0047619	0.282828	0.0148148	115.533	0.00803213	0.0531401	0.0296296	4.98039	0.0544218	0.212121	0.0047619	0.963964	0.0136054	0.684524	0.0043573	0.515723	0.0266667	13.4118	0.213333	0	0	0	0	0.00222222	0	0.0142857	0.00666667	0	0	0.0114943	0	99.4271	0.104418	91.12	3.125	1.0264	0.271318	28.4127	1.96899	37.0303	0.235294	138.71	0.116466	0.301887	0.109453	0.138889	5.25926	0	0.0379747	0.735849	0.00823045	0.185897	0	1.0679	0	0.00666667	0	0.403509	0	1.69591	0	0.0646766	0.0284553	0.222222	0.0123457	1.75926	0	3.09231	0.014245	0.188172	0.010101	0.436275	0.0198413	1.22581	0	0.268817	0.0208333	0.726776	0.00564972	0.873016	0	0.671717	0.02849	0.10101	0.200758	0.820513	0.0675105	0	0	0	0	0	0	0	0.0135135	0	0.00666667	0.0119048	0	1.35088	0.0108696	0.269006	0	0.609524	0.22807	0.0673401	0.0915751	0.392593	0.018315	0.962963	0.252381	0.169154	0.0573477	0.774648	0.0231023	0.798611	0.019802	2.10078	0	2.96377	0.00362319	1.02614	0.00330033	9.14394	0.0189394	0.108108	0.267544	0.175758	0.132353	1.52889	0.0309278	0.0030581	0.0482456	1.2451	0	0.777778	0	0.0530303	0	1.46405	0.322097	0.531532	0	0	0	2.17333	0	3.43379	0	0.315068	0	5.79433	0.02	0	0	0	3.10569	0	0	0	0.0135135	0.00330033	0.00952381	0.00347222	0.00389864	0	0	0.204082	0.646586	0.00262467	0	0.0105263	0.0382514	0.116838	0.12	1.57333	0.0204082	0.0590717	0	0	0	0.0958333	0.019943	0.481481	1.69547	1.81778	0.0446735	0.905405	0.00358423	0.533333	1.58559	0.0280702	0.111111	66.5287	10.7442	0.020202	0.400966	0.176101	0.0185185	173.943	17.0325	0.523077	0.398268	0.963768	0.0652921	2.46405	3.67974	28	0.592593	0.643411	0.739394	296.374	10.4902	13.7524	2.53595	0.51938	0.395833	36.5392	5.44	26.5196	3.0068	8.84848	0.990476	84.1333	8.96078	
5419.15	SFG_R_7_4	13.0593	365.409	3.73643	109.923	1.05747	14.1795	15.5248	0	19.1739	265.616	0.0104167	0	0.00732601	2.22222	0	4.12698	0	84.913	0	0.136364	0	0.429487	0.0136054	32.9091	0.0151515	216.143	0.00396825	0.548023	0	111.575	0	0.433962	0	76.3118	0	0.828571	0.00617284	45.2258	0.0440252	171.688	0	0	0	0.0493827	0.00343643	0	0.00343643	0.00314465	0.00401606	0	0	0.0242424	0.0416667	43.0882	0.128788	154.701	4.06061	13.8551	3.17045	9.95652	0.00653595	49.3333	0.0196078	399.99	0.0612245	0.00564972	0.202899	0	0.00401606	0.0539216	0	0	0	0.0217391	0	0	0	0	0	0	0	0.00673401	0	0.0735294	0	0.0880503	0	0	0	0.0212766	0	0.197531	0.0361446	0.0337079	0	0.00512821	0	0.144654	0	0.0777778	0	0.0166667	0.020202	0.0319149	0.0989011	0.0555556	0.034188	0.115226	0	0.00687285	0	0	0	0.00411523	0	0	0	0.0175439	0.00673401	0	0	0	0	0	0.373188	0.327381	0.0116279	0.0854701	0	0.155556	0.374074	2.35484	0.070922	0.320988	0.0842105	0.207407	0	0.66	0	0.517007	0	0.72	0.0248227	0.198582	0	0.25	0.10303	0.129032	0.0679012	0.0185185	0.175084	0.604938	0.0724638	0.0169492	0.00595238	0.126126	0.00595238	0	0	0.0512821	1.22348	9.91111	0	0.0699588	0	0.0566038	0.00628931	0.144144	0.0105263	0.279835	0.00358423	0	0.0192308	0.947917	0.00740741	0	0	0.0114943	0.00793651	0	0	0.00606061	0.0650406	0	0.268519	0	0	0	0.662698	0.21256	0	0.003367	0.00961538	0.0694444	0.108614	0.104478	0.181818	0.254902	0.00323625	0	0	0	0.0128205	0.0272109	1.48148	0.136842	0.188552	0.625514	0.0909091	0.281385	0.0570175	5.65909	0.0481928	0.31746	4.26667	109.345	0	0.0437158	0.00687285	0.0125	11.9923	178.726	0.560784	1.09524	0.0714286	0.434599	0.0416667	0.0125	0.0286738	38.951	0.0569106	2.28205	8.34884	45.7524	1.2037	11.0202	0.0487805	0.413043	0.241497	5.52525	0.0833333	0.864583	0.025641	0.117647	0.201646	20.9596	
2711.36	SFG_L_7_5	41.8529	2.825	0.0588235	0	0.0601093	0.0990991	415.205	19.1739	0	119.372	0.0833333	0.0804598	0.0138889	0.011236	0	0.00584795	0.0752688	0	0.00546448	0	0.00574713	0	0.0512821	0	1.02469	0	0.0628019	0.0111111	0.0720721	0	0.00564972	0	0.0387597	0	0.0388889	0.00217865	0.0277778	0.00217865	0.171171	0	0	0	0	0	0	0	0.0144928	0.0037037	0	0	0.00606061	0	39.3232	0.0333333	10.046	3.55797	0.897436	0.197279	50.2708	3.89855	0.296296	0.00784314	42.4086	0.00784314	31.1333	0.468085	33.614	13.8864	0	0.0562771	0	0.00254453	0	0	0	0.00254453	0	0	0	0	0	0	0	0.120833	0	0.00297619	0	0	0	0.00787402	0	0	0.0149254	0.0482456	0	0	0	0.00297619	0	0	0	0	0.00330033	0.0380117	0.0510204	0.0666667	0.00347222	0.012987	0	0	0	0	0	0	0	0.00900901	0	0.00843882	0.00314465	0	0	0	0	0	13.0128	0.0352941	0.0365297	0.018315	0	0.0075188	15.8611	0.043956	0.00584795	0.00952381	0.0720721	0.00990099	0	0.00653595	0	0	0	0	0.0135135	0.00330033	0	0.00362319	2.51515	0.134615	30.0139	0.413333	0.109705	0.0154321	0.166667	0.0915033	0.180952	0	0.037037	0	0	0	6.25397	0.283582	0.017094	0	0	0	0.0734463	0	0.181818	0	0.0266667	0	0.103448	0	0	0.00537634	0.0378788	0.136752	0	0.1	0	0.00900901	2.71212	0.166667	29.5185	0.444444	0	0.0070922	0.171821	0.242064	0.0070922	0	0.0141844	0.058997	0.047619	0.04329	0.14346	0.0287356	0.0162602	0	0	0	0.0325203	0.0446429	0.507246	0.860082	0.141026	0.0201149	0.0641026	0.00574713	0.0634921	0.236559	0.0245098	0.247748	8.98333	6.21687	0	0.199005	0.246914	0.0287356	38.5537	18.5586	0.530864	1.12329	1.19565	0.024055	2.73077	1.02667	4.14286	0.0833333	0.880952	1.86061	156.17	25.24	11.9238	8.81333	0.534884	0.412698	27.0196	2.62	20.4118	1.21769	4.9902	0.4	58.4952	14.1667	
2963.46	SFG_R_7_5	21.7302	60.2917	1.72797	0.928571	0.773946	2.91358	91.7121	265.616	119.372	0	0.00694444	0.0574713	0.00374532	0.528736	0	0.0814815	0	3.34444	0	0.0212766	0.0045045	0.047619	0	0.030303	0.00757576	1.05556	0.00396825	0.136612	0	0.657407	0	0.0233918	0	0.0630631	0.00900901	0.0233918	0.00925926	0.0701754	0.0123457	1.07407	0	0	0	0.0119048	0	0	0	0.00314465	0	0	0	0.0121212	0.0972222	20.5	0.659259	50.5238	3.75758	0.746667	4.18008	18.5914	0	1.91667	0	44.5784	0.253623	0.746667	1.20455	35.8462	0.00401606	0.171717	0	0	0	0	0	0	0	0	0	0	0	0	0	0.164179	0	0	0	0	0	0.0274914	0	0.00378788	0.0321285	0.14359	0	0.00512821	0	0.010929	0	0.0166667	0	0.0102564	0.00584795	0.0594059	0.0871212	0.0512821	0.030303	0.0238095	0	0.025641	0.0104167	0	0	0	0	0.00555556	0	0.0555556	0.00740741	0	0	0	0	0	0.398551	0.472222	0.0658436	0.0931373	0	0.100775	0.355311	0.300813	0.0609319	0.155172	0.0673759	0.031746	0	0.14966	0	0	0	0.0222222	0.0179211	0.0204082	0	0	0.371069	0.644444	0.236111	0.752688	0.207483	0.209302	0.347826	1.01149	0.025641	0.0333333	0.0192308	0	0	0	1.2397	0.539216	0	0.00396825	0	0.0178571	0.00900901	0.00877193	0.0108696	0.0235294	0.00716846	0	0.0138889	0.0175439	0.0212766	0	0.0133333	0.375	0	0.177778	0.0724638	0.0363636	0.0325203	79.5556	0.598291	16.7222	0	0	0.670588	0.179487	0.00611621	0.003367	0.00961538	0.0944444	0.0766283	0.0808081	0.164983	0.0972222	0.00647249	0	0	0	0.0160256	0.031746	1.725	0.287719	0.154882	0.19281	0.0561056	0.0634921	0.0657895	2.10569	0.0240964	0.411458	5.24	105.092	0.015873	0.634615	0.00396825	0.025	17.2137	157.04	0.458824	1.58201	0.0555556	0.174797	0.0416667	0.717172	0.205674	4.48	0.0481928	7.54701	22.8813	124.029	1.15926	36.1818	0.0574713	2.16667	0.261905	31.8229	0.0843373	8.01042	0.0222222	1.17778	0.128514	84.0606	
2174	SFG_L_7_6	11.287	10.2895	23.9189	5.06504	375.686	31.5635	0.00803213	0.0104167	0.0833333	0.00694444	0	20.6667	121.627	1.03704	49.2759	1.36036	0.045977	0	3.38889	0.121212	8.44444	0.140741	0.358025	2.97222	0.00813008	0	2.34409	0.123188	0.0208333	0	0.413793	0.0340136	13.9222	0.768116	4.02151	0.241135	6.30108	0.865248	0.239583	0.0444444	0.00387597	0.0333333	0	0	0.0215054	0	0.0250896	0.00849257	0.0222222	0	0.647619	0	0.0287356	0	0.00970874	0	0.189744	0	0.179487	0.0945946	0.131783	0.00628931	0	0	0.248588	0.00694444	0.188406	0.0121212	0.0694444	0.00546448	0.0720721	0	0.0190476	0	0.0656566	0	0.0802469	0	0.0952381	0	0.298701	0	0.0337079	0.00749064	0.0470085	0	0.188596	0	0.715909	0.019943	0.277108	0.0121212	0.0749064	0.0113636	0.164609	0	0.465863	0.00275482	0.562249	0	0.119048	0	1.00433	0.0254237	0.0126984	0.00297619	0.0842912	0.00438596	0.0512821	0.00383142	0.417989	0	0.00784314	0	0.296296	0.00383142	0.286385	0.00383142	0.078125	0	0.255144	0	0.0047619	0	0.585714	0.103704	0.422619	0.0681004	0.149254	0.00749064	2.18905	0.0340909	0.319048	0.0306513	0.615741	0.003663	0.0488889	0.0156863	0.0547264	0.00546448	0.125604	0.0163934	0.483568	0.00396825	0.0899471	0.00564972	6.0625	0.122222	0.490566	0.0482456	8.46528	0.134752	9.54264	0.0666667	0.00564972	0	0.187879	0	0.0147059	0	0.728205	0.0658915	2.79104	0.0106383	0	0.00245098	3.52174	0	8.4381	0.010989	0.282051	0	4.63235	0.00913242	0.641667	0.0103093	2.45714	7.22222	1.2	0.202381	5.53191	0.0498084	3.06061	0	2.12613	0.024055	0	0.316239	0.0326797	0.0387597	0.221014	0.00529101	0.107143	0.0266667	0.105691	0.0119048	2.29386	0.0947368	0.229167	0	0.00537634	0	0.341667	0.00520833	0.0693069	0.0588235	1.97807	0.140351	0.477477	0.025641	0.178404	1.82251	0.43662	0.00411523	2.14428	0.513514	4.43386	0.405622	0.0215054	0.0597015	2.04444	12.4658	0.232456	0.0948718	0.902222	0.116838	20.2906	8.02564	7.27619	1.15909	14.4414	9.98718	43.4715	9.77987	3.74359	0.47451	4.47222	0.294498	26.4054	10.0897	18.9829	0.633333	12.2979	0.164384	69.8205	14.6731	
1908.23	SFG_R_7_6	4.5	82.7937	7.31783	0	68.4445	224.029	0.00900901	0	0.0804598	0.0574713	20.6667	0	2.46377	62.9487	10.1938	0.106667	0.030303	0	0.548611	0.0277778	2.77519	0.229885	3.08333	0.0344828	0	0	3.54167	0.0153257	0.0070922	0.0444444	0.266667	0.287356	1.64444	0.434343	0.731884	0.166667	0.525926	0.292929	0.137681	0.00724638	0.270833	2.09804	0	0	0	0	0.258503	0.208333	0.0185185	3.50725	0.0283688	0	0	0	0	0	0.00520833	0	0.0125	0.505747	0.0217391	0	0.0212766	0	0.0658436	0.175439	0.171429	0.534591	0.00340136	0.0421941	0	0	0.0030581	0	0	0	0.00383142	0.0047619	0.0114943	0	0.0337553	0	0.017094	0.00938967	0	0	0.0576132	0	0.0224719	0.0345912	0.00793651	0	0.011236	0.0897436	0.105485	0	0.00793651	0	0.0119048	0	0.0164609	0	0.0222222	0.0572391	0.00793651	0.00222222	0	0	0.00340136	1.37559	0	0.596244	0.012987	0	0	4.3381	0	3.12676	0.003367	0.0035461	0.00330033	0	0	0	0.0568182	0.317204	0.0123457	0.0570175	0	0	0.156379	0.338983	0.00378788	0.0382514	0.0229885	0.00833333	0.00469484	0	0.0163934	0	0.00938967	0	0.014652	0	0.0376344	0	3.48428	19.8267	0.037037	0.514124	0.0666667	17.9097	3.27083	62.5603	0	0	0.00617284	0	0	0	0.0406504	0.136612	0.0113636	0	0	0	0.0347222	0.018018	0.108614	0	0.00378788	0	0.217687	0	0.137681	15.2074	1.26316	25.2381	0.00701754	39.381	0.134503	22.5238	0.0138889	8.80342	0.09375	36.2826	0.0138889	27.2593	0.0222222	0.0119048	0.00314465	0.111111	0	0.031746	0.0144928	0.00222222	0.0879121	0.176871	0.00266667	0	0	0	0.00533333	0.0244648	0.0515873	0.00716846	0.0851852	0.064257	0.0148148	0.00617284	0.00416667	1.58095	0	0.56621	0.0204082	6.50725	0.025974	8.97059	0.00833333	0.090535	0.621795	8.98333	0.0659341	0.558559	0.0185185	0.232323	0.0203252	27.1261	0.0851852	0.0777778	0.0325203	23.25	0.695238	13.2252	0.148594	0.364198	0.0169492	1.58929	0.174797	16.4957	0.0569106	8.17284	0.0243902	5.91975	0.738462	24.8241	
3806.24	SFG_L_7_7	0.680556	1.07692	0.0151515	1.94017	440.774	30.8333	0.0231481	0.00732601	0.0138889	0.00374532	121.627	2.46377	0	148.927	24.0476	0.361905	0	0	126.333	0.369369	1.02667	0.22807	0	0.40404	0	0	118.91	52.9675	0	0	0.0166667	0.025	0.00925926	0.170732	27.8148	0.0620155	35.3205	0.178295	0.0444444	0.00326797	54.7407	4.02857	0.277778	0.037037	0.0444444	0.0724638	7.33333	29.1545	3.5	0.537037	34.8077	0.00266667	0	0.00323625	0.00634921	0.011236	0.012945	0	0.0238095	0.0187266	0	0.00311526	0	0.00326797	0	0.00724638	0.0196078	0	0.263158	0.0833333	0.00497512	0	0.00438596	0.00574713	0.00497512	0.00287356	0.572464	0	0.173913	0	0.00383142	0	0.0434783	0	0	0.00550964	0.181818	0	1.19259	0	0.092827	0.00701754	0.662162	0	0.00383142	0	0.0791667	0.00550964	0.0416667	0	0	0	3.19048	0	0.146119	0.00396825	0.037037	0.0175439	0.14433	0.00542005	0.476923	0	0.0833333	0	0.328205	0.00542005	0.594595	0.00542005	0.128205	0	0	0	0	0	1.24762	0.0695971	0.661905	0.129032	0	0	0.183575	0.015873	0.782609	0.0217391	3.43137	0.014881	0	0	0.00483092	0	0.0597015	0	0.921569	0	0.104478	0	7.22876	0.501832	0.00680272	0.0688406	10.5	0.507407	22.1522	0.388889	0	0	0	0	0	0	0.0175439	0.00716846	0.774648	0.0133333	0.468599	0.0333333	0	0.00757576	21.23	0.0114943	0	0	0.432624	0.0227273	1.03876	0.0942029	30.7456	36.009	29.7899	0.571429	11.1773	0.160643	15.9236	0.015873	9.52778	0.0736434	7.68628	14.8333	0.103896	0.0682731	1.28378	0.0392157	5.68444	0.0763889	0.426117	0.0124611	14.2557	0.228261	2.31081	0	0.131455	0	6.78667	0.00280112	1.2723	0.0470588	5.15982	0.246377	3.17371	0.0191571	0.607306	0.444444	0.774775	0.00833333	7.19907	0.117647	9.59624	0.199005	6.73504	0.176471	2.55191	3	1.20548	1.36842	60.1803	0.385417	42.6053	2.38	13.4143	0.435374	56.4786	3.46009	13.9583	2.96364	2.14167	0.0798611	8.70707	0.253731	26.3333	3.03145	10.4514	0.0271318	14.7953	0.0115942	51.4188	4.69643	
4064.42	SFG_R_7_7	0.222222	1.96491	0.0657895	0.419753	34.6417	124.017	0.030303	2.22222	0.011236	0.528736	1.03704	62.9487	148.927	0	0.301587	0	0.0045045	0	0.210145	1.53623	1.63704	5.53623	0.00900901	0.020202	0	0.181818	148.842	250.579	0	0	0.0222222	1.24638	0.00606061	0.0380952	5.75556	21.0833	0.881944	9.54167	0.00606061	0.0188679	16.0583	52.7593	0.0138889	46.2083	0.866667	0	70.7436	52.6754	0.151515	2.625	0.822695	57.125	0	0.672956	0.00628931	0.440476	0.0288462	0.225989	0.0288462	0.289617	0	1.5098	0	0.327044	0.00724638	0.021164	0	0.120219	0	0.0136054	0	0.704301	0	0.195402	0	0.46875	0.0047619	0.011236	0	0.010582	0	1.4	0	0.329588	0	0.622807	0	1.22072	0	0.767442	0	2.16456	0	0.17316	0	0.396825	0	0.55144	0	1.3625	0	0.754167	0	0.307116	0	0	0	0.362869	0	0.00542005	0	0	0	0	0	0.00865801	0	0.021645	0.00378788	0	0	0.962963	0	0.191176	0.108696	4.71981	0.146953	4.2037	0	1.8607	0.0613027	1.20833	0.00687285	2.73529	0.0378007	1.3615	0	4.61836	0	0.919355	0	4.17188	0.0104167	1.82587	0.00350877	3.26984	0.17603	3.28169	0.00362319	0.10101	0.0512821	7.98942	1.88485	18.4359	0	0.17284	0	0.50641	0	0.0277778	0.0160643	2.10417	0	3.00939	0	3.45833	0	6.06897	0.0135501	5.65657	0	0.592593	0.0047619	5.82828	0.0362319	8.94558	26.6754	76.5965	0.0465116	2.5935	0.00938967	10.6918	0	0.201389	0.00483092	15.7179	1.68627	18.6032	0.00273224	0.961039	0.00258398	0.011236	0.00497512	1.64502	0.0189394	0	0.0155039	2.74892	0.00694444	0.0273973	0	0.00803213	0.0104167	2.76316	0.00546448	0.00444444	0.00238095	3.66667	0.0381944	1.30137	0	0.134328	0	0.0497512	0.073718	5.15873	0.00258398	3.96875	2.19792	112.64	0.0833333	34.5914	0.288288	2.46491	0.0401235	88.3457	0.00680272	27.0325	0.0432099	60.9204	0.154472	124.65	0.0392157	22.1707	0.0549451	0.104167	0.219512	18.8034	0.047619	10.6202	0.0164609	24.6341	0.0132013	32.325	0.0329218	53.3333	
2493.17	MFG_L_7_1	0.0232558	0.452991	131.158	0.227642	383.857	8.93617	0	0	0	0	49.2759	10.1938	24.0476	0.301587	0	0.0916667	0.333333	0	210.689	0.121212	210.833	0.108696	148.373	0.0614035	0	0	14	0.00212314	0.031746	0	2.52564	0.0266667	5.74242	0.0340136	13.5667	0.0333333	3.6875	0.0425532	0.197531	0	0.00387597	0	0	0	0.003367	0	0.003367	0.00212314	0	0	1.65657	0	0.00641026	0	0.018018	0	0.0364583	0	0.0153846	0.0126582	0.0196078	0	0.025641	0	0.0307692	0.00347222	0.020202	0	0	0	0	0	0	0	0.0125786	0	0.0363636	0	0.0149254	0	0.0409357	0	0	0	0.0213675	0	0.0042735	0	0.0925926	0	0.0299625	0.0030303	0.0181159	0	0.0588235	0	0.0599251	0	0.0833333	0	0.0539216	0	0.122363	0	0.00323625	0.00374532	0.0241546	0.00374532	0	0	0	0	0	0	0	0	0	0	0	0	0.107692	0	0.00617284	0	0.0844444	0.00347222	0.0243902	0.00358423	0.0639269	0	0.166667	0.00347222	0.0355556	0	0.0307018	0	0.030303	0	0.0333333	0	0.109524	0	0.0512821	0	0.0232558	0	0.0164609	0.00314465	0.00520833	0.00680272	0.0441767	0.0170068	0	0.0486111	0	0	0	0	0.00462963	0	0.0757576	0	0.106481	0	0	0	0.0961538	0	0.589744	0	0.0268817	0	0.109091	0	0	0.0274914	0.021645	0.135021	0	0.00314465	0.00234742	0.0277778	0	0	0	0.0416667	0	0.0120482	0.00970874	0.00383142	0.012945	0	0.100402	0.00333333	0.0162602	0.00277778	0.288066	0.00666667	0.201646	0	0	0	0.27572	0	0.0125	0.00766284	0.0853658	0.00680272	0.0325203	0	0	0.0501792	0.00854701	0	0.164557	0.0240964	0.185654	0.0240964	0	0.00212314	1	0.466667	0.0160643	0.00424628	0.366667	0.045977	1.94697	0.373563	1.22066	0.0816327	2.73485	0.408046	1.65054	0.383648	0.23913	0.0208333	0.21645	0.0123457	1.99242	0.3	1.64444	0.0617284	0.951389	0.0358423	4.56296	0.603448	
1781.76	MFG_R_7_1	0.880342	3.92064	0.22963	187.117	2.79845	54.2105	0.0148148	4.12698	0.00584795	0.0814815	1.36036	0.106667	0.361905	0	0.0916667	0	0.0238095	0.594203	0.0888889	119.053	0.744186	69.1159	0.325	256.8	0	29.7778	0.177778	0.0151515	0.00757576	4.71014	0.0454545	9.68116	0.103704	63.6538	0.0724638	4.72619	0.0507246	30.1111	0.00694444	2.17241	0	0	0	0.025641	0.00358423	0	0.00653595	0	0	0	0	0.333333	0	0.141667	0	0.146341	0	0.0614035	0	0.037037	0	1.48889	0	0.448276	0	0	0	0	0	0	0	0	0	0.0689655	0	0	0	0	0	0	0	0.0268817	0	0.00490196	0	0.03125	0	0.0215054	0	0.00724638	0	0.166667	0	0	0.004329	0	0	0.0102564	0	0.00520833	0.004329	0.0177778	0.00392157	0.0108696	0.00803213	0.00406504	0	0.103896	0	0.00362319	0	0	0	0	0	0	0	0	0.00392157	0	0	0.0338983	0	0	0	0.166667	0	0.0869565	0	0.0537634	0	0.016129	0	0.114583	0.00421941	0.0547264	0	0.38	0	0.181159	0	0.375	0	0.0641026	0	0.22449	0	0.0676328	0	0	0.00847458	0.621622	0	0.0138889	0	0.126126	0	0.0333333	0	0.025641	0	0.0273224	0	0.0765766	0.00326797	0.0804598	0.00740741	1.29762	0.0148148	0.355856	0	0	0.00843882	1.32143	0	0	0	0	0	0	0	0	0.025641	0	0	0	0	0	0.0609756	0.003367	0	0	0	0.00406504	0.0160643	0	0.00847458	0.36036	0	0	0	0	0	0.00617284	0.0946502	0.003367	0.00847458	0.540541	0.00740741	0.12963	0	1.64481	0	0	0	0.462585	0	0	0.00358423	0	0.0606061	12.6667	0.0112994	0.00617284	0.00653595	0.253521	0.00617284	1.14706	0.00740741	5.73563	0	2.61905	0.16	2.7037	0.0143369	0.0761905	0.00617284	0.0196078	0.021164	2.41905	0.0185185	0	0.00617284	0	0.201878	2.92381	
2020.34	MFG_L_7_2	3.66667	0.0757576	13.2963	0.031746	4.66667	0.0814815	1.74074	0	0.0752688	0	0.045977	0.030303	0	0.0045045	0.333333	0.0238095	0	0	0.25641	0	44.9298	0	82.2941	0.0952381	100.059	0	0.282051	0	94.1579	0	12.2727	0	31.3467	0.06	0.0833333	0.0333333	0.0987654	0.106667	19.8841	0	0	0	0	0	0	0	0	0	0	0	0.00641026	0	16.0988	0	11.7531	0	31.2529	0	1.19792	0.00396825	0.320513	0.0125786	166.022	0	0	0	0	0	0	0	0	0	0	0	1.23188	0	0	0	0.00512821	0	2.41667	0	0.126437	0	0.333333	0	1.38298	0	4.79167	0	0.296296	0.00340136	0.338798	0	3.87037	0	0.623457	0	2.48366	0	4.26543	0	0.833333	0	0	0	2.24405	0	0	0	0	0	0	0	0	0	0	0	0	0	10.26	0	0.985816	0	0.00456621	0.00740741	0.00456621	0.00374532	41.0392	0	0.675926	0.00392157	0.675439	0.0037037	0.030303	0	34.7778	0	62.5905	0.00952381	64.7719	0.0047619	19.9512	0	2.63636	0	0	0	0	0	0.034632	0.0107527	0	0	57	0	0.0107527	0	26.7312	0	21.3333	0	0.00854701	0	0	0	0.0320513	0	0.0784314	0	0.00757576	0	0.0974359	0	0	0	0	0	0	0	0	0	0	0	0	0	0	0	0	0	0	0	0	0	0	0	0.045045	0.00716846	0.00628931	0	0	0	0.00628931	0	0	0	0.0555556	0.0107527	0.00617284	0.00358423	0	0.0458333	0	0	0.0196078	0.018315	0	0	0	0	1.01282	0.565789	0.00245098	0	0	0.00358423	0	0.0037037	0.0539216	0.143939	0	0	0.703704	0.154321	0.0182648	0.012987	0	0	0.392157	0.0037037	0.238095	0.0037037	0.00952381	0.0037037	0.810458	0.081761	
1669.13	MFG_R_7_2	0.0141844	4.57471	0	7.88	0.0070922	0.64	0	84.913	0	3.34444	0	0	0	0	0	0.594203	0	0	0	0	0	26.5833	0	64.2727	0	68.1746	0	0	0	81.2064	0	20.7424	0	60.5417	0	0.574713	0	5.51852	0	8.07246	0	0	0	0	0	0	0	0	0	0	0	0	0	15	0	51.4028	0	1.94048	0	2.17778	0	0.155556	0	264.167	0	0	0	0	0	0	0	0	0	0	0	0	0	0	0	0	0	0	0	0	0	0	0	0	0	0.0208333	0	0.0467836	0	0	0	0.015625	0	0.0320513	0	0.0297619	0	0.0327869	0	0.0042735	0	0	0	0.00411523	0	0	0	0	0	0	0	0	0	0	0	0	0	0	0	0	0	6.25225	0	0.0141844	0	7.6	0	3.96078	0	10.045	0	0.311111	0	12.1163	0	6.15	0	6.475	0	0.198413	0	0.0070922	0	0	0	0	0	0.00617284	0	0	0	3.71429	0	0	0	2.3	0	2.05714	0	0	0	0	0	0	0	0.00411523	0	0	0	0	0	0	0	0	0	0	0	0	0	0	0	0	0	0	0	0	0	0	0	0	0	0	0	0.00444444	0	0	0	0	0	0	0	0	0	0.00617284	0	0.00308642	0	0.0178571	0	0	0.010929	0.0484848	0	0	0	0	0.010929	0.309524	0	0	0	0.00308642	0	0	0	0.253333	0	0	0	0	0	0	0	0	0	0	0	0	0	0	0	0	
2403.34	MFG_L_7_3	0.0272109	0.0208333	22.7901	0.0133333	175.667	0.819444	0.010929	0	0.00546448	0	3.38889	0.548611	126.333	0.210145	210.689	0.0888889	0.25641	0	0	0.037037	138.857	0.00740741	5.01235	0	0.494949	0	446.818	0.0222222	0.0111111	0	1.26667	0	2.52381	0.00694444	8.08642	0.0070922	8.89286	0	0.0392157	0	0	0	0	0	0	0	0	0.0222222	0	0	7.5	0	0.037037	0.00387597	0.00793651	0	0.2	0	0.0327869	0	0.0130719	0	0	0	0	0.010989	0	0	0	0	0.0441176	0	0.0364583	0	0.0386473	0	0.0869565	0	0.0384615	0	0.105263	0	0.0149813	0	0.0394737	0	0.0811966	0	0.182171	0	0.1375	0	0.0232558	0	0.0641026	0	0.226337	0	0.283333	0	0.0657895	0	0.198312	0	0.00490196	0.003663	0.029304	0	0.00343643	0	0.00358423	0	0.00716846	0	0	0	0	0	0	0	0.177489	0	0.0213675	0	1.0098	0.0289855	0.017094	0.0102041	0.131313	0	0.671642	0.0151515	0.813726	0	0.269608	0	0.0966184	0	0.0757576	0	0.247475	0	0.245098	0	0.210256	0	0.012987	0.0283688	0	0.0814815	0.387387	0.00660066	0	0.0140845	0	0	0.104938	0	0	0	0.275132	0.00732601	0.631841	0	0	0	1.67273	0.0128205	4.76329	0	0.12037	0	1.58081	0.0128205	0	0.00347222	0	0.00938967	0	0	0.00236407	0.00469484	0	0	0	0.00694444	0	0	0	0.00493827	0.0540541	0.00314465	0.175676	0.00314465	0.0179211	0	1.12162	0.00628931	0.564444	0	0.00350877	0	0.688889	0	0.0241546	0.010989	0.648649	0.00330033	0.117117	0	0	0.0193798	0.0456621	0	0.251208	0.0232558	0.29108	0.00501253	0.0520833	0.00236407	0.555556	0.101626	0.0136986	0.0100251	0.803653	0.00250627	1.40171	0.0632184	3.11111	0.018315	2.68421	0.109195	1.95758	0.158192	0.283333	0.047619	0.248826	0.0137741	2.14912	0.130631	1.76923	0.018018	0.797619	0.00350877	4.5641	0.235632	
1660.26	MFG_R_7_3	0.00520833	0.54023	0	23.625	0.874074	148.364	0	0.136364	0	0.0212766	0.121212	0.0277778	0.369369	1.53623	0.121212	119.053	0	0	0.037037	0	0.0625	166.196	0	61.8788	0	0	0.123188	266.333	0.0144928	0.0144928	0.00694444	1.18182	0.0212766	0.230769	0.0486111	8.78261	0.0138889	1.0641	0	0.121212	0	0	0	9.35	0	0	0	0	0	0	0.00680272	9.04762	0	0.0222222	0	0.0283688	0	0.0238095	0	0.00641026	0	0.368421	0	0.0138889	0	0	0	0	0	0	0	0.00584795	0	0.037037	0	0	0	0	0	0	0	0.00469484	0	0	0	0.00483092	0	0.015873	0	0.0120482	0	0.0394737	0	0	0	0.00793651	0	0.00483092	0	0.00438596	0	0.021097	0	0.010989	0	0	0	0.0219298	0	0.010989	0	0	0	0	0	0	0	0	0	0	0	0.0338983	0	0.010582	0	0.0380952	0	0.0648148	0	0.0121212	0	0.010582	0	0.0222222	0.003663	0.030303	0	0.0698925	0	0.312925	0	0.583333	0.003663	0.0564972	0	0.529412	0	0.0456621	0	0	0.0035461	0.292793	0	0.00456621	0	0.00740741	0	0.0569106	0	0	0	0.021164	0	0.0622222	0	0.0149254	0	1.13333	0	0.166667	0	0.00757576	0	0.563218	0	0	0	0	0.0190476	0	0	0	0	0	0	0	0	0	0.0125	0	0	0	0	0	0	0	0	0.124444	0	0.004329	0	0	0	0	0.0125	0	0.0035461	0.292793	0.0111111	0.0925926	0	0.0666667	0	0	0	0.0125	0	0	0	0	0	0.909605	0	0.00913242	0	0.333333	0	0.351852	0	0.964646	0	0.638889	0.00673401	0.621622	0	0.0231481	0	0.00653595	0	0.684685	0	0	0	0	0	0.768519	
