data	data	7543.75	2281.41	11593.5	6369.07	9771.92	9711.97	4055.25	2784.47	1824.88	1388.31	1077.63	1342.1	4449.29	3699.04	2394.99	6938.33	1516.95	1326.81	2075.14	2576.83	3917.18	3366.75	3306.84	3385.71	1329.89	2894.04	7043.07	10617.9	2454.76	2001.35	3796.71	1957.47	2065.43	3285.06	2406.24	2671.6	1933.13	4063.72	2867.57	2138.65	1027.7	871.525	2518.49	1829.07	2278.07	1309.74	2522.74	6006.06	1932.39	887.767	4278.7	1164.14	4235.6	3047.47	2769.57	3263.67	6878.1	2484.31	4979.75	5109.53	2247.42	2466.21	5415.34	2465.25	2060.28	1327.54	723.463	1977.3	5231.98	5519.18	2228.3	2424.92	2513.37	2817.75	2397.54	2675.05	3375.79	3158.58	4229.68	2169.2	2851.49	3358.99	4956.45	4392.09	2513.62	3029.26	2217.94	3684.7	3119	3265.61	2137.01	825.455	3240.85	967.534	2570.78	1579.19	2665.21	2299.36	2878.29	588.677	2553.4	2045.72	6507.85	5977.28	5797.58	5560.89	5177.24	3630.28	382.734	1106.11	786.569	1626.8	809.426	1618.97	806.067	2075.04	906.828	498.244	995.215	2171.37	2013.07	1586.96	1686.91	1358.09	4867.12	4482.67	3443.25	3556.59	1132.55	1035.19	2809.11	4496.59	2423.97	4134.99	3914.37	4590.88	3076.49	4712.09	2487.99	2726.34	2531.11	2294.19	3878.34	2141.42	1481.79	1847.82	1851.65	4130.25	1603.61	1685.54	3310.07	5052.32	710.578	2322.32	4553.75	3136.93	820.057	1155.47	2793.78	1717.46	5773.48	3550.5	2400.11	812.224	1671.83	815.262	1525.42	804.803	8723.66	2389.05	1508.41	314.422	6149.15	1074.92	459.562	560.856	1085.14	2215.65	1398.59	1367.44	1160.87	2542.26	459.611	308.251	675.594	1193.68	775.836	713.103	2609.17	5088.71	4728.3	3070.88	4983.24	3325.41	4047.42	4276.46	10372.9	7731.75	2642.74	2795.19	2137.41	2877.55	5843.52	4657.23	4418.15	4952.84	5422.24	5012.25	2415.05	2896.23	1542.78	2335.75	2658.74	4574.71	8213.52	8543	7209.32	11001.3	5188.15	5657.15	5202.59	11279.2	7578.62	9830.42	7859.86	9211.11	5382.55	4235.15	8901.85	17534.7	7355.78	5679.18	7055.62	7237.64	3457.2	5604.99	4605.28	3471.41	5610.17	5523.27	7203.8	4541.17	5008.65	2037.78	7876.55	8496.71	
data	data	SFG_L_7_1	SFG_R_7_1	SFG_L_7_2	SFG_R_7_2	SFG_L_7_3	SFG_R_7_3	SFG_L_7_4	SFG_R_7_4	SFG_L_7_5	SFG_R_7_5	SFG_L_7_6	SFG_R_7_6	SFG_L_7_7	SFG_R_7_7	MFG_L_7_1	MFG_R_7_1	MFG_L_7_2	MFG_R_7_2	MFG_L_7_3	MFG_R_7_3	MFG_L_7_4	MFG_R_7_4	MFG_L_7_5	MFG_R_7_5	MFG_L_7_6	MFG_R_7_6	MFG_L_7_7	MFG_R_7_7	IFG_L_6_1	IFG_R_6_1	IFG_L_6_2	IFG_R_6_2	IFG_L_6_3	IFG_R_6_3	IFG_L_6_4	IFG_R_6_4	IFG_L_6_5	IFG_R_6_5	IFG_L_6_6	IFG_R_6_6	OrG_L_6_1	OrG_R_6_1	OrG_L_6_2	OrG_R_6_2	OrG_L_6_3	OrG_R_6_3	OrG_L_6_4	OrG_R_6_4	OrG_L_6_5	OrG_R_6_5	OrG_R_6_6	OrG_R_6_6	PrG_L_6_1	PrG_R_6_1	PrG_L_6_2	PrG_R_6_2	PrG_L_6_3	PrG_R_6_3	PrG_L_6_4	PrG_R_6_4	PrG_L_6_5	PrG_R_6_5	PrG_L_6_6	PrG_R_6_6	PCL_L_2_1	PCL_R_2_1	PCL_L_2_2	PCL_R_2_2	STG_L_6_1	STG_R_6_1	STG_L_6_2	STG_R_6_2	STG_L_6_3	STG_R_6_3	STG_L_6_4	STG_R_6_4	STG_L_6_5	STG_R_6_5	STG_L_6_6	STG_R_6_6	MTG_L_4_1	MTG_R_4_1	MTG_L_4_2	MTG_R_4_2	MTG_L_4_3	MTG_R_4_3	MTG_L_4_4	MTG_R_4_4	ITG_L_7_1	ITG_R_7_1	ITG_L_7_2	ITG_R_7_2	ITG_L_7_3	ITG_R_7_3	ITG_L_7_4	ITG_R_7_4	ITG_L_7_5	ITG_R_7_5	ITG_L_7_6	ITG_R_7_6	ITG_L_7_7	ITG_R_7_7	FuG_L_3_1	FuG_R_3_1	FuG_L_3_2	FuG_R_3_2	FuG_L_3_3	FuG_R_3_3	PhG_L_6_1	PhG_R_6_1	PhG_L_6_2	PhG_R_6_2	PhG_L_6_3	PhG_R_6_3	PhG_L_6_4	PhG_R_6_4	PhG_L_6_5	PhG_R_6_5	PhG_L_6_6	PhG_R_6_6	pSTS_L_2_1	pSTS_R_2_1	pSTS_L_2_2	pSTS_R_2_2	SPL_L_5_1	SPL_R_5_1	SPL_L_5_2	SPL_R_5_2	SPL_L_5_3	SPL_R_5_3	SPL_L_5_4	SPL_R_5_4	SPL_L_5_5	SPL_R_5_5	IPL_L_6_1	IPL_R_6_1	IPL_L_6_2	IPL_R_6_2	IPL_L_6_3	IPL_R_6_3	IPL_L_6_4	IPL_R_6_4	IPL_L_6_5	IPL_R_6_5	IPL_L_6_6	IPL_R_6_6	PCun_L_4_1	PCun_R_4_1	PCun_L_4_2	PCun_R_4_2	PCun_L_4_3	PCun_R_4_3	PCun_L_4_4	PCun_R_4_4	PoG_L_4_1	PoG_R_4_1	PoG_L_4_2	PoG_R_4_2	PoG_L_4_3	PoG_R_4_3	PoG_L_4_4	PoG_R_4_4	INS_L_6_1	INS_R_6_1	INS_L_6_2	INS_R_6_2	INS_L_6_3	INS_R_6_3	INS_L_6_4	INS_R_6_4	INS_L_6_5	INS_R_6_5	INS_L_6_6	INS_R_6_6	CG_L_7_1	CG_R_7_1	CG_L_7_2	CG_R_7_2	CG_L_7_3	CG_R_7_3	CG_L_7_4	CG_R_7_4	CG_L_7_5	CG_R_7_5	CG_L_7_6	CG_R_7_6	CG_L_7_7	CG_R_7_7	MVOcC	MVOcC	MVOcC	MVOcC	MVOcC	MVOcC	MVOcC	MVOcC	MVOcC	MVOcC	LOcC_L_4_1	LOcC_R_4_1	LOcC_L_4_2	LOcC_R_4_2	LOcC_L_4_3	LOcC_R_4_3	LOcC_L_4_4	LOcC_R_4_4	LOcC_L_2_1	LOcC_R_2_1	LOcC_L_2_2	LOcC_R_2_2	Amyg_L_2_1	Amyg_R_2_1	Amyg_L_2_2	Amyg_R_2_2	Hipp_L_2_1	Hipp_R_2_1	Hipp_L_2_2	Hipp_R_2_2	BG_L_6_1	BG_R_6_1	BG_L_6_2	BG_R_6_2	BG_L_6_3	BG_R_6_3	BG_L_6_4	BG_R_6_4	BG_L_6_5	BG_R_6_5	BG_L_6_6	BG_R_6_6	Tha_L_8_1	Tha_R_8_1	Tha_L_8_2	Tha_R_8_2	Tha_L_8_3	Tha_R_8_3	Tha_L_8_4	Tha_R_8_4	Tha_L_8_5	Tha_R_8_5	Tha_L_8_6	Tha_R_8_6	Tha_L_8_7	Tha_R_8_7	Tha_L_8_8	Tha_R_8_8	
7543.75	SFG_L_7_1	0	296.643	1295.89	95.5556	139.719	8.90698	75.2952	20.4959	32.1954	3.18803	43.0385	7.07317	14.2619	0.0740741	0.0253165	47.8699	0.0322581	0.234848	0.0530303	0.0155039	0.341667	0.0260417	0.0724638	4.34921	0.382716	12.9841	0.154472	0.0373134	5.78788	0.118519	0.952381	0.00666667	22.2688	0.219858	1.04274	0.0166667	34.0104	0.312057	71.8485	0.958333	0.00732601	0.0162602	0.0357143	0	0	0	0.00823045	0.00959233	0.146893	0	0.276596	0.00258398	0.0962963	0	1.02222	0.0416667	27.3279	0.0070922	0.805031	0.318352	12.9314	0.0816327	24.3529	0.0070922	12.7154	0.157576	2.87755	1.73643	0.258065	0.0170068	0.219048	0.018018	1.18519	0	0.0490196	0.027027	17.5227	0.00533333	22.1957	0.0428571	0.356164	0.217949	11.3121	0.0215054	0.888889	0.0126582	1.60284	0.00490196	0.0396825	0.042042	0.527426	0	3.29688	0.00374532	1.01026	0.0057971	2.36287	0.00628931	1.38288	0	0.182927	0	1.72139	0.0189394	0.193548	0.0996169	0.15812	0.0666667	0	0	0	0	0	0	0.00793651	0	0.0166667	0	0	0.00323625	0.0909091	0	0.0324074	0	9.87065	0.307692	2.30047	0.392593	1.65686	0	8.36275	0.375886	5.40196	0.166667	2.26027	0.0398551	5.71498	0.115942	0	0	0.0241546	0.0343137	3.15238	0.039801	0.301887	0	8.54815	1.27407	6.00595	0.126126	1	0.194139	4.11628	0.220974	15.0591	0	0.117284	0	0.247312	0	49.2742	0.0973783	21.8333	0.0035461	0.00740741	0	0.2	0.0119048	193.652	0.712644	18.8087	0.0070922	312.258	0.3	0.1	0.0272109	2.14667	11	0.166667	0.777778	0.444444	0.103448	0.96875	3.11111	1.66667	0.0630631	0	0	0.328889	0.186047	0.0593607	0.00362319	1.98268	0	0.223881	0.011236	1.04386	0.00194932	1.85088	0.00343643	0.243243	0.00340136	3.20513	0.108466	0.632035	0.439216	7.83556	0.0144928	10.7123	0.0227273	0.0282486	0.143678	0.153005	0.0204082	19.8563	4.20392	1.94444	0.021164	0.37037	0.0833333	22.4483	21.057	0.38172	0.179894	1.35648	0.291667	47.4775	25.4253	103.854	2.79545	11.045	0.0310078	148.951	2.63462	7.96795	0.662651	3.47396	0.00606061	45.5667	0.673203	34.5702	0.0215054	11.7196	0	137.583	2.13072	
2281.41	SFG_R_7_1	296.643	0	257.55	40.0833	52.25	9.44715	20.4634	77.8137	16.0244	45.08	1.5614	35.4762	0.527273	0.261261	0	0.507937	0	0	0	0	0.00416667	0	0	0.057971	0	0.982456	0	0.00569801	0.0070922	0	0.00574713	0	0.0432099	0.40625	0	0.0350877	0.14	0.572917	0.0915033	1.29032	0	0.00854701	0	0	0	0	0	0	0	0	0.00226757	0	1.07143	0	0.560976	0.00628931	0.237179	0	0.237037	0.751938	0.126667	0.0430108	0.475177	0	1.33333	11.9744	0.543478	13.7685	0.0225225	0.0364583	0	0	0.0030581	0.00803213	0	0	0.344633	0	0.20339	0.00401606	0	0.00401606	0	0.0520833	0	0	0	0.00401606	0	0.00245098	0	0	0.0042735	0.010929	0	0.00401606	0	0	0	0	0	0.00245098	0	0.010929	0	0	0	0	0	0.0153846	0.0686275	0.0547264	0.00438596	0	0.0820513	0.0348259	0.0045045	0	0.0104167	0.0730594	0	0	0	0	0.495935	1.14198	0.768628	0.0704225	0	0	0.0666667	0.768362	0	0.00934579	0.015873	0	0	0	0	0	0	0	0	0	0	0	1.00617	16.9203	0.692308	10.4365	0.227451	0.38	0.462585	5.43704	0	0	0	0	0	0	0.138365	0.444444	0.158537	0	0	0	0	0	1.52582	0.162963	0.12766	0	2.53333	0.0123457	0.347826	0.449612	0.905797	8.65873	0.00505051	18.7593	0.584906	2.08148	0.493333	21.7619	0.193798	2.45238	0	0.0285714	0	0	0	0.00483092	0	0	0	0	0.00347222	0	0.003663	0	0	0	0.0108696	0.0170316	0	0	0.140741	0.0469484	0.236434	0	0.0424242	0	0.0225225	0.015625	3.32864	1.16667	0.207071	1.04878	0.00555556	0.0437158	3.29101	32.0577	0.0128205	0.0403226	0.0162602	0.0272727	0.00416667	4.88462	1.57831	1.26984	0	3.03509	3.17949	45.6078	0.0182648	4.99074	0.0138889	0.815789	0	9.2451	0.0266667	1.08333	0.00416667	0.0655738	0.0350877	32.7941	
11593.5	SFG_L_7_2	1295.89	257.55	0	76.6589	258.684	5.97101	122.862	4.42857	0.263566	1.15	0	7.53658	0.1	0.0199005	38.7963	35.254	56.8133	0.148148	0.135417	0.0171569	18.7101	0.0233918	371.125	2.99225	165.351	10.4206	0.154472	0.0392157	250.167	0.0496454	49.6026	0	177.417	0.122449	3.64815	0.0107527	107.368	0.183673	238	0.619048	0	0	0.0396825	0	0	0	0.00411523	0.00959233	0.135593	0	0.255319	0.00258398	27.6538	0	50.4167	0.0151515	34.694	0.0070922	0.820988	0.322097	44.2292	0.0522876	212.069	0	4.06061	0.0810811	1.72667	0.993056	0.236559	0.0306122	0.661376	0.00888889	1.47619	0.00600601	0.98718	0.0133333	32.0078	0.003003	45.4519	0.0311111	7.47712	0.1625	28.1159	0.022792	5.72549	0.00823045	4.31333	0.00900901	0.0481928	0.0386905	0.594937	0	3.39062	0.00219298	2.28571	0.0115942	5.02941	0.00628931	6.63333	0.0057971	0.548718	0	1.75622	0.00378788	0.202186	0.114943	0.162393	0.0714286	0	0	0	0	0	0	0.00396825	0	0.0166667	0	0	0.00647249	2.97386	0.0030303	1.13194	0	12.7206	0.264493	1.84259	0.268116	5.85507	0	12.7711	0.411348	6.77451	0.126316	2.3653	0.0280702	7.57843	0.0509259	0.292683	0	0.650794	0.0392157	3.84541	0.0289855	0.277778	0	0.94709	0.970696	3.63277	0.075	0.513889	0.139785	0.00966184	0.192593	61.5946	0	0.0969697	0	16	0	68.3656	0.0973783	21.8873	0.0035461	0.00740741	0	10.0917	0.0119048	303.798	0.396296	16.6667	0.0035461	480.117	0.186667	0	0.00406504	0.533333	5.27778	0.00483092	0.0467836	0.0241546	0.0465116	0.00537634	0.027027	0.03125	0.0350877	0	0	1.05405	0.203922	0.3379	0.00362319	3.80087	0	0.223881	0.011236	2.58108	0.00194932	2.65778	0.00343643	0.22973	0.00340136	5.38961	0.0944882	1.29386	0.54902	8.44444	0.003367	9.27928	0.0149813	0.0111111	0.178161	0.136612	0.0204082	21.5028	2.4186	2.00505	0.0240964	0.259259	0.073718	23.0977	12.987	0.306452	0.18254	1.379	0.272436	46.5965	15.5729	111.582	1.97436	12.8829	0.0348837	131.43	1.80128	7.49057	0.678571	3.51795	0.00606061	45.3496	0.666667	35.9825	0.0215054	12.3598	0.00314465	130.37	1.71154	
6369.07	SFG_R_7_2	95.5556	40.0833	76.6589	0	32.9922	301.782	0.154472	23.3182	0.528455	0.0574713	6.40741	3.14035	2.47917	0.002849	0.0789474	912.123	0	11.3086	0	0.125	0.0238095	44.6087	0	148.253	0	175.678	0.00273224	0.037037	0	133	0.0232558	36.9333	0	143.383	0.00775194	21.8095	0	121.667	0	168.011	0	0	0	0	0	0	0	0.0110193	0	0	0.00246914	0	0.00813008	0.464912	0.00813008	8.74074	0.174242	0.910256	0.124031	1.38095	0.00628931	14.9032	0.00628931	4.18519	0.0492424	0.0484848	0	0.816326	0	0.0570175	0	0.951515	0.00340136	1.56566	0	2.58182	0.00406504	0.0962199	0.01	0.672619	0	13.2131	0	0.243243	0	11.8713	0	5.66667	0	1.57143	0	0.266667	0.00462963	0.120773	0	0.478261	0	2.6129	0	0.68718	0	0.560386	0	0.464789	0.0625	0	0.00505051	0.025	0	0	0	0.011236	0	0.00970874	0	0.0196078	0	0.00358423	0	0.0187266	0	9.06667	0	9.41509	0.198502	1.62319	0.0542636	4.38028	0	0.576923	0.0962963	0.994536	0	7.50314	0.00362319	3.05	0	8	0	2.35294	0	5.17687	0	4.88462	0	6.53623	0.0438596	11.1762	0.0449438	0.0491803	0.0470588	1.95305	0	0.70098	0	0.434783	0	0.0969697	0	0.0784314	0.127341	1.93567	0	0.242424	0	0	0.00406504	3.49333	0.0365854	29.0893	0	2.49425	0.0680272	35.2738	0.00374532	0	0.00308642	0	1.57292	0.0380952	0	0.027451	0.941177	0	0.00617284	0	0	0	0.0761905	0.0614035	0	0.0277778	0	0.0355556	0.135266	0.0436508	0	0.017316	0	0.0980392	0	0.034188	0	0.742222	0.0526316	0.337719	0.0163399	0.828704	0.0227273	1.14976	0	0.0888889	0	0.0286738	0.151852	24.0172	0	0.496296	0	0.0245614	0.17803	259.038	0.00273224	0.379167	0.00493827	11.1701	0.0245098	5.11538	0.0132275	51.5123	0	3.93694	0.546816	62.1404	0.0262172	1.18095	0	0.907407	0.0350877	4.90196	0.00925926	0.431818	0.0231481	0	0.03125	24.6078	
9771.92	SFG_L_7_3	139.719	52.25	258.684	32.9922	0	411.099	3.24638	1.12245	0.371795	0.100629	148.222	133.457	458.989	100.056	146.533	10.3798	12.4744	0	194.045	8.75887	160.32	5.31206	4.95238	0.0962963	0.159091	0.144928	74.058	39.8227	8.20238	0.00952381	139.205	0.00512821	132.851	0.170068	42.4048	0.025641	46.8667	0.104575	6.51042	0.286667	0.536232	0	8.61728	0.0185185	0.0116279	0	0.00740741	0.845238	0.128205	0	134.707	0.00757576	0.217391	0	1.95652	0.0313726	2.35	0.0117647	0.308824	0.194757	0.614035	0.025641	0.394737	0	2.59477	0.0452675	0.471014	0.141975	0.575342	0.16954	0.307292	0.0194175	1.28571	0.0643275	0.229508	0.0253968	11.2424	0.0775862	28.9058	0.039039	0.794872	0.14881	24.8723	0.204023	0.0375	0	1.21264	0.039039	0.0666667	0.298246	0.0428571	0.0126984	3.199	0.00219298	0.671569	0.128655	0.328431	0.0228758	1.24479	0.0116959	0.10101	0.0208333	2.8744	0.0146199	0.439394	0.0374532	0.0518519	0.0234742	0.00775194	0	0.700422	0.00961538	0.0711111	0	5.12195	0.0112994	0.0454545	0	0.192982	0.00961538	0.224044	0	0.00584795	0	20.1932	0.681648	7.13889	0.187943	0.114754	0.00297619	2.21078	0.62766	1.49275	0.138298	3.09048	0.050505	0.333333	0.0495495	0	0	0.0185185	0.0490196	0.109589	0.0144928	0.0484848	0	3.11795	1.80899	2.30556	0.102273	3.96244	0.385965	12.3978	0.40873	1.29032	0	0.0614035	0	0.0430108	0	2.77419	0.103943	11.9524	0.00472813	0.215278	0	50.1528	0	217.387	0.310433	0.55914	0.00438596	101.884	0.0277778	11.551	0.030303	33.9007	78.881	29.7471	0.236364	34.2581	0.0666667	7.32353	0.00995025	15.034	0.0299145	2.27132	0.037037	6.95434	0.936232	6.98611	0.00716846	15.5405	0.00533333	0.767123	0	18.5342	0.732759	8.84685	0.0146199	0.0657277	0	14.557	0.529914	3.55702	0.465863	14.4561	0.0890805	11.7083	0.0407407	1.25758	0.293785	0.385965	0.0310734	29.5735	1.34767	14.0356	0.209302	12.8527	0.215152	43.994	3.96169	0.538462	1.95322	38.0995	2.52011	158.377	2.79245	91.1275	3.8949	136.868	1.68452	170.025	2.03636	2.04762	0.705674	10.9259	0.214912	75.188	1.08718	95.025	0.184615	48.5581	0.024024	150.526	2.92262	
9711.97	SFG_R_7_3	8.90698	9.44715	5.97101	301.782	411.099	0	0.0906149	0.20068	0.158249	0.358333	65.3821	186.789	83.5318	255.632	11.9667	341.306	0	1.35965	61.1395	134.812	7.86364	248.833	0	48.56	0	1.35833	6.21088	30.1167	0	51.5256	3.94815	123.042	0.0193237	158.667	1.11852	162.192	0.0199005	160.333	0	10.9222	0.325581	0.035461	0.17506	12.2692	0.0676692	0.00383142	0.333333	0.131579	0.00847458	0.00917431	0.468992	22.5733	0	0.0731707	0.0217391	0.5	0.254682	7.13793	0.211111	9.7	0	5.16667	0	0.326797	0.385417	0.532051	0.136612	0.724638	0.140496	0.376984	0.130841	5.36905	0.851515	7.92	0.0524691	7.17816	0.178571	5.42553	1.01212	3.51366	0.0560472	15.4359	0.452991	0.826667	0	9.54598	0.156342	8.76503	0.0442478	5.71831	0.0190476	0.846847	0.0413223	0.27619	0.102564	0.844444	0.00641026	2.56039	0.00311526	0.990741	0.0119048	1.27632	0.00694444	1.07042	0.00787402	0.180556	0	0.119048	0	0.711111	0.0185185	2.19111	0	0.00970874	0.0299145	2.30702	0	0.101961	0.0185185	2.47111	0.0555556	9.63218	0	7.99371	0.336879	4.38967	2.46667	10.7072	0	1.79874	0.0481481	6.15104	0.0140351	13.0601	0.0528053	4.80193	0.00350877	11.9497	0	5.67974	0	11.817	0.00934579	6.08333	0	14.8776	5.01087	44.7143	0.139303	1.31515	2.26007	11.0731	2.27652	38.7544	0.0030581	1.41808	0	0.449275	0	0.47541	0.155556	16.0656	0.13486	4.40476	0.0118203	0.0112994	0.114428	19	0.35101	92.281	0	2.06481	0.0585242	32.6667	0.416667	6.32075	18.9841	97.4206	14.8772	104.928	0.50303	27.7953	0.50505	0.634409	0.305556	5.30409	3.67442	6.36364	0.623457	22.2489	0.75841	0.146667	2.6422	1.15584	0.141975	0.0974359	4.78899	18.455	0.475309	2.11261	0	0.188034	3.01223	34.2325	0.712121	5.50901	1.75786	7.32895	0.63	1.96759	0.269697	0.739837	0.0212766	0.67451	0.608974	10.2441	0.105263	3.72603	0.256219	36.1301	0.592233	192.036	1.99405	23.3333	1.01244	196.472	0.191176	46.9145	0.65625	189.534	0.275689	68.4017	0.556777	97.0789	0.0518519	1.09314	0.192412	59.9573	0.72807	4.29861	0.519126	1.06122	0.4	0.267677	0.168067	85.6579	
4055.25	SFG_L_7_4	75.2952	20.4634	122.862	0.154472	3.24638	0.0906149	0	26.6667	190.492	8.09524	0.00877193	0	0.00641026	0.00229885	0	0.0555556	0.182796	0	0	0.0057971	0.125	0.00520833	2.20833	0.00732601	67.2917	0.395349	0.0555556	0.0130719	20.0645	0	0.42735	0	4.04762	0	0.0740741	0	13.5104	0	49.1458	0	0	0	0	0	0.0047619	0	0.0047619	0	0.0260417	0	0.03125	0	86.4568	0	145.41	0.047619	8.18667	0.00392157	53.9048	0.120567	33.5354	0	163.4	0.0070922	2.33333	0.0877193	17.127	0.675676	0.0555556	0	0.300926	0	0.703704	0.00271003	0.775641	0	14.6742	0	10.8741	0.00271003	10.6603	0	0.865248	0	5.61538	0	2.57516	0	0.0691057	0	0.441441	0.0030581	0.0310078	0	1.75132	0	5.8655	0	9.45062	0.0030581	0.388128	0	0.00340136	0	0.677778	0.0697674	0.109649	0.0798122	0	0.00258398	0	0.00258398	0	0	0	0	0	0	0	0.00258398	2.64	0	1.86	0	7.89855	0.0309278	11.9537	0.0175439	4.06522	0	8.94444	0.1875	3.61979	0.0277778	0.689815	0.00289855	5.76389	0	0.285714	0	0.606061	0	3.17333	0	0.672956	0	2.37963	0.158249	0.258706	0.0173611	3.96296	0.04811	0	0.0549828	12.906	0	0.148148	0	4.54386	0	22.1786	0.045614	22.597	0	0	0	0.219048	0	120.496	0	22.9758	0	275.101	0	0	0	0	0	0	0	0	0.0588235	0.0155039	0	0	0.0462963	0	0	0.129353	0.138211	0	0	0	0	0.374359	0.028169	0.0570175	0	0.144737	0	0.0740741	0	0.17094	0.0693333	0.356164	0.449799	2.21333	0.0134409	5.64815	0	1.24167	0.408046	0.0273224	0.00333333	52.538	1.47451	0	0.0526316	0.377778	0.0160256	64.1394	6.35065	0.247475	0.107527	0.974359	0.105611	0.362745	0.222222	62.7344	0.401361	0.0260417	0.0169492	80.5906	0.526667	0.915033	0.117647	0.00833333	0	0.980952	0.142857	0.542857	0.0467836	0.0444444	0	18.6471	0.293333	
2784.47	SFG_R_7_4	20.4959	77.8137	4.42857	23.3182	1.12245	0.20068	26.6667	0	47.5814	73.5784	0.487805	0	0.111111	0.0326797	0	7.10606	0	3	0.00330033	0.0206186	0	0.0103093	0	0.525641	0	47.5797	0.00330033	0.0590278	0.0125786	1.10417	0	0	0.00574713	0.196078	0	0.00694444	0.0566038	0.606061	0.0314465	2.57576	0	0	0	0	0	0	0	0.00416667	0	0	0	0	0.503876	16.6092	0.465116	116.875	0.355311	0.140351	9.06977	12.2639	0.0392157	5.12121	0.106667	40.7586	2.3913	13.8933	3.26984	16.5	0.0273973	0.208333	0	0.0617284	0.00925926	0.262626	0	0.0714286	0.202186	0	0.169399	0.077381	0	0.0149254	0.0107527	0.182292	0	0.0818713	0.00537634	0.0297619	0	0.087963	0.0045045	0.00564972	0.00171821	0.0273224	0	0.00497512	0	0.0643275	0	0.00555556	0	0.0338164	0.00456621	0.0405405	0.0717949	0.0231481	0	0.0656566	0	0.00803213	0.0268817	0.054902	0.00913242	0.00666667	0.116402	0.0321285	0.00900901	0	0	0.0843373	0	0	0	0	0.202381	0.564103	0.379845	0.383562	0	0.0384615	0.025641	0.700565	0	0.346667	0.0193798	0.245283	0	0.319149	0	0	0	0	0	0.00584795	0	0	0.819444	0.939815	0.623188	2.55556	0.131783	0.261905	0.681818	0.117647	0	0.0940171	0	0	0.00628931	0.00694444	0.230769	11.5867	0.0843373	0	0	0	0	0.00775194	0.887097	0.654321	0.0486111	0.0128205	1.41954	0.282828	0.159091	0	0.0121951	0	0.00469484	0	0.56	0.175926	0.0294118	0.0185185	0.317073	0	0	0	0.162037	0.25	0.00358423	0	0	0.00826446	0.267606	0.122066	0.0104167	0.00888889	0	0.00716846	0	0	0.00358423	0.248634	0.0562771	1.14474	0.0833333	0.169014	0.11236	0.0253165	0.0646766	0.558559	0.036036	0.359375	2.50704	147.83	0.285714	1.22764	0.0166667	1.5873	2.09179	372.261	0.0243902	0.768116	0.0213675	0.54386	0.0289855	2.54545	0.751004	35.1667	0.00330033	0.526316	3.5144	135.596	0.062963	9.55556	0.00330033	0.210526	0.0231481	10.3131	0.0235294	1.11667	0.0143369	0.010101	0.0380952	54.5938	
1824.88	SFG_L_7_5	32.1954	16.0244	0.263566	0.528455	0.371795	0.158249	190.492	47.5814	0	51.0397	0.171171	0.0625	0.0192308	0.0143678	0	0.243902	0	0	0	0.00320513	0.0222222	0.010101	0	0.0476191	0	1.23333	0.131313	0.0130719	0	0	0.00694444	0	0	0	0.0138889	0	0.00694444	0	0	0	0	0	0.00406504	0	0.0144928	0	0.0193237	0	0.0765027	0	0.0564103	0	0.770115	0	4.6381	0.222222	0.693694	0	45.1705	0.0638298	0.010582	0	0.0344828	0.0070922	19.6092	0.4	35.5397	17.8646	0.148148	0.0131579	0.136986	0	0.0484848	0	0	0	2.07576	0	2.04444	0	0.196347	0	0.5	0.0131579	0.103896	0	0.111111	0	0.029304	0	0.092827	0.0030581	0.0364583	0	0.162162	0	0.270042	0	0.383562	0.0030581	0.0675676	0	0.00340136	0	0.316667	0.00392157	0.021978	0.00383142	0	0.00680272	0	0.0121951	0	0	0	0.0121951	0	0	0	0.0203252	0	0	0	0	2.09048	0.0824742	4.25463	0.03367	0.0895522	0	0.887255	0.190972	0.808824	0.0315789	0.305936	0	0.676328	0.00512821	0	0	0	0	0.371429	0	0.25	0	1.2723	0.380435	2.5914	0.166667	1.76852	0.0659722	0.015873	0.112281	0.672131	0	0.0242424	0	0.0107527	0	3.51613	0.0425532	8.07843	0	0	0	0.0285714	0	18.086	0.003663	5.20968	0	26.548	0	0	0	0.045977	0.042735	0	0.227273	0	0.0718954	3.83333	12.8	20.6944	0.938272	0	0.0357143	0.040404	0.0125	0	0	0	0	0.174359	0.0187793	0.0384615	0	0.0692641	0	0.0231481	0	0.0769231	0.0346667	0.162037	0.0375	0.64	0.016835	2.24413	0	0.308333	0.0952381	0.0765027	0.0232558	40.6725	4.37662	0	0.091954	0.856061	0.120219	46.7531	22.0694	0.459016	0.0917431	1.01026	0.144781	1.90278	1.39744	25.8385	0.590278	0.0572917	0.0620155	109.509	8.81884	2.01709	1.03546	0.00833333	0	1.74286	0.837209	0.980392	0.0818713	0.079096	0	41.0882	5.60417	
1388.31	SFG_R_7_5	3.18803	45.08	1.15	0.0574713	0.100629	0.358333	8.09524	73.5784	51.0397	0	0.0396825	0.11828	0.00732601	0.00483092	0	0.0141844	0	0.0430108	0	0	0.0120482	0	0	0	0	0.238095	0.00254453	0.00483092	0	0.00980392	0.0120482	0	0.00606061	0	0.00401606	0	0.0138889	0	0.0070922	0	0	0	0	0	0	0	0	0	0	0	0.00250627	0	0.325203	0.369048	0.533333	17.7083	0.58156	0	42.4773	11.2193	0.00740741	0.0190476	0.0406504	0.517241	3.42754	5.93333	4.17424	58.069	0.0577778	0.0833333	0	0	0.0178571	0	0	0	0.0382514	0	0.0288462	0	0	0	0.00823045	0.0634921	0	0	0	0	0	0	0	0	0.00823045	0	0	0	0	0	0	0	0	0	0.004329	0	0.010101	0	0	0	0	0.0198413	0.0546448	0.0627451	0.0163934	0	0.216931	0.0470588	0.0140845	0	0.0222222	0.105691	0	0	0	0	0.26	0.28125	0.152941	0.0735294	0	0	0.00653595	0.234973	0	0	0.00340136	0	0	0	0	0	0	0	0	0	0	0	1.4375	3.38889	1.17021	4.46154	0.222222	0.161765	1.11594	0.407407	0	0	0	0	0.00628931	0	0.29932	1.17333	0.0243902	0	0	0	0	0	0.1375	0	0.0138889	0	0.198718	0	1.22764	0.010101	0.00716846	0.205128	0.00732601	1.02381	1.84028	0.305164	0.137255	20.0556	0.571429	40.7083	0	0	0.022831	0.00854701	0.00358423	0	0	0	0.0187793	0	0.00694444	0.0182648	0	0	0	0	0.00362319	0.0212766	0	0.025974	0.0673401	0.101852	0.0524345	0	0.0424242	0.00462963	0.0495495	0.0871795	0.487562	5.70303	0.592593	0.621212	0.0555556	0.27907	0.322917	30.8036	0.0246914	0.195767	0.0127226	0.0193237	0.115385	7.23188	0.219512	0.00749064	0	0.307018	0.873239	141.677	0.229167	13.1616	0.00438596	0.027027	0.0289855	8.23232	0.0394737	0.552845	0.0333333	0.00793651	0.388889	70.5625	
1077.63	SFG_L_7_6	43.0385	1.5614	0	6.40741	148.222	65.3821	0.00877193	0.487805	0.171171	0.0396825	0	6.08642	115.046	5.63768	0.037037	3.31532	0	0.00813008	0.469136	3.12925	0.390805	1.89116	0	0.0720721	0	0.00980392	0.224806	8.13889	0	0	0.0625	0	0	0.0569106	0.0406504	0	0	0.0555556	0	0.126984	0.003663	0.111111	0	0.0130719	0.015873	0	0.0243902	0.103448	0.0138889	0.115385	0.0666667	0	0	0	0.00970874	0.00757576	0.145455	0.0047619	0.0392157	0.0140845	0	0	0	0	3.03623	0.00980392	0.496124	0.0047619	0.414414	0.0440252	0	0	0	0	0	0	0	0	0	0	0	0.0277778	0.00823045	0.0115942	0	0.00469484	0	0	0	0.013468	0	0.00347222	0.0121951	0	0	0.00401606	0	0.0104167	0	0	0	0.00406504	0.00813008	0.00271003	0	0	0	0	0.00497512	0	0.575758	0	0.027027	0	2.14872	0	0.0593607	0	0.0903955	0	0	0	0	0	1.12667	0.00803213	0.0121212	0.0387597	0	0	0.00724638	0.00396825	0	0.0208333	0	0.0185185	0	0.046875	0	0	0	0.00555556	0	0	0	0	7.67333	0.238095	2.23404	0.00396825	1.22695	0.0649718	12.1418	0.077381	0	0	0	0	0	0	0.02589	0	0	0	0	0.00740741	0	0	0	0.0823529	0	0	0	0.017094	1.17054	0.0138889	4.1938	7.98333	31.0933	10.746	10.6452	0.0277778	2.61765	0.0952381	7.27778	0.037037	0.106667	2.01961	0.00387597	0.205128	0	0	0	0.00280112	0.00749064	0	0	0.168091	0	0.0112994	0	0	0	0.158192	0	0.0166667	0	0.0412979	0	0.0227273	0.574879	0	0.441441	0.0251572	4.09453	0.177778	6.08205	0	0.0133333	0.00813008	0.00970874	2.64286	0.0379747	0.304843	0	0.479885	0.0916667	0.653846	0	0.53913	0.02	0.0155039	0.0550162	0.0416667	0.047619	0.00550964	0.109453	0.00716846	0.040404	0	0.60199	0	0.0691057	0	0.0238095	0.0243902	
1342.1	SFG_R_7_6	7.07317	35.4762	7.53658	3.14035	133.457	186.789	0	0	0.0625	0.11828	6.08642	0	3.39683	35.5	0.219512	1.1	0	0	18.1667	0	0.637681	0.0119048	0	0.0520833	0	0	0.251572	0.0860215	0	0.25	0.231884	0.0909091	0.00497512	0.333333	0.0136054	0.0392157	0.00497512	0.208333	0	0.0707071	0	0.666667	0	0	0	0	0.00653595	0.0777778	0.0208333	0.208333	0.0070922	0	0	0	0	0.0229885	0.021978	0.0722222	0.0070922	0.0722222	0	0.00641026	0	0	0.0691824	1.40476	0.0112994	0.488372	0	0	0	0.0205128	0	0.00555556	0	0.015625	0	0	0.00387597	0.00595238	0	0.0462963	0.00387597	0	0	0.00238095	0	0.0252525	0	0.0361446	0	0.00823045	0	0	0	0	0	0	0	0.00877193	0	0.0200803	0	0	0	0	0	0.00401606	0	0.00952381	0.00490196	0.0380952	0	0	0.00854701	0.047619	0	0	0.0047619	0.0928962	0	0.00520833	0	0	0.021978	0.130952	0.0350877	0.0488889	0	0	0.00716846	0.0147059	0	0.0234742	0.00406504	0.0315315	0	0.0428571	0	0	0	0.0327869	0.00406504	0.0238095	0	0.021164	0.962963	14.0692	0.0314465	1.77778	0.0350877	0.448718	0.339623	11.2288	0	0.010929	0	0.00641026	0	0	0.0143369	0.0208333	0	0	0	0	0	0	0.00387597	0.0958904	0	0.0166667	0.00387597	0.0588235	0	1.44444	0.444444	25.0256	0.419355	138.579	0.0797101	3.09028	0.4	0.827586	0.0196078	2.62585	0.0151515	18.3333	0	0	0	0	0	0	0	0	0	0	0	0	0	0	0	0	0	0	0.00803213	0.0222222	0.021645	0.027027	0	0.012987	0	0.00289855	0.00628931	0.161905	0.0238095	0.10929	0	0.0281124	0.00628931	2.4	0.0222222	0.102564	0	0	0.00456621	0.520325	0	0.555556	0.00456621	0.262411	0.0289855	0.751938	0	0.242857	0.00462963	0.0873016	0.00456621	0.159204	0.00913242	0.0070922	0.00456621	0.0277778	0.00888889	0.546667	
4449.29	SFG_L_7_7	14.2619	0.527273	0.1	2.47917	458.989	83.5318	0.00641026	0.111111	0.0192308	0.00732601	115.046	3.39683	0	178.428	0.040404	2.02083	0	0	44.4638	11.6148	1.16667	5.17778	0	0	0	0	273.641	144.051	0	0	0.231884	0	0	0	0.935897	0	0.432099	0	0	0	96.2698	0.00900901	9.24691	0.00925926	2.8	0.111111	18.2889	62.3768	2.56061	0.018018	68.4	0.00236407	0	0	0	0	0.00888889	0	0.00444444	0.0352941	0	0	0	0	1.13492	0	0.0234742	0	1.00585	0.0112994	0	0	0	0.0138889	0	0	0.0902778	0.0138889	0	0.00564972	0	0.00275482	0.98	0.0112994	0	0	0	0.00555556	0	0.0136054	0	0.00347222	0.200913	0	0.0225225	0.00275482	0	0.00347222	0	0	0	0.00406504	0.155556	0.00421941	0	0	0.00358423	0	0.00865801	0	0.564444	0	0.0495495	0	3.53947	0	0.0751174	0	0.109589	0	0	0	0	0	0.1	0.0277778	0.00444444	0.00943396	0	0.00297619	0	0.0227273	0	0.00297619	0.0037037	0	0.0037037	0	0	0	0	0	0	0	0	0	1.82639	0.0350877	0.191358	0.0268199	0.902778	0.00884956	13.2339	0.0282486	0	0	0	0	0	0	0	0.0232558	0	0.00236407	0.609929	0	0	0	0.148148	0.0218579	0	0	0	0	26.7712	0.0192308	77.773	48.1318	208.387	2.84848	37.391	0.00740741	40.5833	0	41.9783	0.0320513	14.7976	0.293333	0.297778	0.0505952	0.444444	0	0.431111	0.00421941	0.0166667	0	0.662222	0.0393939	0.105263	0	0	0	0.217949	0.0565476	0.0512821	0	0.149123	0.0117994	0.00865801	0	0.747967	0	0.431925	0	4.91111	0.00917431	6.6758	0	13.4841	0.0952381	0.541667	0.276515	3.97619	0.157576	8.39456	0.545455	15.5667	0.0123457	0.552632	0.237237	13.8175	0.0952381	0.780488	0.0897436	0	0.019943	4.53488	0.0735931	1.67376	0.00411523	7.68148	0.00456621	5.19259	0.00456621	6.28571	0.0940171	
3699.04	SFG_R_7_7	0.0740741	0.261261	0.0199005	0.002849	100.056	255.632	0.00229885	0.0326797	0.0143678	0.00483092	5.63768	35.5	178.428	0	0.00497512	0.010101	0	0.00333333	30.3178	8.77193	0.555556	2.71212	0	0.00673401	0	0.01	73.6288	269.406	0	0	0.0449438	0	0.00252525	0.00877193	0.00508906	0.622222	0	0.229167	0	0.00326797	4.03101	48.6232	0.0997567	7.18182	1.68254	0.0138889	4.81746	13.6552	0.447619	3.61905	0.12	0.469136	0	0	0	0.00647249	0.0343137	0.00574713	0.0047619	0.0989583	0	0.0632184	0	0.00617284	0.0343137	0.136905	0.0144928	0.00724638	0.380952	0.219298	0.0311526	0.333333	0.257576	0.707602	0.0160256	0.292398	0.0526316	0.185654	0.3	0.113475	0.00869565	0.1	0.591549	0.502222	0	0.021645	0.0175439	0.717391	0	0.488636	0	0.0153846	0.0529101	0.12	0.00574713	0.23913	0	0.138462	0	0.00854701	0	0.07173	0	0.192029	0	0.86036	0.00275482	0.0162602	0	0.0530303	0	0.284553	0	0.00564972	0	0.260536	0.00694444	0.0141844	0	0.403292	0.0192308	0	0	0	0.0596491	0.773148	0.309028	1.36937	0	0.0187793	0.00358423	0.704225	0	0.261905	0.0161812	0.383562	0	0.267606	0	0	0	0	0	0	0	0.00628931	2.41228	14.0625	0.0107527	0.5	1.13043	13.3607	1.27778	17.1639	0	0	0	0	0	0	0.0343137	0.208955	0.0128205	0.31694	0.0119904	0	0.0197531	0	0.0962963	1.27706	0	0	0.00987654	0.00294985	0.0574713	6.67273	4.60317	88.0543	2.99206	28.5816	0.0632184	12.9943	0.0650406	0.184211	0.0689655	8.56111	4.15447	43.4561	0.030303	25.2756	0.0611621	11.9907	0.357576	6.83556	0.00479616	0.52381	0.615616	43.5571	0.0787879	0.473684	0	0.038961	0.459459	8.09091	0.0595238	7.44889	0.529595	4.44737	0.445545	1.52703	0.0565476	0.040293	0.00234742	0.0984849	0.0695652	0.604167	0.097561	1.87793	1	64.8571	0.0684524	4.3224	0.970588	43.9279	0.522388	116.512	0.0707071	9.36434	0.161538	76.9955	1.39837	18.0397	0.0194175	19.9127	0.0343643	0.61039	1.36667	31.7333	0.280236	2.67879	0.154062	1.86164	0.172222	4.8374	3.175	16.8915	
2394.99	MFG_L_7_1	0.0253165	0	38.7963	0.0789474	146.533	11.9667	0	0	0	0	0.037037	0.219512	0.040404	0.00497512	0	0.036036	3.33333	0	237.685	0.00254453	303.217	0	141.75	0	0	0	2.37333	0.00497512	0.0128205	0	137.303	0	39.6389	0	43.7083	0	9.22222	0	0.166667	0	0	0	0.0119048	0	0.00406504	0	0.00406504	0.00254453	0	0	0.358025	0	0	0	0.00628931	0	0.0208333	0	0.00628931	0	0.00900901	0	0	0	0.0892857	0	0	0	0.0348259	0.0030303	0.010582	0	0.0378788	0	0	0	2.49573	0	4.04651	0	0.0102564	0.0058997	4.75194	0.00606061	0	0	0.0227273	0	0	0.0119048	0	0	0.15625	0	0.00952381	0.0116959	0.00888889	0	0.0218579	0	0	0	0.0995025	0.00292398	0.00537634	0	0	0	0	0	0	0	0	0	0.00406504	0	0	0	0	0	0	0	0	0	0.121212	0	0.119403	0	0	0	0.0218579	0	0.020202	0	0.0343137	0	0.00505051	0	0	0	0	0	0	0	0	0	0.0208333	0.00784314	0.0701754	0	0.20098	0	0.00546448	0	0.0121212	0	0.00925926	0	0	0	0.0545455	0	0.0461538	0	0	0	8.45045	0	26.0238	0.00330033	0.0163934	0	3.54955	0	0	0	0	0.021645	0	0.00595238	0.00406504	0.0035461	0	0	0	0	0	0	1.41667	0.00165017	1.82353	0.0035461	1.65196	0	0.0405405	0	2.84804	0.00980392	0.236715	0	0	0	1.37089	0.00268817	0.25	0	0.507042	0.00326797	0.405797	0	0	0.00294985	0.0187793	0	0.0696517	0.00628931	0.290323	0.0141844	0.00813008	0	0.444444	0.0222222	0.0151515	0.030303	3.0597	0.0232558	2.7193	0.021164	2.71144	0.0342679	2.25439	0.0104167	0.387755	0.0187793	0.0526316	0.0238095	0.35	0	1.14379	0.015873	2.28205	0.0141844	2.03333	0	1.5614	0.03125	
6938.33	MFG_R_7_1	47.8699	0.507937	35.254	912.123	10.3798	341.306	0.0555556	7.10606	0.243902	0.0141844	3.31532	1.1	2.02083	0.010101	0.036036	0	0	24.5833	0	207.278	0.0396825	299.035	0	352.651	0	187.762	0.010101	5.57576	0	119.154	0.0387597	58.7778	0	137.603	0.00775194	71.7692	0	128.938	0	116.25	0	0	0	0.826667	0	0	0	0.0108401	0	0	0.00769231	2.13636	0	0.782051	0	28.9444	0.0674157	4.36667	0.0658915	3.91667	0	9.63333	0	29.6667	0.0224719	0.030303	0	0.455782	0.00869565	0.0630631	0.00333333	0.715151	0.0440252	1.22917	0.00990099	1.07879	0.00943396	0.252381	0.0408805	0.52381	0	4.02222	0.0233918	0.220721	0	3.77161	0.003003	1.21667	0	2.25758	0.0031746	0.321637	0.00564972	0.101449	0.00282486	0.368687	0.0031746	2.11696	0	0.366667	0	0.764103	0	0.521739	0.046875	0.00241546	0	0.134409	0	0.0047619	0	0.0224719	0	0.00647249	0	0.0187266	0	0	0	0.0265152	0.00990099	1.39286	0	1.30189	0.118519	1.59314	0.102837	2.80282	0	1.72222	0.029304	4	0	8.44	0.00641026	3.27333	0	6.03401	0	1.34641	0	2.56667	0	2.18367	0	2.13333	0.126812	5.69524	0.027027	0.0163934	0.131086	0.971831	0.0888889	0.42381	0	0.432432	0	0.0496454	0	0.522523	0.0486891	4.2906	0.00757576	0.625	0	0	0.00493827	7.67778	0.0203562	23.8966	0	1.18391	0.00813008	18.5172	0.00374532	0	0.00308642	0	0.989583	0.0285714	0	0.0337553	0.364583	0	0.00308642	0	0	0	0.0386473	0.570776	0	0.0140845	0.00241546	0.106667	0.057971	0.014652	0.00763359	0.402778	0.00254453	0.0833333	0	0.047619	0.00483092	2.19111	0.0311111	0.315556	0.0124611	0.774775	0.012987	0.514286	0.00606061	0.0888889	0	0.0189394	0.0740741	14.2976	0	0.0590717	0.00884956	0.0283688	0.0861423	99.9804	0.0575758	1.09459	0.0305344	15.3889	0.0343137	0.909091	0.0333333	38.0182	0.00847458	0.157407	0.254682	9.00952	0.00374532	0.373737	0.00564972	0.0462963	0.0429043	1.36559	0.0176991	0.0212766	0.0337079	0	0.03125	5.04167	
1516.95	MFG_L_7_2	0.0322581	0	56.8133	0	12.4744	0	0.182796	0	0	0	0	0	0	0	3.33333	0	0	0	0	0	28.3922	0	187.292	0	29.9804	0	0	0	144.362	0	48.9365	0	63.8533	0	0	0	15.9231	0	33.3611	0	0	0	0	0	0	0	0	0	0	0	0	0	6.26923	0	0.0537634	0	0.176471	0	0.00877193	0	0.367816	0	90.4762	0	0	0	0	0	0	0	0.0273224	0	0	0	0	0	0.364341	0	0.372093	0	0.427673	0	0.257576	0	1.59877	0	0.0496454	0	0	0	0.045977	0	0	0	0.0913979	0	2.39181	0	1.08333	0	0.021164	0	0	0	0	0	0.0114943	0	0	0	0	0	0	0	0	0	0	0	0	0	0.14	0	0.553333	0	0.565217	0	0	0	1.81481	0	1.68182	0	1.14493	0	0.00537634	0	3.51449	0	0.111111	0	0.166667	0	1.5942	0	0	0	0	0	0	0	0	0	0	0	2.31532	0	0.0111111	0	2.59167	0	3.10569	0	0	0	0	0	0.042735	0	2.20952	0	0.0574713	0	7.80952	0	0	0	0	0	0	0	0	0	0	0	0	0	0	0	0	0	0	0	0	0	0	0	0.00512821	0	0	0	0	0	0.00456621	0	0	0	0	0	0	0	0	0	0	0	0	0	0	0	0	0	0	0	0	0	0	0	0	0	0	0	0	0	0	0	0	0	0	0	0	0	0	0	0	0	0	0	
1326.81	MFG_R_7_2	0.234848	0	0.148148	11.3086	0	1.35965	0	3	0	0.0430108	0.00813008	0	0	0.00333333	0	24.5833	0	0	0	0	0	1.10256	0	113.458	0	48.3043	0	0.0245614	0	65.3044	0	0.962963	0	26.4667	0	2.31034	0	19.7126	0	51.0247	0	0	0	0.0421053	0	0.0035461	0	0.003367	0	0	0	0.00952381	0	9.95062	0	24.5694	0	8.52688	0	3.13333	0	4.71264	0	142.478	0	0	0	0.00775194	0	0.0811966	0	0.0169492	0	0.125	0	0.0225989	0	0.197368	0	0.0229885	0	0.0722222	0	0.324786	0	2.64407	0	0.00617284	0	1.70531	0	0.254237	0	0.0933333	0	0.0133333	0	3.47458	0	0.0903955	0	0.703125	0	0.685185	0	0	0	0.222222	0	0	0	0.0142857	0	0	0	0.0187793	0	0	0	0.0142857	0	0	0	0	0	2.9037	0.0030581	2.00725	0	2.35659	0	7.82171	0	21.2273	0	12.6667	0	14.7536	0	0	0	0.0218579	0	0.687075	0	0.00546448	0.0138889	0.912037	0	0	0.0030581	0.310185	0	0.0555556	0	5.45714	0	0	0	1.5	0	7.74074	0	0.00406504	0	0	0	0.156863	0	1.12381	0	0.0263158	0	0.362745	0	0	0	0	0	0	0	0.0273973	0	0	0	0	0	0	0	0	0	0	0	0	0	0	0	0.00289855	0	0.00865801	0	0.35	0	0.038961	0	0.00289855	0.0113636	0.0495495	0.00416667	0.0185185	0	0.00416667	0	0.00416667	0	0.275362	0	0.0502283	0	0	0	3.35714	0	0.021978	0	0.366667	0	0.00724638	0	3.07801	0	0	0	0	0	0	0	0	0	0.00416667	0	0.003003	0	0	0	0	
2075.14	MFG_L_7_3	0.0530303	0	0.135417	0	194.045	61.1395	0	0.00330033	0	0	0.469136	18.1667	44.4638	30.3178	237.685	0	0	0	0	0.15873	55.1765	0.150794	0.0133333	0	0	0.00275482	238.314	0.51938	0	0	1.72222	0	0.0166667	0.00641026	0.846154	0.0261438	0.0987654	0.0196078	0	0	0	0.00680272	1.60256	0	0	0	0.00438596	0.148148	0.0246914	0	105.54	0.0128205	0	0	0	0	0	0	0	0.00766284	0	0	0	0	0.0327869	0	0	0	0.141975	0.00529101	0	0.00606061	0.0296296	0.00564972	0	0.00606061	0.31746	0.00884956	0.166667	0.00282486	0	0.0030303	0.259259	0.00793651	0	0	0.00775194	0.00564972	0	0.0058997	0	0	0.107843	0	0.0238095	0	0	0.00326797	0	0	0	0	0.1	0	0.016129	0	0	0	0	0	0	0	0.0047619	0	0	0	0.00653595	0	0	0	0	0	0	0	0.119792	0.0106383	0.0531401	0.003003	0	0	0.00520833	0.00401606	0	0	0.0392157	0.00660066	0	0.0037037	0	0	0	0	0	0	0	0	0.0769231	0.00297619	0.0517241	0.00401606	0.0619048	0.030303	0.0386473	0.00273224	0	0	0	0	0	0	0	0.00766284	0.00254453	0	0.0518519	0	0.31746	0	1.01471	0	0	0	0.147287	0	0.0701754	0	0.123457	1.87805	0.0769231	0	0.0701754	0	0.0155039	0	0.0530303	0	0	0.00606061	0.107981	0.115152	0.126761	0	0.12037	0	0.0234742	0	0.277778	0.10303	0.135135	0	0	0	0.164502	0.0855457	0.037037	0.0030303	0.162037	0.00326797	0.152381	0.00308642	0.0377358	0.00917431	0.123457	0	0.193939	0	0.642424	0.00653595	3.80488	0.0296296	0.152542	0.0283019	0.141975	0.18018	1.72316	0.269697	7.31667	0	0.474178	0.258258	6.89431	0.0227273	0.788618	0.0155039	0.0520833	0.0271318	1.91057	0.0213675	2.06383	0.0037037	4.73643	0.00653595	4.00758	0	3.45833	0.0271318	
2576.83	MFG_R_7_3	0.0155039	0	0.0171569	0.125	8.75887	134.812	0.0057971	0.0206186	0.00320513	0	3.12925	0	11.6148	8.77193	0.00254453	207.278	0	0	0.15873	0	0.0909091	245.667	0	0.0140351	0	0.00350877	0.241975	340.722	0	0	0.0681818	16	0.00430108	1.17949	0.015873	51.1159	0	4.18519	0	0.010101	0	0	0.0469136	23.2	0.0124378	0	0.0124378	0.0247934	0	0	0.0625	13.3188	0	0	0	0.0297619	0	0.0714286	0.00340136	0.218579	0	0.0378788	0	0	0	0	0	0.004329	0.0243902	0.0462963	0.0308642	0.41358	0.168224	1.79739	0.0185185	0.388889	0.0297619	0.829787	0.222222	0.314465	0.0151515	0.195238	0.117816	0.173516	0	0.0375587	0.0540541	0.31694	0.00287356	0.653153	0.0126984	0.0508475	0.019774	0.0333333	0.019774	0.052381	0.00961538	0.155556	0.00311526	0.0218579	0	0.0779221	0	0.0984849	0.00248756	0.084507	0	0.0155039	0	0.0114943	0	0.0398551	0	0	0	0.040293	0.00231481	0	0	0.0622711	0.0224359	0.0248756	0	0	0.0602837	0.625	0.390071	1.7027	0	0.03125	0	0.461538	0.0035461	0.368159	0.010101	0.39726	0	0.119048	0	0	0	0.0535714	0.00311526	0	0	0.117284	0.844203	2.96759	0	0.0102564	0.791209	3.27315	0.602996	0.259259	0	0.0112994	0	0.0151515	0	0.021164	0	0.444444	0.0151515	0.729167	0.00469484	0.00694444	0.0147059	1.73333	0.0606061	8.78873	0	0.0555556	0.00490196	0.425287	0	0	0	0.0227273	0	0	0	0.128889	0	0	0	0	0	0	0.0244648	6.52511	0.030581	0.305556	0.0969697	0.582222	0.0149254	0.0231481	0.246914	5.96759	0.037037	0.251142	0	0.0128205	0.183486	6.28	0.0275229	1.56164	0.217949	2.04	0.261168	0.560185	0.0454545	0.0208333	0.00462963	0.0437158	0.0769231	0.115942	0.00907029	0.182222	0.0687023	25.0175	0.0825688	4.90556	0.37069	8.44595	0.293532	46.1691	0.0444444	1.64103	0.135897	21.1598	0.675214	12.6491	0.00980392	8.53846	0.00505051	0.0495495	0.649573	17.982	0.16369	0.413043	0.106771	0.541667	0.0959596	1.44737	0.824561	6.81667	
3917.18	MFG_L_7_4	0.341667	0.00416667	18.7101	0.0238095	160.32	7.86364	0.125	0	0.0222222	0.0120482	0.390805	0.637681	1.16667	0.555556	303.217	0.0396825	28.3922	0	55.1765	0.0909091	0	0.0209974	135.741	0	0	0	20.0588	0.0859375	1.35556	0	544.733	0.00740741	16.4902	0.00666667	128.64	0.00666667	3.74667	0.00666667	0.0617284	0	0	0	0.0310078	0	0.00813008	0	0.00813008	0.0128205	0	0	19.9649	0.00262467	0.00952381	0	0.17284	0	0.103448	0	0.050505	0.00833333	0.0686275	0	0.050505	0	0.355556	0	0.030303	0.00416667	1	0.0383481	0	0.003367	1.11628	0.0251572	0.0185185	0.0126984	19.9917	0.0244648	5.56911	0.0233333	0.0225989	0.0339506	7.95238	0.0501475	0	0	0.150794	0.0471698	0.014881	0.0917431	0	0	1.18905	0	0.284314	0.0397554	0.00877193	0	0.0677966	0.0030581	0.00913242	0.0123457	1.21739	0	0.113725	0	0.0241546	0	0	0	0.0103093	0.00236407	0.0730594	0	0.00833333	0.00529101	0	0	0.00888889	0.00236407	0.0185185	0.00292398	0	0	1.75253	0.137255	1.30882	0.0114943	0.0204082	0	0.112821	0.0123457	0.158974	0	0.373134	0	0.0343137	0	0	0	0	0.00350877	0.00628931	0	0	0	0.41791	0.306202	0.262295	0.0193798	0.769608	0.0870871	0.0601093	0.0625	0.149425	0	0	0	0.0070922	0	0.195402	0.00833333	1.21256	0	0.259259	0	44.6786	0	53.4271	0.0356234	0.373563	0	12.0917	0	0.00724638	0	0.0454545	0.00406504	0.0454545	0	0.0531401	0.0291005	0.0155039	0	0.0542636	0	0	0.00584795	4.14976	0.100917	4.21739	0.0106383	6.15714	0.0137741	0.685185	0	14.6762	0.116208	3.89048	0.00524934	0.144279	0	5.78704	0.0855457	1.18056	0.00606061	7.48826	0.0487805	4.16425	0	0	0.188791	0.15493	0.025641	0.439614	0.0727273	3.37879	0.0566038	1.88889	0.0376812	7.27119	0.159159	0.0617284	0.378378	43.1961	0.342183	48.0855	0.0308123	19.2899	0.510703	38.2222	0.0202899	20.6124	0.0112045	0.504274	0.17193	3.01149	0.00374532	19.1083	0.0646259	32.4833	0.0319149	25.45	0.0104987	33.4414	0.11	
