data	data	3382.91	5531.46	4871.35	2794.56	14839.9	9001.8	4702.61	3021.57	2906.21	3714.73	2078.05	1587.07	8101.09	4205.79	6985.51	3311.49	3264.43	2847.4	6306.69	2157.19	3338.52	3087.45	3661.74	2149.61	4305.24	2724.16	9907.28	5085.59	780.87	2306.87	1149.93	1119.62	1096.82	3118.63	3176.87	1762.38	1176.74	3170.65	2339.67	2245.02	1214.16	1144.13	2065.23	2488.76	2306.68	2319.4	4332.94	2907.32	2145.23	1707.32	2772.01	2220.73	3149.81	2960.44	3199.54	2833.08	6240.53	2510.37	4868.66	4244.24	1356.83	1767.59	2564.39	2580.68	601.438	1482.5	554.883	1640.23	6595.89	5215.06	2604.2	1994.73	2008.06	2065.08	2472.39	2387.33	2678.51	4132.62	4111.17	1495.65	3011.25	1935.72	5668.92	6380.92	2452.77	3506.17	2954.35	2525.22	4899.16	1875.76	3399.14	2496.08	4558.7	1747.08	5398.49	2397.77	1492.6	3937.85	1527.26	1648.54	4905.48	2664.44	6728.05	7233.18	7493.35	6273.89	5936.74	5327.47	1559.56	1833.81	1962.16	2933.73	1488.44	2597.2	2884.57	1344.2	2503.83	1355.17	2607.75	897.665	2376.68	949.667	2110.55	1199.04	2786.71	4333.69	1706.38	4629.08	1661.98	811.284	2232.06	2403.04	2871.59	2529.79	3972.99	6161.06	5109.42	5752.98	2079	2435.69	5068.96	2801	5484.4	3107.52	2190.84	2219.08	1417.99	2888.76	646.782	1634.77	3383.45	4777.97	930.682	1598.94	2926.13	2461.54	933.674	678.935	2215.88	2303.71	4318.09	4203.61	1140.32	1251.18	1818.92	1288.67	2876.19	671.204	5743.66	3478.82	991.664	413.487	3132.04	783.132	367.631	867.149	1051.71	2596.27	1053.58	757.63	1912.61	3295.24	729.544	555.749	547.584	1066.04	1641.48	1188.64	3734.07	4232.92	10192.9	5303.98	9624.75	5055.79	3616.6	4135.45	16037.6	8462.71	9434.36	3990.05	4154.34	3252.45	11198.1	7700.39	5698.17	6028.95	6685.17	7011.28	1696.23	4404.99	3372.26	2434.31	3958.99	4857.9	11779.1	9181.29	11339.5	8607.76	5423.04	5806.72	8672.19	11252.4	8574.29	10083.1	9228.9	6307.54	4545.83	5085.5	6870.3	12405.6	4914.6	5099.26	10206.9	4224.19	5215.3	2742.94	5340.63	3728.15	7140.92	4708.47	7072.09	5246.64	5682.19	3303.02	8838.21	5724.9	
data	data	SFG_L_7_1	SFG_R_7_1	SFG_L_7_2	SFG_R_7_2	SFG_L_7_3	SFG_R_7_3	SFG_L_7_4	SFG_R_7_4	SFG_L_7_5	SFG_R_7_5	SFG_L_7_6	SFG_R_7_6	SFG_L_7_7	SFG_R_7_7	MFG_L_7_1	MFG_R_7_1	MFG_L_7_2	MFG_R_7_2	MFG_L_7_3	MFG_R_7_3	MFG_L_7_4	MFG_R_7_4	MFG_L_7_5	MFG_R_7_5	MFG_L_7_6	MFG_R_7_6	MFG_L_7_7	MFG_R_7_7	IFG_L_6_1	IFG_R_6_1	IFG_L_6_2	IFG_R_6_2	IFG_L_6_3	IFG_R_6_3	IFG_L_6_4	IFG_R_6_4	IFG_L_6_5	IFG_R_6_5	IFG_L_6_6	IFG_R_6_6	OrG_L_6_1	OrG_R_6_1	OrG_L_6_2	OrG_R_6_2	OrG_L_6_3	OrG_R_6_3	OrG_L_6_4	OrG_R_6_4	OrG_L_6_5	OrG_R_6_5	OrG_R_6_6	OrG_R_6_6	PrG_L_6_1	PrG_R_6_1	PrG_L_6_2	PrG_R_6_2	PrG_L_6_3	PrG_R_6_3	PrG_L_6_4	PrG_R_6_4	PrG_L_6_5	PrG_R_6_5	PrG_L_6_6	PrG_R_6_6	PCL_L_2_1	PCL_R_2_1	PCL_L_2_2	PCL_R_2_2	STG_L_6_1	STG_R_6_1	STG_L_6_2	STG_R_6_2	STG_L_6_3	STG_R_6_3	STG_L_6_4	STG_R_6_4	STG_L_6_5	STG_R_6_5	STG_L_6_6	STG_R_6_6	MTG_L_4_1	MTG_R_4_1	MTG_L_4_2	MTG_R_4_2	MTG_L_4_3	MTG_R_4_3	MTG_L_4_4	MTG_R_4_4	ITG_L_7_1	ITG_R_7_1	ITG_L_7_2	ITG_R_7_2	ITG_L_7_3	ITG_R_7_3	ITG_L_7_4	ITG_R_7_4	ITG_L_7_5	ITG_R_7_5	ITG_L_7_6	ITG_R_7_6	ITG_L_7_7	ITG_R_7_7	FuG_L_3_1	FuG_R_3_1	FuG_L_3_2	FuG_R_3_2	FuG_L_3_3	FuG_R_3_3	PhG_L_6_1	PhG_R_6_1	PhG_L_6_2	PhG_R_6_2	PhG_L_6_3	PhG_R_6_3	PhG_L_6_4	PhG_R_6_4	PhG_L_6_5	PhG_R_6_5	PhG_L_6_6	PhG_R_6_6	pSTS_L_2_1	pSTS_R_2_1	pSTS_L_2_2	pSTS_R_2_2	SPL_L_5_1	SPL_R_5_1	SPL_L_5_2	SPL_R_5_2	SPL_L_5_3	SPL_R_5_3	SPL_L_5_4	SPL_R_5_4	SPL_L_5_5	SPL_R_5_5	IPL_L_6_1	IPL_R_6_1	IPL_L_6_2	IPL_R_6_2	IPL_L_6_3	IPL_R_6_3	IPL_L_6_4	IPL_R_6_4	IPL_L_6_5	IPL_R_6_5	IPL_L_6_6	IPL_R_6_6	PCun_L_4_1	PCun_R_4_1	PCun_L_4_2	PCun_R_4_2	PCun_L_4_3	PCun_R_4_3	PCun_L_4_4	PCun_R_4_4	PoG_L_4_1	PoG_R_4_1	PoG_L_4_2	PoG_R_4_2	PoG_L_4_3	PoG_R_4_3	PoG_L_4_4	PoG_R_4_4	INS_L_6_1	INS_R_6_1	INS_L_6_2	INS_R_6_2	INS_L_6_3	INS_R_6_3	INS_L_6_4	INS_R_6_4	INS_L_6_5	INS_R_6_5	INS_L_6_6	INS_R_6_6	CG_L_7_1	CG_R_7_1	CG_L_7_2	CG_R_7_2	CG_L_7_3	CG_R_7_3	CG_L_7_4	CG_R_7_4	CG_L_7_5	CG_R_7_5	CG_L_7_6	CG_R_7_6	CG_L_7_7	CG_R_7_7	MVOcC	MVOcC	MVOcC	MVOcC	MVOcC	MVOcC	MVOcC	MVOcC	MVOcC	MVOcC	LOcC_L_4_1	LOcC_R_4_1	LOcC_L_4_2	LOcC_R_4_2	LOcC_L_4_3	LOcC_R_4_3	LOcC_L_4_4	LOcC_R_4_4	LOcC_L_2_1	LOcC_R_2_1	LOcC_L_2_2	LOcC_R_2_2	Amyg_L_2_1	Amyg_R_2_1	Amyg_L_2_2	Amyg_R_2_2	Hipp_L_2_1	Hipp_R_2_1	Hipp_L_2_2	Hipp_R_2_2	BG_L_6_1	BG_R_6_1	BG_L_6_2	BG_R_6_2	BG_L_6_3	BG_R_6_3	BG_L_6_4	BG_R_6_4	BG_L_6_5	BG_R_6_5	BG_L_6_6	BG_R_6_6	Tha_L_8_1	Tha_R_8_1	Tha_L_8_2	Tha_R_8_2	Tha_L_8_3	Tha_R_8_3	Tha_L_8_4	Tha_R_8_4	Tha_L_8_5	Tha_R_8_5	Tha_L_8_6	Tha_R_8_6	Tha_L_8_7	Tha_R_8_7	Tha_L_8_8	Tha_R_8_8	
3382.91	SFG_L_7_1	0	172.365	284.985	28.6822	48.1783	26.8116	125.767	5.45185	31.2955	8.75969	33.3939	7.91667	12.36	1.44809	0.386364	3.28986	0.864198	0.0392157	0.00888889	0.129252	0.111111	1.12994	22.2267	0.123188	10.4667	2.59574	1.78136	0.327957	0.78125	0	0	0.0022831	0	0.0203252	0.0862069	0.00456621	0.601852	0.0240964	23.5882	0.0240964	0	0	0	0.72043	0.09319	0	1.75627	0	0.0262172	0	0	0.138889	0.017316	0.00396825	0.00980392	0.348485	0.409836	0.170455	0.463277	1.53409	10.1429	0	3.17647	0.0117647	0.597701	1.50667	0.344828	0.474074	1.68444	0.0196078	0.00416667	0	2.37143	0	0	0	0.0894309	0	0.0114943	0	0	0	1.69444	0.0862745	0	0	0.011236	0	0.978193	0	0	0.0030581	2.03427	0.002331	0.0873786	0	0	0	0	0	0.12945	0	0.410494	0.0523416	0.32381	0.592593	0.275081	0.0117994	0	0.00833333	0	0.0437158	0	0.046832	0	0.00456621	0.0273973	0	0	0	0	0	0	0	10.2796	1.16312	3.37619	0.278912	0.0365297	0	1.22951	0.761905	1.10294	0.0496454	2.73973	0.0625	4.79167	0.04811	0	0	0	0	0.817778	0	0.00505051	0	15.0625	0.561224	2.85859	1.64744	18.0797	0.10356	4.73984	1.02667	0	0	0	0	0	0	0.508197	0.849817	3.92537	0	0	0	0.210526	0	9.90541	0	4	0	24.7469	0	0.121212	0.0714286	7.17143	3.12403	0.154589	0.034188	0.91195	0.204082	6.23684	0.0185185	21.7619	0.595745	0.0606061	0	1.70833	2.13415	0.398374	0.00483092	0.0864198	0.00611621	1.13043	0.366667	3.44726	0.00486618	4.85281	0	0.00411523	0	0.907173	0.0122324	0.235043	1.58943	0.685446	0.062963	0.276316	0.0842105	0.00456621	0.19209	0.244444	0.0804598	34.4	6.18182	19.2857	0.0241546	0.731183	0.047619	77.8472	7.31061	0.904762	0.192157	1.94265	0.0744681	9.72222	17.3917	19.5952	0.518116	3.92308	0.0757576	172.258	0.120098	7.23656	0.239875	8.56364	0.0153257	54.5088	0.0561404	44.6488	0.00374532	42.8276	0.00555556	97.7833	0.0864198	
5531.46	SFG_R_7_1	172.365	0	77.3259	121.261	54.3406	168.931	100.052	256.324	72.2148	108.216	11.062	127.902	1.64683	8.71667	1.01307	10.5873	2.63768	8.31183	0.315217	0.0388889	0.0315315	0.348837	14.2868	0.416667	46.2727	50.7821	0.520249	0.118519	0	25.5833	0	0.00775194	0.0238095	5.03922	0.0235294	0	0.0535714	3.17172	0.28	47.1111	0	0	0.0421456	0.280899	0.00934579	0	0.37963	0.00584795	0.00694444	0	0.124031	0.0492424	0.0883534	0.375	6.29078	0.666667	1.84091	0.0625	3.51311	0.568421	0.1	0.372549	0.0320513	17	0.0205128	1.10476	0.262411	0.20904	0.4	0.0909091	0.0113636	0.864198	0.0115942	0.214286	0	1.11515	0.00555556	0.385714	0.00277778	0.578947	0	2.32804	0.422481	0.617778	0	0.734375	0	4.10753	0.0952381	0.117216	0.00243309	0.208333	0.643411	0.0982906	0.0166667	1.33333	0	0.0726496	0.00243309	0.747475	0.0280112	2.33333	0.05	0.411765	0.350427	0.105072	0.0308123	0.310861	0	0.134503	0	0.252427	0	0.265372	0	0.288136	0.0114943	0.105556	0	0.00606061	0	3.44809	0	0.67284	0.916667	2.625	0.111111	1.54795	0.00716846	0.035461	0.681159	0.549296	0.573477	1.49537	0.421986	3.86937	0.397004	4.07306	0	0.0851064	0	0.120567	0.173913	0.281046	0.027451	0.203704	0.398148	4.21429	0.16092	0.992593	0.704301	0.874214	0.156863	15.6389	0	0.00740741	0	0	0.0104167	0.174242	1.03704	0.765027	0.100358	0.301282	0	0	0.156863	0.0877193	0.6	4.60648	0.057971	0.525253	0.559259	3.21505	0.0952381	1.2	11.5909	11.7037	0.0151515	1.9537	0.0333333	1.35965	0.0200803	15.7071	0.297872	0.833333	0	0.0380952	2.2125	4.01852	0.3	0.0205761	0.0641026	0.101626	0.454545	0.686275	0.720539	0.0380952	0.553191	0	0	0	0.448845	0.196787	0.859438	1.37662	0.151203	0.166667	0.0622711	2.98667	0.597884	7.79825	0.130719	0.198068	19.0303	126.544	2.18293	0.861111	0.151235	1.20741	21.3447	415.919	0.439103	3.2585	1.33333	1.31081	1.41667	51.1613	1.60227	90.5333	1.1746	41.1619	34.0588	105.333	2.24419	2.12381	1.29583	0.0765027	8.4686	34.3429	5.8408	10.5463	4.29114	1.41905	19.8452	77.9074	
4871.35	SFG_L_7_2	284.985	77.3259	0	14.1407	295.128	24.0851	252.763	1.83333	0.113269	3.21591	1.48718	15.5366	0.020202	0.266667	70.7333	1.78472	17.12	0.054902	1.11429	0.00383142	2.8	0.0155039	191.444	0.0452675	85.7879	1.20139	1.13978	0.00479616	2.25	0	1.1828	0.0022831	7.52222	0.0203252	0.797619	0.0106667	19.9192	0.0200803	92.3737	0.0528455	0	0	0	0.00623053	0.0681004	0	1.14695	0	0.025	0	0.0555556	0	0.495238	0.0198413	0.0320513	0.91954	0.42328	0.436782	0.42328	2.05682	24.1471	0	8.54545	0.027451	0.0388889	0.233766	0.0169492	0.0590717	1.32468	0.027451	0.383966	0	6.91667	0	0.0855856	0	0.861789	0.00392157	0.56746	0	0.0253623	0	1.45679	0.0627451	0	0	0.174074	0	3.57778	0	0.00333333	0.00925926	4.55864	0.002331	1.2386	0	0.00333333	0	0.00775194	0	0.599327	0	1.25617	0.0583333	1.11712	1.02881	1.43197	0.0214067	0	0.00555556	0	0.0444444	0	0.0472222	0	0	0.027027	0	0	0	0.0456621	0	0.00641026	0	4.17949	1.29787	2.56164	0.28866	0.333333	0	1.60847	0.731884	1.28169	0.0631579	6.42793	0.0673759	10.6574	0.0567376	0.0047619	0	0.00246914	0	2.63111	0	0.131313	0	0.990868	0.346801	0.403226	0.202128	0.0444444	0.0673077	0	0.113208	0.0153846	0	0.157576	0	0.845771	0	1.8408	1.18889	10.7745	0	0.0344828	0	9.02991	0	45.9518	0	11.4925	0	88.1021	0	0	0	0.691667	1.12195	0	0.0512821	0.015625	0	0.015873	0.00877193	0	0.0992908	0	0	3.09009	2.9465	6.93416	0.00966184	2.69547	0.00647249	1.96135	0.570833	27.2025	0.002849	25.9394	0	0.00411523	0	10.4167	0.0183486	0.495833	2.3252	1.50813	0.012945	0.434211	0.0912281	0.0260417	0.258621	0.204444	0.0784314	32.3932	11.5568	9.25146	0	0.451613	0.0311526	147.985	13.0076	2.98734	0.164706	8.14583	0.0567376	7.43716	6.87407	27.6766	0.608696	5.68376	0.0383142	157.537	0.0784314	5.67196	0.157233	4.81287	0.0114943	35.2339	0.0458333	27.7143	0	24.5056	0	77.8667	0.0650406	
2794.56	SFG_R_7_2	28.6822	121.261	14.1407	0	14.6963	124.255	3.68027	36.6875	0.416667	0.44697	0.813953	0.01	0.116105	0.0179211	0.0719697	329.852	0.348148	14.4524	0.093633	0.0694444	0.0128205	0.761905	12.6439	13.24	4.74074	57.5667	0.0666667	0.0431373	0	61.716	0	13.6282	0	61.1111	0.0162602	4.30864	0.0119048	44.0278	0.0448718	17.9167	0	0	0	0.185606	0	0	0.037037	0	0.00724638	0.00775194	0.0277778	0.0736434	0.00396825	0.0487805	0.287356	0.379845	0.241379	0.188406	0.583333	0.519774	0.0125786	0.040404	0	0.5	0	0.350282	0.00505051	0.254237	0.0413223	0.120773	0.00387597	0.0333333	0.0125786	0.0406504	0	0.0333333	0.00634921	0.217593	0.0031746	0.0454545	0	0.142157	0.0543478	0.58216	0	0.025974	0	0.31401	0.0523416	0.367816	0	0.0613027	0.0909091	0.164557	0.00280112	0.674699	0	0.0541667	0	0.136986	0.0112994	0.592105	0.0136612	0.295455	0.0745614	0.00913242	0.0141243	0.0620155	0	0.00207039	0	0.0169492	0	0.019774	0	0.00564972	0	0.00207039	0	0	0	0.111111	0	0.030303	0.0666667	5.48792	0.0250896	1.92857	0.00383142	0.0185185	0.111111	2.12745	0.0769231	2.07619	0.0962963	3.22685	0.130268	4.49765	0	0.00606061	0	0.00606061	0.0524345	0.0308642	0.00387597	0.0388889	0.00833333	0.019943	0.0030581	0.333333	0.00268817	0.00569801	0.00277778	0.00569801	0.00396825	0.0992908	0	0	0	0.0851064	0.159091	0.553672	0.0258621	0.418301	0	0	0.00854701	1.92754	0.197802	8.16908	0.0143678	0.546099	0.249084	6.69048	0	0	0	0	0	0	0.003663	0	0	0	0.00529101	0	0	0	0.350649	1.50952	0.0409357	0.0164609	0.0146199	0.00823045	0.0745614	0.0909091	0.138298	0.0126582	0.144928	0	0	0	0.0673759	0.0205761	0.1125	0.226667	0.0233333	0.0164609	0.0070922	2.82407	0.0833333	0.309524	0.0147059	0.0923077	2.75194	11.6667	0.180556	0.866667	0.0183486	0.188406	3	73.4867	0.0367647	0.686275	0.190476	0.484496	0.0416667	30.7143	0.578231	24.7065	0.0606061	32.402	3.72868	58.9099	0.260536	1.33333	0.0609756	0.198198	0.59009	29.381	0.456989	23.6381	0.2625	6.02	1.47849	52.8824	
14839.9	SFG_L_7_3	48.1783	54.3406	295.128	14.6963	0	247.723	0.627832	0.812734	0.368254	0.875	320.643	70.8741	787.617	158.652	579.149	0.27907	15.7407	0	550.494	5.36364	84.3563	3.27778	59.7083	0.00387597	0.673469	0.0117647	128.049	15.3403	0.474747	0	12.3	0	44.6222	0.00732601	141.931	0.156028	50.1414	0.0263158	62.3333	0.0205761	0.0105263	0	14.75	3.25333	0.159864	0.16092	2.36054	0.82716	0.0833333	0.00550964	120.988	0.829787	0.460317	0	0.147436	0.0871212	0.720588	0.0206186	0.431373	0.42803	1.7076	0	0.494792	0	0.0969697	0.265918	0.0849673	0.0509804	5.21519	0.149533	3.173	0	4.73333	0	0.74026	0	2.45727	0.00775194	5.15294	0	0.275362	0	4.06522	0.184	0	0.00250627	1.28205	0	4.39667	0.00490196	0.00666667	0	5.26537	0.0333333	5.37193	0.00245098	0.00666667	0	0.0925926	0	1.61111	0	0.749236	0.00980392	1.86222	0.0240964	4.20486	0.00490196	0	0	0	0.00275482	0	0.00275482	0	0	0.0666667	0	0	0	0.486486	0	0	0	10.919	1.45	13.0173	0.761006	3.47222	0.00273224	4.76812	0.57971	7.57658	0.0183486	30.864	0.0204678	21.5	0.0114943	0.122549	0	0.153153	0	6.60526	0	1.40104	0.00297619	7.45175	2.03595	0.8	0.757576	3.39583	0.894081	5.59259	0.40264	0.282828	0	0.833333	0	6.26368	0.00542005	9.91542	0.378788	5.16444	0.00245098	1.5619	0.00275482	80.3547	0	98.616	0.0163934	13.4935	0	51.0526	0.00469484	1.80874	0.00606061	60.5122	99.8788	24.7287	0.05	16.8944	0.102837	4.32738	0	0.217687	0.0178571	29.6569	2.05405	8.46053	0.447154	48.2634	0.0241546	42.3833	0.039604	2.59524	0.021645	136.121	0.0181818	76.3882	0.00854701	0.012987	0	91.963	0.0335917	3.78333	0.731707	22.4228	0.27044	3.36287	0.0703704	0.0966184	0.0600601	1.59671	0.236915	38.9844	3.96255	46.5556	0.077957	2.33688	0.179487	327.457	5.13483	44.6287	0.495868	145.88	0.175595	256.215	0.557692	134.478	0.447447	261.742	0.131783	254.865	0.114286	7.32883	0.417445	84.5758	0.0925926	121.425	0.197279	203.627	0.057971	191.173	0.0736842	259.078	0.212766	
9001.8	SFG_R_7_3	26.8116	168.931	24.0851	124.255	247.723	0	2.46296	3.54444	1.26374	3.43889	87.3481	249.333	60.034	426.778	29.9236	59.8	10.8367	0.184524	2.26797	241.36	1.99291	61.8551	44.4242	12.1235	0.131783	0.315789	1.84444	62.7246	0.0340136	33.3214	0.0340136	41.2593	0.74	110.77	0.134615	51.9048	0.733333	80.4023	0.973856	8.76344	0.010582	0.015873	0.00401606	1.57724	0.00520833	0.0165017	0.148718	0.171171	0.00990099	0	0.0428571	8.45977	0.132353	0.244444	0.600733	5.35519	0.874074	3	1.58608	1.91667	0.0972222	1.48428	0.464646	0.695906	0	1.85938	0.00724638	0.768817	0.621993	0.611111	0	4.51429	0.00282486	1.02151	0	5.97183	0.00564972	3.12698	0.00456621	1.8252	0.029703	0.795455	0.139159	5.81301	0	0.682171	0	2.95736	0.0416667	6.06667	0.0057971	2.12879	0.18638	1.77652	0.327044	5.62724	0	1.9186	0.0533333	1.35227	0.23676	4.63258	0.0045045	11.8419	0.311688	0.394928	0.0978593	3.23221	0	0.193333	0	5.38333	0	5.62	0	0.027451	0.0208333	0.0111111	0	0.00362319	0	0.367089	0	0.25974	0.761905	35.1507	0.25	13.0178	0.0179211	11.3889	0.252747	20.4352	0.243728	20.7072	0.953405	10.6261	0.207407	18.0044	0.0548523	0.0509259	0.0576132	0.0904762	0.0824373	0.038961	0	6.89706	0.267442	0.569444	0.021097	3.14141	0.0982906	0.402985	0.046729	1.40984	0.017094	10.1443	0	0.938272	0.20614	13.8259	0.518519	31.3088	0.0409357	1.87923	0	0.0347222	2.80272	16.3021	3.83673	97.3146	0.0699588	4.18056	0.606383	29.477	0	0.020202	28.7879	24.7037	0.711111	0.0123457	0.111111	0.290323	0.0776699	0.00574713	0.025641	0.014652	1.82222	0.395833	1.17695	3.67982	2.75084	0.162698	0.816667	4.0763	0.189873	0.309524	6.43878	1.0119	2.38488	0.119342	0.00289855	0.183521	5.41751	10.7068	0.378601	0.683544	0.603333	10.1626	0.025641	10.7149	0.305164	2.0963	0.302083	0.495495	8.58621	30.8502	4.05907	10.1159	0.177489	15.2273	26.8693	189.516	2.27778	5.27381	4.34021	49.6926	13.3833	197.45	4.12281	254.169	9.55191	168.508	14.3373	110	0.910891	3.7197	6.51351	24.4729	7.01802	88.1628	12.3646	125.411	12.303	75.9583	13.2514	136.717	
4702.61	SFG_L_7_4	125.767	100.052	252.763	3.68027	0.627832	2.46296	0	27.305	417.376	64.4697	0.27451	1.29825	0.0416667	0.19	0.164103	2.57823	0.935897	1.59864	0.0560748	0.0674157	0.429379	0.202247	10.6522	0.0569106	74.5556	15.2057	1.33333	0.058642	0.421569	0.00416667	0.0282486	0.0148148	0	0.147287	0.247126	0.0492424	2.92793	0.174419	16	0.251572	0	0	0	0.119266	0.0769231	0	1.15751	0.00215054	0.0362319	0.00330033	0.00611621	0.0246914	1.65657	0.115385	45.7083	1.53488	4.40123	0.957854	6.63522	3.30303	8.2451	0	6.41414	0.576923	0.376543	2.68027	0.0225989	4.05556	0.691589	0.0634921	0.587571	0	1.27928	0.00383142	0.205128	0	0.0298507	0.00392157	0.377049	0.00766284	0.00925926	0.00793651	1.59502	0.31746	0	0.0396825	0.146465	0.004329	4.68254	0	0.00641026	0.0154321	6.42056	0.004662	0.72	0.0567376	0	0.031746	0.00401606	0.0396825	0.663399	0.121569	1.87346	0.101928	0.558824	3.34568	1.39542	0.0176991	0	0.00854701	0	0.0874317	0	0.0936639	0	0.00456621	0.0140845	0	0.00529101	0	0.0641026	0.004329	0.00641026	0.00483092	3.08743	1.31183	0.328704	0.217544	0.0375587	0	1.97701	1.03943	0.637681	0.0815603	3.5	0.0902778	5.78241	0.12766	0.00694444	0	0	0	2.18667	0.0386473	0.153005	0	0.210784	0.371134	0.58046	3	0.113095	0.175258	0.017094	1.70068	0.0333333	0.00775194	0	0	0.0780142	0	3.12281	1.68132	11.9701	0	0.0112994	0.00330033	0.812865	0	16.9867	0.0107527	11.2059	0.00289855	42.6	0.0246914	0.0930233	2.10853	0.25	0.125	0	0	0.140625	1.86364	0.144928	1.50407	0.0151515	3.17829	0	0	8.29437	6.94239	0.49187	0.0497512	0.0562249	0.0100251	4.33831	1.8	4.62821	0.00987654	5.69231	0.00763359	0.00411523	0	1.40506	0.0626566	1.79747	5.5122	0.363248	0.0350877	0.177778	0.136842	2.14634	0.195402	0.226337	0.313492	124.726	16.803	3.68852	0.0111111	0.677536	0.356902	141.449	19.5265	1.47843	1.0119	2.26217	0.770609	3.64848	8.29545	87.4314	1.48913	0.475	0.244898	331.321	1.05039	16.006	0.604361	0.984848	0.0536398	38.7561	0.204545	9.14198	0	8.00505	0.0172414	121.983	1.08667	
3021.57	SFG_R_7_4	5.45185	256.324	1.83333	36.6875	0.812734	3.54444	27.305	0	45.0148	233.15	0.0842912	0.0633333	0.0797101	0.34359	0.0390071	1.14167	0.117647	9.05556	0.0688406	0.45	0.00396825	0.38983	0.164706	1.15278	3.34752	150.333	0.0378788	0.117949	0	4.72917	0	0.0681818	0.00406504	4.575	0.00784314	0.0225989	0.00314465	3.91919	0	41.5152	0	0	0.0153257	0.555556	0	0	0	0.0047619	0	0	0.0268199	0.144444	0.219858	1.59375	3.63265	104.143	0.965517	0.045045	4.61438	1.15556	0	0.989583	0.00641026	18.7273	0.0588235	0	7.78014	0.0416667	0.00959233	0.00574713	0.00378788	1.1358	0	0.180952	0	1.5	0	0.290476	0	0.77381	0	1.81481	0.00472813	0.506667	0	0.920635	0	3.97312	0.00258398	0.0804598	0	0.715356	0.00945626	0.0720721	0	1.26471	0	0.295699	0	0.753846	0	2.29744	0	1.24183	0.105485	0.0842105	0	1.08519	0	0.0384615	0	0.954693	0	0.983819	0	0	0	0.00287356	0	0	0	3.25683	0	0.753086	0.16	1.21622	0.0217391	1.17333	0.00694444	0.0272109	0.194139	0.0921053	0.150538	0.846847	0.0877193	8.67111	0.046595	6.84889	0	0.0797101	0	0.106383	0.0280702	1.04861	0.00378788	0.226415	0.0268817	0.0194444	0.0444444	0.0108401	0.0437158	0	0.0212766	0.00564972	0	0.0144928	0	0	0	0.177778	0.337037	0.185185	0.00258398	0.1	0	0	0	0.231638	0	4.37778	0	0.153846	0.00258398	15.4118	0	0	0	0	0	0	0	0	0	0	0.0648148	0	0	0	0.637131	0.560185	0	0.00396825	0.00194932	0.365854	0.210526	0.134328	0.00194932	0.0540541	0.0451389	0	0	0	0	0.678715	0.248996	0.307692	0.0043573	0.861789	0.0043573	5.26754	0.309942	8.76068	0.00719424	0.0208333	7.03788	78.6026	0.010101	0.0130719	0	0.118519	6.89394	244.61	0.00959233	0.460905	0.148148	2.66667	0.146119	0.416667	0.304029	93.4952	0.00483092	0.010101	5.14981	2.52564	0.252747	1.45098	0.00784314	0	0.342342	0.585859	0.0588235	0.0808081	0.0711111	0	0.234973	2.51961	
2906.21	SFG_L_7_5	31.2955	72.2148	0.113269	0.416667	0.368254	1.26374	417.376	45.0148	0	105.876	0.0784314	0.047619	0.033033	0.0914454	0.0277778	0.35249	0.0285714	1.92517	0.012012	0.0486891	0.0163934	0.148148	0.0540541	0.0189394	0.652778	20.3972	0.593407	0.0401235	0.017094	0.0112994	0.00546448	0.011236	0	0.131783	0.0107527	0.0262172	0.0416667	0.0957854	0.188034	0.226415	0	0	0	0.0764526	0.0296296	0	0.378277	0.003367	0.00740741	0	0.0030581	0.00917431	0.196078	0.22	36.2925	2.2449	3.12346	0.363636	37.9796	1.64015	0.0740741	0	0.411765	0.784314	0.493056	2.69388	28.3235	15.8943	0.338028	0.0313726	0.0582011	0	0.03125	0	0.00483092	0	0	0.00392157	0.042328	0	0	0.00793651	0.637681	0.178571	0	0.0569106	0.0205128	0.004329	0.492212	0	0.00320513	0.0123457	1.02469	0.00350877	0.0882353	0.0531915	0	0.031746	0	0.0396825	0.100324	0.12549	0.244648	0.0307329	0.280193	1.53252	0.182692	0.00884956	0	0.00900901	0	0.0273973	0	0.0273973	0	0.00900901	0	0	0	0.00456621	0.00483092	0.004329	0	0	3.35088	0.56383	0.0952381	0.118056	0.00320513	0	1.47368	0.43617	0.418079	0.045614	0.662281	0.0625	0.653153	0.128205	0	0	0	0	0.416667	0.0490196	0.0107527	0	1.80303	0.678571	2.78095	3.36601	2.08148	0.346939	0.701754	2.09722	0	0	0	0	0.0141844	0.00392157	2.23214	0.818841	0.905724	0	0	0	0.0215054	0	0.978633	0.035461	0.888889	0.00289855	2.26368	0.0208333	0.174603	3.16279	0.175	0.161905	0	0	0.148148	2.76296	3.17778	1.33333	9.50725	4.14729	0	0	6.66239	3.56911	0.128514	0.0547264	0.0117647	0.0116279	3.44279	0.933333	0.375	0.0124378	0.641026	0.00501253	0	0	0.18107	0.0323383	1.5654	2.8755	0.17094	0.0233918	0.0684932	0.0868056	4.40833	0.0977011	0.137037	0.152941	95.9086	7.72285	1.31313	0.0502283	0.382979	0.248299	89.3194	9.2397	0.788618	0.6	0.966292	0.492908	4.73333	0.293333	25.6465	0.938406	0.106667	0.214286	182.856	0.830918	16.5111	0.330128	0.661616	0.0481928	25.7117	0.0816327	3.89937	0.00749064	4.56667	0.0114943	60.5	0.926667	
3714.73	SFG_R_7_5	8.75969	108.216	3.21591	0.44697	0.875	3.43889	64.4697	233.15	105.876	0	0.0842912	0.0659722	0.0265152	0.333333	0.0175439	0.333333	0.257937	4.05208	0.0116959	0.5	0.00396825	0.581921	0.305556	0.117647	5.06667	20.8846	0.0163399	0.179487	0	0.412698	0	0.0289855	0	1.09756	0	0.039548	0	0.611111	0.002331	4.46667	0	0	0	0.590164	0	0	0	0.0045045	0	0	0	0.20339	1.53333	13.8817	15.0652	112.57	7.7619	0.0416667	30.2014	62.8963	0.004662	0.148148	0.00641026	9.16162	0.80303	21.3778	41.237	129.778	0.0245098	0.0858586	0.00392157	0.10303	0	0.0196078	0	0.202381	0	0.0343137	0	0.107143	0	0.322917	0.0147059	0.195556	0	0.171875	0	0.62963	0	0.034188	0	0.632959	0.00486618	0.0416667	0	0.178744	0	0.0869565	0	0.0871795	0.00243309	0.246154	0	1.12418	0.132479	0.207018	0	0.940741	0	0.0355987	0	0.893204	0	0.906149	0	0	0	0.00287356	0	0	0	0.462366	0	0.0484848	1.80357	0.762887	0.142473	0.8	0.0217391	0	0.441948	0.324201	0.32971	0.363636	0.148936	5.57895	0.0860215	4.44298	0	0.0144928	0	0.0222222	0.0491228	0.163265	0.00392157	0.0123457	2.79532	1	2.30496	18.9792	3.51786	0.00952381	1.46939	12.2604	0.0694444	0.191919	0	0	0.0128205	0.0666667	2.39506	0.358423	0.00877193	0.00584795	0	0	0	0.186441	0.0116959	2.5614	0.00877193	0	0.00877193	9.06536	0.057971	0.0107527	0.102564	0.162393	0	0.0333333	0.0864198	0.045045	0.117647	9.23077	2.36957	17.7368	0	0.0136054	1.50211	5.27451	0.003367	0.0156863	0	0.386179	0.777778	1.06965	0.003367	0.0674603	0.0315789	0	0	0	0.003367	0.686992	0.554217	0.890351	0.0322581	0.898374	0.0043573	3.53247	0.559524	11.906	0.0196078	0.11985	14.8217	160.543	0.00505051	0.040404	0.00462963	0.924242	15.3566	307.93	0.0364963	3.52778	0.0292398	3.03659	0.271429	5.27161	0.511111	45.6042	0.132184	1.08081	10.2299	46.3155	2.04444	25.2727	0.166667	0.0451389	1.67213	10.125	0.0597015	0.40404	0.196347	0.00574713	2.6092	44.7879	
2078.05	SFG_L_7_6	33.3939	11.062	1.48718	0.813953	320.643	87.3481	0.27451	0.0842912	0.0784314	0.0842912	0	34.8034	37.0698	11.2993	13.4483	0.0470588	5.53571	0	0.642857	1.90909	1	1.32716	13.0513	0	0.210145	0	0.635417	1.48428	0.00775194	0	0.53125	0	8.49462	0	0.144144	0.0178571	3.60417	0	6.70833	0	0.00813008	0	0	1.21429	0.0549828	0	0.645833	0.0308642	0.0353535	0	0.0438596	0.157576	0.0537634	0	0.00980392	0.00392157	0.183333	0	0.122549	0.0228758	0.235632	0	0.152778	0	0.0653595	0.021978	0.0694444	0	1.329	0.0226537	0.734177	0	0.843621	0	0.192982	0	0.28839	0.00323625	1.01961	0	0.0869565	0	0.918518	0.0275482	0	0	0.21978	0	0.57732	0.00245098	0.003663	0	0.847222	0.00275482	0.870175	0	0.003663	0	0.0217391	0	0.266667	0	0.0642202	0.004662	0.00653595	0.00217865	0.59375	0.002331	0	0	0	0	0	0	0	0	0.022831	0	0	0	0.150685	0	0	0	3.40796	0.760943	4.27556	0.23	0.384977	0	0.806763	0.0512821	0.578704	0.0031746	3.37838	0.0031746	1.50685	0	0.0547264	0	0.0483092	0	0.743243	0	0.0268817	0	4.34391	0.816667	0.119792	0.498316	4.45355	0.112179	4.09195	0.534722	0.0322581	0	0.122807	0	1.0796	0	1.68159	0.0198413	0.28692	0	0	0	2.23207	0.0045045	4.30833	0.004662	2.91139	0	5.11688	0.00469484	0.0802469	0.113636	12.7281	6.13953	3.36364	0.953704	5.45402	0.164706	3.77193	0.206349	0.22963	0.0178571	1.93939	0.0571429	0.30137	0.0562249	3.67083	0.0111111	1.33745	0.0286738	0.0190476	0.00347222	8.49167	0.0193798	7.48291	0	0.00444444	0	4.55556	0	0.0291667	0.0487805	2.06751	0.200758	0.452991	0.0581395	0.030303	0.003003	0.380952	0.0358127	6.93989	0.280303	9.3	0.0149813	0.34375	0.0228758	40.5172	0.417625	3.1039	0.0666667	8.08439	0.0320513	18.8485	0.0289855	16.1802	0.09	31.548	0.0187266	28.3889	0.0162602	0.430556	0.117647	12.3099	0.0057971	29.4596	0.0660066	30.4561	0.0141844	33.6778	0.0105263	45.127	0.0561056	
1587.07	SFG_R_7_6	7.91667	127.902	15.5366	0.01	70.8741	249.333	1.29825	0.0633333	0.047619	0.0659722	34.8034	0	9.26829	121.238	6.82171	0.01	2.01709	0	0.373016	0.0133333	0.642276	0.0912698	13.3684	0	1.63889	0	0.22549	0.242424	0	0	0.0555556	0	0.373016	0	0.0697674	0	0.333333	0.0810811	0.565891	0	0	0	0	0.0627451	0	0	0.0135135	0	0.00462963	0	0	0.25	0	0	0	0.00350877	0.00877193	0	0.0131579	0.0163399	0.0121212	0	0.00546448	0	0	0.0125786	0.0128205	0.00653595	0.28866	0.0120482	0	0	0.0070922	0	0	0	0	0.00383142	0	0	0.003367	0	0.0339506	0.0449438	0	0	0	0	0.0564972	0	0	0.003663	0.0903955	0.00749064	0.0057971	0	0	0	0	0	0.0057971	0	0.0254237	0.015015	0.00378788	0	0.00869565	0.0177305	0	0.0156863	0	0.00900901	0	0.00900901	0	0.0436508	0.0141844	0.00740741	0	0	0	0	0	0	0.060241	0.0321285	0.0271318	0.0324074	0	0	0.0162602	0.00456621	0	0.00555556	0.329545	0.0126582	0.0894309	0.0144928	0	0	0	0	0.0753968	0	0.00383142	0	0.103604	0.953216	0.0128205	0.248485	0.155251	0.934524	0.0273224	5.61818	0	0	0	0	0	0	0.0126582	0.00641026	0.0258621	0	0	0	1.1147	0.00952381	1.60573	0.0160643	0.0172414	0	0.363296	0.00617284	0	0.234568	15.447	19.1938	0.345238	2.97297	0.015873	1.30864	0.00282486	0.173611	0.0491803	0.0530303	0.0243902	1.01587	0.111111	0.0727969	1.10638	0.0170068	0.319588	0.050505	0.0238095	0.00396825	2.79928	0.0510204	1.18478	0	0	0	2.21277	0.0798611	0.00374532	0.024055	0.239583	0.0491228	0.0187266	0.00421941	0	0.0185185	0.108772	0.0232558	1.38554	0.378007	1.41152	0.916667	0.0128205	0.125786	11.058	0.987342	0.942652	0.120567	1.86022	0.533333	0.835897	4.78125	1.99251	1.55556	2.09231	2.56667	6.22564	2.14167	0.17037	0.015873	2.12444	0.160714	2.01389	1.94167	4.05556	1.45528	3.46377	0.3	4.95767	3.22222	
8101.09	SFG_L_7_7	12.36	1.64683	0.020202	0.116105	787.617	60.034	0.0416667	0.0797101	0.033033	0.0265152	37.0698	9.26829	0	168.773	152.473	0.0411985	0.0196078	0	462.667	10.0465	20.4568	9.69333	0.00584795	0	0.0294118	0	434.889	129.765	0	0	0.72381	0	0.619048	0.0329218	76.1548	0.219858	3.95238	0.0641026	0.00980392	0.00271003	147.767	3.58333	18.5357	11.04	0.0261438	10.0523	5.50794	43.8163	23.9242	0.733333	116.605	1.52778	0.0454545	0	0.0379747	0	0.0571429	0	0.0319149	0.00680272	0.0268817	0	0.0196078	0	0.0121212	0.0390071	0.034188	0	0.964286	2.48677	0.0383142	0	0.0620155	0	0.011236	0	3.33333	0.42623	1.05882	0	0.0031746	0	0.620253	1.80423	0	0.00250627	0.0322581	0	0.121795	0.00980392	0	0.00243309	0.453488	0.025641	0.0759076	0.00490196	0	0.00243309	0.00584795	0	0.0352564	0	0.0550459	0.0245098	0	0	0.0550162	0.00729927	0	0	0	0.0091954	0	0.0091954	0	0	0.0160643	0	0.0030581	0	0.00406504	0	0	0	0.891775	0.0654206	1.30864	0.269113	0.268519	0.00273224	0.138528	0.0868056	0.791111	0.0058997	2.28205	0.00877193	0.973333	0.0138889	0	0	0.00456621	0	0.209402	0	0.109375	0.00297619	1.02439	0.501558	0.0456621	0.0486111	3.61458	0.543689	12.7957	0.706215	0.0289855	0	0.0182648	0	0.183099	0.00542005	0.380282	0.0070922	0.0240964	0.00490196	3.22764	0.108696	0.714286	0.00900901	8.38889	0.0530973	0.00292398	0	0.0176991	0.0138889	3.38333	0.149425	38.2051	111.746	82.2326	0.608187	31.2881	0.688889	25.6939	0.045977	1.83761	0.00628931	120.203	14.8636	3.67521	0.0196078	5.26423	0.00990099	15.0167	0.0866667	0.0128205	0	18.6667	0.0646259	5.10833	0	0	0	8.77642	0.0364583	0.0155039	0.0465116	3.79675	0.634752	0.611814	0.231061	0.00469484	0.019774	0.325397	0.15534	7.20896	0.431159	11.2969	0.0909091	33.4286	4.14545	42.2439	0.666667	15.4167	10.1887	90.9939	0.278287	113.523	1.01481	13.7342	0.681992	103.985	0.34127	65.8696	0.13468	2.2265	0.069697	23.1637	0.315476	18.0071	0.17803	52.3972	0.17037	48.966	0.162791	81.3864	0.249084	
4205.79	SFG_R_7_7	1.44809	8.71667	0.266667	0.0179211	158.652	426.778	0.19	0.34359	0.0914454	0.333333	11.2993	121.238	168.773	0	34.2292	0.241135	0.0653595	0.0222222	13.5933	14.1235	0.057971	17.3095	0.12766	0.00555556	0.0123457	0.0564972	94.0486	41.1984	0	0.0350877	0	1.37931	0.0188679	0.904762	0.04	2.3	0.0503145	4.72043	0.0484848	0.154762	0.701389	34.7381	0.00653595	9.50575	0.0416667	0.0124611	33.0192	8.50877	0.414414	1.91304	0.037037	13.2299	0	0.02	0.037037	0.661458	0.0691824	0.671717	0.109034	0.421569	0	0.255556	0	0.1	0	0.3	0	0.0588235	0.14	0.569697	0	1.74886	0	0.360544	0	2.59459	0	1.42636	0	0.902439	0	0.307407	0.00653595	2.07364	0	0.298851	0	1.42424	0	2.08844	0	0.5	0.00347222	0.536667	0	2.05208	0	0.80303	0	0.488889	0	1.52963	0	3.29	0	0.0902778	0	0.88172	0	0.0416667	0	1.04487	0	1.125	0	0.0168776	0.00340136	0.00421941	0	0.00505051	0	0.191667	0	0.153846	0.050505	9.24444	0.0250627	6.47368	0	4.2968	0.0358423	5.53778	0.026936	6.82222	0.109034	3.32479	0.0122324	9.04386	0	0.0416667	0	0.0462963	0.0037037	0.0166667	0.00383142	2.74396	0.0366667	0.566667	0	0.619048	0.0404984	2.06011	0.0653595	5.14035	0	5.39706	0	0.321637	0	6.03431	0.0510204	13.7238	0.00383142	0.466667	0.00326797	0.03125	0.198347	1.13333	0.255556	30.8559	0	1.74222	0.0267857	2.72917	0.004329	1.29885	18.6512	97.0909	4.57692	4.33333	0.15	4.75595	0.0915033	0.33908	0.00766284	0.05	14.5455	84.1167	0.0927835	1.27848	0.426554	1.0625	0.228986	3.31727	0.0187266	0.0892019	0.801724	3.62651	0.318584	0.108333	0	0.222222	0.58908	8.78313	0.00441501	0.108434	0.24058	5.38956	0.0628931	5.50427	0.00550964	0.00469484	0.0833333	0.153153	1.39431	2.82353	1.95781	4.00483	1.52308	15.9621	0.865591	21.7374	1.72487	8.28916	0.672515	46.5702	7.93333	67.2481	0.51952	109.59	8.06557	37.8939	1.1573	16.442	0.220472	0.575758	2.48291	15	2.67196	8.17816	5.07936	25.1812	4.48529	26.4965	5.75556	14.0682	
6985.51	MFG_L_7_1	0.386364	1.01307	70.7333	0.0719697	579.149	29.9236	0.164103	0.0390071	0.0277778	0.0175439	13.4483	6.82171	152.473	34.2292	0	0.014652	7.29167	0	601.8	0.141844	271.288	0.397163	326.316	0	0.169492	0	56.2564	0.581699	0.0555556	0	14.6538	0	26.4103	0	155.423	0.035461	28.2051	0.00444444	9.07143	0	0	0	2.04301	0.0849673	0.0124611	0	0.228758	0.0864198	0.00600601	0	29.5444	0.120567	0.184685	0	0.0123457	0	0.079602	0	0.0152905	0.0141844	0.675926	0	0.328947	0	0.00628931	0.0248227	0	0.0035461	0.537255	0.0373563	0.363636	0	0.748971	0	0.0657895	0	3.38519	0.00787402	1.4856	0	0.0573477	0	1.48797	0.0551181	0	0	0.299625	0	3.23	0	0	0	3.33968	0.0101781	2.55678	0	0	0	0.014652	0	0.594502	0	0.672956	0	0	0	2.14184	0	0	0	0	0	0	0	0	0	0.00396825	0	0	0	0.0438596	0	0.00246914	0	0.733333	0.0672783	1.34979	0.11215	1.47887	0	0.574879	0.0596491	5.65278	0.00490196	18.2844	0.00236407	16.2222	0	0.00325203	0	0.0229008	0	3.89189	0	1.51323	0	0.781893	0.285256	0.0163934	0.03125	0.299517	0.271845	0.604167	0.190476	0.0757576	0	0.411111	0	0.914141	0	1.58209	0.004662	8.13333	0	0.0612245	0	110.373	0	76.1472	0.00245098	2.69841	0	22.6444	0	0.042328	0	2.38889	15.1481	5.5	0.00877193	2.31148	0.0138889	0.312169	0	0.00740741	0	4.93333	0.0243902	1.55411	0.0120482	31.5443	0	22.6624	0.00231481	0.0123457	0	84.6581	0.0138889	49.9827	0	0.018018	0	55.9451	0.00769231	1.19231	0.0196078	22.6111	0.0685358	3.10823	0.0160256	0	0.0057971	0.107143	0.0746667	3.14872	0.139785	4.68229	0.0155039	0.183007	0.0283019	76.5225	0.198582	20.7595	0.117188	85.3728	0.0268817	44.8815	0.0441767	38.5865	0.0806452	39.0833	0.021978	52.5778	0.0231481	1.33333	0.039039	11.8679	0.0148148	8.32796	0.0100251	25.3475	0.0137741	25.8299	0.00826446	32.4015	0.0280702	
3311.49	MFG_R_7_1	3.28986	10.5873	1.78472	329.852	0.27907	59.8	2.57823	1.14167	0.35249	0.333333	0.0470588	0.01	0.0411985	0.241135	0.014652	0	0.0658436	38.1667	0.0411985	82.7692	0.00803213	87.6	0.477273	261.111	2.46099	62.9753	0.0192308	0.0425532	0	123.2	0	47.4722	0	128.769	0.0121951	23.4133	0.00595238	90.76	0.00595238	23	0	0	0	0.0187266	0	0	0.00934579	0	0	0.00775194	0.015873	0	0	0.0406504	0.206897	0.460317	0.187739	0.177778	0.440613	0.0698925	0	0.0217391	0	0.219298	0	0.0388889	0.00537634	0.0376344	0.00735294	0.0437158	0.00387597	0.0388889	0	0.0329218	0	0.05	0	0.0759494	0	0.050505	0	0.112745	0.0117647	0.1875	0	0.0260417	0	0.196078	0.00537634	0.77907	0	0.585366	0.00847458	0.142322	0.00268817	0.803213	0	0.134146	0	0.179167	0	0.606061	0	2.34752	0.0444444	0.0151515	0.00537634	0.883534	0	0.0381944	0	1.46181	0	1.47917	0	0.00564972	0	0	0	0	0	0.0909091	0	0.0308642	0.040293	5.84314	0.0217391	2.20098	0.00383142	0.0188679	0.0777778	2.38806	0.0549451	2.10784	0.0143369	3.04286	0.029304	4.27053	0	0.00606061	0	0.00606061	0.00701754	0.0314465	0.00387597	0.0347222	0.00268817	0.00550964	0.0030581	0.026455	0.00268817	0	0	0	0	0.0869565	0	0	0	0.0567376	0.130268	0.20915	0.00282486	0.293333	0	0	0.0042735	3.33333	0	9.52451	0.00282486	0.423611	0.00564972	8.11111	0	0	0	0	0	0	0	0	0	0	0	0	0	0	0.182222	1.0381	0.014245	0.0037037	0.002849	0	0.0526316	0.0410256	0.014245	0.00378788	0.00387597	0	0	0	0.014245	0.00512821	0.0458333	0.144144	0.00862069	0.0776256	0	2.61033	0.0156863	0.153439	0.0047619	0.0923077	1.75969	8.0787	0.0156863	0.0833333	0.00925926	0.0606061	1.56977	77.845	0.0171569	0.468085	0.082397	1.79775	0.0196078	7.05072	0.0561798	27.7313	0.011236	12.8431	2.14729	31.4211	0.118519	0.847619	0	0.398148	0.142276	7.55882	0.0416667	5.95098	0.0493827	1.04386	0.275	24.1176	
3264.43	MFG_L_7_2	0.864198	2.63768	17.12	0.348148	15.7407	10.8367	0.935897	0.117647	0.0285714	0.257937	5.53571	2.01709	0.0196078	0.0653595	7.29167	0.0658436	0	0	15.16	0.00724638	97.9167	0	243.536	0	160.526	0.0136054	0.430108	0	101.667	0	52.3768	0	75.7971	0	5.09524	0	12.3067	0	105.347	0.00584795	0	0	0	0	0	0	0.0567376	0	0	0	0.436782	0	37.2133	0	9.93651	0.015873	6.20833	0.0117647	0.323232	0.126984	10.9	0	164.087	0	0	0	0	0	0.198113	0.00333333	0.0710382	0	1.39583	0	0.0491803	0	0.312925	0	0.373737	0	0.770492	0	2.41333	0.00666667	0.0217391	0	0.104762	0	6.17391	0	0.1	0	3.6748	0	55.8021	0	0.0444444	0	6.2381	0	52.1198	0	0.471154	0	0.00505051	0.030303	12.7626	0	0	0	0	0	0	0	0	0	0.00505051	0	0	0	0.0125786	0	0.00724638	0	0	0.0740741	0	0.003663	2.30081	0	1.27027	0.0222222	1.11628	0	2.73709	0.0113636	22.5854	0.00520833	7.72973	0	18.6325	0	2.82424	0	0.015873	0	0	0.00647249	0	0	0.0045045	0.00647249	0	0	12.6237	0	0	0	38.5051	0	23.2667	0.0509804	3.00433	0	0	0	2.45238	0	14.1142	0	3.28241	0	23.9583	0	0	0	0.0196078	0	0	0.00877193	0	0	0	0	0	0	0	0	0.150235	0.125541	3.62162	0	1.17117	0	0.047619	0.017316	10.3874	0	8.94977	0	0.00653595	0	4.52703	0	0.00421941	0.105485	0.791111	0	0.0266667	0.00260417	0.0854701	0	0.0225225	0	1.86222	0.690196	0.71345	0	0.0319149	0	74.7391	0.870588	1.24537	0.01	3.92593	0.00273224	0.317073	0.311828	12.7514	0.0340909	0.283333	0	9.43333	0	0.0892019	0.00823045	0.466667	0	1.17284	0	1.38462	0	1.16364	0	3.47967	0	
2847.4	MFG_R_7_2	0.0392157	8.31183	0.054902	14.4524	0	0.184524	1.59864	9.05556	1.92517	4.05208	0	0	0	0.0222222	0	38.1667	0	0	0	0.0185185	0	0.0808081	0	95.1867	0.729167	200.068	0	0.00520833	0	199.613	0	0.604167	0	17.2346	0	0.245614	0	3.48889	0	102.115	0	0	0	0.0357143	0	0	0	0.00520833	0	0	0	0.00865801	0.0136054	16.1605	0.29078	26.4167	0.027451	4.08889	0.106918	0.225806	0	1.27778	0	247.59	0	0	0.070922	0	0	0	0	0.509804	0	0.775956	0	0.617284	0	0.382514	0	1.59887	0	19.4568	0.00392157	1.08458	0	17.5948	0	8.52941	0	0.656716	0	0.883041	0.0162602	0.166667	0	8.84444	0	18.1569	0	15.1579	0	21.4971	0	0.371429	0.00483092	0.0143369	0	0.0666667	0	0.00330033	0	0.0510204	0	0.0408163	0	0	0	0	0	0	0	6.74	0	1.62791	0.0444444	1.03865	0	0.704762	0	2.15315	0.00438596	0.198068	0.00666667	3.15504	0	1.88095	0	71.9744	0	17.9123	0	41.8633	0	89.6838	0	0.130081	0	0	0.015873	0	0	0	0	0	0	8.71111	0	0.00641026	0	9.05376	0.00724638	5.51429	0	0.0729167	0	0	0	0.030303	0	2.00476	0	0.277778	0	2.11905	0	0	0	0	0	0	0	0	0	0	0	0	0	0	0.030303	0.0165017	0	0	0	0.0128205	0.00757576	0	0	0.0125786	0	0	0	0.0848485	0	0.0379747	0.00813008	0	0	0.025641	0	1.00926	0	0.295238	0	0	0.218254	2.02174	0.00784314	0	0	0.00350877	0.210317	31.8611	0	0.00617284	0	0.106838	0.0444444	0.0793651	0.011236	10.1437	0	0.010101	0.164706	0.025641	0.0133333	0.00294985	0.00406504	0	0.0844444	0	0.0205761	0	0.0379747	0	0.0759494	0.017094	
6306.69	MFG_L_7_3	0.00888889	0.315217	1.11429	0.093633	550.494	2.26797	0.0560748	0.0688406	0.012012	0.0116959	0.642857	0.373016	462.667	13.5933	601.8	0.0411985	15.16	0	0	0.992908	290.508	0.829932	23.875	0	0.0903955	0	317.083	4.08	0.0123457	0	5.20988	0	8.2963	0.0128205	195.269	0.0128205	11.4405	0.017094	0.483871	0	0.135417	0	13.0864	1.22222	0.0502283	0.0333333	1.66667	0.183333	0	0	134.244	0.173611	0.0904762	0	0.0253165	0	0.0588235	0	0.0213675	0.0037037	0.171296	0	0.130631	0	0	0	0	0	0.32549	0.021021	0.166667	0	0.242798	0	0.0406504	0	2.68889	0.00248756	1.65972	0	0.016835	0	0.663158	0.023622	0	0.00250627	0.123596	0	0.786667	0	0	0	0.977346	0.00763359	0.652174	0	0	0	0.010989	0	0.183673	0	0.17134	0.00689655	0	0	0.489583	0.00245098	0	0	0	0.004329	0	0.004329	0	0	0.00813008	0	0	0	0.025	0	0	0	0.0833333	0.0231023	0.395062	0.124611	0.328571	0.00273224	0.157143	0.00907029	1.33333	0.00294985	4.73423	0	3.06103	0.00574713	0	0	0.0136986	0	0.767123	0	0.534392	0.00297619	0.216867	0.307443	0	0	0.00392157	0.242718	0	0.114583	0.0461538	0	0.101695	0	0.373737	0.00542005	0.642157	0.0070922	2.25974	0	1.60952	0	29.8509	0	25.5974	0.00819672	0.496032	0	7.4899	0	0	0	0	0.405797	0	0	0	0.0030303	0	0	0	0	0.00347222	0.00462963	1.89316	0.0119048	11.2236	0	14.7564	0	0.0121951	0	32.6239	0	16.6753	0	0.0045045	0	19.9444	0.00280112	0.431624	0.0313726	8.50211	0.0218069	1.10684	0.00311526	0	0.00833333	0.0912698	0.0327869	2.05392	0.358696	2.45641	0.0101781	4.60417	0.03663	29.9279	0.492754	10.7595	0.0846561	66.7762	0.03125	25.8485	0.0283688	16.1154	0.0866142	31.2955	0.047619	38.3688	0.0283688	1.24473	0.0285714	5.74854	0.03125	5.32624	0.0787879	13.5887	0.0181159	11.5333	0.0141844	29.9848	0.047619	
