data	data	1931.89	6256.34	7736.95	2047.51	9337.25	6651.35	3923.18	2935.15	1369.23	2098.48	1251.88	1872.88	3778.45	2301.73	2717.71	1978.84	1884.99	1652.64	2253.5	4042.13	2317.4	2479.73	2712.62	2278.71	2872.88	1355.91	7530.94	6233.5	1909.81	1808.46	3127.9	1726	3249.38	2294.52	3395.11	1171.93	2551.7	1676.22	3209.27	2488.15	1045.89	1268.56	2884.96	1523.76	2731.07	1875.27	3122.1	3401.37	3079.56	797.877	4411.1	1754.79	4822.21	1717.07	2994.51	4545.83	4429.88	2479.03	3564.03	4802.83	2653.09	2117.87	4740.43	2514.95	460.794	1087.23	553.389	1185.83	5122.25	7478.83	3354.16	2588.38	3090.74	2080.71	4061.15	2357.67	2614.88	1816.97	3764.57	2171.74	3005.79	3233.44	2375.41	2372.38	2569.66	3851.22	2028.89	3410.41	3617.8	3034.57	2837.1	2112.63	3832.74	496.39	1717.24	2292.48	2627.12	2852.78	2313.05	2987.35	2955.59	2443.76	8146.32	8459.78	9138.77	9776.02	4519.02	4314.92	885.405	2832.88	933.743	2874.91	1045.63	3757.58	2251.08	2734.95	2003.13	1226.44	1285.15	2460.25	1805.34	1458.27	1791.87	2329.31	1947.91	4758.54	3070.52	2768.27	307.466	1941.01	1583.46	1570.93	1862.11	3167.19	3274.05	7885.32	3727.71	4507.49	3772.95	6027.05	6057.17	4572.36	3450.68	2822.83	3513.25	2297.51	2031.27	2985.93	707.627	1650.61	3511.08	4276.47	1152.68	1957.87	3106.17	2732.13	1251.14	1223.81	1769.67	2508.74	3498.33	2724.02	1690.2	1356.66	2673.46	1552.67	1356.69	512.984	5015.07	3294.58	1061.48	724.617	2907.26	655.351	471.748	842.193	1232.69	2815.52	1335.32	1250.94	1733.45	3725.48	977.068	945.849	1123.27	736.183	1619.07	950.097	4540.33	4427.67	9939.77	5660.13	5071.11	4051.58	4628.99	8317.29	10893.6	9493.01	5372.2	6651.8	2595.46	3704.58	5999.69	7208.61	8073.7	6476.21	7329.83	4449.64	1695.31	3260.78	1287.56	3187.33	3398.72	6562	8763.97	8961.28	8884.02	11016	2767.72	4605.44	6264.55	9473.93	8074.2	8939.12	6081.12	3782.49	4831.63	8005.28	6581.11	10129.2	4759.77	4449.3	8172.67	3214.88	2973.45	1585.42	4960.81	4636.2	5445.49	4778.85	5782.69	5436.13	6028.31	4883.14	7149.9	3831.7	
data	data	SFG_L_7_1	SFG_R_7_1	SFG_L_7_2	SFG_R_7_2	SFG_L_7_3	SFG_R_7_3	SFG_L_7_4	SFG_R_7_4	SFG_L_7_5	SFG_R_7_5	SFG_L_7_6	SFG_R_7_6	SFG_L_7_7	SFG_R_7_7	MFG_L_7_1	MFG_R_7_1	MFG_L_7_2	MFG_R_7_2	MFG_L_7_3	MFG_R_7_3	MFG_L_7_4	MFG_R_7_4	MFG_L_7_5	MFG_R_7_5	MFG_L_7_6	MFG_R_7_6	MFG_L_7_7	MFG_R_7_7	IFG_L_6_1	IFG_R_6_1	IFG_L_6_2	IFG_R_6_2	IFG_L_6_3	IFG_R_6_3	IFG_L_6_4	IFG_R_6_4	IFG_L_6_5	IFG_R_6_5	IFG_L_6_6	IFG_R_6_6	OrG_L_6_1	OrG_R_6_1	OrG_L_6_2	OrG_R_6_2	OrG_L_6_3	OrG_R_6_3	OrG_L_6_4	OrG_R_6_4	OrG_L_6_5	OrG_R_6_5	OrG_R_6_6	OrG_R_6_6	PrG_L_6_1	PrG_R_6_1	PrG_L_6_2	PrG_R_6_2	PrG_L_6_3	PrG_R_6_3	PrG_L_6_4	PrG_R_6_4	PrG_L_6_5	PrG_R_6_5	PrG_L_6_6	PrG_R_6_6	PCL_L_2_1	PCL_R_2_1	PCL_L_2_2	PCL_R_2_2	STG_L_6_1	STG_R_6_1	STG_L_6_2	STG_R_6_2	STG_L_6_3	STG_R_6_3	STG_L_6_4	STG_R_6_4	STG_L_6_5	STG_R_6_5	STG_L_6_6	STG_R_6_6	MTG_L_4_1	MTG_R_4_1	MTG_L_4_2	MTG_R_4_2	MTG_L_4_3	MTG_R_4_3	MTG_L_4_4	MTG_R_4_4	ITG_L_7_1	ITG_R_7_1	ITG_L_7_2	ITG_R_7_2	ITG_L_7_3	ITG_R_7_3	ITG_L_7_4	ITG_R_7_4	ITG_L_7_5	ITG_R_7_5	ITG_L_7_6	ITG_R_7_6	ITG_L_7_7	ITG_R_7_7	FuG_L_3_1	FuG_R_3_1	FuG_L_3_2	FuG_R_3_2	FuG_L_3_3	FuG_R_3_3	PhG_L_6_1	PhG_R_6_1	PhG_L_6_2	PhG_R_6_2	PhG_L_6_3	PhG_R_6_3	PhG_L_6_4	PhG_R_6_4	PhG_L_6_5	PhG_R_6_5	PhG_L_6_6	PhG_R_6_6	pSTS_L_2_1	pSTS_R_2_1	pSTS_L_2_2	pSTS_R_2_2	SPL_L_5_1	SPL_R_5_1	SPL_L_5_2	SPL_R_5_2	SPL_L_5_3	SPL_R_5_3	SPL_L_5_4	SPL_R_5_4	SPL_L_5_5	SPL_R_5_5	IPL_L_6_1	IPL_R_6_1	IPL_L_6_2	IPL_R_6_2	IPL_L_6_3	IPL_R_6_3	IPL_L_6_4	IPL_R_6_4	IPL_L_6_5	IPL_R_6_5	IPL_L_6_6	IPL_R_6_6	PCun_L_4_1	PCun_R_4_1	PCun_L_4_2	PCun_R_4_2	PCun_L_4_3	PCun_R_4_3	PCun_L_4_4	PCun_R_4_4	PoG_L_4_1	PoG_R_4_1	PoG_L_4_2	PoG_R_4_2	PoG_L_4_3	PoG_R_4_3	PoG_L_4_4	PoG_R_4_4	INS_L_6_1	INS_R_6_1	INS_L_6_2	INS_R_6_2	INS_L_6_3	INS_R_6_3	INS_L_6_4	INS_R_6_4	INS_L_6_5	INS_R_6_5	INS_L_6_6	INS_R_6_6	CG_L_7_1	CG_R_7_1	CG_L_7_2	CG_R_7_2	CG_L_7_3	CG_R_7_3	CG_L_7_4	CG_R_7_4	CG_L_7_5	CG_R_7_5	CG_L_7_6	CG_R_7_6	CG_L_7_7	CG_R_7_7	MVOcC	MVOcC	MVOcC	MVOcC	MVOcC	MVOcC	MVOcC	MVOcC	MVOcC	MVOcC	LOcC_L_4_1	LOcC_R_4_1	LOcC_L_4_2	LOcC_R_4_2	LOcC_L_4_3	LOcC_R_4_3	LOcC_L_4_4	LOcC_R_4_4	LOcC_L_2_1	LOcC_R_2_1	LOcC_L_2_2	LOcC_R_2_2	Amyg_L_2_1	Amyg_R_2_1	Amyg_L_2_2	Amyg_R_2_2	Hipp_L_2_1	Hipp_R_2_1	Hipp_L_2_2	Hipp_R_2_2	BG_L_6_1	BG_R_6_1	BG_L_6_2	BG_R_6_2	BG_L_6_3	BG_R_6_3	BG_L_6_4	BG_R_6_4	BG_L_6_5	BG_R_6_5	BG_L_6_6	BG_R_6_6	Tha_L_8_1	Tha_R_8_1	Tha_L_8_2	Tha_R_8_2	Tha_L_8_3	Tha_R_8_3	Tha_L_8_4	Tha_R_8_4	Tha_L_8_5	Tha_R_8_5	Tha_L_8_6	Tha_R_8_6	Tha_L_8_7	Tha_R_8_7	Tha_L_8_8	Tha_R_8_8	
1931.89	SFG_L_7_1	0	117.802	144.568	1.97778	41.9333	3.76296	165.404	21.7333	30.7157	3.22727	11.6237	2.51667	0.133333	0.0102564	0.0720721	1.22695	0.270833	0.0144928	0.0155039	0.333333	0.212963	0.666667	0.313131	0.848485	0	0.414815	0.0539216	0.277778	2.38095	3.62319	0.989247	0.270833	1.6	9.96454	0.0191571	0.0119048	0.11828	1.21528	6.3	5.71528	0	0.00680272	0	0	0.00925926	0.00358423	0	0.00600601	0.0163934	0	0.00732601	0	0.0451389	0	0.0652921	0.0666667	0.820988	0.00634921	0.813333	1.03205	0	0	0.233333	0	0.953488	0.395062	0.745614	0.339744	0.0509259	0.0262467	0.00925926	0	0.0194175	0	0.00925926	0	0.00275482	0	0.00943396	0	0	0	0.00564972	0.0338983	0	0	0.00314465	0	0.0229885	0.0564972	0.003367	0	0.0258621	0	0.00490196	0.0508475	0.00673401	0	0	0	0.00938967	0	0.0457516	0.0424837	0	0.0576132	0.00497512	0	0	0.0045045	0	0.00900901	0	0.00326797	0.010101	0.00900901	0	0.0116279	0	0.0310078	0	0	0	0	1.86232	0.0539216	0.05	0.174129	0.0126582	0	0.780142	0.0595238	0.0517241	0	0.0116279	0.035461	0.0357143	0.0248227	0.0120482	0	0.0121951	0	0	0	0.00271003	0	6.61594	0.273632	5.90698	0.166667	6.05333	0.271429	10.0379	0.222222	0.00340136	0	0	0	0	0	1.10458	0.204678	0	0.0141243	0	0	0	0.0208333	0.00438596	0.0632184	0	0.00289855	0.10101	0.0163934	1.33333	0.0748299	0.0652174	1.88333	0.238095	0.0967742	5.61905	0.409357	23.8167	0.414414	5.14414	0.0111111	0.00456621	0.0204082	0	0.0204082	0.040293	0.0030581	0.0125	0	0	0.0268199	0.040293	0.0731707	0.0035461	0.0123457	0	0.00207039	0.0125	0.00231481	0.0147059	0.0650406	0.0283688	0.12037	0	0.0694444	0.0322581	0.779762	0.028169	0.0193798	0.39899	1.71264	0.333333	0.0810811	0.0555556	0.0169492	1.25103	4.40351	0.107527	0.021021	0.119792	0	2.71429	48.3678	0.44856	0.113043	0.031746	0	111.065	0.0379747	5.23423	0.00555556	0.376344	0.00252525	14.8922	0.0265487	8.43137	0.00884956	6.76471	0.0042735	95.6204	0.014881	
6256.34	SFG_R_7_1	117.802	0	128.432	122.667	41.2979	321.735	121.798	316.944	40.525	71.735	14.1318	74.8158	1.16667	0.222222	0.621795	126.821	0.367347	9.61111	0.235632	8.41177	0.452381	36.5354	6.88889	147.655	11.0815	3.49206	0.383085	0.301587	0.578231	136.733	2.73718	16.8161	13.54	107.062	0.0645161	0.203252	0.659864	12.1616	4.88667	81.2292	0.113208	0	0.0536398	0.00320513	0.038835	0.047619	0.0689655	0.075	0.203704	0	0.0614035	0.0178571	0.493056	0.823529	0.653061	2.57971	0.503788	0.333333	0.67803	0.849057	0.124183	1.69608	0.918367	4.28283	0.00555556	11.6437	0.239583	3.06061	0.0219298	0.834921	0	0	0.0037037	0.0666667	0	0	0.0111111	0.00877193	0.0037037	0.00243309	0	0.0639269	0	0.375817	0	0.338384	0	0.0311111	0.046595	0.942308	0.0105263	0.0203252	0.0602837	0.0345912	0.00374532	0.647249	0.00606061	0.189055	0.00350877	0.277056	0.0187266	0.0774411	0.0102564	0.270833	0.00236407	0.719298	0.00680272	0.0407407	0.002849	0.0057971	0	0	0	0	0	0.0740741	0.00444444	0.0634921	0	0.030303	0	0.0643275	0	0.0643275	0.0674157	1.36538	0.078853	0.0990991	0	0.152778	0.0708333	0.314815	0.108696	0.152381	0.0215054	0.865801	0.0328639	0.307692	0	0.624339	0.00350877	0.352564	0	0.105263	0	0.0308642	0.0913979	8.5	0.0555556	6.47748	0.114286	6.65	0.566667	24.5351	0.0408163	0	0	0.0362319	0	0.0266667	0.0925926	0.380952	0	0.237589	0.0178571	0.05	0.018018	0.729167	0.222222	2.65351	0.00666667	0.630208	0.75817	3.63522	0.51634	0.28125	6.2381	3.1746	1.57937	2.19697	0.187879	2.85366	0.754386	4.35185	0.0655738	2.09524	0.207547	0.128205	0.0549451	2.14414	0.195876	0.106838	0.0291262	0.109804	0.00900901	0.704762	0.213058	0.239316	0.109966	0.00542005	0	0.144144	0.09375	0.0811966	0.025641	2.35088	0.114478	0.275986	0.00647249	0.050505	0.148718	13.5897	0.0175439	0.314286	0.460674	82	0.0460993	0.59204	0.0375	1.27132	4.72396	269.659	0.1875	1.51111	0.100358	0.292517	4.02222	69	1.32593	4.43519	0.805556	22.373	2.01894	171.58	0.333333	10.7725	0.62963	0.944444	1.87943	75.4417	1.06122	30.3333	0.230303	33.3694	1.33333	90.5194	
7736.95	SFG_L_7_2	144.568	128.432	0	9.14394	722.62	126.859	329.711	8.51449	0.0166667	0.363296	13.9912	82.0325	2.29487	0.0333333	160.848	0.805556	13.619	0.00350877	27.5432	3.51389	18.7126	2.34722	301.232	0.262411	31.1111	0.0208333	5.93103	0.54321	54.869	2.54861	62.3448	0.761905	91.8929	4.10884	6.0303	0.0225989	19.963	0.68	102.644	1.87333	0.00497512	0	3.0381	0	0.0612245	0.0140845	0.010989	0.0386473	0.161616	0.00396825	6.17143	0	0.96875	0	0.244898	0.143939	1.04902	0.0613027	0.547855	0.333333	3.05051	0	16.9889	0	0.0432099	0.10628	0.0340136	0.0138889	2.0892	0.0153846	0	0.00634921	0.0280702	0.00634921	0	0	0.165079	0	0.0454545	0.00343643	0.0238095	0.00289855	0.0599251	0.0166667	0	0	0.00628931	0.00289855	0.448029	0.0295699	0.208333	0	0.611111	0	0.0333333	0.0218579	0.116667	0.01	0.0289855	0.00666667	0.14902	0	1.96244	0	0.0916667	2.31276	0.155556	0.00833333	0.00438596	0	0	0	0	0	0.0945274	0.00268817	0.0319635	0	0.0153846	0	0	0	0	0	0.849462	0.419476	0.929293	0.119565	0.00823045	0.0123457	0.304094	0.0042735	0.153846	0.0843373	0.569444	0.0573477	0.309524	0.0390071	0.0198413	0.0107527	0.0656566	0	0.00913242	0	0	0	0.890625	0.0861423	0.0444444	0.0776256	0.276923	0.0160643	0.0597015	0.116883	0.0102041	0	0	0	0.00980392	0	0.707819	0.111111	0.835616	0	0.275641	0	1.44643	0.0185185	7.44444	0.0444444	0.715447	0.00340136	15.5238	0.0173913	0	0.010929	0.681818	7.23016	0.00680272	0.178862	0.0696517	0.0649351	0.183333	0.175439	0	0	0.004329	0.0438596	0.318841	1.4127	4.37719	0	0.406926	0	0.411458	0.576577	4.75439	0.00716846	2.78355	0	0.0811966	0.0031746	2.24561	0	0.166667	2.88477	2.54978	0.010101	0.0380952	0	0.34375	0.279762	0.596244	0.00537634	9.85714	1.26344	4.65672	0.00537634	0.025	0.0135135	145.628	2.57083	1.28571	0.0203252	3.82759	0.00900901	43.7583	37.086	15.8727	0.234432	58.787	0.0277778	278.378	0.251938	10.8198	0.109848	10.1562	0.045614	128.324	0.213992	94.8889	0.0181818	102.963	0.0493827	326.721	0.285141	
2047.51	SFG_R_7_2	1.97778	122.667	9.14394	0	21.5426	132.728	0.113725	110.311	0.0225989	0.229885	15.4667	1.10606	0.426357	0.0488889	0.390071	118.4	0	1.97436	0.0225989	12.6354	0.0320513	27.7527	0.120567	36.1358	0.00694444	16.7778	0.0273224	0.609649	0	37.4253	0.08	5.18519	0.693333	57.4194	0	0.138889	0.00490196	11.3333	0.1	36.4375	0.00546448	0	0	0.00406504	0.00555556	0.0156863	0.010929	0.0392157	0	0	0	0.00793651	0	0.103448	0.00374532	12.7847	0.045977	3.7381	0.0613027	5.46429	0.00490196	0.2	0	0.411111	0.00813008	0.0287356	0.00438596	0.00555556	0	1.03252	0	0	0	0	0	0	0	0.00877193	0	0	0	0.0547945	0	0.23	0	0.516667	0	0.0168776	0	1.50855	0	0.333333	0	0.0233333	0	0.373333	0	2.71585	0	0.138889	0	0.0486111	0	2.4329	0	0.0779221	0	0.296296	0	0.00396825	0	0.00421941	0	0	0	0.0114943	0	0.199187	0	0.0126582	0	0.00813008	0	0.010929	0.0191571	2.56911	0.00673401	0.0187793	0	0.0833333	0.0026455	0.808333	0.00387597	0.34127	0	11.131	0	1.31293	0	0.182292	0	0.141026	0	0.107143	0	0.0130719	0.0344828	0.0289855	0.00784314	0.00823045	0.0704225	0.0235294	0.0464135	0	0	0.00952381	0	0	0	0	0.0116279	0.0123457	0	0.0976431	0	0.0285714	0	0.150538	0.00292398	0.544803	0	0.0431373	0.0138889	0.109705	0.0545455	0.0070922	6.45	0.46	0.5	0.5625	0.101695	0.0107527	0.0169492	0	0	0	0.0166667	0	0.0253165	0.240741	0.00584795	0.0416667	0	0.0416667	0.00497512	0.104762	0.00292398	0.0617284	0.00292398	0.0287356	0	2.46237	0.00292398	0.025	0.00803213	0.168776	0.00292398	0.107527	0	0.211538	0	1.57658	0	0.27619	0.0137741	11.4365	0.00406504	0.19209	0	0.0625	0.149425	38.1754	0	0.868545	0	0.0151515	0.102564	26.1714	0	1.51429	0	12.9048	0.207407	19.9493	0.00416667	0.373737	0	1.90476	0.047619	15.8476	0.0266667	18.0098	0.00913242	14.6863	0.045045	16.963	
9337.25	SFG_L_7_3	41.9333	41.2979	722.62	21.5426	0	331.674	0.452991	0.00401606	0.231481	0.0430108	179.73	117.97	483.951	87.7943	248.87	3.48299	10.5632	0.00350877	237.875	85.2083	26.8095	4.96528	19.5385	0.326923	0.137255	0.00350877	213.731	99.9184	6.57143	3.12925	65.5667	0.877551	67.4943	3.45333	45.1609	0	12.6552	1.33333	8.37634	0.576923	10.547	0.425532	47.0741	0	5.81313	4.19048	2.95679	15.765	5.15741	0.0425532	72.4444	0	0.047619	0	0.0849673	0.003003	0.224359	0.00374532	0.179739	0.0666667	0.0864198	0	0.0833333	0	0.0595238	0.0456621	0.0119048	0.0222222	3.98148	0.0465116	0.00606061	0.0031746	0.0193798	0.00617284	0	0	0.286604	0	0.0378788	0	0	0.00289855	0.137255	0.0409836	0	0	0.00396825	0.00546448	0.3125	0.0613333	0.419753	0	0.848101	0.00533333	0.00757576	0.0491803	0.226337	0.0031746	0.00716846	0	0.0957854	0	4.41552	0.030303	0.177083	0.422764	0.203922	0.00311526	0.00865801	0.00271003	0	0.00416667	0	0.020202	0.25	0.00416667	0.0892019	0.010101	0.0205128	0.037415	0	0	0	0	1.27083	0.375969	2.17647	0.135659	0.00505051	0.0277778	0.193548	0.0313726	0.288557	0.176471	1.08796	0.0982456	0.603865	0.0631579	0.00490196	0.0143369	0.0696517	0	0.0456621	0	0.0666667	0	5.17742	0.18254	1.04167	0.022831	11.7931	0.168776	20.0655	0.153005	0.00966184	0	0	0	0.00966184	0	0.497512	0.0697674	0.575397	0.00275482	0.257143	0	1.5	0.0222222	4.01826	0.0853994	0.486891	0	3.26061	0.0261438	3.58333	0.169811	56.1185	62.4222	9.21354	0.210526	10.8994	0.497512	9.97386	0.0387597	7.73016	0.00813008	2.87421	0.275	0.298969	0.316667	7.43111	0.00546448	2.09829	0.0104167	0.0845771	0.200855	7.79556	0.0451389	1.90043	0.011236	0.166667	0.00623053	3.78355	0.00340136	0.189394	0.447154	5.59009	0.0736842	0.152381	0.05	0.504902	0.0526316	1.31944	0.020202	11.285	0.268199	11.0098	0.0790378	5.79845	0.661111	40.4583	0.820106	3.30594	0.137931	45.4383	0.0125	130.025	24.3333	24.414	0.245614	115.468	0.0299625	86.2333	0.0763052	1.40833	0.00803213	22.9385	0.0486111	106.175	0.0528455	100.737	0.0222222	144.693	0.0219298	166.096	0.064257	
6651.35	SFG_R_7_3	3.76296	321.735	126.859	132.728	331.674	0	0.217228	0.463768	0.148936	0.0453074	64.3651	268.459	60.0496	132.562	21.3913	140.46	0.047619	0.015873	7.61538	150.27	2.5625	38.3478	3.73759	26.131	0.183673	0.0222222	14.0714	74.5897	0.0133333	22.6556	1.32	26.2963	9.54422	14.2796	0.522876	14.0897	0.446667	5.55556	2.54667	2.39394	0.307692	0.34127	1.38528	0.141026	1.85088	0.311594	1.80226	4.06452	0.220126	0.0196078	3.56667	2.67949	0.00606061	0	0.021978	0.0242424	0.199234	0.00634921	0.204545	0.246154	0.00653595	0.136752	0.04	0.0206186	0.0219298	0.2	0.0133333	0.0806452	0.015873	2.81081	0	0.00444444	0	0.00925926	0	0	0.00943396	0.0394737	0	0.003367	0	0.137778	0	0.425743	0	0.272727	0	0.0701754	0.0179211	1.12541	0	0.0666667	0.0243056	0.0408805	0.00362319	0.722772	0	0.166667	0	0.170833	0.010989	0.05	0.00854701	0.538153	0.015625	0.265873	0	0.0259259	0.002849	0.0464135	0	0.0324074	0	0.00641026	0	1.34222	0	0.537778	0	0.41784	0	0.0131579	0	0.010929	0.0886525	0.661692	0.0625	0.193694	0	0.254902	0.0652174	0.0895522	0.0599251	0.27451	0.00340136	0.367521	0.0104167	0.188034	0	0.36715	0.00374532	0.22043	0	0.135965	0	0.163522	0.137255	1.31609	0.0583333	0.380952	0.161765	4.24405	1.34483	20.1515	0	0.0233918	0	0.111111	0	0	0.0775194	0.380952	0	0.151203	0.0125786	0.015625	0.00374532	0.34375	0.159722	1.55263	0	0.436364	0.503268	1.13208	0.490196	0.555556	48.6519	49.8889	4.51587	42.5072	0.198925	22.5515	0.111111	1.37288	0.0601093	0.275641	1.16312	1.05797	0.150538	0.859649	0.139394	0.457831	0.105943	0.433735	0.0273973	0.263889	0.148485	0.85	0.0729167	0.0151515	0	0.0259259	0.0623306	0.193416	0.0453333	1.20346	0.0584192	0.213992	0	0.0288066	0.0138889	3.69231	0	1.31944	0.143333	27.2464	0.0311526	8.16667	0.493827	40.7917	1.20988	86.5714	0.209524	2.78404	0.631884	5.41481	2.06667	198.544	0.0430108	5.84762	0.357724	154.667	1.14943	116.935	0.139535	0.123016	0.0778816	34.3833	0.909091	71.5641	0.466667	84.3158	0.283951	75.9915	0.502058	134.359	
3923.18	SFG_L_7_4	165.404	121.798	329.711	0.113725	0.452991	0.217228	0	19.3478	198.481	77.697	0.380952	4.94309	0.0571429	0	0.023569	0.0306513	0.0555556	0.413333	0.118519	0.0117647	0.393939	0.0441767	7.24691	0.0787879	37.2533	1.0963	0.136667	0	6.08889	0.0588235	0.173077	0.060241	0.361905	0.816993	0.290429	0.0282486	0.704762	0.0447154	16.1515	0.830065	0	0	0.0442177	0	0.0103093	0	0	0.00512821	0.0112994	0	0.195286	0	15.4792	0.04	138.452	23.5145	4.73264	1.02778	20.4565	7.95745	5.44118	0.0306513	15.7396	4.35374	0.618056	0.172043	0.737589	1.05	0.0358974	0.00826446	0	0	0.0365297	0	0.0114943	0	0.0593607	0	0.0502283	0	0.156566	0	0.0900901	0.00273224	0.045977	0	0.0761905	0	0.434783	0.0104987	0.015873	0	0.347418	0	0.149758	0.00524934	0.0045045	0.0104167	0.111111	0.00333333	0.348259	0	0.0555556	0.0266667	0.015873	1.61382	0.0606061	0.0106667	0	0	0	0	0	0	0.00520833	0.00497512	0	0.00266667	0	0.00314465	0.0344828	0	0	0	1.46061	0.468864	0.111111	0.114695	0.00411523	0	1.7037	0.02	0.106996	0.0289855	0.113924	0.0921053	0.458333	0.0128205	0.0243902	0	0.035461	0	0.047619	0	0.0070922	0	0.121212	0.138577	0.0121212	0.166667	0.00546448	0.0188679	0.025641	0.215278	1.04167	0	0.0070922	0	0.00813008	0	4.97251	0.140741	0.00617284	0	0.109091	0	0.107143	0.00411523	0.782828	0.00524934	0.247619	0	1.49524	0.00819672	0	0	0.018018	0.108527	0.00680272	0.0486111	0	0.021164	0.452991	5.46491	0.0148148	0.0916667	0.00456621	0	1.18841	1.6125	0.2625	0	0.0182648	0	1.33333	0.75	0.304167	0.00314465	0.116667	0.00320513	0	0.0180879	0.14346	0	0.149573	2.0122	0.193416	0.0128205	0	0.00641026	1.15385	0.619883	0.00980392	0.00550964	30.5347	2.2069	0.077381	0.0143678	0.1375	0.0205761	164.741	4.72727	0.543071	0.037415	0.408889	0.00701754	7.15646	3.34409	32.6543	0.255556	0.235294	0	285.852	0.210526	16.881	0.188552	0.222222	0.0045045	18.0381	0.11236	6.75676	0.00877193	5.38235	0.0350877	115.038	0.123596	
2935.15	SFG_R_7_4	21.7333	316.944	8.51449	110.311	0.00401606	0.463768	19.3478	0	20.2879	51.036	0	0	0.00401606	0	0.00401606	33.0345	0	30.4524	0	3.65714	0.010101	17.1078	0.0962963	68.3563	0.176871	24.0167	0.00374532	0.00952381	0	72.2778	0	2.42063	0.021097	79.303	0.00505051	0.688406	0.0131579	2.13514	0.037037	120.364	0	0	0.00438596	0.0119048	0	0.00512821	0	0	0.010929	0	0.00438596	0.160714	0.0512821	1.89899	0.029304	67.3194	0.0871212	8.30864	0.0861423	11.5309	0	2.73529	0.0440252	11.8438	0	0.179487	0.0347222	0.207547	0	0.809969	0	0.00217865	0	0.0857143	0	0	0	0	0	0.0151515	0	0.134409	0	0.365385	0	1.2	0	0.0656566	0.00374532	2.40417	0.00606061	0.677596	0.00374532	0.058642	0	0.666667	0.0030303	3.97268	0	0.479167	0	0.140741	0.004662	3.14286	0	0.402778	0	0.322751	0	0	0	0	0	0.00217865	0	0	0	0.203252	0	0.0075188	0	0.126437	0	0.0943396	0	4.30952	0.0326087	0.0526316	0	0.12	0.0138889	1.58333	0.0398551	0.603175	0.0141844	16.4545	0.00347222	3.10884	0	0.868056	0	0.624113	0.00358423	0.412121	0	0	0	0.0628019	0	0.230769	0.0035461	0.00555556	0.0070922	0	0.00724638	0.0175439	0	0	0	0.0217391	0.0217391	0.25731	0	0.154088	0	0.428571	0	0.508333	0.00343643	1.4794	0	0.0761905	0.0131579	1.21622	0	0	0	0	0	0	0	0	0	0	0	0	0	0	0.0337553	0.858447	0.00970874	0.0333333	0.0031746	0.0362319	0.00913242	0.429952	0.00970874	0.119342	0.00343643	0.0508475	0	3.32258	0.0031746	0.0506329	0.00803213	0.595556	0.00323625	0.292011	0	0.352564	0.136364	13.4188	0	0.0547264	0.17603	53.4419	0.004662	0.0941177	0.0042735	0.844961	0.578313	169.031	0.00701754	0.546392	0.0126582	0.170068	0.623656	7.76852	0.111111	16.3333	0.0199005	0.0112994	0.294574	21.8485	0.108696	3.30729	0.0248756	0.0245614	0.043956	6.57658	0.00701754	1.75926	0	3.98039	0.0877193	4.34444	
1369.23	SFG_L_7_5	30.7157	40.525	0.0166667	0.0225989	0.231481	0.148936	198.481	20.2879	0	57.3101	0.0724638	0.208333	0.0185185	0	0.00606061	0.0287356	0	0.492754	0.0031746	0	0	0.00574713	0.01	0.0287356	0.016835	1.83704	0.0193798	0	0	0.00564972	0	0	0	0.0169492	0.012945	0	0	0	0	0.0169492	0	0	0.00512821	0	0	0.00564972	0	0.00387597	0	0.00595238	0	0	4.0202	0.04	15.2917	56.947	3.19333	4.1938	21.7593	29.1349	0.0185185	0	2.64646	4.05442	10.12	0.387597	46.7647	1.53175	0.0102564	0.0208333	0	0	0.00913242	0	0	0	0.0319635	0.004329	0.0273973	0	0.052381	0	0.0540541	0	0.0229885	0	0.0277778	0	0.0657277	0.00684932	0	0	0.0630631	0	0.056338	0	0	0.00258398	0.0260417	0	0.0666667	0	0.00793651	0.037037	0	0.0208333	0.00793651	0.00323625	0	0	0	0	0	0	0	0.050505	0	0.00323625	0	0.0218579	0.0172414	0	0	0	1.49495	0.120773	0.0327869	0.00716846	0	0	3.04762	0.227273	0.0291262	0.00793651	0.0112994	0.118721	0.025641	0.0333333	0	0	0	0	0.00185185	0	0	0	1.1	0.368056	2.78889	0.231884	0.155039	0.156463	0.279279	0.710145	0.16129	0	0	0	0	0	8.02564	0.496296	0	0	0.00716846	0.00865801	0	0	0.0137457	0	0.00343643	0	0.0037037	0	0.0104167	0.00925926	0.0215054	0.376344	0.0138889	0	0.591398	0.271318	9.22222	1.52252	32.4524	0.0769231	0	0	0.0219298	0.021645	0.0379747	0	0.0136986	0	0.174603	0.012987	0.0242424	0.0141844	0.00595238	0.00320513	0	0.00913242	0.00529101	0.00231481	0.0131579	0.0329218	0.0295359	0.00694444	0	0.00320513	0	0.45977	0	0.0273973	0.561056	0.611111	0.00529101	0.0989583	0.0153846	0	2.26667	0.988701	0.0215054	0.0238095	0.104575	0	3.67347	1.52222	0.0185185	0.0185185	0.0228758	0	44.2865	0.012987	1.92771	0.0104167	0.0820513	0	1.58095	0.0114943	0.466667	0.0114943	0.555556	0.0042735	9.17486	0	
2098.48	SFG_R_7_5	3.22727	71.735	0.363296	0.229885	0.0430108	0.0453074	77.697	51.036	57.3101	0	0.0185185	1.14583	0	0	0.011236	0.00925926	0.00813008	3.13542	0.00694444	0.02589	0.0104167	0.333333	0.216117	0.0925926	0.271062	3.63636	0.0104167	0.0154321	0.00680272	0.409524	0.00757576	0.355556	0.0793651	1.05983	0.0219298	0.0748299	0.0452675	0.583333	0.0584795	4.58095	0	0	0	0	0	0.00438596	0	0.0164609	0.0030303	0	0.004329	0.0222222	12.037	2.85294	49.2349	46.8586	5.61481	2.51667	19.5969	62.1429	0.0204082	4.06863	0.0653595	16.202	0.0888889	11.8182	0.68254	42.386	0.00505051	0.214521	0	0.0047619	0	0.0238095	0	0	0.00497512	0	0	0.021978	0	0.0512821	0	0.0691824	0	0.307292	0	0.0606061	0.00749064	0.140673	0.00970874	0	0.0149813	0.0152905	0	0.0934579	0.00606061	0.0895522	0	0.235897	0.00411523	0.0045977	0.00757576	0.0405797	0.0240964	0.398148	0	0.0189394	0	0	0	0	0	0	0	0	0	0.00990099	0	0.0075188	0	0.0765027	0	0.079096	0.0283688	1.09615	0.0596491	0.0367232	0	0.0131579	0.09319	0.113333	0.0756014	0.028169	0.0763889	0.75	0.569231	0.446808	0	0.453901	0	0.493056	0.0140845	0.19883	0	0	0.0576923	6.15238	0.0797101	4.60784	0.0432099	3.66667	0.0833333	11.2381	0.145833	0	0	0	0	0	0.212766	0.163636	0	0.0124611	0	0.116279	0.0045045	0.0930233	0.0277778	0.220065	0	0.00938967	0.025	0.282828	0.025641	0	0	0.00392157	0	0.0238095	0.00694444	0.635417	0.149123	10.6667	0.0162602	5.70833	0	0	0.227642	1.06573	0.0498442	0.036036	0.00323625	0.045045	0.0571429	0.512077	0.0560224	0.048	0.00330033	0.0112045	0	0.0208333	0.0138889	0.0129199	0.223577	0.551111	0.047619	0.298103	0.00320513	0.0045977	0.0714286	25.8049	0	0.202749	0.798535	82.7179	0.0231884	0.173759	0.0037037	0.72428	1.72527	223.369	0.117845	0.736508	0.0541667	0.224719	2.01111	21.8925	1.95556	3.5619	0.0166667	0.0306122	1.32963	23.6792	0.291228	8.59649	0.0242424	0.0636364	0.0947368	15.6078	0.072165	3.02703	0.00869565	11.9889	0.0433333	9.67924	
1251.88	SFG_L_7_6	11.6237	14.1318	13.9912	15.4667	179.73	64.3651	0.380952	0	0.0724638	0.0185185	0	9.33333	115.889	10.0064	0.0295359	1.21212	0.0128205	0	0.00574713	11.2353	0.0107527	0.437037	0.00980392	0	0	0	4	23.0494	0.0128205	0.256944	0.00952381	0.0507246	0.0396825	0.659259	0.018018	0	0	0.785185	0.0141844	0.0136986	1.62745	0.125	0	0	0.0438596	0.862434	0.0630631	4.10929	0.764706	0.091954	0.00900901	0	0	0	0	0	0	0	0.00823045	0.0163934	0	0	0	0	0.0396825	0.020202	0.00833333	0.010929	0	0.0349462	0	0	0	0	0	0	0	0	0	0	0	0	0	0.0325203	0	0	0	0	0	0.0483871	0	0	0	0.00266667	0	0.0376344	0	0	0	0	0	0	0	0.020202	0	0.020202	0	0	0	0.00271003	0	0.00416667	0	0.013468	0.00374532	0.00416667	0	0.00673401	0	0.026936	0	0	0	0	0.205674	0	0	0.0151515	0	0	0.00546448	0.00555556	0	0	0	0.00716846	0	0.00716846	0	0.00401606	0	0	0	0	0	0	7.33333	0.0411523	2.80303	0	11.761	0.0708333	21.3267	0.103704	0	0	0	0	0	0	0	0.0112994	0	0.00537634	0	0	0	0.0143369	0.003367	0.0510753	0	0	0.00673401	0.0217391	2.97101	0.00606061	18.7045	10.58	9.33333	6.07937	6.21795	0.158333	23.9007	0.0333333	12.7222	0.0162602	1.65957	2.71111	0	0	0	0.00925926	0	0.00347222	0	0.00980392	0	0.0385965	0	0	0	0	0	0	0.003367	0	0	0.0375	0	0.0166667	0.00374532	0.0251572	0	0.013468	0.28	0.0555556	0.124183	0.0509804	0.0942029	0.166667	0.00716846	0.188679	0.035461	0.225806	0	0	0.0526316	0.507576	0	0.0623306	0	0	0.0155039	0	0	0	0.00813008	0	0.0111111	0.00311526	0.0238095	0.00311526	0.0233918	0.00311526	0.00833333	0	
1872.88	SFG_R_7_6	2.51667	74.8158	82.0325	1.10606	117.97	268.459	4.94309	0	0.208333	1.14583	9.33333	0	12.2484	87.6667	4.04965	0.354839	0.0277778	0	3.49091	0.604938	0.471698	0.395062	0.833333	0.0380952	0.125926	0	6.64943	1.93333	0.00813008	0.03125	0.409722	0.407407	7.11111	0.0625	0.0967742	0.107143	0.289855	0.0208333	1.29932	0.0111111	0.100629	0.520468	0.618421	0	0.90411	0.0280702	2.23563	1.58621	0.081761	0.030303	0.827586	0	0.0377358	0	0.150943	0	0.0233918	0	0.0185185	0	0	0	0.0130719	0	0	0.526882	0	0	0	0.153846	0	0	0	0	0	0	0	0	0	0	0	0	0	0	0	0	0	0	0.018315	0	0	0	0.018315	0	0.00362319	0	0	0	0	0	0.00362319	0	0	0.012987	0.00520833	0.0538721	0	0.00396825	0	0.00297619	0	0.0319635	0	0.00396825	0	1.49099	0	0.109705	0	0.342995	0	0	0	0	0.00680272	0.0135135	0.00340136	0.0144928	0	0.00497512	0.00694444	0	0.00340136	0.00505051	0	0.00766284	0.0144928	0.00766284	0	0.00995025	0	0	0	0	0	0	0.015625	2.22222	0	0.300813	0.0120482	5.30769	1.90303	30.4936	0	0	0	0	0	0.00497512	0.00401606	0	0	0	0.0125786	0	0.00749064	0	0.111111	0.010101	0	0	0.294118	0	0.0130719	0.856209	9.51938	36.8693	1.82667	61.2464	0.0212121	24.9152	0.12	1.70175	0.0104167	0.442029	0.253333	2.07937	0.0585242	0.019802	0.0606061	0.00456621	0.0310078	0	0	0.0143369	0.0787879	0.470238	0.0561056	0.00383142	0	0	0.0486111	0	0.0192837	0.0639731	0.015625	0.00392157	0	0.00383142	0.00411523	0.50211	0	0.391667	0.0841751	1.97685	0.0124611	2.19807	0.186147	0.460784	0.9375	1.42636	0.0882353	0.1875	0.225	0.015625	0.716216	12.019	0.0653595	0.015625	0.102881	9.70476	0.588477	4.32407	0.00297619	0.0199005	0.0194444	0.85	0.0888889	2.43089	0.1	3.07407	0.113821	3.15238	0.131687	7.36111	
3778.45	SFG_L_7_7	0.133333	1.16667	2.29487	0.426357	483.951	60.0496	0.0571429	0.00401606	0.0185185	0	115.889	12.2484	0	65.5704	2.83333	0.216667	0	0	21.5952	33.9787	3.07292	0.326923	0.212963	0.0277778	0.00323625	0	258.406	110.73	0	0	2.42342	0	1.11404	0	3.12121	0	0.505376	0	0.00564972	0	103.833	2.73984	32.558	0	31.9259	7.53846	40.5667	34.1379	32.5797	0.128788	13.4545	0	0.016835	0	0.0231023	0	0.0384615	0	0.0420712	0.00611621	0.0297619	0	0.00687285	0	0	0	0	0	0.586498	0.00854701	0	0	0.00564972	0	0	0	0.0432099	0	0	0	0	0	0.0406504	0	0	0	0.00396825	0	0.00617284	0	0.0542636	0	0.097561	0	0	0	0.0193798	0	0.003367	0	0.00673401	0	0.687764	0.00569801	0.148485	0.00617284	0.0232558	0	0	0	0	0.00358423	0	0.00330033	0.0311111	0.00358423	0.0422535	0.002849	0	0.0215054	0	0	0	0	0.15493	0.0586081	0.311111	0.0179211	0	0.00387597	0.0190476	0	0.028169	0.0185185	0.0776256	0.0165017	0.0648148	0.00647249	0	0	0	0	0.00462963	0	0.00617284	0	1.58974	0.0253623	0.418079	0.00289855	6.06667	0	18.6448	0.0315315	0	0	0	0	0	0	0.0441176	0	0.00617284	0	0.0980392	0	0.176101	0	0.541176	0	0.0136054	0	0.0734463	0	5.98788	0.0147059	38.4697	48.563	30.8389	0.0147059	4.12994	0.122807	6.09444	0	15.3716	0	17.8939	0.179487	0.805797	0.00308642	1.16288	0.00966184	1.42333	0	0.0526316	0.003003	1.55303	0.0311111	0.380952	0.00641026	0.0271318	0	1.00775	0	0.356932	0.00308642	0.527426	0.003367	0.0375	0	0.0526316	0	0.21097	0.002849	2.18137	0.037037	2.58824	0.0573477	12.9007	2.43452	2.17413	0.014652	3.00866	0.20339	31.3141	0	38.0325	0.00542005	1.76923	0.0286738	27.2193	0	9.2043	0.00401606	0.146465	0.00401606	4.71212	0	6.9127	0.00623053	12.7009	0.00311526	23.3651	0.00542005	22.4583	0.00401606	
2301.73	SFG_R_7_7	0.0102564	0.222222	0.0333333	0.0488889	87.7943	132.562	0	0	0	0	10.0064	87.6667	65.5704	0	0.246914	0	0	0	5.46258	5.84615	0.702128	0.0042735	0.00641026	0	0	0	114.81	189.219	0	0	0	0.00813008	0	0	0.113333	0.0689655	0	0	0	0	2.37778	100.861	6.37107	0.0740741	10.1572	2.74444	57.6259	104	1.52137	2.22222	6.94444	0.107143	0	0	0	0	0	0	0	0	0	0	0	0	0	0	0	0	0.021978	0.0205761	0	0.00340136	0	0.00340136	0	0	0.00314465	0	0	0.00340136	0	0	0	0	0	0	0	0	0	0	0	0	0.003663	0.0042735	0	0	0	0	0	0	0	0	0	0.042735	0.022409	0	0	0	0	0.00421941	0	0	0	0	0	0.00628931	0	0.042735	0	0	0	0	0	0	0	0	0	0	0	0	0	0	0	0	0	0	0	0	0	0	0	0	0	0	0	0.00653595	0.0148148	0.0151515	0.0148148	0	0.0451389	0.166667	0.223485	1.17949	0	0	0	0	0	0	0	0	0	0.00340136	0.0153846	0	0	0	0.136364	0.0042735	0	0	0	0	0.0325203	0.603175	26.9852	92.6434	1.85965	1.23333	0.0444444	1.87432	0.0719697	0.208333	0.0719697	0.0277778	9.325	6.19444	0.135057	0.00421941	0.0940171	0.00421941	0.249275	0.00793651	0.0103359	0	0.158046	0.0348259	0.0672269	0	0	0	0.105263	0.0042735	0.0869565	0	0.0325203	0.00793651	0	0	0.0047619	0.00628931	0.00275482	0.0379747	0.00952381	0.213542	0.019774	0.338798	1.19192	1.07937	0.0486891	0.0457516	0.888889	1.42157	0.740413	0.152047	0.314815	1.45238	0.0298507	0.0280702	0.0823045	0.507937	0.0786517	0.0229885	0.00401606	0	0.0484848	0.719697	0.0176768	0.0592593	0.0759076	0.674419	0.0891089	0.73718	0.0691057	0.057971	
2717.71	MFG_L_7_1	0.0720721	0.621795	160.848	0.390071	248.87	21.3913	0.023569	0.00401606	0.00606061	0.011236	0.0295359	4.04965	2.83333	0.246914	0	1.22917	2.38272	0	227.889	10.8815	214.089	1.13043	252.458	0.115385	4.03226	0	40.3188	1.8963	0.402299	0.0185185	12.4321	0.111111	12.2857	0.0363636	13.5729	0	4.52381	0.0261438	3.39286	0.00606061	0	0	8.44762	0	0.462585	0	0.306306	0.00995025	0.0196078	0	21.4949	0	0.0810811	0	0.0854701	0	0.0666667	0	0.0491228	0	0.0466667	0	0.105263	0	0.0169492	0	0	0	0.310185	0	0	0	0.0151515	0	0.00271003	0	0.0612245	0	0.0227273	0	0.00287356	0	0.0651341	0	0.010582	0	0.00542005	0	0.386364	0	0.0864198	0	0.383142	0	0.00623053	0	0.0632911	0	0.0358974	0	0.124498	0	0.293173	0.00323625	0.0200803	0.0801688	0.0921986	0	0	0	0	0	0	0	0.00497512	0	0.00995025	0.00323625	0	0.00323625	0	0	0	0	0.344633	0.075	0.25641	0.0243902	0.00653595	0	0.122807	0.0042735	0.0564972	0.0288066	0.228571	0.00732601	0.102564	0.003663	0.00490196	0	0.040404	0	0.004329	0	0	0	0.446237	0.0164609	0.0564972	0.00416667	0.126984	0	0.00584795	0	0.00757576	0	0	0	0	0	0.172619	0	0.506024	0	0.0392157	0	2.69444	0	1.73973	0	0.68254	0	2.16162	0	0	0	0.047619	0.0365854	0.00343643	0	0.0353535	0.00323625	0.00340136	0	0	0	0.00555556	0	0.0755556	0.128205	0.8	0	0.139918	0	0.0358974	0.0779221	0.90991	0	0.533333	0	0.00877193	0	0.355263	0	0.0143369	0.1	0.502222	0.00314465	0.00833333	0	0.0298507	0.00374532	0.0931373	0.00323625	0.852941	0.0210526	0.552239	0.00385356	0.193333	0.00374532	9.36782	0.0299625	0.18408	0.00392157	3.03401	0	10.7281	0.25	4.48765	0.0105263	6.25225	0.00374532	7.01724	0	0.0196078	0	1.83889	0	5.48148	0	4.63063	0	8.12613	0	5.91453	0.00374532	
1978.84	MFG_R_7_1	1.22695	126.821	0.805556	118.4	3.48299	140.46	0.0306513	33.0345	0.0287356	0.00925926	1.21212	0.354839	0.216667	0	1.22917	0	0	0.80303	0	101.455	0.0457516	99.3667	0.166667	281.884	0.00793651	32.6061	0.038835	0.0268199	0	2.66667	0.129252	3.54167	0.170068	2.30864	0.00680272	0.518519	0	2.4359	0.06	0.275862	0	0	0.0218579	0.00406504	0.027027	0.00490196	0.00970874	0.00766284	0	0	0	0.00406504	0	0.177778	0.00383142	0.373333	0.00784314	0.036036	0.00775194	0.0630631	0	0	0	0.591398	0.00766284	0.010101	0.00444444	0	0	0.238739	0	0	0	0.0353535	0	0.00564972	0	0	0	0.0166667	0	0.361582	0	0.0909091	0	1.11111	0	0.212644	0.00330033	0.205387	0	0.229508	0	0.00617284	0	0.13468	0	0.803279	0	0.544444	0	0.0103093	0.00330033	0.0634921	0	0.00401606	0.00330033	0.00701754	0	0	0	0	0	0	0	0.00330033	0	0.0234742	0	0	0	0.380952	0	0.00456621	0	0.0967742	0	0.0144928	0	0.015625	0.0125	0.0192308	0	0.00641026	0	0.0585586	0	0.0273973	0	0.209302	0	0.217054	0	0.924528	0	0	0.00392157	0.0058997	0.0205761	0.05	0	0.0123457	0.00406504	0.00330033	0	0.00793651	0	0	0	0	0.00383142	0.0229885	0	0.0340136	0	0.00406504	0	0.0136054	0.00647249	0.197133	0	0.00289855	0.00666667	0.0136986	0	0	0	0	0	0	0.00294985	0.0058997	0.0409357	0	0.0045045	0	0	0	0.00493827	0.036036	0.00245098	0.0333333	0.00493827	0.0333333	0.00456621	0.0225225	0.00245098	0.0333333	0	0	0	0.00701754	0.00254453	0.00411523	0	0.00784314	0	0.0295359	0	0.0114943	0.00469484	0.189189	0	0.0588235	0.00462963	1.20635	0.00406504	0.109195	0.012012	0.295455	0.0387597	8.24138	0.00546448	0.157143	0.0339506	0.0645161	0.0338164	3.30769	0	0.297491	0.0187266	1.9386	0.0503876	1.80435	0.00220751	0.0698925	0.00900901	0.593496	0.00441501	1.38095	0.0154321	1.66667	0.012012	1.63492	0.0191571	2.13333	
1884.99	MFG_L_7_2	0.270833	0.367347	13.619	0	10.5632	0.047619	0.0555556	0	0	0.00813008	0.0128205	0.0277778	0	0	2.38272	0	0	0	4.20202	0	43.7126	0.0181818	190.667	0.00595238	68.5111	0	0.478431	0	72.3768	0.2	157.267	0.00724638	63.2963	0.143791	4.44762	0	1.05882	0	46.5185	0.0196078	0	0	0.317647	0	0.054902	0	0	0	0	0	0.443137	0	21.1304	0	11.3478	0	0.25	0	0.11828	0	4.66667	0	70.6522	0	0	0.0144928	0	0	0.114155	0	0.0847458	0	1.18687	0	0.272727	0	2.91542	0	3.4596	0	4.01818	0	2.74129	0	6.89103	0	2.65574	0	23.3538	0	3.69841	0	13.7761	0	1.20098	0	1.43636	0	3.81667	0	14.6	0	2.56338	0	0.0112045	0.00647249	13.4949	0	0	0	0	0	0	0	0	0	0	0	0.0031746	0	0.259259	0	3.12179	0	0	0.00438596	0.00694444	0	0.0894309	0	0.105691	0	0.170213	0	0.0625	0	3.39394	0	4.55556	0	3.71667	0	2.62121	0	0.302326	0	0.00653595	0	0.00628931	0.0144928	0.0229885	0	0.0251572	0	11.3838	0	0	0	8	0	0.398148	0.0136986	0.015873	0	0.829365	0	0.121795	0	2.0549	0	0.0719697	0	1.96667	0	0	0	0	0	0	0	0.00641026	0	0.0125786	0	0.00628931	0	0	0	0	0.00647249	0.0985507	0	0.0194444	0	0.0031746	0.00483092	0.103448	0	0.0789474	0	0.00595238	0	0.0492754	0	0.0258621	0.00647249	0.0569801	0	0	0	0.00406504	0	0	0	0.0277778	0	0.0280112	0	0	0	3.17857	0.00406504	0	0	0.15873	0	0.139394	0.513889	2.36782	0	0.00740741	0	0.280193	0	0	0	0.0234742	0	0.0761905	0	0.0526316	0	0.047619	0	0.176101	0	
1652.64	MFG_R_7_2	0.0144928	9.61111	0.00350877	1.97436	0.00350877	0.015873	0.413333	30.4524	0.492754	3.13542	0	0	0	0	0	0.80303	0	0	0	0.00716846	0	3.70513	0	130.187	0	87.9167	0	0.00358423	0	58.6667	0	0.3	0	12.0345	0	0.134921	0	1.05376	0	15.1034	0	0	0	0.0321285	0	0	0	0	0	0	0	0.0452675	0.00680272	12.5	0.0227273	6.20513	0.00666667	1.85556	0.0151515	1.25556	0	0.0574713	0	203.347	0	0	0	0	0	1.04583	0	0.16092	0	3.7541	0	0.116959	0	0.938889	0	3.28814	0	9.47273	0	0.871429	0	30.4	0	8.1462	0	3.62911	0	8.52121	0	0.0482456	0	1.12207	0	20.3452	0	13.2606	0	0.512438	0	1.43662	0	0.00560224	0	0.00766284	0	0	0	0	0	0	0	0	0	0.0548523	0	0	0	6.14103	0	0.215686	0.00362319	0.244898	0.00362319	0.0140845	0	0.447368	0.018315	0.119658	0.00362319	0.444444	0	1.49333	0	16.2	0	9.27193	0	6.96491	0	67.2326	0	0	0	0.00995025	0	0.0440252	0	0.00529101	0	0	0.00680272	0.739583	0	0	0	1.08772	0.014652	5.86022	0	0.366667	0	0.0858586	0	0.0772947	0	0.887387	0	0.0138889	0	0.0142857	0	0	0	0	0	0	0	0	0	0	0	0	0	0	0.00282486	0.0531401	0	0.00980392	0	0.0694444	0.00280112	0.0358974	0	0.152381	0	0.00854701	0	0.0117647	0	0.0909091	0	0.0138889	0	0.368159	0	0.0122324	0.00347222	0.842593	0	0.0108696	0.0348837	2.18254	0.00694444	0.00694444	0	0	0.0344828	8.88333	0	0.0507246	0	0	2.16667	1.42529	0	1.1	0.00350877	0.0125786	0.0208333	0.415205	0.0217391	0.351852	0	0.0140351	0.00701754	0.474747	0.00350877	0.108108	0	0.518519	0.00350877	0.232323	
2253.5	MFG_L_7_3	0.0155039	0.235632	27.5432	0.0225989	237.875	7.61538	0.118519	0	0.0031746	0.00694444	0.00574713	3.49091	21.5952	5.46258	227.889	0	4.20202	0	0	5.93056	196.316	0.030303	10.4815	0	2.65741	0	194.817	7.11111	0.0857143	0.0163934	0.711712	0	1.25	0.00546448	18.6543	0	2.01111	0.00617284	0.546296	0	0.0232558	0.00724638	39.1389	0.00666667	0.320755	0.0338164	0.222222	0.345912	0.0151515	0	73.625	0	0.316667	0	0.675	0.00374532	0.0585586	0.00401606	0.0224359	0.0114943	0.020202	0	0.868421	0	0.00574713	0	0	0	0.0660066	0	0.00606061	0	0.0401606	0	0	0	0.156626	0	0.142276	0	0.318627	0	0.180723	0	0.378788	0	0.0823045	0	0.8125	0	0.124444	0	0.710843	0	0.106838	0	0.0740741	0	0.384977	0	0.541126	0	0.151163	0	0.0151515	0.0941177	0.277108	0	0	0	0	0	0	0	0.0177778	0	0	0	0	0	0.025641	0	0.0858586	0	0.040404	0	0.052381	0.00350877	0.00628931	0	0.0151515	0	0.106061	0	0.0776256	0	0.201058	0	0.0925926	0	0.151515	0	0.0765027	0	0.0363636	0	0.0637255	0.00350877	0	0	0.0196078	0	0.0203252	0.00347222	0.137255	0	0	0	0.104575	0	0.0704225	0	0.141762	0	0.0833333	0	1	0	0.494253	0	0.195402	0	0.443089	0	0.0135135	0	0.0526316	0.09375	0.0583333	0	0	0.00347222	0.00396825	0	0.015873	0	0.037037	0	0.0240964	0.0259259	0.392405	0	0.0923695	0	0.0285714	0.0156863	0.448718	0	0.1375	0	0.00416667	0	0.247863	0	0.0200803	0.109804	0.286325	0.00314465	0.00483092	0	0.0222222	0	0.0266667	0	0.217778	0.0268199	0.138889	0	0.132275	0.0135135	1.5	0.0262172	0.188596	0.00537634	5.51852	0.00238095	3.20175	0.0650406	1.67593	0.00701754	2.05	0	3.15385	0	0.022831	0	0.267677	0	0.690476	0	0.925	0	1.45833	0	2.42063	0	
4042.13	MFG_R_7_3	0.333333	8.41177	3.51389	12.6354	85.2083	150.27	0.0117647	3.65714	0	0.02589	11.2353	0.604938	33.9787	5.84615	10.8815	101.455	0	0.00716846	5.93056	0	2.71014	249.519	0.595745	8.04348	0.00358423	0.535354	8.76871	489.18	0	0.0566038	1.20408	6.94203	0.659864	0.285714	1.29861	22.1159	0.0204082	1.17284	0.126667	0.0365297	0.994624	0.00350877	1.02051	20.1667	0.684685	0.130435	0.117816	1.60163	0.45	0	4.04255	66.1739	0	0.0363636	0.00343643	0.0157233	0.0446735	0.0031746	0.0238095	0.661458	0	0.118644	0	0.030303	0	0.101695	0	0.046875	0	2.7411	0	1.78836	0	0.8	0	1.63021	0	0.25974	0	0.209738	0	0.493506	0	1.44781	0	0.705128	0	0.459916	0.00292398	3.84333	0.00350877	0.337302	0.00292398	0.157051	0	2.367	0	0.817073	0	0.691358	0	0.386525	0.0026455	2.05498	0.0026455	0.107143	0	0.148936	0	0.0577778	0	0.0037037	0	0.013468	0	0	0	1.01333	0	0.0262172	0	0.025641	0	0.252688	0.0879121	2.83582	0.0138889	0.480952	0	0.590909	0.0691057	0.272727	0.0512821	1.96517	0.00297619	1.65766	0.00740741	0.555556	0	1.30208	0	2.47396	0	0.380282	0	4.7541	0.0549451	0.298507	0.0259259	0.564516	0.0421053	0.0940171	0.102564	0.0307692	0	0.00595238	0	0.486667	0	0.00490196	0.012945	1.49206	0	1.82222	0	2.93333	0	0.860215	0.00323625	5.2027	0	0.792929	0	0.0833333	0.0481928	0	0.306306	0.126582	0.22619	0	0.0757576	0.0187266	0.0259259	0	0.0460993	0	0.138462	0	0.0551181	0.424658	0.0583333	5.04444	0.0502645	3.46222	0.00952381	0.136752	0.0449735	6.38667	0.00775194	0.184685	0	0.166667	0.0288714	5.35556	0.0102564	0.200803	0.00516796	3.01778	0	0.391892	0.00330033	0.166667	0	0.746667	0.0528053	7.69355	0.029703	11.5932	0.197368	83.8376	0.0333333	15.3395	0.0756303	1.22222	0.395189	41.7302	0.908213	111.991	0.01	38.5121	0.168776	73.9829	0.0756014	17.186	0.0714286	0.084507	0.0283019	55.4103	0.0973783	8.71667	0.0772358	57.4957	0.135021	64.1197	0.125	23.6748	
