data	data	1300.41	2442.69	6233.68	1152.12	6002.55	6461.64	2371.39	2995.43	1214.02	1346.36	1227.44	1841.75	4029.37	5237.55	4219.76	1974.01	1746.34	1349.82	5372.4	3102.21	3376.46	2034.96	3076.26	2715.18	1145.31	2105.58	12878.9	10361.7	902.466	462.287	2749.89	873.714	1590.59	1138.2	3322.63	1438.44	1479.93	1351.73	2587.69	910.696	1303.71	1693.94	7018.58	1935.36	5234.43	2446.24	2785.83	4907.99	2001.29	1682.4	5612.94	1391.74	2778.01	2018.7	3454.01	4206.54	3794.17	1687.89	1844.75	3357.66	1623.61	1103.85	3103.67	1880.83	472.809	691.042	357.869	1206.47	5574.93	4196.61	2065.3	1760.24	1827.81	2145.41	2234.67	1461.23	1949.97	1688.19	2072.61	1189.57	2397.89	2435.23	1980.32	1215.21	2142.05	2823.62	2077.72	2583.75	3358.87	2375.81	1198.59	1094.91	2322.4	3143.43	1844.36	1220.04	1926.69	2400.97	2675.33	1343.08	2511.86	1326.54	6014.45	7169.35	6280.78	7578.86	3386.08	3439.23	1072.47	2348.82	2180.39	2597.43	2400.58	1723.41	2943.69	2821.02	2870.03	1290.63	2691.56	2393.42	1279.92	2331.13	1439.35	1479.18	2788.23	3807.1	2738.7	3383.23	2631	1860.07	3017.54	1651.01	2120.39	1757.36	3509.09	5704.99	4086.22	4949.09	2018.77	2505.52	4415.79	4073.89	4061.29	2887.48	2010.86	2304.05	1462.07	2770.02	1012.92	1958.7	3881.07	6079.57	1543.03	1706.32	2665.07	3233.65	1403.57	1283.69	2361.11	2070.54	4525.72	3541.06	1183.71	1076.59	3068.24	1584.51	1370.69	574.002	3090.97	2647.56	1189.81	422.161	1948.47	1004.13	427.48	916.547	1493.31	2485.53	1714.34	1412.47	2193.37	2948.62	596.288	1037.28	683.737	972.792	1429.63	1205.87	4497.37	6394.27	10239.2	3108.3	6332.56	4540.49	3989.76	5558.8	11114.5	5927.69	2682.21	3294.2	1717.64	2765.13	4748.54	3046.28	4353.91	4562.86	5127.42	7974.85	2481.04	4585.03	2482.71	2022.49	4008.36	5458.84	8780.43	10622.1	9934.11	12099.1	6405.58	7962.88	6465.74	7205.63	9070.18	10978.4	9754.03	5349.6	7468.28	9132.4	5216.15	9302.79	6262.17	4538.11	7337.16	3199.26	3531.9	2620.03	5801.91	3669.08	6339.9	6296.14	5280.83	5678.12	5526.67	4282.71	7382.09	6532.63	
data	data	SFG_L_7_1	SFG_R_7_1	SFG_L_7_2	SFG_R_7_2	SFG_L_7_3	SFG_R_7_3	SFG_L_7_4	SFG_R_7_4	SFG_L_7_5	SFG_R_7_5	SFG_L_7_6	SFG_R_7_6	SFG_L_7_7	SFG_R_7_7	MFG_L_7_1	MFG_R_7_1	MFG_L_7_2	MFG_R_7_2	MFG_L_7_3	MFG_R_7_3	MFG_L_7_4	MFG_R_7_4	MFG_L_7_5	MFG_R_7_5	MFG_L_7_6	MFG_R_7_6	MFG_L_7_7	MFG_R_7_7	IFG_L_6_1	IFG_R_6_1	IFG_L_6_2	IFG_R_6_2	IFG_L_6_3	IFG_R_6_3	IFG_L_6_4	IFG_R_6_4	IFG_L_6_5	IFG_R_6_5	IFG_L_6_6	IFG_R_6_6	OrG_L_6_1	OrG_R_6_1	OrG_L_6_2	OrG_R_6_2	OrG_L_6_3	OrG_R_6_3	OrG_L_6_4	OrG_R_6_4	OrG_L_6_5	OrG_R_6_5	OrG_R_6_6	OrG_R_6_6	PrG_L_6_1	PrG_R_6_1	PrG_L_6_2	PrG_R_6_2	PrG_L_6_3	PrG_R_6_3	PrG_L_6_4	PrG_R_6_4	PrG_L_6_5	PrG_R_6_5	PrG_L_6_6	PrG_R_6_6	PCL_L_2_1	PCL_R_2_1	PCL_L_2_2	PCL_R_2_2	STG_L_6_1	STG_R_6_1	STG_L_6_2	STG_R_6_2	STG_L_6_3	STG_R_6_3	STG_L_6_4	STG_R_6_4	STG_L_6_5	STG_R_6_5	STG_L_6_6	STG_R_6_6	MTG_L_4_1	MTG_R_4_1	MTG_L_4_2	MTG_R_4_2	MTG_L_4_3	MTG_R_4_3	MTG_L_4_4	MTG_R_4_4	ITG_L_7_1	ITG_R_7_1	ITG_L_7_2	ITG_R_7_2	ITG_L_7_3	ITG_R_7_3	ITG_L_7_4	ITG_R_7_4	ITG_L_7_5	ITG_R_7_5	ITG_L_7_6	ITG_R_7_6	ITG_L_7_7	ITG_R_7_7	FuG_L_3_1	FuG_R_3_1	FuG_L_3_2	FuG_R_3_2	FuG_L_3_3	FuG_R_3_3	PhG_L_6_1	PhG_R_6_1	PhG_L_6_2	PhG_R_6_2	PhG_L_6_3	PhG_R_6_3	PhG_L_6_4	PhG_R_6_4	PhG_L_6_5	PhG_R_6_5	PhG_L_6_6	PhG_R_6_6	pSTS_L_2_1	pSTS_R_2_1	pSTS_L_2_2	pSTS_R_2_2	SPL_L_5_1	SPL_R_5_1	SPL_L_5_2	SPL_R_5_2	SPL_L_5_3	SPL_R_5_3	SPL_L_5_4	SPL_R_5_4	SPL_L_5_5	SPL_R_5_5	IPL_L_6_1	IPL_R_6_1	IPL_L_6_2	IPL_R_6_2	IPL_L_6_3	IPL_R_6_3	IPL_L_6_4	IPL_R_6_4	IPL_L_6_5	IPL_R_6_5	IPL_L_6_6	IPL_R_6_6	PCun_L_4_1	PCun_R_4_1	PCun_L_4_2	PCun_R_4_2	PCun_L_4_3	PCun_R_4_3	PCun_L_4_4	PCun_R_4_4	PoG_L_4_1	PoG_R_4_1	PoG_L_4_2	PoG_R_4_2	PoG_L_4_3	PoG_R_4_3	PoG_L_4_4	PoG_R_4_4	INS_L_6_1	INS_R_6_1	INS_L_6_2	INS_R_6_2	INS_L_6_3	INS_R_6_3	INS_L_6_4	INS_R_6_4	INS_L_6_5	INS_R_6_5	INS_L_6_6	INS_R_6_6	CG_L_7_1	CG_R_7_1	CG_L_7_2	CG_R_7_2	CG_L_7_3	CG_R_7_3	CG_L_7_4	CG_R_7_4	CG_L_7_5	CG_R_7_5	CG_L_7_6	CG_R_7_6	CG_L_7_7	CG_R_7_7	MVOcC	MVOcC	MVOcC	MVOcC	MVOcC	MVOcC	MVOcC	MVOcC	MVOcC	MVOcC	LOcC_L_4_1	LOcC_R_4_1	LOcC_L_4_2	LOcC_R_4_2	LOcC_L_4_3	LOcC_R_4_3	LOcC_L_4_4	LOcC_R_4_4	LOcC_L_2_1	LOcC_R_2_1	LOcC_L_2_2	LOcC_R_2_2	Amyg_L_2_1	Amyg_R_2_1	Amyg_L_2_2	Amyg_R_2_2	Hipp_L_2_1	Hipp_R_2_1	Hipp_L_2_2	Hipp_R_2_2	BG_L_6_1	BG_R_6_1	BG_L_6_2	BG_R_6_2	BG_L_6_3	BG_R_6_3	BG_L_6_4	BG_R_6_4	BG_L_6_5	BG_R_6_5	BG_L_6_6	BG_R_6_6	Tha_L_8_1	Tha_R_8_1	Tha_L_8_2	Tha_R_8_2	Tha_L_8_3	Tha_R_8_3	Tha_L_8_4	Tha_R_8_4	Tha_L_8_5	Tha_R_8_5	Tha_L_8_6	Tha_R_8_6	Tha_L_8_7	Tha_R_8_7	Tha_L_8_8	Tha_R_8_8	
1300.41	SFG_L_7_1	0	91.0769	125.981	2.01587	43.3	6.04861	38.1	64.186	10.914	5.20325	53.8229	2.45299	4.18182	0.458333	0.924242	1.48333	0.00775194	0	0.00628931	0.442177	0	0	0.522727	1.93333	0	11.7222	0.27957	0.0153846	0	0	0.00833333	0.00775194	0	0.00775194	0.00833333	0	0	0	0	0	0.104167	0	0	0	0	0	0.010101	0.0225989	0	0	0	0	0	0	0.00694444	28.7576	0.027027	0	0.0238095	0.909091	0	0	0	0.0148148	1.25714	0.173333	5.13889	1.41667	0.34632	0	0	0	0	0	0	0	0	0	0	0	0	0	0	0	0	0	0	0	0	0	0	0	0	0	0	0	0	0	0	0	0	0	0	0	0	0	0	0	0.0843882	0	0.130631	0	0	0	0.419913	0	0.30303	0	0.0585586	0	0	0	0	0	0.0396825	0.0490196	0	0.00900901	0	0.0245098	0	0.0392157	0	0.0441176	0	0.0266667	0	0.0745614	0	0	0	0	0	0	0	0	3.01282	0.0294118	24.7297	0.0833333	4.24183	0.0705128	12.8712	0.0522876	0	0	0	0	0	0	0.0476191	0.00617284	0	0	0	0	0	0	0	0	0	0	0	0	0.0909091	0.035461	0.596491	10.6316	0.52381	1.06667	1.38562	0.0333333	16.7126	3.83333	7.86667	0.508772	0	0.0114943	0	0	0	0	0	0	0	0	0.0070922	0	0	0	0	0	0	0	0	0	0	0.004329	0	0.00462963	0.103896	0	0.298701	0	0.424242	0.00411523	0.608889	0	0.00600601	0	0.00823045	0.00411523	0	0	0	0	11.45	43.7407	0	0	0.003003	0	0.0178571	0	0	0	0.003003	0	0.12037	0.00724638	0.155251	0	0.101852	0.00724638	0.0571429	0	
2442.69	SFG_R_7_1	91.0769	0	206.415	80.5467	49	46.2222	43.0917	67.2299	4.49593	42.6778	9.13514	23.3827	1.23457	1.81481	8.58519	6.74074	0	0.309524	0.308642	0.145833	0.011236	0.598039	5.2	0.525641	0.0454545	0.0666667	0.113095	0.10628	0	0.47619	0	0.382353	0	5.62069	0	0.561905	0	1.36667	0	0.634409	0.0503145	0	0	0.00606061	0.00595238	0	0.0537634	0.0348259	0.00757576	0	0	0.0540541	0.00757576	0.0238095	9.98485	0.746667	0.0232558	0.00223714	0.277778	5.33333	0	0.171717	0	0.55914	0.128205	6.69697	0.495935	25.5507	0.014652	0.03125	0	0	0	0.10101	0	0.00462963	0	0	0	0	0	0.0974359	0	0.00512821	0	0.238095	0	0.037037	0	0.0162602	0	0.0811966	0	0.09375	0	0.00823045	0	0.223744	0	0.182222	0	0.0200803	0	0.24	0.021978	0.0333333	0	0.0952381	0	0	0.003663	0.00694444	0	0.00660066	0.010989	0	0.0111111	0	0	0.0166667	0	0.0967742	0	0.0222222	0.00524934	1.23214	0	0.158974	0	0	0.00330033	0.981132	0.00262467	0.045977	0	0.251282	0.00245098	0.42328	0	0.0297619	0	0.377358	0	0.0582011	0	0.0802469	0.212121	0.0116959	0.955975	1.48958	0.534392	0.0133333	0.466667	0.122222	0	0	0	0	0	0	0.0114943	1.05882	0	0.00938967	0	0.00584795	0	0.0520833	0	0.398148	0	0.0416667	0	0.458333	0	0	4.1453	10.0965	0.398148	39.1944	0.124294	0.00358423	1.05208	95.6061	0.0694444	10.8	0.00757576	0.050505	0.315018	0.465753	0	0.00546448	0	0.12987	0.087963	0.182222	0	0.00456621	0	0.00438596	0	0.00456621	0	0.164502	0.288889	0.00833333	0	0.192982	0	0.123656	0.0037037	0.420635	0.010989	0.046875	0.0486891	2.07407	0.0185185	0.0566667	0	0.156863	0.0198413	7.08485	0	0.182292	0	0.137255	1.86992	144.086	0	0.666667	0.00258398	19.6373	0.0757576	29.3583	0.0131234	0.937107	0.00258398	0.0560748	0.0131234	27.2828	0.0037037	12.5556	0	8.06061	0.0132275	43.3737	
6233.68	SFG_L_7_2	125.981	206.415	0	7.9037	249.101	13.8095	257.812	83.7442	21.127	2.06818	0.0416667	7.17054	2.51449	0.813559	287.652	3.34848	4.7	0.00757576	93.1313	0.496732	2.88034	0.0724638	187.463	4.81395	61.8333	16.746	9.69767	0.429487	17.8851	0	16.5033	0.0733333	19.8556	0.306667	21.1282	0.0566038	8.90909	0.0314465	137.111	0	0	0	0.681481	0.00262467	0.0518519	0.0110193	0.00687285	0.0442478	0.00793651	0	2.27407	0	14.3678	0.0291667	46.5397	17.4286	0.775362	2.09127	0.144279	2.77381	68.7241	0	100.405	0.0793651	0.126667	0	0	0.162791	0.435897	0.0464135	0.0628019	0.015873	2.75	0.00917431	0.028169	0.0138889	0.0501792	0.00280112	0.138577	0	0.025641	0.0412371	0.101449	0.0163399	0.247126	0.0274914	0.0434783	0.0515464	0.475694	0.0226537	0.461905	0.00909091	1.30846	0.0803213	0.0595238	0.00952381	1.22951	0.026936	0.441667	0.024055	0.35743	0.0226537	2.53333	0.0555556	0.455128	0.777778	0.503968	0.0132013	0.0140056	0	0	0	0.0274914	0.0018018	0.00732601	0.0178571	0.0111111	0.0213675	0	0	0.0140845	0.0515464	0	0.00732601	6.04444	2.7125	0.690821	0.413793	1.78632	0.192157	5.63636	0.802326	1.53005	0.531008	1.34762	0.467391	8.58156	0.556777	0.0454545	0.0156863	4.12319	0.119048	1.89444	0.0989011	0.0348259	0.17284	0.0547264	0.620253	0.649573	2.16034	0.0857143	0.015873	0.0530303	0	2.90196	0.0116279	0.0125786	0.0030581	1.81081	0.00469484	2.7451	1.46275	1.02597	0.00564972	0.0031746	0.00282486	16.5321	0	2.64762	0.00282486	0.384977	0	61.8021	0	0	0	0.00732601	1.86325	0.00732601	0.027027	0	0	0	0.0190476	0	0	0.00732601	0	0.650406	2.43379	0.544444	0.045045	0.296296	0.0222222	2.00939	5.5446	0.375	0.00343643	0.054902	0	0.0666667	0	0.292135	0.015873	0.410853	0.106996	1.88889	0.0634921	0.41784	0.0618557	0.586345	0.037037	1.01778	0.1125	39.0417	8.6627	4.86364	0.0316092	0.0925926	1.04701	105.943	10.119	2.5963	0.251773	0.300469	0.632997	86.3548	43.7698	36.4048	0.678161	5.08108	0.0254237	194.133	0.0115942	4.36842	0.698039	6.0359	0.0964912	69.8241	0.465812	56.6757	0.0148148	37.6242	0.0803213	104.943	0.670732	
1152.12	SFG_R_7_2	2.01587	80.5467	7.9037	0	4.07576	140.591	0.333333	30.6049	0.00757576	0.186667	1.35897	0.470588	0.0818713	0.091954	0.57971	114.275	0	1.08602	0.0178571	2.71111	0.003663	1.6092	0.492754	9.16667	0	43.9792	0.0116959	0.0957854	0	1.09524	0	0.55914	0	10.0345	0.003663	0.546296	0	4.92473	0	3.83871	0	0	0	0.0149813	0	0	0	0	0	0	0	0.011236	0.00330033	0.5	0.0268199	20.1354	0.00766284	0.119658	0.00383142	0.254902	0	0.565657	0	3.31313	0	0	0	0.0123457	0.0037037	0	0	0.0229885	0	0.6875	0	0.0196078	0	0.0047619	0	0	0	0.276042	0	0.00877193	0	0.644444	0	0.161765	0	0.236111	0	0.15812	0	0.00961538	0	0.117371	0	0.438356	0	0.361905	0	0.187793	0	0.031746	0.00732601	0.00775194	0	0.133333	0	0	0	0	0	0	0.0037037	0	0.0037037	0	0	0.00387597	0	0.296296	0	0.0508475	0	1.50355	0	0.201258	0	0.876812	0.00396825	1.26087	0	1.34058	0	0.188889	0	0.654321	0	0.0851064	0	0.945578	0	0.561728	0	0.222222	0	0	0.00564972	0	0.016129	0.0045045	0.00537634	0	0.00330033	0.0789474	0	0.010929	0	0.0114943	0.00387597	0.345238	0	0.0234742	0	0.0187266	0	0.0689655	0	0.906103	0	0.0333333	0	0.70892	0	0	0	0	0.037037	0	0.00740741	0	0.108333	0	0	0	0	0	0.286822	0.155556	0	0	0	0.0162602	0.126761	0.152381	0	0.0047619	0	0	0	0	0	0.0203252	0.287879	0.0133333	0	0.0488889	0.00421941	0.05	0.0037037	0.873016	0	0.002331	0.029304	2.87121	0.00740741	0.00634921	0	0.034188	0.0232558	8.43137	0	0.0383142	0	0.0596491	0.0326797	29.5139	0	1.86154	0.00258398	2.34259	0.0842912	13.661	0.0119048	0.369697	0.00516796	0.0223881	0.0283688	3.00926	0.00740741	1.04762	0.00843882	0.936937	0.00775194	7.17143	
6002.55	SFG_L_7_3	43.3	49	249.101	4.07576	0	311.907	0.576389	3.34	0.566667	0.229885	100.018	47.0325	364.234	131.184	361.057	3.96825	0.27619	0.00401606	305.683	40.1556	4.33333	0.0849673	10.65	5.89922	0.111111	4.39535	111.227	21.4965	2.1828	0	13.1548	0.133333	17.0333	0.210145	12.5714	0.0125786	2.58621	0.00757576	26.6778	0	35.875	0.928889	0.0512821	0	0.035461	0.394444	16.1923	12.4771	0.142857	0.00913242	2.53086	0.0070922	0.847222	0.0126582	0.877551	4.07738	0.590643	1.13953	0.210784	1.18605	0	0	0.163265	0.0120482	0.719697	0.00680272	1.16162	0.0574713	1.19481	0.0078125	0	0.00952381	0.01	0.00606061	0	0	0	0.00280112	0.00660066	0	0	0	0.0355556	0.0030581	0	0.0126984	0	0.00884956	0.0330033	0.0119048	0.0534979	0.00917431	0.75463	0.0222222	0	0.00297619	0.0120482	0.00623053	0.0166667	0.00934579	0.0208333	0.014881	2.03286	0.00262467	0.0566667	0.04329	0.11245	0	0.0946502	0.00266667	0.12549	0.002849	0.0133333	0	0.585366	0.0133333	0.454167	0.00533333	0.0666667	0.00266667	0	0.00314465	0	0.003663	4.65641	0.70155	0.497778	0.326165	0.174603	0.087963	3.46032	0.155303	0.36715	0.232558	0.166667	0.168459	0.785714	0.375	0	0	0.0441176	0.0281124	0.257143	0.0170068	0	0.0441767	2.87719	0.410774	9.14394	0.282353	9.79661	0.225589	19.7471	0.686869	0.320988	0.00749064	0	0.0030581	0.0903955	0	0.912568	0.528736	0.270833	0	0.00673401	0	0.172043	0	0.314286	0	0.0491803	0	0.352201	0	1.0904	0.0189394	32.7752	43.0159	9.43011	1.22222	12.2011	0.136054	1.3545	0.0286738	4.29861	0.18315	0.371069	1.66026	0.227451	0.185654	0.289683	0	0.223577	0.00584795	0.297778	0.311688	0.240964	0.00343643	0.0119048	0	0	0	0.138889	0.00584795	0.151515	0.00387597	0.369176	0.0146199	0.205128	0.0196078	0.443089	0.0078125	0.839506	0.0105263	12.7606	3.62016	11.6552	0.025641	0.107692	0.175	19.12	3.84496	0.568841	0.193237	0.0719697	0.0793651	88.1984	10.1389	5.66667	0.317829	30.1453	0.0245614	38.5192	0.0057971	2.17094	0.322097	21.1152	0.0173913	46.8633	0.208835	66.4615	0.0105263	58.3171	0.0136054	75.6053	0.317829	
6461.64	SFG_R_7_3	6.04861	46.2222	13.8095	140.591	311.907	0	1.44231	16.6275	0.265306	3.8	96.3675	208.676	115.437	213.972	117.455	90.6032	0.433333	0.643678	112.812	351.288	0.0928962	21.2778	33.8623	15.625	0.852564	16.1975	7.36478	42.614	0	3.66667	0.355072	10.8077	0.263889	35.9615	0.135593	30.2	0.0170068	17.0256	0.0102041	0.666667	1.34568	0.469697	0.0070922	0.135802	0.00877193	0.0181159	0.64881	0.325581	0.0196078	0.00900901	0.0960452	2.30864	0.0133333	0.52381	1.75661	29	0.124498	1.36364	0.0120482	1.57062	0	1.5641	0.00833333	1.11712	0.132075	3.43182	0.0503145	7.7561	0.238532	0.0241546	0	0.460317	0	0.537634	0	0.251282	0	0.0789474	0	0.0784314	0	3.38028	0	0.07173	0.00294985	3.67593	0	0.472973	0	2.13596	0.00645161	0.770563	0	0.0666667	0	0.342222	0.0133333	3.54505	0.00266667	5.0137	0	2.07895	0.0144928	0.406349	0.206897	0.0689655	0	1.15833	0.036036	0.0566038	0.095679	0.00320513	0	0.00961538	0.287462	0.00701754	0.201835	0.00634921	0.024024	0.00732601	0	1.44601	0	0.0437158	0.0291262	14.7884	0.0057971	3.2931	0.0307018	4.39103	0.0843373	8.52564	0.0130719	7.46914	0	6.93627	0.0319149	16.2881	0	0.508772	0	8.06918	0.00606061	4.46377	0	3.45833	1.38095	0.306452	1.61111	6.77333	1.95984	0.199005	4.94017	2.38194	0.00716846	0.935673	0	3.5	0.0037037	0.706897	0.0705882	6.92778	0	5.46784	0	0.0340136	0	2.75439	0	37.0655	0	4.2619	0.00358423	14.4303	0.0177778	0.00724638	24.0163	35.3902	1.5	8.75758	0.719512	0.0995025	0.333333	1.83333	2.12	1.84783	0.150794	0.694444	2.99612	1.55128	0	0.00980392	0.00350877	0.349593	1.69907	1.0381	0.00533333	0.0111111	0	0.00865801	0	0.0125	0.00340136	0.341463	2.22097	0.0204678	0.00378788	0.316872	0.00294985	0.387255	0.0642202	2.05	0.235474	0.0628931	0.476635	16.7752	0.367284	0.179245	0.0070922	0.0952381	0.297491	160.915	0.0229885	0.199275	0	0.193182	0.261603	159.889	0.015625	63.1556	0.0517799	78.4737	0.43295	70.6987	0.0531915	2.72989	0.0895062	0.140351	0.0376812	75.3077	0.0740741	28.2906	0.0444444	32.2564	0.066092	107.684	
2371.39	SFG_L_7_4	38.1	43.0917	257.812	0.333333	0.576389	1.44231	0	25.3411	163.038	29.5794	0.0272109	1.33333	0.285714	0.544444	0.235772	0.0705128	1.7	0	3.30303	0.0376344	0.385185	0	2.8	0.00793651	74.1833	8.62016	0.833333	0.11746	2.64516	0	2.74359	0	1.5	0	3.54088	0	1.87255	0	8.93939	0	0	0	0.02589	0	0	0	0	0.031746	0.00793651	0	0.473684	0	5.50538	0.00401606	179.587	45.6439	0.243902	0.142857	34.75	0.646091	7.22917	0	13.4731	0.106061	3.53333	0	0.166667	2.27642	0.10582	0.0295359	0	0	0.17094	0.00297619	0	0	0.0070922	0.00292398	0.00546448	0.00292398	0	0	0.010929	0	0.00574713	0	0.00483092	0.00292398	0.0322581	0	0.0289855	0	0.00757576	0.0396825	0	0	0.0571429	0	0.0384615	0	0.018018	0	0.138418	0.00520833	0.135593	0.315315	0.0431373	0	0.00555556	0	0	0	0.00623053	0	0	0.00653595	0	0.0168776	0	0	0	0	0	0	1.06061	0.0561798	0.00749064	0.0362319	0.037037	0.0151515	0.679487	0.0795455	0.0722222	0.0568182	0.0515873	0.0666667	0.386667	0.0277778	0	0	0.166667	0	0.100629	0.0104167	0	0.0203252	0.00606061	0.00854701	4.37634	0.045977	0	0	0	0.00606061	0.153153	0	0	0	0.119658	0	0.48	0.164751	0.0384615	0	0	0	2.85535	0	0.106481	0	0.0333333	0	5.77551	0	0	0	0	1.06306	0	0.146341	0	0	0	0.00574713	0	0.00980392	0	0	0.12549	1.18468	0.153846	0.00854701	0.057971	0	0.925926	2.26484	0.101449	0	0.0181159	0	0.00574713	0	0.0905797	0	0.0698413	0.128514	0.465201	0.00340136	0	0	0.174074	0.00888889	0.572917	0.0803213	18.2993	0.815686	0.144068	0.00537634	0.0387597	0.354701	21.5778	1.39922	1.03663	0.108434	0.48062	0.173077	46.9365	8.08943	5.93103	0.0581395	0.056338	0.00724638	66.6533	0.00735294	0.344444	0.0538721	0.0337553	0.025641	2.32292	0.00483092	0.677083	0	0.519608	0	14.5965	0.039886	
2995.43	SFG_R_7_4	64.186	67.2299	83.7442	30.6049	3.34	16.6275	25.3411	0	10.031	58.5379	3.79845	0.00238095	0.701493	0.357488	0.2	6.75309	0.011236	6.64516	0.302682	1.33918	0.269841	1.64341	0.0361446	4.09524	0.0454545	101.619	0.148551	0.880952	0	2.47312	0.00411523	0.614035	0.00416667	3.81481	0.0666667	0.62963	0.0288066	2.75439	0.00416667	25.5833	0.0364583	0	0.0165017	0.00350877	0	0.00392157	0.0102564	0.0385965	0	0	0.0990099	0.020202	0.113636	2.70238	4.64493	240.983	0.297101	0.153153	0.0615942	3.09722	0	21.1771	0.00289855	44.8925	0	0	0.0406504	0.173611	0.00529101	0.111111	0	0	0	0.298246	0	0.015873	0	0.0128205	0	0.00483092	0	0.333333	0	0.0639269	0	0.984127	0	0.257143	0.0111111	0.117647	0.00358423	0.0350877	0	0.229167	0	0.101449	0	0.394872	0	0.29798	0.00647249	0.0684932	0.00714286	0.199377	0.0666667	0.0392157	0.012945	0.0498084	0	0.0047619	0.00724638	0	0	0.00266667	0.100629	0.00617284	0.010582	0.0163934	0	0	0	0.552239	0	0.151042	0.0132013	2.0915	0.00421941	0.201058	0.00647249	0.137681	0.0798611	3.9375	0.018315	0.22	0.014652	0.195767	0.018315	1.20261	0	0.103448	0	1.04667	0.011236	2.30612	0	0.100629	0.0648148	0.0140845	0.0251572	1.02151	0.137255	0.0203252	0.174603	0	0.0206186	0.247619	0	0.0136054	0	0.12381	0.133333	1.75333	0	0.0144928	0	0.003663	0	0.0448718	0	0.181435	0	0.0227273	0	2.26389	0.00520833	0.00314465	0	0	0.0780142	0	0.0858586	0.00314465	5.70476	0	0	0	0	0	3.04444	0.788288	0	0.00803213	0	0.0555556	1.64414	0.726368	0	0.00766284	0	0	0	0	0	0.0585586	3.06296	0.0614035	0.00314465	0.143519	0.00421941	0.047619	0.0114943	7.05983	0	0.244792	1.25794	120.014	0.0198413	0.0515464	0	2.02632	0.939759	193	0.0022831	1.34599	0.00757576	1.29333	2.90805	135.701	0.0113636	4.49275	0.0409357	6.44762	1.85824	62.9085	0.202899	0.933333	0.03125	0.623457	0.0962963	15.5253	0.0272109	3.63636	0.0126582	7.05208	0.0472441	46.7374	
1214.02	SFG_L_7_5	10.914	4.49593	21.127	0.00757576	0.566667	0.265306	163.038	10.031	0	40.1473	1.13095	0.362745	0.108844	0.0989583	0.0343137	0	0.0333333	0	0.0684932	0.0192308	0.0386473	0	0	0	0.0476191	0.511111	0.12381	0.0220126	0.147059	0	0.140351	0	0	0	0.19883	0	0.0294118	0	0.45098	0	0	0	0.00990099	0	0.00529101	0	0.00529101	0.00229885	0	0	0.0653595	0	1.20833	0.00401606	11.7742	57.0233	0.439394	3.02273	73.9306	8.45455	1.26263	0	3.74194	0	6.57143	0.230769	34	9.05426	0.109375	0	0	0	0	0	0	0	0	0	0	0	0	0	0.004662	0	0	0	0	0	0.00560224	0	0	0	0	0.0155039	0	0	0.004329	0	0	0	0	0	0.0896359	0.00260417	0.0980392	0.13964	0.00358423	0	0.00826446	0	0	0	0.00595238	0	0	0	0	0	0	0	0	0	0	0	0.9375	0.0113636	0.00749064	0.0140351	0	0.0116279	0.197531	0.0454545	0.0153846	0.0193798	0.0232558	0.0208333	0.00297619	0.00680272	0	0	0	0	0.00775194	0	0	0.00813008	0.243243	0.0128205	31.8621	0.0444444	0.166667	0.0261438	2.11905	0.166667	0	0	0	0	0	0	0.186667	0.0643939	0	0	0	0	0.139394	0	0	0	0	0	0.260606	0	0	0.00641026	0	0.101449	0.0444444	0.138889	0.00641026	0.0212766	13.5238	4.27778	7.13043	3.88889	0	0	0.0627451	0.522523	0.130435	0	0.0797101	0	0.383562	1.14155	0.112319	0	0.0144928	0	0	0	0.0869565	0	0.0344828	0.0431373	0.376812	0	0	0	0.163043	0	0.440613	0.0155039	4.78205	0.262745	0.0952381	0.00574713	0.0425532	0.102564	5.68027	0.48062	0.886447	0.0310078	0.484127	0.0320513	12.7143	0.0238095	0.827586	0.0348837	0.0593607	0	36.2876	0.00757576	0.188889	0.0233333	0	0.0101781	0.696078	0.00252525	0.0729167	0	0.016129	0	8.3254	0.010101	
1346.36	SFG_R_7_5	5.20325	42.6778	2.06818	0.186667	0.229885	3.8	29.5794	58.5379	40.1473	0	0.262411	4.34314	0.121212	1.73984	0.0595238	0.0512821	0	0.322917	0.122605	0.042328	0.0542636	0.0232558	0.00343643	0.0190476	0.00396825	0.6	0.0561798	0.15	0	0.047619	0	0.03125	0.00421941	0.0810811	0	0.00775194	0.0166667	0.0877193	0.00421941	0.685714	0.0137457	0.00724638	0.00990099	0	0	0	0.00529101	0.0432099	0	0	0.0533333	0	0.0576132	0.202381	69.8636	86.8864	0.319728	0	10.3939	44.5769	0	0.592593	0	1.29293	0.304965	5.33333	2.44444	101.586	0.00421941	0.0043573	0	0	0	0.00877193	0	0	0	0	0	0	0	0.00913242	0	0	0	0.020202	0	0	0	0.00444444	0	0	0	0.0260417	0	0.00456621	0	0.00483092	0	0.00803213	0	0	0.0047619	0.00894855	0.032967	0.0199005	0	0	0.00421941	0	0	0	0	0	0.00843882	0	0	0	0	0	0	0.0199005	0	0.00505051	0.358974	1.54902	0.00641026	0.00555556	0	0.0217391	0.03125	1.43434	0.00660066	0.0217391	0.00617284	0.00520833	0.014652	0.0512821	0	0	0	0.0128205	0.003663	0.0125786	0	0.00641026	0.217949	0.196078	1.42667	1.80392	0.132184	0.186667	0.241135	0.597222	0.0106383	0.0208333	0	0	0	0	0.0957854	0.302083	0	0	0	0	0	0	0	0.00803213	0	0	0	0.0268817	0.0144928	0.27907	0.444444	0.508333	0.109091	1.33333	0.251701	0.413043	0.143939	49.2222	0.225225	7.21569	0.0125786	0.00323625	0.496124	0.0379747	0.00411523	0.00537634	0	0.00497512	0.6621	0.417989	0.00411523	0	0	0	0	0	0	0.00497512	0.412879	0.0030581	0.0185185	0.00469484	0.00913242	0	0.00229885	0.15	0.00421941	0.0260417	0.252874	24.679	0.00980392	0	0	0.508772	0.321285	47.9136	0.00245098	0.220779	0.00757576	0.320175	0.797619	6.62319	0	0.0952381	0.0148148	0.022409	0.704545	2.58333	0.0868056	0.00330033	0.00229885	0.0206718	0.0123457	0.344444	0	0.0119048	0	0.211111	0.00229885	0.588235	
1227.44	SFG_L_7_6	53.8229	9.13514	0.0416667	1.35897	100.018	96.3675	0.0272109	3.79845	1.13095	0.262411	0	16.5588	112.048	4.94928	1.1626	2.94872	0.02	0	1.1875	0.918518	0	0	0.191489	4.5641	0	2.69231	21.4133	0.72	0	0	0	0.0151515	0	0.0454545	0	0	0	0.00757576	0	0	14.2	0.122222	0.00254453	0	0.015625	0.16092	8.18667	2.05455	0.307692	0.208333	0	0	0	0	0.0153846	2.9	0.0272109	0	0	0.0833333	0	0	0	0	0.632479	0.0526316	1.41667	0.170543	0.5	0.0866667	0	0	0	0	0	0	0	0	0	0	0	0	0	0	0	0	0	0	0	0	0	0	0	0	0	0	0	0	0	0	0	0	0.00411523	0	0	0	0	0	0.0843882	0	0.136752	0	0	0	0.581197	0	0.448718	0.00595238	0.0506329	0	0	0	0	0	0.045977	0.252525	0.010582	0.037037	0	0.0757576	0	0.149254	0	0.222222	0	0.18018	0	0.342342	0	0	0	0	0	0	0	0	3.82716	0.0704225	16.8049	0.115646	11.0755	0.0315315	22.8	0.097561	0	0	0	0	0	0	0	0	0	0	0	0	0	0	0	0	0	0	0	0	0.453333	0	7.5045	5.53922	24.3922	11.35	8.54487	0.0401606	5.33333	0.271605	4.62791	0.294118	4.64583	4.2	0	0	0.0026455	0	0	0	0	0	0.00694444	0	0	0	0	0	0	0	0	0	0.00529101	0	0	0.00462963	0.142857	0	0.435897	0.00595238	0.619658	0	0.91342	0	0.105263	0.0225989	0	0	0.179487	0.591398	0.00254453	0	0.00254453	9.26042	0	0	0.00520833	0.0102041	0	0.00258398	0	0	0.0112045	0	0.00694444	0	0.166667	0.00358423	0.00560224	0.00358423	0	0.00516796	
1841.75	SFG_R_7_6	2.45299	23.3827	7.17054	0.470588	47.0325	208.676	1.33333	0.00238095	0.362745	4.34314	16.5588	0	15.2456	47.6111	43.7398	0.0648148	0.113333	0.0238095	26.5333	0.00497512	0	0.192982	15.0465	0.0595238	0.269231	0	5.29825	0.0595238	0	0.047619	0	0.079096	0	0.9	0	0.333333	0	0.225806	0	0.0104167	0.0325203	1.92517	0.0225225	0	0.0347222	0	0.485294	0.860215	0.0784314	3.37778	0	0.0350877	0	0	0.42328	0.00757576	0.0793651	0	0.0297619	0.152047	0	0.00617284	0	0.00813008	0.185897	7.67568	0.0940171	15.7647	0.00716846	0.909722	0	0	0	0	0	0	0	0	0	0	0	0.00416667	0	0	0	0.00456621	0	0	0	0.00611621	0.00308642	0.0141844	0	0.0424242	0	0	0.00308642	0.0146199	0	0.00584795	0	0.0047619	0	0.072327	0.0144928	0.0045045	0	0.0106383	0	0.0124611	0.00358423	0	0	0.00623053	0.00358423	0.00350877	0.00716846	0.00701754	0	0	0	0.00416667	0	0	0.00469484	0.301075	0	0.0380952	0.0133333	0.00623053	0.034632	0.0928962	0.0042735	0.00961538	0	0.0324074	0.00406504	0.034632	0	0	0	0.0155763	0	0.0149254	0	0.00611621	0.354839	0.988095	0.266667	14.4583	0.142857	0.279762	0.355556	9.98551	0	0	0	0	0	0	0.0231481	0.111111	0	0	0	0	0	0	0	0.0460993	0	0	0	0.0212766	0	0.0208333	11.7692	33.8922	7.74359	181.824	0.0752688	0.0584795	0.0263158	20.2529	0.4375	16.3419	0.252525	62.75	0.155039	0.192308	0	0.00392157	0.00350877	0.0365854	0.036036	0.0720721	0	0	0	0	0	0	0	0.0365854	0.11985	0.00401606	0	0.0205761	0	0.00529101	0	0.0518519	0.00716846	0.0864198	0.0144928	0.673913	0.0144928	0.031746	0.045045	0.119048	0.010989	3.12222	0.127451	8.4023	0	0.00392157	0	10.4952	0	0.101961	0	4.92105	0.0222222	10.7654	0	0.35119	0.00308642	0.0126263	0	4.94737	0.00362319	1.5614	0	1.26316	0.00308642	9.8421	
4029.37	SFG_L_7_7	4.18182	1.23457	2.51449	0.0818713	364.234	115.437	0.285714	0.701493	0.108844	0.121212	112.048	15.2456	0	230.859	4.30476	0.0877193	0.192982	0	34.5217	11.0933	23.7101	0	0.238095	0.152047	0.100775	0.134503	291.518	124.526	0.00925926	0	0.757576	0	0.0588235	0	2.54167	0	0.408602	0	0.00666667	0	94.3768	2.28682	10.625	0.0555556	0.0677083	1.49383	35.058	73.0993	1.06173	0.0833333	29.25	0	0.00694444	0	0.226667	0.251208	0.0632184	0	0.021164	0.010989	0.00641026	0	0.0227273	0	0.0689655	0.0866667	0.00505051	0.191489	0.932624	0.00606061	0	0	0	0	0	0	0	0	0	0	0	0	0.00854701	0	0	0	0	0	0.0030303	0	0	0	0.147186	0	0	0	0.004329	0	0	0	0	0	0.341991	0	0	0	0.00606061	0	0.115789	0	0.185965	0	0.0037037	0	0.894737	0.00358423	0.701754	0.00358423	0.0491228	0	0	0	0	0	0.463768	0.0561404	0.109705	0.0412371	0.026455	0	0.146465	0	0.0555556	0	0.0070922	0	0.0784314	0.00308642	0.00520833	0	0.00995025	0	0.0045045	0	0	0	2.42512	0.23569	1.66667	0.58	12.3231	0.0590278	30.1429	0.489583	0.0654762	0	0	0	0.0178571	0	0.104167	0	0.00520833	0	0	0	0	0	0.00520833	0	0	0	0	0	4.03825	0.0120482	71.3171	45.8889	67.1667	0.796296	14.9235	0.057971	10.9877	0.460317	18.2484	0.4	17.05	0.253086	0.00766284	0.00793651	0.0581395	0	0.0503876	0.00546448	0.00416667	0.00516796	0.0542636	0	0	0	0	0	0.0235294	0	0.00383142	0	0.0449438	0.0138889	0.0321285	0	0.297491	0.00358423	0.750877	0	1.88353	0.0262172	3.43694	0.00358423	0.489583	0.327485	0.77037	0.029304	0.520325	0.348148	0.04329	0	32.2698	0.636364	0.0761905	0	16.8699	0.170543	4.55814	0.0658915	0.20155	0.0471014	6.47531	0.00438596	9.26016	0.0537634	12.3413	0.025641	13.697	0.029304	14.5366	0.150538	
5237.55	SFG_R_7_7	0.458333	1.81481	0.813559	0.091954	131.184	213.972	0.544444	0.357488	0.0989583	1.73984	4.94928	47.6111	230.859	0	14	0.0208333	0.0574713	0	76.4306	5.2963	0.205674	0.323529	1.8805	0.0326087	0.0205128	0.0411985	135.279	337.865	0	0.00900901	0.0606061	0.22549	0.0566038	0.0659722	0.134615	5.47126	0.00980392	0.113475	0	0.102564	10.0244	67.8246	2.17007	0.448276	2.80667	0.230453	26.2296	102.889	0.257576	4.17333	0.188406	1.89247	0.00611621	0.0123457	0.225352	0.207071	0.0696517	0.0461538	0.0364583	0.853535	0.003367	0.131868	0.0140845	0.142857	0.0409357	0.736111	0.015873	2.09091	0.010929	1.0303	0	0.0606061	0	0.0862745	0	0.117647	0	0.222222	0	0.0823045	0	0.375587	0	0.688312	0	0.0464135	0	1.07981	0	1.79798	0	0.02589	0	1.29703	0	0.643836	0	0.0650406	0	0.0458333	0	0.232932	0	3.97667	0.0121212	0.215686	0	0.344828	0	0.22549	0	0.0243056	0	0.0485437	0.00934579	0.0599251	0	0.0429043	0	0.0235294	0	0.699074	0	0.00925926	0.162963	7.277	0.0333333	1.24242	0	0.0855856	0.578544	1.89372	0.00273224	0.220721	0	9.94203	0.0138889	2.64762	0	0	0.0026455	0.628019	0.00347222	0.3	0	0.422886	0.641791	3.0202	0.0111111	5.89474	0.025	3.08658	0.107981	8.27222	0	0.0769231	0	0.0606061	0	0.0469484	0.0630631	2.04478	0	0.788288	0	5.21256	0	0.00350877	0	27.0188	0	0.142857	0	0	0.00330033	0.05	56.5794	47.3333	1.48649	21.5	0.0165017	0.557292	0.017316	1.64667	0.0457516	3.2303	9.4537	15.7564	0.21978	1.16466	0	0.00362319	0	1.34199	0.172996	0.0963855	0.00320513	0.35443	0	0.75	0	0.0776256	0.00320513	6.45778	0.102837	0.0123457	0	14.8615	0.00416667	3.38288	0	0.0451389	0	0.464052	0.292835	1.54852	0.00350877	3.74262	0.186667	79.8095	0.216981	15.4948	0.398148	8.96875	0.0117994	68.0513	0.047619	220.775	0.00308642	63.9213	0.0243902	133.124	0.205607	30.7971	0.0909091	1.47489	0.0105263	3.96377	0.131944	48.1277	0.0162602	63.1111	0.0277778	80.6014	0.0123457	74.845	
4219.76	MFG_L_7_1	0.924242	8.58519	287.652	0.57971	361.057	117.455	0.235772	0.2	0.0343137	0.0595238	1.1626	43.7398	4.30476	14	0	0.148148	2.59524	0.00401606	374.12	6.88889	145.204	0.0454545	361.174	0.130435	0.494949	0.106667	29.5905	0.0996885	12.1159	0.0155039	19.6533	0.106061	36.0556	0.266667	9.81333	0.0653595	3.75641	0.0185185	4.74667	0.00462963	0.00913242	0.488889	0.0229885	0	0.0104167	0.0151515	0.194805	0.039039	0.00374532	0.00271003	7.71014	0	0.176871	0.0313726	1.96124	1.40161	0.602837	2.19679	0.186275	1.95181	0.0980392	0.00383142	0.46875	0.0281124	0.0125786	0.00340136	0	0.00421941	0.529412	0.0043573	0	0	0.00952381	0.00383142	0	0	0	0	0.00469484	0.00289855	0	0.0121212	0.0185185	0.00611621	0.0564972	0.00660066	0.00469484	0.0117994	0.0782313	0.014881	0.20614	0.0115942	0.410628	0	0.0045045	0.0030303	0.22043	0.0160256	0.136752	0.00892857	0.0982906	0.00925926	1.57353	0	0.047619	0.0606061	0.240506	0.00595238	0.00623053	0.00266667	0	0	0.0160643	0	0.00701754	0.00533333	0.0185185	0.00546448	0.00401606	0.00266667	0	0.0121212	0	0	2.34392	0.318352	0.246575	0.241135	0.267857	0.0411985	1.84181	0.134831	0.272727	0.105072	0.183575	0.135417	2.58462	0.163399	0.00694444	0	0.306667	0.0361446	0.863636	0.0520833	0.00666667	0.0562249	0.0462963	0.185185	0.0119048	0.112403	0.034632	0.0986395	0.00990099	0.360544	0.210884	0.00421941	0	0	0.121795	0	1.43396	0.849206	1.58706	0.00508906	0	0	0.666667	0	1.40404	0.0119048	0.190476	0	0.768707	0.00282486	0	0.00757576	0.446009	5.60606	0.026455	0.704918	0.00634921	0.0782313	0	0.0106383	0	0.078853	0.0238095	1.23129	0.129412	0.181818	0.0987654	0	0.0801688	0.00292398	0.22973	0.257778	0.090535	0	0.0108696	0	0.0169492	0	0.043956	0.00292398	0.109966	0.015873	0.208835	0.00869565	0.144737	0.00980392	0.0901961	0.0123457	0.184211	0.00813008	13.987	6.16064	6.43452	0.0108401	0.0225225	0.199234	20.0709	6.46429	0.202247	0.0515464	0.102222	0.126214	20.6173	0.150327	7.73118	0.650794	8.77477	0.017094	27.4909	0.0171821	0.603604	0.116105	10.6959	0.0043573	14.2613	0.158537	21.0513	0.00533333	17.5238	0.0122324	28.7568	0.192771	
1974.01	MFG_R_7_1	1.48333	6.74074	3.34848	114.275	3.96825	90.6032	0.0705128	6.75309	0	0.0512821	2.94872	0.0648148	0.0877193	0.0208333	0.148148	0	0	1.09333	0.00374532	164.159	0	27.4667	0.103704	324.458	0	50.8788	0	54.4638	0	0.625	0	2.25397	0	22.2174	0	13.2778	0	10.2361	0	5.17949	0	0	0	0.222222	0	0	0	0.00350877	0	0	0	1.29487	0	0.262626	0.0116279	15.957	0.00775194	0.808081	0	0.0555556	0	0.230769	0	1.22222	0	0	0	0	0	0	0	0.190476	0	0.535714	0	0.0892857	0	0.0142857	0	0.0188679	0	0.557377	0	0.00854701	0	0.770115	0	0.184615	0	0.226852	0	0.04	0	0	0	0.131455	0	0.364583	0	0.375587	0	0.222222	0	0.00311526	0.00378788	0.00444444	0	0.0641026	0	0	0	0	0	0	0.00952381	0	0	0	0	0	0	0.488889	0	0.0802469	0	2.81159	0	1.51449	0	3.57576	0	3.79545	0	5.17778	0	1.08743	0	4.8239	0	0.0576923	0	1.38	0	0.806061	0	0.326797	0	0	0	0	0	0.00469484	0	0	0	0.686275	0	0.160494	0	0.212121	0.00462963	0.905983	0	0.858757	0	0.0357143	0	0.357143	0	3.68485	0	0.197917	0	1.09434	0	0	0	0	0.0980392	0	0	0	0.0724638	0	0	0	0	0	0.127907	0.0648148	0	0	0	0	0.0821256	0.056338	0	0	0	0	0	0	0	0.00843882	0.143411	0.00456621	0	0.00469484	0	0.134503	0	0.991453	0	0.00564972	0.0227273	2.175	0	0.00311526	0	0.0105263	0.00287356	6.2381	0	0.0282486	0	0.0381944	0.0326797	4.3	0	3.53846	0	0.581197	0.0348837	1.04094	0	0.0416667	0	0.0078125	0	0.675214	0	0.25641	0	0.333333	0	0.85	
1746.34	MFG_L_7_2	0.00775194	0	4.7	0	0.27619	0.433333	1.7	0.011236	0.0333333	0	0.02	0.113333	0.192982	0.0574713	2.59524	0	0	0	8.65714	0.0238095	69.25	0	140.457	0	73.9896	0	3.85586	0.00611621	53.8986	0	116.333	0	31.3636	0	22.4253	0	1.52688	0	85.4	0	0	0	0	0	0	0	0	0.00584795	0	0	1.9375	0	13.7619	0	16.9861	0.0871212	2.87778	0.0606061	0	0.00687285	1.69048	0	54.4849	0	0	0	0	0	0	0	0	0.0030581	0.583333	0	0	0	0.00497512	0	0.0248756	0	0	0	0.00980392	0	0.277778	0.00421941	0.0149254	0	0.0696517	0	0.160714	0	0.0144928	0	0.0348259	0	0.988095	0.0030303	0.287179	0	0.166667	0	0.037037	0	0.0308642	0	0.0219298	0	0	0	0	0	0.0031746	0	0	0	0	0	0	0	0	0	0.0595238	0	0.00900901	0	0	0.00333333	21.8889	0	9.55263	0	5.16667	0	0.0238095	0	46.093	0	0.788618	0	21.7829	0	3.51449	0	0	0	0	0	0	0	0	0	0	0	11.4086	0	0	0	7.64706	0	5.10185	0.003663	0.14359	0.0021097	0	0	0.294872	0	0.223881	0.0021097	0.0338164	0	11.2262	0	0	0	0	0	0	0	0	0	0	0	0	0	0	0	0.0119048	0.0444444	0	0	0.0224719	0	0.0509259	0.0892019	0.0387597	0	0.0313726	0	0.0185185	0	0.0431373	0	0.00258398	0.00401606	0.0394737	0	0.00406504	0	0.00401606	0	0.0204082	0	0.987421	0.121212	0.0345912	0	0	0.025	3.9845	0.162879	0.0200803	0.00421941	0.0175439	0.0126984	0.121693	0.00326797	0.274854	0.00421941	0.215686	0.003663	5.36735	0	0.107843	0	0.0277778	0.00273224	0.647059	0.003663	0.54902	0	0.142857	0	2.9596	0.00546448	
1349.82	MFG_R_7_2	0	0.309524	0.00757576	1.08602	0.00401606	0.643678	0	6.64516	0	0.322917	0	0.0238095	0	0	0.00401606	1.09333	0	0	0	25.4896	0.00396825	70.5802	0	139.316	0	37.7391	0	16.4646	0	74.5926	0	4.27778	0	7.59722	0	2.01709	0	1.67949	0	6.26667	0	0	0	0.0714286	0	0	0	0	0	0	0.00396825	0.219512	0	11.0303	0	17.9111	0	0.910256	0	0	0	1.49383	0	158.696	0	0	0	0	0	0	0	0	0	0.0864198	0	0	0	0	0	0	0	0.091954	0	0	0	0.444444	0	0	0	0.00680272	0	0.00564972	0	0	0	0	0	0.526667	0	0.0555556	0	0.00680272	0	0.00340136	0	0	0	0.00340136	0	0	0	0	0	0	0.00555556	0	0	0	0	0	0	0.0491803	0	0	0	0.659574	0	1.2	0	6.48485	0	0.898148	0	5.97368	0	2.6	0	33.7967	0	3.07843	0	3.1453	0	13.8963	0	0.0289855	0	0	0	0	0	0	0	0	0	5.08	0	0	0	3.4359	0	1.41667	0	0.00980392	0	0	0	0.025	0	0.0497512	0	0	0	0.291667	0	0	0	0	0	0	0	0	0	0	0	0	0	0	0.0262172	0	0	0	0	0	0.00462963	0	0	0	0	0	0	0	0	0	0.0224719	0	0	0	0	0.0487805	0	0.138889	0	0	0.0160643	1.27027	0	0	0	0.00865801	0.00401606	2.11111	0	0	0	0	0	0.650794	0	0.475	0	0.0217391	0.00793651	0.100775	0	0	0	0.00231481	0	0.0530303	0	0	0	0.010582	0	0.0775194	
5372.4	MFG_L_7_3	0.00628931	0.308642	93.1313	0.0178571	305.683	112.812	3.30303	0.302682	0.0684932	0.122605	1.1875	26.5333	34.5217	76.4306	374.12	0.00374532	8.65714	0	0	13.0815	133.206	0	88.5467	0.00374532	8.33333	0.0116279	402	8.10638	0.441441	0	59.5714	0.00595238	9.18889	0.0238095	68.369	0.0116959	6.96429	0.00383142	1.44444	0	0.164444	0.337662	18.4167	0	0.0378007	0.00287356	0.337607	3.40816	0.0310078	0.10628	111.603	0.0070922	1.22222	0.027451	13.029	1.42146	1.32075	1.35249	0.376812	0.954023	0.293333	0.00383142	2.75362	0.0476191	0.0677083	0.011236	0	0.0313726	0.728889	0.0449438	0	0.0058997	0.0233333	0.0160256	0	0.0030303	0.00444444	0	0.0264026	0	0	0.0030303	0.0313726	0.00311526	0.254386	0	0.0136054	0	0.0549828	0.00297619	0.2827	0	0.52193	0.0173913	0.0149813	0	1.03419	0.0022831	0.277154	0	0.145098	0.00297619	1.8	0.00220751	0.111111	0.104167	0.0934959	0.00297619	0.011396	0.00266667	0	0.002849	0.0434783	0	0.00340136	0.0213333	0.0637255	0.00266667	0.00401606	0.00533333	0	0	0.00687285	0	5.32338	0.456522	0.401709	0.285223	1.89617	0.0106383	5.39583	0.0744681	0.876923	0.0808081	0.168831	0.105611	4.5	0.132075	0.010582	0	1.67677	0.00694444	0.864734	0.029703	0.0229885	0.00694444	0.09375	0.553333	0.0833333	0.2	0.0740741	0.356667	0.0233333	1.09	1.34545	0.00406504	0.0225989	0.0058997	0.842105	0	1.87432	0.35206	0.41784	0.00254453	0.013468	0	0.359649	0	0.311688	0	0.0126582	0	0.142857	0	0	0.0265152	1.29386	5.12554	0.120219	0.94382	0.00634921	0.113333	0	0.064257	0	0.234432	0.761261	1.61818	0.228464	0.268293	0.313492	0	0.277778	0.00819672	0.281385	0.35	0.305882	0	0.0649351	0	0.0350877	0.0022831	0.196078	0.00271003	0.198502	0.0224719	0.543651	0.0194444	0.333333	0	0.533333	0.0329218	0.482353	0.0125786	23.8161	4.14176	11.7018	0.031339	0.0666667	0.204819	26.05	4.67433	0.647059	0.347222	0.298246	0.203175	136.167	0.0243902	7.95699	0.228464	85.1083	0.011236	77.6274	0.00311526	2.0813	0.318519	30.6731	0.0191257	41.575	0.32549	48.252	0.00980392	48.4394	0.00917431	89.7667	0.40613	
3102.21	MFG_R_7_3	0.442177	0.145833	0.496732	2.71111	40.1556	351.288	0.0376344	1.33918	0.0192308	0.042328	0.918518	0.00497512	11.0933	5.2963	6.88889	164.159	0.0238095	25.4896	13.0815	0	0.0297619	84.7593	0.888889	76.4222	0.00584795	6.22581	1.02516	225.565	0	0.0648148	0.224638	2.38462	0.148936	1.36905	0.0701754	43.971	0.00666667	5.69333	0.00340136	0.170213	0.222222	0	0	8.0303	0	0.0035461	0.0119048	0.0416667	0.0035461	0	0.0344828	16.6522	0.00326797	0.821705	0.047619	5.53659	0.00483092	0.918518	0.00401606	0.583333	0	0.860465	0.00564972	1.61111	0.00497512	0	0	0.00574713	0.0212121	0.0045045	0	0.428571	0	0.513661	0	0.215385	0	0.0851064	0	0.0637255	0	2.32407	0	0.0284553	0	2.58447	0	0.214912	0	1.34199	0	0.34188	0	0.0528053	0	0.261261	0.00266667	2.56	0.00266667	3.43836	0	1.18182	0.0057971	0.33	0.0407407	0.0196078	0	0.541667	0.00289855	0.0126984	0.00289855	0.00320513	0	0.00320513	0.0242424	0	0.0151515	0.0031746	0	0.003663	0	0.828704	0	0.0437158	0.0264026	7.38542	0.00350877	2.86207	0.00680272	4	0.0421053	5.54487	0	6.39506	0	9.17157	0.0035461	19.6559	0	0.429379	0	4.03955	0	7.31818	0	2.92262	0.183908	0.00877193	0.105023	0.142157	0.203065	0.0337553	0.433333	0	0.0037037	0.942308	0	3	0.0037037	0.74269	0.024055	3.62295	0	5.33854	0	0.0704225	0	2.20139	0	25.3729	0	4.37619	0	11.0909	0.00444444	0	0.0035461	0.00469484	0.0035461	0	0.0275229	0	0.0192308	0	0.136752	0	0.0035461	0	0.356061	0.472574	0	0	0.00266667	0.0923695	0.231481	0.0913242	0.00266667	0.003663	0	0.124444	0	0.00833333	0	0.297778	0.264493	0.00704225	0	0.684211	0	0.415459	0.00606061	0.0620155	0.0178571	0.015873	0.0873786	1.43704	0.030303	0.0691824	0.0035461	0.0492424	0.0966667	44.1667	0.0035461	0.0645161	0	3.21429	0.145833	64.4274	0	50.5538	0.0227273	29.453	0.0549451	14.2821	0.0070922	0.854167	0.0434783	0.0238095	0.012987	27.1453	0.0203252	12.1538	0.0284553	13.65	0.0114943	32.3077	
3376.46	MFG_L_7_4	0	0.011236	2.88034	0.003663	4.33333	0.0928962	0.385185	0.269841	0.0386473	0.0542636	0	0	23.7101	0.205674	145.204	0	69.25	0.00396825	133.206	0.0297619	0	0	254.212	0	1	0.0208333	113.788	0.0776699	3.5625	0	303.157	0	6.40351	0	89.5333	0	0.706667	0	0.555556	0.0042735	0	0	15.2072	0	0	0	0	0.0496454	0	0	127.685	0	1.05556	0.0447154	6.07937	0.895582	0.666667	0.392157	0.0597015	0.230159	0.0576923	0.00623053	3.33333	0.0617284	0	0	0	0	0.164444	0.0327869	0.0151515	0.00323625	0.115152	0.00617284	0.039801	0	0.00749064	0	0.015873	0	0.034188	0.0057971	0.0121951	0	0.7	0	0.0625	0.0057971	0.148936	0	0.844444	0	0.127193	0.00396825	0.0444444	0	1.01351	0	0.777778	0	0.662222	0	0.377778	0	0.222222	0.0235294	0.363636	0	0.00314465	0	0.003663	0	0.0037037	0	0.003663	0.0218579	0	0.0112994	0	0	0.00520833	0.0057971	0.285024	0	0.0386473	0.018315	0.0117647	0.0261438	1.04598	0.00343643	1.33918	0.0151515	0.700565	0.02589	0.107843	0.050505	16.1311	0.112179	0.568965	0	6.45161	0	2.78125	0.00961538	0.839506	0	0	0	0	0.00560224	0	0	0.003663	0	0.761006	0	0.209877	0	0.886792	0	0.912568	0.101961	3.30247	0	0	0	1.39801	0	1.57658	0	0.666667	0	0.0833333	0	0	0	0	0	0	0	0	0	0	0	0	0	0	0	0.0705882	0.124498	0.0365297	0	0.00913242	0	0.106667	0.111111	0.0720721	0	0.144144	0	0.0182648	0	0.0405405	0	0.0634921	0.0476191	1.40444	0	0.00823045	0	0.0707071	0.0382514	0.111111	0.00396825	9.46	1.92857	3.27044	0	0	0.104167	16.8837	2.10317	0.133333	0.00793651	0.792793	0.0634921	57	0.00314465	7.76271	0.0697674	53.5	0	41.873	0	0.745614	0.012945	7.04964	0	22.6667	0	34.4737	0	22.748	0	48.2105	0.00236407	
