data	data	4919.15	2531.14	10345.9	6587.88	9419.09	9613.36	5194.67	3559	2476.58	2289.41	876.215	1807.21	3501.48	4196.27	2650.35	6726.59	1422.23	1126.52	2519.53	2441.29	3946.41	2425.64	3579.13	2927.91	1284.6	2488.16	7941.55	9438.98	1750.47	1850.31	3634.07	1444.36	2494.56	3329.08	1884.95	2339.31	2242.02	3111.6	3189.77	3029.23	672.108	742.04	2383.67	2651.84	1952.84	1213.04	2196.18	6160.92	1304.35	745.063	4712.63	1239.82	4441.38	2355.38	2796.54	3414.62	8956.61	2952.42	4677.79	4326.2	2410.82	2153.45	4676.19	3154.95	1911.27	1551.59	722.352	1687.09	4333.48	4121.01	2089.75	1958.46	2884.67	2476.23	2656.71	2142.89	5739.81	2557.6	5800.9	2188.72	3369.22	3132.93	5853.81	2452.26	2898.96	3368.82	2490.49	3828.84	2987.36	3642.63	2428.52	837.6	2733.37	2354.75	3359.42	1898.64	2922.84	2547.7	3028.27	570.393	2255.17	2487.29	5806.24	6602.56	6449.11	5171.62	4950.86	3903.37	646.13	568.737	979.422	1628.99	1272.54	1260.46	905.785	1710.53	685.514	733.356	935.835	1922.22	2101.69	2130.26	1793.43	1638.79	4075.98	4636.72	3351.87	4522.17	1100.57	1200.19	2515.74	3139.53	2951.31	4116.08	3717	4528.73	3560.06	5189.11	2609.22	2750.1	2713.2	2628.95	3306.38	2504.31	1864.19	2496.71	1765.85	4330.14	1118.73	2281	2399.95	5300.05	618.558	2896.76	5415.3	2765.44	1111.11	1107.32	2635.61	1746.04	8067.63	3470.98	1932.03	920.897	2409.18	857.43	1671.27	1013.15	9195.22	2635.83	1588.86	397.023	6166.15	800.212	754.79	621.188	1427.63	1685.37	1277.9	1026.81	930.444	2200.62	385.833	338.312	779.527	1357.39	746.948	554.84	2954.92	5736.71	3343.48	3310.27	4975.54	3399.7	4393.89	3963.1	9640.46	6724.06	3376.2	3050.96	2548.6	3071.78	5292.97	5894.43	4002.64	5395.88	4630.15	5921.56	1959.45	2663.5	1594.88	1496.17	2950.42	5592.95	7593.58	9500.54	6547.35	10683.7	4393.65	8090.38	6339.83	10361.7	6309.28	9893.83	6586.24	9237.24	4574.35	4019.87	11310.5	14526.3	5342.14	6129.26	8177.06	6829.91	3826.05	4782.66	5415.2	2407.35	4410.12	5710.61	5126.77	4797.27	5052.68	2112.56	7147.86	8196.77	
data	data	SFG_L_7_1	SFG_R_7_1	SFG_L_7_2	SFG_R_7_2	SFG_L_7_3	SFG_R_7_3	SFG_L_7_4	SFG_R_7_4	SFG_L_7_5	SFG_R_7_5	SFG_L_7_6	SFG_R_7_6	SFG_L_7_7	SFG_R_7_7	MFG_L_7_1	MFG_R_7_1	MFG_L_7_2	MFG_R_7_2	MFG_L_7_3	MFG_R_7_3	MFG_L_7_4	MFG_R_7_4	MFG_L_7_5	MFG_R_7_5	MFG_L_7_6	MFG_R_7_6	MFG_L_7_7	MFG_R_7_7	IFG_L_6_1	IFG_R_6_1	IFG_L_6_2	IFG_R_6_2	IFG_L_6_3	IFG_R_6_3	IFG_L_6_4	IFG_R_6_4	IFG_L_6_5	IFG_R_6_5	IFG_L_6_6	IFG_R_6_6	OrG_L_6_1	OrG_R_6_1	OrG_L_6_2	OrG_R_6_2	OrG_L_6_3	OrG_R_6_3	OrG_L_6_4	OrG_R_6_4	OrG_L_6_5	OrG_R_6_5	OrG_R_6_6	OrG_R_6_6	PrG_L_6_1	PrG_R_6_1	PrG_L_6_2	PrG_R_6_2	PrG_L_6_3	PrG_R_6_3	PrG_L_6_4	PrG_R_6_4	PrG_L_6_5	PrG_R_6_5	PrG_L_6_6	PrG_R_6_6	PCL_L_2_1	PCL_R_2_1	PCL_L_2_2	PCL_R_2_2	STG_L_6_1	STG_R_6_1	STG_L_6_2	STG_R_6_2	STG_L_6_3	STG_R_6_3	STG_L_6_4	STG_R_6_4	STG_L_6_5	STG_R_6_5	STG_L_6_6	STG_R_6_6	MTG_L_4_1	MTG_R_4_1	MTG_L_4_2	MTG_R_4_2	MTG_L_4_3	MTG_R_4_3	MTG_L_4_4	MTG_R_4_4	ITG_L_7_1	ITG_R_7_1	ITG_L_7_2	ITG_R_7_2	ITG_L_7_3	ITG_R_7_3	ITG_L_7_4	ITG_R_7_4	ITG_L_7_5	ITG_R_7_5	ITG_L_7_6	ITG_R_7_6	ITG_L_7_7	ITG_R_7_7	FuG_L_3_1	FuG_R_3_1	FuG_L_3_2	FuG_R_3_2	FuG_L_3_3	FuG_R_3_3	PhG_L_6_1	PhG_R_6_1	PhG_L_6_2	PhG_R_6_2	PhG_L_6_3	PhG_R_6_3	PhG_L_6_4	PhG_R_6_4	PhG_L_6_5	PhG_R_6_5	PhG_L_6_6	PhG_R_6_6	pSTS_L_2_1	pSTS_R_2_1	pSTS_L_2_2	pSTS_R_2_2	SPL_L_5_1	SPL_R_5_1	SPL_L_5_2	SPL_R_5_2	SPL_L_5_3	SPL_R_5_3	SPL_L_5_4	SPL_R_5_4	SPL_L_5_5	SPL_R_5_5	IPL_L_6_1	IPL_R_6_1	IPL_L_6_2	IPL_R_6_2	IPL_L_6_3	IPL_R_6_3	IPL_L_6_4	IPL_R_6_4	IPL_L_6_5	IPL_R_6_5	IPL_L_6_6	IPL_R_6_6	PCun_L_4_1	PCun_R_4_1	PCun_L_4_2	PCun_R_4_2	PCun_L_4_3	PCun_R_4_3	PCun_L_4_4	PCun_R_4_4	PoG_L_4_1	PoG_R_4_1	PoG_L_4_2	PoG_R_4_2	PoG_L_4_3	PoG_R_4_3	PoG_L_4_4	PoG_R_4_4	INS_L_6_1	INS_R_6_1	INS_L_6_2	INS_R_6_2	INS_L_6_3	INS_R_6_3	INS_L_6_4	INS_R_6_4	INS_L_6_5	INS_R_6_5	INS_L_6_6	INS_R_6_6	CG_L_7_1	CG_R_7_1	CG_L_7_2	CG_R_7_2	CG_L_7_3	CG_R_7_3	CG_L_7_4	CG_R_7_4	CG_L_7_5	CG_R_7_5	CG_L_7_6	CG_R_7_6	CG_L_7_7	CG_R_7_7	MVOcC	MVOcC	MVOcC	MVOcC	MVOcC	MVOcC	MVOcC	MVOcC	MVOcC	MVOcC	LOcC_L_4_1	LOcC_R_4_1	LOcC_L_4_2	LOcC_R_4_2	LOcC_L_4_3	LOcC_R_4_3	LOcC_L_4_4	LOcC_R_4_4	LOcC_L_2_1	LOcC_R_2_1	LOcC_L_2_2	LOcC_R_2_2	Amyg_L_2_1	Amyg_R_2_1	Amyg_L_2_2	Amyg_R_2_2	Hipp_L_2_1	Hipp_R_2_1	Hipp_L_2_2	Hipp_R_2_2	BG_L_6_1	BG_R_6_1	BG_L_6_2	BG_R_6_2	BG_L_6_3	BG_R_6_3	BG_L_6_4	BG_R_6_4	BG_L_6_5	BG_R_6_5	BG_L_6_6	BG_R_6_6	Tha_L_8_1	Tha_R_8_1	Tha_L_8_2	Tha_R_8_2	Tha_L_8_3	Tha_R_8_3	Tha_L_8_4	Tha_R_8_4	Tha_L_8_5	Tha_R_8_5	Tha_L_8_6	Tha_R_8_6	Tha_L_8_7	Tha_R_8_7	Tha_L_8_8	Tha_R_8_8	
4919.15	SFG_L_7_1	0	227.397	870.735	57.3171	41.3737	11.1515	165.254	6.80952	55.5484	1.03876	56.4074	7.34188	0.796748	0.0266667	0.0620155	32.2381	0.691358	0.0378788	0.0583333	0.00250627	0.410256	0.296296	0.122807	3.26829	0	1.17829	0.0686275	0.0220588	17.3333	0.0797101	4.49425	0.0208333	18.8065	1.12319	0.405405	0.0632184	24.6452	0.355072	40.0667	5.81884	0.00383142	0	0.132184	0.00987654	0.027451	0	0.027451	0.00735294	0.00555556	0	0.25	0	0.1	0	0.248588	0.0507246	4.1	0.0561798	0.631841	0.123596	0.444444	0.0724638	2.28889	0	5.1938	0.0784314	1.19444	0.196581	0.040404	0	0.140097	0	0.196078	0.0392157	0.0740741	0.0031746	23.8741	0.0057971	9.9058	0.0058997	4.81944	0.0136986	1.34921	0.0166667	1.5	0.017094	0.981221	0.0058997	0.011236	0.0352941	0.398268	0	0.116162	0.00416667	1.74459	0.00869565	1.61905	0.00854701	4.98198	0	0.232067	0.0352941	0.0274914	0.00326797	0.231183	0.00877193	0.0482456	0.00392157	0	0	0.00995025	0	0	0	0.00995025	0	0	0	0	0	0.723005	0.00326797	0.0925926	0	3.26768	0.0315789	0.240741	0.282609	2.14428	0	5.05473	0.0430108	1.92647	0	1.60094	0.0156863	2.08824	0.00784314	0.00537634	0.010582	0.039801	0.0564972	1.54902	0.00505051	0.112903	0.0451977	5.34848	0.174074	1.45455	0.0540541	0.20915	0.09375	1.68293	0.138889	15.5161	0	0.0266667	0	0.393443	0	30.5753	0.0561798	11.9167	0.00501253	0	0	2.82796	0.0392157	110.088	0.189394	3.28205	0.0416667	199.984	0.0666667	0.0909091	0.111111	0.544715	14.4685	0.11828	0.285714	0.0816327	0.118056	0.541667	0.47619	1.70732	0.438596	0.0205128	0	0.0904762	0.479675	0.00823045	0	0.0692641	0	0.0945274	0.0428571	0.29386	0	0.333333	0	0.103604	0	0.25974	0	0.0421941	0.82716	0.28	0.217391	0.399061	0.00387597	0.0136986	0.0825397	0.0199005	0	3.5977	1.39773	0.104938	0.0291667	0.040404	0.0197531	15.0117	5.64216	0.0808081	0.0266667	0.142157	0.0472637	7.77519	28.3563	53.127	0.640152	0.980392	0.150327	94.4591	0.79085	5.87037	0.229167	0.185185	0	17.4505	0.339869	5.62	0.030303	4.32164	0	65.5429	0.751634	
2531.14	SFG_R_7_1	227.397	0	202.984	52.6667	23.1061	38.5526	90.8016	110.35	54.0333	41.4889	1.5	26.5833	0.444444	0.025	0	5.61905	0	0.08	0	0	0	0.0555556	0	0.42029	0	8.26667	0.00387597	0.00483092	0	0.530864	0	0	0	2.82759	0	0.0107527	0	1.96078	0.00617284	7.53125	0	0	0.00387597	0	0	0	0	0.00483092	0	0	0.00387597	0	0	0	0.606061	0	0.289308	0.0727273	0.159259	0.2	0.0566038	1.44118	0.0566038	0.0707071	0.407407	16.3772	0.622222	12.9067	0.004329	0.145833	0	0.015873	0	0.00925926	0	0.021164	0.372222	0	0.16129	0	0	0.138889	0.00546448	0.0461538	0	0.0760234	0	0.0307692	0	0.10101	0	0	0	0.0307692	0	0.0147059	0	0.0350877	0	0.00564972	0	0.0808081	0.00462963	0.015625	0.0147059	0	0	0.00520833	0.00505051	0	0.00505051	0.494949	0	0.00813008	0.030303	0.277778	0.0045045	0.0042735	0.010101	0.5	0	0.0307692	0	0.00995025	0.230303	0.0634921	0.047619	0.171296	0	0	0.0106383	0.0847458	0	0.021164	0	0.0338164	0	0.0147059	0	0.00724638	0	0	0	0.00606061	0	0.0185185	0.805031	19.5407	0.172619	8.38889	0.175758	0.62963	0.243056	8.15152	0	0.00617284	0	0	0	0	0.119048	0.207407	0	0	0	0	0	0.040404	1.42667	0.466667	0	0.00952381	1.54167	0.156863	0.0486111	0.351852	0.310606	16.8919	0.0294118	12.9583	0.354167	3.41304	0.0294118	33.0556	0.0444444	7.38272	0	0	0.0338164	0.00913242	0	0	0.00358423	0	0.0483092	0.0215054	0.0617284	0	0.00358423	0.0045045	0	0.015625	0.0322581	0	0.0135135	0.0324074	0.07173	0.126126	0.0285714	0.016129	0.010929	0.186667	0.00865801	0.170833	0.0900901	11.8065	0.0555556	0.779487	0	0.0392157	0.120155	96.6346	0	0.0188172	0	0.025974	1.32099	6.97849	0.104167	1.67347	0	8.51429	0.128205	52.6857	0.0376344	0.781609	0	0.00925926	0.0186916	6.48485	0	0.163522	0	0.0320513	0.0163934	25.2451	
10345.9	SFG_L_7_2	870.735	202.984	0	45.0635	450.387	15.3768	188.69	1.06202	0.356589	0.55303	0.0104167	14.8485	0.00347222	0.00729927	36.3148	23.8889	49.7051	0.0740741	0.111111	0.0075188	25.7361	0.201389	500.855	1.58915	157.895	0.96124	0.130208	0.026764	140.436	0.0289855	87.679	0.0733333	239.06	0.569444	3.74286	0.0333333	218.821	0.106667	313.214	2.41304	0	0	0.107843	0.017284	0.0357143	0	0.0392157	0.00483092	0.0104167	0	0.780702	0	27.859	0	49.4306	0.0233333	25.2655	0.0833333	0.683333	0.295019	3.58889	0.0261438	79.0476	0	0.959064	0.004329	0.106383	0.0512821	0.0392157	0	0.348039	0	0.319728	0.0386905	0.152778	0.0031746	39.8074	0.0204678	23.3841	0.0178571	10.8704	0.0147493	8.17021	0.0125	4.2968	0.0042735	2.90141	0.0176991	0.0217391	0.0231884	1.17544	0	0.269608	0.00537634	4.67982	0.00854701	4.84649	0	13.8423	0	0.760684	0.0126984	0.0549828	0	0.376344	0.0131579	0.127193	0.00784314	0	0	0.00401606	0	0	0	0.00401606	0	0	0	0.00396825	0	1.42254	0.0057971	0.247619	0	7.20707	0.0659341	2.43056	0.232639	4.4697	0	9.14428	0.0861423	5.44279	0	4.25238	0.0113636	7.33333	0.00784314	0.0569106	0.00529101	0.144444	0.0205128	3.20398	0	0.176471	0.0222222	0.610256	0.289377	1.39655	0.0877193	0.0833333	0.0972222	0.0107527	0.108614	50.4111	0	0.0466667	0	5.59048	0	76.1366	0.155303	15.3906	0.0175439	0.00980392	0	46.0513	0.00680272	201.25	0.0743802	7.89785	0.00680272	331.993	0.00724638	0	0.0465116	0.0144928	8.5614	0	0	0.00396825	0.0694444	0	0	0	0.170543	0	0	0.246575	0.855967	0.0570175	0.00401606	1.14474	0	0.169082	0.0628019	3.33333	0	2.07556	0	0.214612	0	2.8961	0	0.124444	1.65417	0.964444	0.154639	0.726852	0	0.0282486	0.0448718	0.00995025	0	2.36782	0.812261	0.209877	0.0325203	0.0507246	0.017284	19.9881	2.31624	0.0735294	0.0416667	0.150685	0.0691358	13.9848	9.7	139.54	0.608247	8.5463	0.288462	127.679	1.01887	6.92105	0.401606	0.333333	0.00297619	26.307	0.471698	12.0362	0.030303	7.65476	0	84.0571	1.03846	
6587.88	SFG_R_7_2	57.3171	52.6667	45.0635	0	29.1318	222.095	9.87597	48.6349	2.20635	0.0512821	6.77143	1.47222	1.67742	0.0460993	0.0990991	907.167	0	13.5733	0	0.0769231	0.0260417	84.9841	0	130.013	0	257.1	0.00378788	0.119565	0	147.795	0.037037	35.2533	0.00775194	149.765	0	27.4568	0	71.8095	0	174.083	0	0	0.00378788	0.0555556	0.00248756	0	0.00248756	0.0217391	0	0	0.00990099	0.0299625	0	1.08333	0	36	0.223485	16.1667	0.340909	15.2471	0	4.84848	0	20.4058	0.173913	0	0.0588235	0	0.00687285	0.0213675	0	4.16111	0.00952381	0.654088	0	3.21858	0.0677083	0.0444444	0.047619	1.36559	0.002849	9.24138	0.0147493	0.0487805	0	5.0119	0.0126984	3.36979	0	5.31818	0	1.21264	0	0.142276	0.00569801	0.15812	0	4.93785	0	0.350575	0	4.38384	0	1.03865	0.137255	0.0112994	0	0.0634921	0	0	0	0.0113636	0	0.00877193	0	0	0	0	0	0.00757576	0	3.46774	0	0.9	0.0454545	1.28718	0.0507246	14.2019	0	0.47619	0.0340909	3.92473	0.0193798	1.85417	0.0781893	16.8267	0	10.0272	0	0.5	0	3.40152	0	5.68116	0	5.59119	0.22973	4.49048	0.0138889	0.0409357	0.0447154	3.07619	0.109453	0.0995025	0	2.83636	0	0.0909091	0	0.116667	0.0909091	19.1808	0	0.79902	0	0.0238095	0	16.2469	0.125683	24.0152	0	3.1358	0.0584795	13.6173	0	0	0.367521	0	1.23958	0	0	0.0185185	0.00925926	0	0.166667	0	0	0	0.142157	0.220721	0	0	0	0	0.181373	0.172222	0.0144928	0	0	0.419753	0	1.09357	0.0144928	0.0555556	0.194805	0.484018	0.0117647	11.0845	0.0853658	2.21569	0.0436508	0.242424	0.0217391	0.038961	0.226337	50.6175	0	0.166667	0	0.087963	0.48062	276.962	0.0362319	0.264069	0.0115942	0.565217	2.33333	9.61905	0.0681818	94.1722	0.00628931	11.7549	0.492424	34.8286	0.0103093	0.457143	0	0	0.0218069	1.27273	0.0126984	0.0192308	0.00490196	0.0227273	0.0251572	17.9118	
9419.09	SFG_L_7_3	41.3737	23.1061	450.387	29.1318	0	380.515	13.7681	0.115385	1.57971	0.0203252	127.903	117.341	330.187	87.3913	180.064	12.7302	13	0.121212	195.409	3.82979	119.787	1.60993	1.4697	2.48485	0.116279	0.03	70.1594	23.3262	25.0494	0.0869565	131.901	0.442177	153.75	2.0068	24.1605	0.405229	66.4828	0.823129	6.1	0.809524	0	0.0130719	5.85507	0.244898	0.0643939	0	0.091954	0.179487	0.00520833	0.00653595	116.556	0.00508906	0.984848	0	4.05926	0.01	41.623	0.0299625	2.18033	0.344828	0.138889	0.0440252	0.131579	0.00990099	3.63095	0	0.384058	0.0102564	0.309859	0.00560224	0.186275	0.00970874	0.786667	0.25731	0.0593607	0.0155763	33.3623	0.181287	37.0072	0.177994	2.96804	0.20059	17.7234	0.0644258	1.48649	0.0042735	3.25694	0.255952	0.0144928	0.310345	0.392405	0.00350877	2.54106	0.0968661	1.52564	0.12931	2.0303	0.00687285	5.90351	0.00314465	0.551282	0.104651	0.291667	0.0521739	0.206349	0.00444444	0.038961	0	0.148649	0	0.292237	0.00280112	0	0.003367	1.1097	0.0031746	0.207317	0	0.0921053	0.00560224	0.309859	0.0535714	0.0577778	0	11.4804	0.196296	12.5694	0.257246	1.09453	0	4.63726	0.101124	3.23529	0.00732601	6.33816	0.0224719	2.7343	0.00749064	0.00505051	0.0104167	0.0248756	0.00505051	0.911765	0	0.0694444	0.010101	9.73545	1.54945	2.51366	0.114035	3.46154	0.264493	9.8908	0.602273	18.457	0	0.0246914	0	0.35	0	47.3122	0.191011	7.67123	0.0547264	0.0265152	0.0025641	62.7222	0.131944	225.952	0.602339	4.34973	0.0555556	144.451	0.115942	2.98639	0.0310078	25.0397	25.6984	12.16	0.026455	2.5914	0.031746	3.18056	0	14.9434	0.155039	0.0117647	0	0.905405	0.477912	0.421053	0.00401606	5.43556	0.00297619	0.179825	0.0434783	14.8289	0	6.83556	0.00350877	0.0704225	0	11.5498	0.00297619	0.219298	0.99187	3.06667	0.125448	2.7032	0.003663	0.146341	0.0529595	0.126016	0.00280112	1.90868	0.58427	3.36111	0.287879	0.0708333	0.119658	31.0805	1.91473	0.184685	0.0812325	2.82778	0.276119	155.544	14.1954	146.083	1.48397	135.486	1.01429	180.699	1.25556	6.27273	0.890034	3.57214	0.015015	87.6667	0.562092	85.4667	0.0666667	60.8943	0.012012	134.405	1.49784	
9613.36	SFG_R_7_3	11.1515	38.5526	15.3768	222.095	380.515	0	0.0581395	0.525822	1.74306	1.01587	47.8034	306.484	49.4841	358.746	23.6288	251.333	0	0.140741	80.8682	115.194	26.8741	160.638	0	21.4198	0	0.923913	3.04321	36.3039	0	21.875	0.424242	94.2464	0.0232558	128.457	0.0775194	116.293	0	55.2262	0	13.7475	0.263566	0.0277778	0.0827068	2.65385	0.310777	0	0.482323	0.698413	0	0.0833333	0.65625	15.4667	0	0.194444	0	0.298246	1.0202	6.7619	0.21393	14.1111	0	2.19298	0	0.615079	1.63184	2.01282	0.310734	2.78912	0.019943	1.96591	0.0035461	7.02874	0.306061	7.35802	0	5.81667	0.642643	0.430556	0.723724	1.61905	0.0147493	4.11275	0.782738	0.447619	0	0.919192	0.0856269	2.81863	0	4.03153	0	0.419913	0.321321	1.07981	0.159159	0.371429	0	1.1342	0.003003	0.0666667	0.003003	3.11111	0.00374532	1.34722	0.178744	0.00803213	0	0.0248756	0.00749064	0.199074	0.0133333	11.3108	0.00374532	0.146667	0.0243902	6.78539	0	0.0795455	0	11.6441	0	3.25128	0	0.805556	0.652015	13.7647	1.1147	23.4201	0	1.08718	0.0492424	17.2083	0.0212766	5.97436	0.0841751	5.0628	0.0141844	3.7598	0	0.170068	0	0.453333	0	0.084507	0	4.6954	5.93421	48.8167	0.386473	3.79781	2.01124	9.48309	3.72549	68.3743	0	1.25595	0	0.170213	0	0.0967742	0.207729	26.5355	0.132832	14.5556	0.303258	0.91954	0.0261905	15.4	0.507463	56.3239	0	1.31313	0.050505	4.37778	0.795322	3.28105	37.0813	56.8295	7.22549	81.2029	0.650273	46.0805	0.223301	0.730994	3.57971	32.6358	0.656863	7.46377	0.109589	1.96053	0	0.0231481	0.00884956	0.199134	0.115942	0.0698925	0.290698	0.17316	0.0606061	1.50685	0	0.305556	0.0939394	20.2489	0.0658436	0.131579	0.697318	20.0489	0.242424	1.14085	0.11215	0.0987654	0.00292398	3.06897	0.339869	52.0299	2.42679	16.137	0.0966921	124.875	0.5	169.488	1.50495	4.70222	1.47727	163.889	0.457778	137.901	2.84127	228.259	0.182222	209.404	0.150406	100.044	0.336391	4.98438	0.0103093	0.070922	0.869841	17.9515	0.514852	4.32121	0.218855	3.00725	0.204444	167.153	
5194.67	SFG_L_7_4	165.254	90.8016	188.69	9.87597	13.7681	0.0581395	0	43.5271	274.48	26.6032	0	0.003663	0	0.00320513	0.0909091	7.34109	0.0804598	0.035461	0.00660066	0	0.537037	0	1.81667	0.174242	60.087	0.583333	0.115942	0	25.7111	0	1.95098	0	11.2708	0.10582	0.0606061	0.0582011	22.8283	0.0705128	83.0938	0.333333	0	0	0.20339	0	0	0	0.0123457	0.00383142	0.0104167	0	0.401361	0	73.7619	0.00347222	135.852	0.22093	20.9286	0.223485	45.7353	0.188889	30.8438	0.14	166.92	0.217687	4.2	0.146667	1.03175	0.684211	0.166667	0	0	0	1.90741	0	0.0142857	0	33.7926	0	13.529	0.00294985	0.719048	0.00600601	0.333333	0.025641	1.01212	0	0.126761	0.00294985	0	0.00542005	0.5	0	0.0153257	0.0042735	0.337607	0	2.31609	0	1.0892	0	0.0421941	0.00542005	0.00505051	0	0.216667	0.0593607	0.00888889	0.0375587	0	0	0	0.0045045	0	0	0	0	0	0	0	0.0045045	0.166667	0	0.196078	0	1.18408	0.0849673	0.450704	0.170068	2.03077	0	2.33333	0.0526316	1.23737	0.0140351	1.73709	0.00660066	4.09929	0	0.0634921	0	0.434109	0	0.969697	0	0.0424242	0	0.0240964	0.139456	0.0493827	0.104762	0.0148148	0.112245	0.00555556	0.0653595	7.65556	0.0103093	0.0133333	0	2.07407	0	19.2951	0.0815603	13.2917	0	0	0	2.40523	0.00600601	243.324	0.00865801	4.6828	0.00574713	374.74	0	0	0	0	0.974359	0	0	0.00555556	0.0192308	0	0.0166667	0	0.00694444	0	0	0.0952381	1.02058	0	0	0.00900901	0.003663	0.0857143	0.114155	0.192982	0	0.201754	0	0.0225225	0	0.151515	0.003663	0.109649	1.2716	0.0614035	0.142857	0.454955	0	1.15789	0.218905	0.09375	0	28.2989	3.06513	0.0196078	0.100457	0.0858586	0.0306513	52.9825	13.6481	0.908497	0.05	0.96124	0.07173	1.47059	2.50427	69.5076	0.394928	0.00401606	0.326389	118.46	3.41333	1.71569	0.112613	0.0326797	0	1.92157	0.993197	0.217054	0.0190476	0.22963	0	36.7407	1.79592	
3559	SFG_R_7_4	6.80952	110.35	1.06202	48.6349	0.115385	0.525822	43.5271	0	72.062	250.791	0.0294118	0.00724638	0.00396825	0.0730594	0	12.8	0	1.25	0.00326797	0.003367	0.00980392	0.012987	0	1.66667	0	54.6167	0	0.138095	0	8.50538	0	0	0	0.852941	0	0.0620155	0.00666667	2.41414	0.00666667	14.1146	0	0	0	0	0.00311526	0	0.00311526	0.0904762	0	0	0.00396825	0	0	53.881	5.95833	114.806	1.36667	0.550725	16.9348	0.909091	0.0188679	10.3958	0.0188679	109.92	2.30435	0.935185	17.8915	14.9333	0.0126582	0.0630631	0	0	0	0.0588235	0	0	0.0819672	0	0.042328	0	0	0.350877	0.00416667	0.0430108	0	0.25731	0	0	0	0.166667	0	0.00813008	0	0.031746	0	0.0196078	0	0.15873	0	0.0350877	0	0.121693	0.004329	0.0355556	0.025974	0.0163934	0	0.010101	0.025641	0	0.0899471	0.105023	0	0	0.3125	0.0621469	0.0462963	0	0.015873	0.106481	0	0	0	0	0.979592	0.27957	0.253086	0.3379	0	0.0138889	0.0568182	0.735632	0.010989	0.031746	0.00314465	0.057971	0	0.0746269	0	0.00775194	0	0.0144928	0	0.00694444	0	0.0155039	4.65306	0.813131	0.9375	1.29762	0.714286	0.378788	3.87407	1.4359	0	0	0	0	0	0	0.314815	0.555556	0	0.00813008	0	0	0	0.0057971	0.30719	0.0776256	0	0	0.319444	0.156863	0.333333	1.35294	0.0140845	0.65812	0.0140845	0	2.51064	4.18519	0.0190476	0.0526316	0.98374	0.833333	0.0047619	0	0.130631	0.128889	0	0.00520833	0	0	0.150685	0.209677	0.0277778	0.00793651	0.00308642	0	0	0.015625	0	0	0.0833333	0.248889	0.0694444	0.306306	0.0125786	0.0245098	0.052381	3.6732	0.0547945	0.0821918	0.548718	107.115	0.614583	0.388889	0.00311526	0.460094	0.644444	367.635	0.0194175	0.198312	0.00623053	0.614035	0.0506329	5.70833	0.0769231	6.10667	0.00406504	4.66667	1.25641	167.354	0.128205	16.25	0	0	0.112245	12.9792	0.0571429	0.100629	0.0243902	0.00877193	0.0759494	67.6237	
2476.58	SFG_L_7_5	55.5484	54.0333	0.356589	2.20635	1.57971	1.74306	274.48	72.062	0	52.9841	9	0.0425532	0.0408163	0.00641026	0.00952381	0.809524	0	0.0141844	0.0149254	0	0.17284	0.0314465	0	0.181818	0	0.785714	0.0882353	0.011236	0	0.0233918	0.12963	0.0251572	0.00952381	0.440476	0.0242424	0.0952381	0.535354	0.404255	0.333333	3.36232	0	0	0.0696517	0	0.00401606	0	0.00803213	0.00749064	0.0268817	0	0.139303	0	0.577778	0.00347222	8.13333	1.7803	12.9655	0.168498	53.4255	0.136201	0.212121	0.297872	0.387097	0.146667	9.51613	1.13889	18.8333	5.56911	0.252525	0	0	0	0.54902	0.00680272	0.0147059	0	22.4074	0	12.2754	0	0.190476	0	0.217172	0.025	0.0772947	0.00258398	0.0761905	0	0	0.0183486	0.0131579	0	0.00387597	0	0.0281124	0	0.0877193	0	0.0985916	0	0	0.0179211	0	0	0.126984	0.0175439	0	0.00952381	0	0	0	0.0045045	0	0	0	0	0	0	0	0.0045045	0.10628	0	0.0193237	0	0.308081	0.0572391	0.164384	0.177305	0.368687	0	0.467662	0.0486111	0.228856	0.00611621	0.892019	0	0.288557	0	0	0	0.00537634	0	0.293532	0	0.0185185	0.00392157	1.18954	0.168498	0.114943	0.327161	0.0849673	0.0756014	0.4375	0.0515464	0.77957	0.0103093	0	0	0.0529101	0	13.6774	0.0694444	3.88542	0.00653595	0	0	0.407407	0.0727273	99.6852	0.0905797	1.40404	0.0114943	107.895	0.0484848	0	0	0.0854701	1.52991	0.0348259	0	0.0166667	0.0512821	1.80769	3.48148	1.34667	1.39394	0.00456621	0	0.0714286	0.222222	0	0	0.0135135	0.003663	0.0724638	0.0365297	0.131579	0.00732601	0.127193	0	0.00913242	0	0.0865801	0.003663	0.0666667	0.304527	0.0131579	0.147368	0.22973	0.0035461	0.621622	0.248996	0.142857	0	19.1579	5.17054	0	0.0913242	0.102564	0.045977	37.5879	21.6095	1.02564	0.00542005	0.837209	0.0973783	0.318841	7.91667	42.2195	0.833333	0	0.395833	103.703	8.98	1.79412	0.324201	0	0	1.54167	1.24306	0.0307692	0.0045045	0.00952381	0	52.2843	2.98639	
2289.41	SFG_R_7_5	1.03876	41.4889	0.55303	0.0512821	0.0203252	1.01587	26.6032	250.791	52.9841	0	0.00775194	0.0810811	0.00396825	0.176871	0	0.0133333	0	0.04	0	0	0.00416667	0	0	0.0133333	0	0.226667	0	0.117371	0	0.0190476	0	0	0	0	0	0	0	0	0	0.0196078	0	0	0	0	0.00311526	0	0.00311526	0.0798122	0	0	0.00396825	0	0	14.5714	4.76068	68.9928	2.28889	0.00617284	47	15.6439	0	1.0625	0	9.33333	2.88406	17.9091	28.7984	52.8276	0.0136986	0.155251	0	0	0	0	0	0	0	0	0	0	0	0.00444444	0	0.0645161	0	0.00416667	0	0	0	0.00617284	0	0.00406504	0	0.0260417	0	0	0	0.00416667	0	0	0	0.00406504	0	0.0497512	0.00456621	0	0	0	0.00512821	0.00497512	0.0729167	0.322222	0	0.00595238	0.328205	0.158192	0.0324074	0	0.026455	0.393443	0	0	0	0	1.30612	0.0847458	0.265432	0.0144928	0	0	0.00641026	0.175758	0	0	0	0	0	0.00952381	0	0	0	0	0	0	0	0	4.5102	3.14444	1.22222	3.05208	0.726667	0.473684	3.74074	2.51754	0	0	0	0	0	0	0.510204	0.42029	0	0	0	0	0	0	0	0	0	0	0	0	0.699187	1.82353	0.0187793	1.3619	0.00938967	0.0138889	4.52174	6.51852	0.00469484	23.8519	0.943089	60.3704	0	0	0.0488889	0.0319635	0	0	0	0	0.0488889	0.0634921	0.0516432	0.00913242	0	0	0	0	0	0	0	0.022831	0.101852	0.012987	0.00716846	0	0.0531401	0.201389	0.0509259	0.178082	0.541667	22.0327	0.640625	0.740113	0.00623053	0.271429	0.118519	72.2924	0.00623053	0.0299145	0.00623053	0.173516	0.0711111	9.8	0	0.00421941	0.00784314	3.01042	0.262172	145.283	0.04329	47.5104	0	0	0.0539216	5.28125	0.0966184	0.139394	0.030303	0.047619	0.123656	69.75	
876.215	SFG_L_7_6	56.4074	1.5	0.0104167	6.77143	127.903	47.8034	0	0.0294118	9	0.00775194	0	5.34259	59.5517	10.5208	0	2.81905	0	0.00623053	0.0116279	1.06122	0.0595238	1.21667	0	2.62393	0	0.00641026	0.0175439	7.38095	0	0.0681818	0.0229885	0.183333	0.015873	1.96825	0.0114943	0.140741	0	1.15873	0	0.740741	0	0.0757576	0	0.00653595	0	0	0	0.11828	0.0138889	0.0757576	0	0	0	0	0	0	0.251282	0	0.0564103	0	0	0.0266667	0	0.00320513	1.7561	0	0.269841	0	0.00843882	0	0	0	0	0.0196078	0	0	0	0	0	0.00505051	0	0.00462963	0.0042735	0	0	0.0136986	0	0	0	0.101626	0	0.00701754	0	0.00311526	0	0.00311526	0	0.00854701	0	0	0	0.0793651	0.00854701	0.0130719	0	0	0	0	0.109453	0	0.181818	0	0.003003	0	0.583333	0	0.0855856	0	0.0820513	0	0	0	0	0	0.130719	0	0.047619	0.145594	0	0	0.00938967	0	0	0	0	0.00421941	0	0	0	0.00537634	0	0.0163934	0	0	0	0.00546448	8.03472	0.00680272	0.333333	0	1.62092	0.00724638	6.28472	0	0	0	0	0	0	0	0.0333333	0	0	0.0037037	0	0	0	0.125926	0	0.27907	0	0.0486111	0	0.0984849	1.06667	0	4.55	2.27027	25.8533	14.1944	0.854545	0	1.24306	0	7.58696	0.0740741	0.0248756	4.41026	0	0	0	0	0	0	0	0	0	0	0	0	0	0	0	0	0	0	0.00347222	0.109848	0.00823045	0	0.036036	0.00673401	0.0548523	0.00925926	0.384977	0.00673401	0.867647	0.0132013	0.0144928	0.00854701	0.00252525	0.21097	0.0042735	0.236111	0	0	0.057971	6.91358	0	0.234127	0.0182648	0.0569106	0.610169	0.0112994	0.0234742	0.0112994	0.0144928	0	0.100529	0.0245614	0.0958904	0.0102041	0.0547945	0	0.117117	0.0641026	
1807.21	SFG_R_7_6	7.34188	26.5833	14.8485	1.47222	117.341	306.484	0.003663	0.00724638	0.0425532	0.0810811	5.34259	0	2	25.5873	4.55039	0.946667	0	0.0444444	20.6587	0.00740741	1.54545	0.733333	0	2.84848	0	0.166667	0	0.123188	0	9.69697	0.00311526	2.05051	0	15.2222	0	0.401961	0	5.49495	0	6.72549	0	0.142857	0	0	0	0	0	0.091954	0	0.238095	0	0	0	0.0185185	0	0.047619	0.00564972	0.607527	0.00505051	0.984615	0	0.716667	0	0.0898876	0.0382514	0.893617	0.0196078	0.391304	0	0.616858	0	0.558974	0.003367	0.122222	0	0.545455	0.03125	0.00392157	0.0388889	0.208955	0	1.16204	0	0.00680272	0	0.263682	0	0.555556	0	0.506329	0	0.0401606	0	0.0111111	0	0.00716846	0	0.282051	0	0.0252525	0	0.395833	0	0.0217391	0.0156863	0	0	0	0	0.0601852	0.00444444	3.16895	0	0.0153257	0.00444444	2.06393	0	0.0268199	0	3.22831	0	0.710784	0	0.172414	0.0801688	0.12381	0.0854701	1.2381	0	0.00483092	0	0.284314	0	0.0787037	0.00823045	0.268519	0	0.037037	0	0.0718954	0	0.121795	0	0.0234742	0	1.12644	0.15	21.2716	0.0102564	1	0.211765	1.58974	0.0701754	24.9308	0	0.0806452	0	0.0544218	0	0	0.00564972	1.23232	0.003663	0.101852	0	0	0.00623053	3.04902	0.109375	3.54167	0	0.403509	0.0364583	1.60606	0.047619	0.911111	4.41228	18.614	0.0769231	127.056	0.0967742	9.15344	0	0.386667	0.016129	8.54422	0	13.5	0.00913242	0.00537634	0	0	0	0	0.0182648	0.0149254	0.0912698	0.00595238	0	0.0045045	0	0.00793651	0.0143369	0.00268817	0.0117647	0.0299145	0.236434	0.91342	0.04329	0.0315315	0	0.0488889	0	0.934866	0.00732601	8.2968	0.00444444	3.56757	0	0.0338164	0.014652	21.2634	0.00308642	0.946667	0	0.0162602	0.183908	7.33951	0.0103093	7.17172	0	2.92248	0.00732601	3.33333	0	0.0555556	0	0.00421941	0	0.563063	0	0.0338164	0	0.0386473	0.00574713	2	
3501.48	SFG_L_7_7	0.796748	0.444444	0.00347222	1.67742	330.187	49.4841	0	0.00396825	0.0408163	0.00396825	59.5517	2	0	199.106	0.0120482	1.15054	0	0	32.1594	3.67442	0.92	0.111111	0	0.040404	0	0	284.431	112.311	0	0	0.0222222	0.00877193	0	0.258333	2.26437	0.031746	0.0987654	0.158333	0	0.0465116	34.8116	0.5	12.4306	0.173611	0.0222222	0.596491	6.96667	67.5303	0.833333	0.045045	105.133	0	0	0	0	0.00793651	0.00877193	0	0	0.00784314	0	0	0	0	2.63333	0	0.0204082	0.00392157	0.0113636	0	0	0	0	0	0	0	0.0864198	0	0.00694444	0	0	0.0030303	0.021645	0.00623053	0	0	0	0	0	0	0	0	0.0488889	0.00311526	0	0	0	0	0	0	0	0	0	0	0	0	0	0	0.299578	0	0.437229	0	0.00406504	0	3.6749	0	0.833333	0	0.175214	0	0	0	0	0	0.0190476	0	0.0555556	0	0	0	0	0	0	0	0.0724638	0	0	0	0	0	0	0	0	0	0	0	6.2459	0.0229885	0.303571	0	1.72043	0	9.57222	0.0111111	0	0	0	0	0	0	0.00438596	0	0	0	0.015873	0	0	0	0.0545455	0.00275482	0	0	0	0	19.8765	0.00680272	68.6222	39.6825	125.724	3.33333	9.22051	0.020202	33.0963	0.00595238	41.0347	0.0238095	6.15873	1.64286	0.0273973	0	0.00421941	0	0.0639269	0	0	0	0.223744	0	0.103604	0	0	0	0.0933333	0	0	0	0.0765766	0	0.0495495	0	0.59127	0	0.364706	0	4.32083	0	5.48101	0.00623053	7.4386	0.365591	1.09896	0.00292398	0.213333	0.203704	9.55285	0.00550964	11.0897	0.0355556	0.729469	0.00275482	8.58974	0.0765766	1.47619	0.0416667	0.0114943	0.0340909	0.315476	0	0.775	0.0137457	2.60173	0.00343643	1.56349	0	8.13675	0.0720721	
4196.27	SFG_R_7_7	0.0266667	0.025	0.00729927	0.0460993	87.3913	358.746	0.00320513	0.0730594	0.00641026	0.176871	10.5208	25.5873	199.106	0	3.76296	0.0501792	0	0	32.7209	25.7727	9.35606	25.9565	0	0.0141844	0	0.0638298	92.5659	243.508	0	0.0310078	0.0225564	0.0396825	0	0.418803	0	12.0247	0	1.72973	0	0.0297619	4.69919	32.5797	0.353741	15.5758	0.14321	0.047619	3.90698	52.8736	0.0380952	0.589744	4.5034	4.70667	0	0	0	0.0365297	0.0121951	0.0120482	0.014652	0.0622222	0	0.0178571	0	0.0132013	0.0328639	0.0597015	0.0508475	0.0701754	0.0134409	0.226415	0	0.0112994	0.0438596	0.733333	0	0.0526316	0.142029	0.0138889	0.142029	0.0864198	0	0.0047619	0.142029	0.0821918	0	0	0.00900901	0.0308642	0	0.152778	0	0.0160643	0.0376812	0.319635	0.0231884	0.0958904	0	0.004329	0.003003	0	0.003003	0.0938967	0	0.283105	0.0204678	0	0	0	0.00900901	0	0.00600601	0.121212	0.003003	0.00865801	0.0310078	0.0259259	0	0.00358423	0.003003	0.159091	0	0	0	0	0.143939	0.0958904	0.143939	0.915556	0	0.00456621	0.00990099	0.0375587	0.00387597	0.00456621	0.00961538	0.149758	0	0.0289855	0	0	0	0	0	0	0	0.00497512	0.681159	14.8962	0.0212766	0.289855	1.11594	2.6895	0.407407	24.5056	0	0.00311526	0	0	0	0	0.0121951	0.00520833	0.0145985	0.0774411	0.0970149	0.00854701	0.00245098	0	0.111922	2.84074	0	0	0	0	0.505747	3.88889	26.1032	77.4264	0.862069	47.5185	0.395833	8.57143	0	1.57576	0.0268817	20.858	2.67619	42.7895	0.00966184	4.97748	0.022831	1.20833	0.657738	2.02222	0.00472813	0.0469484	1.42424	4.44749	0.470948	0.310811	0	0	1.29394	6.44298	0.0353982	0.506849	0.747663	7.10965	0.471947	0.896396	0.014245	0.0164609	0.015748	0.0909091	0.114379	0.558559	0.459877	2.13115	0.156716	128.627	0.135693	8.9883	0.707602	8.97778	0.614815	113.784	0.238739	20.746	0.440945	36.1053	0.121622	71.2917	0.0315315	45.1463	0.133858	0.957143	0.0288714	8.94167	0.299383	5.55128	0.212766	2.07738	0.134752	4.00758	0.103604	67.1917	
2650.35	MFG_L_7_1	0.0620155	0	36.3148	0.0990991	180.064	23.6288	0.0909091	0	0.00952381	0	0	4.55039	0.0120482	3.76296	0	0.0166667	1.75	0	278	0.125926	335.7	0	190.729	0.00724638	0.00813008	0	0.236111	0.0277778	0	0.00724638	127.545	0.0144928	55.5072	0.106061	13.8056	0.057971	6.10667	0.0757576	0.0833333	0.00757576	0	0	0.00617284	0.00254453	0	0	0	0	0	0	0.423077	0	0.00775194	0	0.0123457	0	0.0185185	0	0.00606061	0	0	0	0	0	0.0229885	0	0	0	0.0142857	0.00289855	0	0.00323625	0.0070922	0.0121212	0	0.00323625	3.775	0.0121212	5.09524	0.00323625	0.00546448	0.0119048	3.18939	0.00574713	0.00546448	0	0.274074	0.00892857	0	0.021021	0	0	0.0809524	0.0235988	0.00546448	0.021021	0.004329	0	0	0	0	0.00362319	0.00938967	0.0151515	0.0035461	0	0	0	0	0	0	0	0	0	0	0	0	0	0	0	0	0	0.00546448	0	0.29798	0.00766284	0.294118	0.00396825	0	0	0.0885417	0	0.0793651	0	0.164103	0	0.104478	0	0	0	0	0	0.015625	0	0	0	0.057971	0.0674157	0.0517241	0	0.0784314	0.018315	0	0.0280702	0.0272109	0	0	0	0	0	0.0967742	0	0.154589	0	0	0	6.63158	0	16.825	0.0128205	0	0	4.24786	0	0	0	0.1	1.70833	0	0.0273224	0	0.00647249	0	0	0	0.00647249	0	0	0.175926	0	0.0776256	0	0.555556	0	0.0131579	0	1.02315	0	0.248826	0	0	0	0.540541	0	0.0035461	0	0.140845	0.00396825	0.169154	0	0	0.00560224	0	0	0.0409357	0.0133333	0.104938	0.0424242	0	0.00421941	1	0.0229885	0.00497512	0.002849	0.0933333	0.0203562	4.2193	0.0359477	2.57353	0.037037	2.4386	0.0392157	2.2956	0.0295359	0.0952381	0.0401606	0.169312	0	0.610063	0.0424837	1.81301	0.0149813	1.77236	0	1.75	0.0544218	
6726.59	MFG_R_7_1	32.2381	5.61905	23.8889	907.167	12.7302	251.333	7.34109	12.8	0.809524	0.0133333	2.81905	0.946667	1.15054	0.0501792	0.0166667	0	0	17.6667	0	246.817	0.002849	250.55	0	362.246	0	89.5196	0.0100251	3.21667	0	119.423	0.00740741	66.5072	0	146.167	0	106.319	0	72.5679	0	126.214	0	0	0.00378788	0.536232	0.00248756	0	0.00248756	0.0143369	0	0	0.010101	6.34848	0	0.701149	0	8.70667	0.0833333	7.18182	0.140152	9.57627	0	3.01111	0	15.0833	0.0343137	0.00564972	0.013468	0	0.00343643	0.00843882	0	3.85876	0.0122324	2.05128	0	2.83607	0.031746	0.173611	0.0412698	0.957672	0.002849	5.63218	0.020649	0.0070922	0	3.19298	0.0116959	2.14141	0	3.97015	0	0.926554	0.0121212	0.064257	0.00569801	0.1	0	3.20904	0	0.163842	0	3.34826	0	0.613527	0.0656566	0	0	0.0483871	0	0	0	0.0131579	0	0.00438596	0.00358423	0.00438596	0	0	0	0.00757576	0	2.08854	0	0.491803	0.093633	3.68687	0.0869565	10.3474	0	0.75	0.0265152	8.09375	0.00749064	3.2359	0.0238095	12.4267	0	7.60784	0	0.563492	0	2.82576	0	2.71631	0	4.82667	0.0968992	3.80952	0.0271318	0.0757576	0.0606061	2.17619	0.0894309	0.528571	0	1.33333	0	0.105691	0	0.0944444	0.0407407	17.6667	0.00512821	3.09744	0.00246914	0.444444	0	12.0123	0.040293	24.4323	0	1.62963	0.0166667	5.97531	0.00803213	0	0.266667	0	0.760417	0	0.00716846	0.0231481	0.00925926	0	0.0149254	0	0	0	0.0959596	0.195556	0	0.0140845	0	0.0177778	0.0959596	0.0722222	0.00724638	0.00378788	0	0.428571	0	0.577778	0.00724638	1.63964	0.0854701	0.211712	0.00784314	8.3615	0.037415	1.35849	0.0277778	0.112903	0.0149813	0.025641	0.160784	20.5355	0.0126984	0.0650406	0	0.0677966	0.306202	120.853	0.0590278	0.297297	0.020202	8.27861	0.897436	2.51852	0.113333	91.7432	0.00628931	2.07619	0.25	11.0556	0.0103093	0.266667	0	0	0.0294118	0.047619	0.0170068	0.00520833	0.0116959	0	0.0116959	4.27451	
1422.23	MFG_L_7_2	0.691358	0	49.7051	0	13	0	0.0804598	0	0	0	0	0	0	0	1.75	0	0	0	0.0144928	0	17.3684	0	202.833	0	68.4667	0	0	0	83.625	0	39.55	0	56.52	0	0	0	13.9615	0	24.8	0	0	0	0	0	0	0	0	0	0	0	0	0	10.2319	0	1.04	0	1.96078	0	0	0	0.0952381	0	97.0702	0	0	0	0	0	0	0	0	0	0	0	0	0	0.0070922	0	0	0	0	0	0.00505051	0	0.00564972	0	0	0	0	0	0.045977	0	0	0	0.00505051	0	0.0701754	0	0.00564972	0	0	0	0	0	0	0	0	0	0	0	0	0	0	0	0	0	0	0	0	0	0	0	0	0	0.0151515	0	0	0	1.22727	0	0.727273	0	1.83333	0	0	0	4.2029	0	0.130081	0	0.0310078	0	0.0416667	0	0	0	0	0	0	0	0	0	0	0	9.75238	0	0	0	3.69444	0	6.41441	0	0	0	0	0	0.0384615	0	0.0070922	0	0	0	0.0897436	0	0	0	0	0	0	0	0	0	0	0	0	0	0	0	0	0	0	0	0	0	0	0	0	0	0	0	0	0	0	0	0	0	0	0	0	0	0	0	0	0	0	0	0	0	0	0	0	0	0	0	0	0	0	0	0	0	0	0	0	0	0	0	0	0	0	0	0	0	0	0	0	0	
1126.52	MFG_R_7_2	0.0378788	0.08	0.0740741	13.5733	0.121212	0.140741	0.035461	1.25	0.0141844	0.04	0.00623053	0.0444444	0	0	0	17.6667	0	0	0	0	0	5.76	0	113.944	0	38.6825	0	0	0	63.6032	0	0.384615	0	22.7436	0	0.341667	0	1.9881	0	80.6795	0	0	0	0.00740741	0	0	0	0	0	0	0	0.00740741	0	7.79167	0	20.5606	0.003663	6.13095	0.003663	1.23958	0	0.488889	0	135.175	0	0	0	0	0	0.004329	0	0	0	0.00952381	0	0	0	0.00456621	0	0	0	0.03125	0	0.00456621	0	0.442424	0	0.00520833	0	0.166667	0	0.0107527	0	0	0	0.00606061	0	0.454023	0	0.010929	0	0.14359	0	0.0531401	0	0	0	0.00529101	0	0	0	0	0	0	0	0	0	0	0	0	0	0	0	0	0	0.363636	0	0.21256	0	0.628788	0	0.571429	0	2.85926	0	7.05797	0	5	0	0.0569106	0	0.0406504	0	0.0943396	0	0.0162602	0	0.0142857	0	0	0	0.0245098	0	0	0	2.31373	0	0	0	0.05	0	4.65556	0	0.00483092	0	0	0	0.194444	0.011236	0.333333	0	0.04	0	0.152778	0	0	0	0	0	0	0	0	0	0	0	0	0	0	0	0	0	0	0	0	0	0	0.00749064	0	0.00749064	0.010582	0	0.0546448	0.011236	0	0	0	0	0.144928	0	0.0188679	0	0.021645	0	0.004329	0	0.205479	0	0	0	0	0.00550964	3.29167	0.00275482	0.017094	0	0.0210526	0.0740741	0.0933333	0.00378788	0.58046	0	0	0.003663	0.00980392	0	0	0	0	0	0	0	0	0	0	0	0	
2519.53	MFG_L_7_3	0.0583333	0	0.111111	0	195.409	80.8682	0.00660066	0.00326797	0.0149254	0	0.0116279	20.6587	32.1594	32.7209	278	0	0.0144928	0	0	0.378788	127.767	0.121212	0.0175439	0	0	0	297.882	1.68148	0.0144928	0	0.884058	0	0.15942	0	0.871795	0.0387597	0.0384615	0	0	0	0	0.0215054	9.35	0.00248756	0	0	0.00383142	0.181159	0	0	112.75	0	0	0	0.00529101	0	0.0322581	0.00320513	0	0	0	0	0	0	0	0	0	0	0.00952381	0	0	0	0	0.0119048	0	0	0.756098	0.0119048	0.666667	0.00666667	0	0.0154321	0.51938	0.00892857	0	0	0.0465116	0.00925926	0	0.0175439	0	0	0.141553	0.0515152	0	0.0212121	0	0	0	0	0	0	0.00569801	0.0436137	0	0	0	0	0	0	0	0	0	0	0	0	0	0	0	0	0	0.00308642	0	0	0.388889	0.00416667	0.465686	0	0.00529101	0	0.0454545	0	0.0769231	0	0.19697	0	0.154229	0	0	0	0	0	0.025641	0	0	0	0.0666667	0.143939	0.0701754	0.00411523	0.147059	0.0530303	0	0.054902	0	0	0	0	0	0	0.0582011	0	0.183761	0.00258398	0.365079	0	0.878788	0	2.81095	0.015748	0	0	0.598485	0	0	0	0.00483092	1.00794	0	0.0166667	0	0	0	0	0	0	0	0	0.0821256	0.00416667	0.0462963	0	0.266667	0	0.0234742	0	0.504762	0	0.14554	0	0.00529101	0	0.263889	0	0.002849	0.00416667	0.242857	0	0.318627	0	0	0.00280112	0	0	0.00660066	0.0242424	0.0727273	0.0849057	3.51429	0.04	1.21839	0.0254237	0.00490196	0.0058997	4.99123	0.0262467	11.3714	0.192308	2.62255	0.0460705	8.83333	0.230769	4.35461	0.0411523	0.142857	0.0571429	0.228856	0.00456621	1.28682	0.11	3.375	0.0344828	3.74167	0.0124611	8.46667	0.247863	
2441.29	MFG_R_7_3	0.00250627	0	0.0075188	0.0769231	3.82979	115.194	0	0.003367	0	0	1.06122	0.00740741	3.67442	25.7727	0.125926	246.817	0	0	0.378788	0	0.185185	207.877	0	0.0358423	0	0.0896057	0.0788804	252.083	0	0.0111111	0.00757576	18.7667	0	1.40741	0.00757576	31.3768	0	10.4487	0	0.0617284	0	0	0.0100251	36.8889	0.0381679	0	0.0712468	0	0	0	0.0381679	16.3043	0	0.015873	0	0.0292398	0	0.602339	0	0.587302	0	0.0296296	0	0.0431373	0	0.00529101	0	0.00574713	0	0.00680272	0	1.83333	0.042042	3.59119	0	1.60494	0.0810811	0.427536	0.102102	0.451613	0.00292398	0.666667	0.108108	0.0333333	0	0.105023	0.0178571	0.647619	0	0.591111	0	0.132479	0.0606061	0.0462963	0.0363636	0.0469484	0	0.205128	0	0	0	0.526316	0	0.100775	0	0	0	0.00813008	0	0.00378788	0	0.0227273	0	0	0	0.0189394	0	0	0	0.0227273	0	0.647059	0	0.0913979	0.161172	4.9204	0.228261	5.77315	0	0.323232	0.0151515	5.74359	0.00716846	1.94444	0.00660066	1.76329	0.00358423	1.44118	0	0.00497512	0	0.0192308	0	0.0135135	0	0.511111	0.322097	2.68545	0.0348837	0.19697	0.191011	0.85446	0.341085	1.65258	0	0.16092	0	0.116279	0	0.037037	0.00387597	5.09524	0.0175439	7.02415	0.050505	1.02469	0.00239808	15.0952	0.0567901	25.4293	0	0.308943	0	1.11111	0.0120482	0	0	0	0	0	0	0.0581395	0	0	0	0	0	0	0.00234742	1.95946	0	0.00462963	0.00980392	0.217778	0.00234742	0	0.0288462	0.155251	0.0126984	0.675799	0	0.12963	0.0288462	13.1577	0	0.00456621	0.0188679	5.67568	0.03367	0.305556	0.0155763	0.0235294	0	0.00340136	0.0517799	0.172161	0.232704	0.181373	0.0138889	10.325	0.0629921	2.71698	0.205387	1.48198	0.19084	34.912	0.00292398	1.18254	0.403846	57.6814	0.00292398	6.91228	0.00374532	4.26316	0.0103359	0.151042	0	0	0.0943396	0.488095	0.0653595	0.157576	0.0263158	0.0864198	0.00564972	4.99099	
3946.41	MFG_L_7_4	0.410256	0	25.7361	0.0260417	119.787	26.8741	0.537037	0.00980392	0.17284	0.00416667	0.0595238	1.54545	0.92	9.35606	335.7	0.002849	17.3684	0	127.767	0.185185	0	0.210145	132.13	0	0	0.00869565	32.3889	0.462121	0.140351	0	412.029	0	9.05882	0.00660066	86.44	0.0227273	4.57333	0	0.160494	0.00660066	0	0	0.814815	0.0129199	0	0	0	0.0188679	0	0	85.7971	0	0.047619	0	0.0864198	0.00653595	0.393443	0.00320513	0.0199005	0.030581	0.0123457	0	0.111111	0	0.183908	0.00641026	0.00564972	0.00416667	0.0428571	0	0	0	0.0942029	0.0660661	0.00546448	0	21.3333	0.0630631	14.8943	0.039604	0.0877193	0.16358	8.8254	0.0898551	0.112613	0	0.348485	0.107034	0.00784314	0.0922619	0.0675676	0	0.539216	0.0565476	0.154167	0.15015	0.244444	0	0.157895	0.00297619	0.047619	0.0178571	0.0265152	0.027027	0.0456621	0	0.0175439	0	0	0	0	0	0	0	0	0	0	0	0	0	0	0.0489297	0.0231481	0	6.52525	0.182171	6.44608	0.113636	0.235897	0	1.64103	0.0117647	1.38974	0	2.8806	0.00687285	1.32828	0	0	0	0.021164	0	0.484848	0	0	0	0.753623	0.888889	0.57377	0.0503876	1.3285	0.159091	0.00537634	0.588235	0.0338983	0	0	0	0	0	2.77957	0.00917431	2.79412	0.00512821	0.679012	0	44.5385	0	56.6882	0.151042	0.107345	0	31.4365	0	0	0	0	0.00330033	0	0	0	0.00833333	0	0	0	0	0	0	1.00952	0	0.439815	0	2.61905	0	0.234742	0.00520833	5.40845	0	1.98592	0	0.0454545	0	2.87671	0	0.107981	0	3.31481	0.0161812	4.38647	0	0	0.0326797	0	0.003003	0.0591398	0.115044	0.383648	0.246106	0.0630631	0.00757576	10.339	0.242991	0.0241546	0.0960961	11.8209	0.20155	75.8286	0.0692641	33.5049	0.447293	40.4118	0.0482456	30.7431	0.102881	1.20606	0.45679	1.75472	0	10.5041	0.196667	27.9825	0.00634921	29.0088	0.012012	30.1616	0.171717	
