data	data	3545.23	4198.97	4982.36	2253.35	11723.9	8618.36	5071.01	3371.33	3508.89	3027.95	1000.2	1837.75	7097.45	4960.15	3794.84	2890.63	2456.17	2037.35	2411.75	3695.43	3364.67	2790.34	1469.82	2416.13	2511.97	2391.26	8829.31	8270.55	1288.77	3500.93	1431.25	1379.28	1347.14	2124.44	3041.31	1766.46	2750.04	1826.44	2445.97	1528.93	1148.81	1286.85	2201.99	1523.43	1402.51	1192.17	3203.05	4384.48	3381.35	1040.11	3012.64	2161.12	3246.13	2313.3	2537.9	5165.97	6789.8	3531.69	5076.25	5434.38	2337.08	2024.38	3256.32	2031.17	1510.38	1788.17	789.666	1412.35	7633.06	8844.04	2801.57	1992.61	3301.88	2511.96	2204.36	2384.14	5354.96	4372.42	3465.34	2413.94	3920.23	3915.2	3188.8	2545.8	3039.12	2130.84	2112.6	4558.65	2349.62	3946.07	2269.71	2233.59	1393.91	7000.58	4570.01	2941.19	2897.21	1740.92	1993.58	1722.6	2679.47	3072.01	5747.02	8506.24	4867.62	7724.31	5502.18	4544.65	2086.73	3346.45	1216.44	2442.21	2466.4	2007.28	1411.02	1815.51	1610.29	1729.36	1822.96	1422.45	1737.25	2865.6	1572.54	1982.17	4148.81	4312.6	4577	4694.95	1146.61	2218.19	1988.52	2871.1	3760.65	2300.33	5003.43	6310.67	4554.54	6416.02	1629.15	3529.31	5315.87	3214.05	7058	3292.64	2225.57	1970.55	2279.09	2886.05	715.187	2783.12	3070.54	3360.12	868.84	2285.48	2657.79	3472.58	866.377	832.041	2255.39	3200.38	6130.1	5296.67	1473.68	1427.3	1335.05	605.744	1020.14	508.399	3887	2262.37	968.221	337.558	3976.73	405.181	907.857	1072.99	820.08	1882.91	1343.3	1367.57	2675.01	2899.57	1117.21	862.417	959.069	1764.13	823.169	1625.31	2380.21	6232.66	5535.32	2925.03	6810.25	6551.98	2585.8	3585.85	10278	5904.54	4087.16	3940.82	2707.7	3082.03	6644.73	6099.66	3950.6	4200.73	5026.19	6912.37	3157.43	4177.71	2988.14	1409.74	3488.63	4739.5	8918.02	9223.6	11573.3	11195.8	7506.75	9696.21	7246.65	7392.01	11907.8	13559	11378	6685.91	5049.78	6359.63	6497.82	9726.68	5275.93	5470.49	11269	4083.46	2999.03	3566.68	5525.4	4441.38	8761.93	5011.64	6876.51	5615.32	5673.49	4498.31	10496.3	5518.59	
data	data	SFG_L_7_1	SFG_R_7_1	SFG_L_7_2	SFG_R_7_2	SFG_L_7_3	SFG_R_7_3	SFG_L_7_4	SFG_R_7_4	SFG_L_7_5	SFG_R_7_5	SFG_L_7_6	SFG_R_7_6	SFG_L_7_7	SFG_R_7_7	MFG_L_7_1	MFG_R_7_1	MFG_L_7_2	MFG_R_7_2	MFG_L_7_3	MFG_R_7_3	MFG_L_7_4	MFG_R_7_4	MFG_L_7_5	MFG_R_7_5	MFG_L_7_6	MFG_R_7_6	MFG_L_7_7	MFG_R_7_7	IFG_L_6_1	IFG_R_6_1	IFG_L_6_2	IFG_R_6_2	IFG_L_6_3	IFG_R_6_3	IFG_L_6_4	IFG_R_6_4	IFG_L_6_5	IFG_R_6_5	IFG_L_6_6	IFG_R_6_6	OrG_L_6_1	OrG_R_6_1	OrG_L_6_2	OrG_R_6_2	OrG_L_6_3	OrG_R_6_3	OrG_L_6_4	OrG_R_6_4	OrG_L_6_5	OrG_R_6_5	OrG_R_6_6	OrG_R_6_6	PrG_L_6_1	PrG_R_6_1	PrG_L_6_2	PrG_R_6_2	PrG_L_6_3	PrG_R_6_3	PrG_L_6_4	PrG_R_6_4	PrG_L_6_5	PrG_R_6_5	PrG_L_6_6	PrG_R_6_6	PCL_L_2_1	PCL_R_2_1	PCL_L_2_2	PCL_R_2_2	STG_L_6_1	STG_R_6_1	STG_L_6_2	STG_R_6_2	STG_L_6_3	STG_R_6_3	STG_L_6_4	STG_R_6_4	STG_L_6_5	STG_R_6_5	STG_L_6_6	STG_R_6_6	MTG_L_4_1	MTG_R_4_1	MTG_L_4_2	MTG_R_4_2	MTG_L_4_3	MTG_R_4_3	MTG_L_4_4	MTG_R_4_4	ITG_L_7_1	ITG_R_7_1	ITG_L_7_2	ITG_R_7_2	ITG_L_7_3	ITG_R_7_3	ITG_L_7_4	ITG_R_7_4	ITG_L_7_5	ITG_R_7_5	ITG_L_7_6	ITG_R_7_6	ITG_L_7_7	ITG_R_7_7	FuG_L_3_1	FuG_R_3_1	FuG_L_3_2	FuG_R_3_2	FuG_L_3_3	FuG_R_3_3	PhG_L_6_1	PhG_R_6_1	PhG_L_6_2	PhG_R_6_2	PhG_L_6_3	PhG_R_6_3	PhG_L_6_4	PhG_R_6_4	PhG_L_6_5	PhG_R_6_5	PhG_L_6_6	PhG_R_6_6	pSTS_L_2_1	pSTS_R_2_1	pSTS_L_2_2	pSTS_R_2_2	SPL_L_5_1	SPL_R_5_1	SPL_L_5_2	SPL_R_5_2	SPL_L_5_3	SPL_R_5_3	SPL_L_5_4	SPL_R_5_4	SPL_L_5_5	SPL_R_5_5	IPL_L_6_1	IPL_R_6_1	IPL_L_6_2	IPL_R_6_2	IPL_L_6_3	IPL_R_6_3	IPL_L_6_4	IPL_R_6_4	IPL_L_6_5	IPL_R_6_5	IPL_L_6_6	IPL_R_6_6	PCun_L_4_1	PCun_R_4_1	PCun_L_4_2	PCun_R_4_2	PCun_L_4_3	PCun_R_4_3	PCun_L_4_4	PCun_R_4_4	PoG_L_4_1	PoG_R_4_1	PoG_L_4_2	PoG_R_4_2	PoG_L_4_3	PoG_R_4_3	PoG_L_4_4	PoG_R_4_4	INS_L_6_1	INS_R_6_1	INS_L_6_2	INS_R_6_2	INS_L_6_3	INS_R_6_3	INS_L_6_4	INS_R_6_4	INS_L_6_5	INS_R_6_5	INS_L_6_6	INS_R_6_6	CG_L_7_1	CG_R_7_1	CG_L_7_2	CG_R_7_2	CG_L_7_3	CG_R_7_3	CG_L_7_4	CG_R_7_4	CG_L_7_5	CG_R_7_5	CG_L_7_6	CG_R_7_6	CG_L_7_7	CG_R_7_7	MVOcC	MVOcC	MVOcC	MVOcC	MVOcC	MVOcC	MVOcC	MVOcC	MVOcC	MVOcC	LOcC_L_4_1	LOcC_R_4_1	LOcC_L_4_2	LOcC_R_4_2	LOcC_L_4_3	LOcC_R_4_3	LOcC_L_4_4	LOcC_R_4_4	LOcC_L_2_1	LOcC_R_2_1	LOcC_L_2_2	LOcC_R_2_2	Amyg_L_2_1	Amyg_R_2_1	Amyg_L_2_2	Amyg_R_2_2	Hipp_L_2_1	Hipp_R_2_1	Hipp_L_2_2	Hipp_R_2_2	BG_L_6_1	BG_R_6_1	BG_L_6_2	BG_R_6_2	BG_L_6_3	BG_R_6_3	BG_L_6_4	BG_R_6_4	BG_L_6_5	BG_R_6_5	BG_L_6_6	BG_R_6_6	Tha_L_8_1	Tha_R_8_1	Tha_L_8_2	Tha_R_8_2	Tha_L_8_3	Tha_R_8_3	Tha_L_8_4	Tha_R_8_4	Tha_L_8_5	Tha_R_8_5	Tha_L_8_6	Tha_R_8_6	Tha_L_8_7	Tha_R_8_7	Tha_L_8_8	Tha_R_8_8	
3545.23	SFG_L_7_1	0	226.382	346.778	22.3182	106.395	52.5891	112.683	40.2879	54.2222	19.8889	11.9825	14.9048	0.18	0.22449	0.0555556	2.42636	0.469136	0	0.0462963	0.0208333	0.0151515	0.0070922	0.679487	2.06818	0.0833333	1.07752	0.106061	0.00617284	0.233333	0.0434783	0.00925926	0	0.96875	0.0362319	1.25253	0	15.6176	0.00680272	38.25	0.0272109	0	0.0277778	0	0	0	0	0	0.00617284	0.162963	0.0434783	0.0138889	0	0	0	0.00289855	0.0923695	2.78846	0.030303	0.805031	0.170635	0.10101	0	0.0740741	0	4.34959	3.31818	4.01515	0.608333	0.327957	0	0.0245098	0	2.04762	0	0	0	0.06	0	0.0466667	0	0	0.004329	0	0	0.00865801	0	0	0.004329	0.0590717	0	0.0324074	0	0.0539216	0	0.0555556	0	0.233766	0	0.0131579	0	0.04329	0	0.00347222	0.00311526	0	0.00311526	0.0394737	0	0	0	0	0	0	0.00311526	0	0	0	0	0	0.00311526	0	0.004329	0	0.004329	1.09605	1.07692	0.227778	0.0471014	0.0218579	0	1.64151	0.288618	0.147541	0.0035461	0.915493	0.021978	0.301587	0.0187266	0	0	0.0268817	0	0.463768	0	0.00680272	0	7.74	0.820513	4.54472	1.58025	0.877193	0.0402299	3.11806	8.11111	0.00469484	0	0.00925926	0	0.00938967	0	4.29487	0.360153	0.220513	0	0	0	0	0	5.48718	0	0.395349	0	23.5784	0	1.29545	0.208333	1.58333	7.45	0.238095	0.87037	1.99167	0.0689655	6.84127	31.4603	0.793651	12.8077	0	0.0277778	0.00833333	0.00913242	0.0945946	0	0.350427	0	0	0	0.207207	0	0.108225	0	0.00483092	0	0.544304	0	0.0125	0.00775194	0.185654	0.00687285	0.0547945	0	0.107527	0	0.295082	0	5.39716	0.302326	0.145161	0	0.119403	0.0162602	33.8864	0.48062	0.764706	0.025	1.27143	0.00813008	11.9279	41.1111	1.51471	0.416667	1.86486	1.52193	183.219	0.0413223	2.05882	1.11111	0.511111	0.00775194	57.7838	0.861472	24.2883	0	5.66667	0	168.73	0.398268	
4198.97	SFG_R_7_1	226.382	0	110.167	85.2949	9.88372	94.7315	122.016	110.562	34.7287	73.2619	10.2432	30.8272	0.017094	0.0128205	0.190476	25.3478	18.3171	42.3462	0	0.71875	0	1.54902	27.2764	63.1067	1.28788	0.196078	0	0.07173	0	88.3333	0	0.391304	0.0272109	45.2143	0	0.340136	0.197279	10.2529	0.231293	29.4167	0	0	0	0	0	0	0	0.0321285	0.0147059	0.00641026	0	0.0155039	0.047619	0	0.0492424	0.0437158	1.70115	0	3.16092	2.2906	0.0030581	0	0.0181159	2.38272	0.313726	39.2083	0.962963	12	0.0262172	0.464646	0	0	0.0266667	0.125	0	0.0466667	0.00490196	0.0294118	0.00490196	0	0	0.259887	0	0.0289855	0	0	0	0.172414	0.00387597	0.003367	0	0.004329	0.00687285	0.411458	0.0070922	0.00416667	0	0	0	0.00865801	0.0070922	0.00456621	0.00438596	0.205128	0.261261	0.0374532	0.0135135	0	0.00438596	0.040404	0.00438596	0.127778	0	0.0148148	0.0205128	0.0710382	0	0	0.025641	0.129944	0	0.233918	0	0.242424	0.21519	1.92222	0.00537634	1.24876	0.00888889	0	0.240196	0.900585	0.0512821	0	0.0613027	0.884058	0.0470085	0.867647	0	0	0.00595238	0.02	0.0394737	0	0	0.0780142	2.07843	5.43537	0.552845	12.6667	0.0533333	1.0922	0.150327	18.1754	0.00611621	0.0350877	0	0	0	0.00574713	0.572072	0.654321	0	0.676617	0	0	0	0.0185185	0.118519	2.2549	0	0.146667	0.326667	0.738095	0.362319	1.75676	0.518519	3.98374	0.00952381	10.1833	0.219858	2.93023	0.126126	53.1481	0.148148	33.8958	0	0.031746	0.204444	0.16	0.00226757	0.00490196	0.0111111	0.234234	0.223881	0.05	0.00854701	0.134921	0.0144928	0.0422535	0	0.00444444	0.0340136	0.481982	0.213333	0.136752	0.0283688	0.105023	0.00550964	0.106061	0.00775194	0.0350877	0.0138889	0.274194	0.684588	35.8526	0.03125	1.52632	0.019943	0.248756	3.42045	96.1242	0.0861423	0.557292	0.11236	0.306306	4.11494	102.677	0.0555556	22.8778	0.0114943	20.781	3.63985	87.2432	0.191571	1.09009	0.0243902	13.451	2.67442	47.7353	1.10078	44.4902	0.248366	42.1176	0.725146	74.781	
4982.36	SFG_L_7_2	346.778	110.167	0	12.1087	144.481	46.8182	86.5167	6.73759	0.0428571	0.188406	0.247312	25.6911	0.0380952	0.0666667	89.6349	1.64394	3.04938	0	13.8556	0.0070922	6.24138	0	114.784	1.75758	3.29167	0.795455	0.0509259	0.0106383	13.2184	0.144928	2.26667	0	42.9655	0.113475	6.90625	0	119.989	0.0136054	229.14	0.0212766	0	0	0.00297619	0	0	0	0.0121212	0.0106383	0.181159	0.00724638	0.0416667	0	0.0634921	0	0.130081	0.353659	2.24561	0.143411	0.577381	0.418605	0.533333	0	1.2963	0	0.39881	0.0191571	0.00724638	0.00740741	0.507936	0	1.03333	0	21.6364	0	0.034188	0.00308642	1.2037	0	0.437811	0.00308642	0.635965	0.004329	0.156379	0	0.122807	0	0.316017	0.00584795	0.367965	0	0.616915	0	0.362745	0	0.965368	0	2.63285	0	0.141553	0	0.6	0	0.0487805	0.00533333	0.0509259	0.0458333	0.3379	0	0	0.00266667	0	0	0	0.00533333	0	0	0.00483092	0	0	0.00311526	0.0135135	0.004329	0	0.004329	1.24242	1.27083	0.230047	0.197133	1.51795	0	1.06989	0.582375	3.91667	0.021978	6.77143	0.134058	4.61111	0.154122	0.0448718	0	1.15873	0	5.52604	0	0.231481	0	0.136054	0.100358	0.141243	0.106227	0.0238095	0.00564972	0.0227273	0.0213675	0.198068	0	0.161616	0	0.0858586	0	5.81287	1.34866	4.40952	0	0.00569801	0	0.82716	0	35.9781	0	8.44444	0	130.461	0	0.0666667	0	0.0238095	2.36585	0	0.030303	0.122807	0.0169492	0	0	0	0.025641	0	0	0.0809524	0.0684932	0.175084	0	1.9697	0.00333333	0.245902	0.037037	0.949495	0.00966184	1.22222	0	0.0555556	0	4.48052	0.00333333	0.0333333	0.150406	1.95238	0.0173611	0.511737	0.0181159	0.134409	0.0895522	0.376344	0	28.7609	1.37255	2.14208	0.00266667	0.120275	0.040404	117.167	2.0873	3.61765	0.0654206	9.92754	0.0178571	15.9744	34.0926	20.8254	1.63258	10.4815	1.38596	220	0.0881543	0.990991	1.08547	3.64286	0.0164609	74.4505	0.760684	47.8649	0.00326797	16.0684	0.00833333	175.36	0.367965	
2253.35	SFG_R_7_2	22.3182	85.2949	12.1087	0	9.23016	243.807	1.4058	101.84	0	0.266667	5.38462	0.3	0	0.00766284	0.103175	265.5	0.356061	25.7436	0	7.66667	0.00694444	1.80769	1.00758	58.7101	0.125926	30.1449	0	0.0153257	0	58.5513	0	1.04167	0.0144928	64.9753	0	0.468468	0.111111	6.77778	0.070922	9.40741	0	0	0	0	0	0	0	0	0	0	0	0	0	0.0070922	0	8.04445	0.275862	1.60526	0.604651	3.18519	0	0.0705128	0	0.295238	0	0.113208	0	0	0.00411523	0.0566667	0	0.147541	0.00694444	0.0382514	0	0.129944	0	0.038835	0	0.0199005	0	0.605634	0	0.0135135	0	0.0175439	0	0.235632	0.00401606	0.030303	0	0.0208333	0.00823045	0.0333333	0	0.028169	0	0	0	0.0622222	0.00401606	0.0967742	0	0.27381	0.0519481	0.222222	0.00803213	0.0162602	0	0.04	0	0.0588235	0	0.114695	0	0	0	0	0	0.00374532	0	0.369048	0	0.44898	0.0219298	1.86957	0	2.28302	0.00913242	0.127778	0.015873	0.809524	0.0319635	1.03846	0.00803213	0.928205	0.045045	1.96364	0	0.00694444	0.00456621	0.120567	0.036036	0.0151515	0	0.411348	0	1.19872	0	0.384058	0	0	0	0	0	0.491525	0	0.0107527	0	0.0632184	0.0803213	11.5041	0	0.431373	0	0	0	0.166667	0.0243902	4.10945	0	0.222222	0.0972222	0.987654	0	0	0	0	0	0.00854701	0	0.00374532	0	0	0	0	0	0	0.0253165	0.141553	0	0	0.00362319	0.292237	0.0582011	0	0	0.0266667	0	0.0809524	0	0.0231481	0.00724638	0.796296	0.030303	0.00273224	0.0144928	0.497653	0.00401606	0.287879	0	0.00724638	0	0.015873	0.0509804	3.64444	0.034188	0.166667	0.00406504	0.0102564	0.608527	17.6047	0.00406504	0.0540541	0.0200803	0.435185	1.64444	12.2424	0.0149813	10.9368	0.0522876	0.735294	0.803922	4.18627	0.0200803	0.0666667	0.0570175	0.529412	0.627451	1.35354	0.535948	1.33333	0.254902	1.60606	0.503268	2.70588	
11723.9	SFG_L_7_3	106.395	9.88372	144.481	9.23016	0	441.815	2.85926	0.0208333	0.681481	0.0984849	103.051	169.349	405	226.844	239.821	6.33333	1.63063	0	144.725	30.0909	98.8611	0.204082	1.54286	0.0434783	0.196078	0.00595238	72.5556	45.1597	0.197531	0.0496454	30.16	0.226667	3.5	0.0144928	200.48	0.5	43.4405	0.24	15.5833	0.00680272	0.0168776	0.0567376	20.7222	0.210884	0.0144928	0	0.152482	12.9116	0.202532	0.130081	130.587	0.233333	0.245283	0	0.320755	0.0740741	2.21858	0.0352941	0.781609	0.108527	0.0645161	0	0.100629	0	0.687943	0.0458333	0.310606	0.00606061	3.49296	0.00680272	3.12676	0	7.49495	0	0.185714	0	7.27536	0.00374532	3.22449	0	3.10526	0.00358423	0.899598	0	1.01754	0	0.991228	0	0.345679	0	0.264069	0	3.28922	0.00883002	4.04274	0	2.04825	0	0.679825	0	1.32911	0	1.14706	0.00217865	0.333333	0	0.342105	0	0.260684	0.0151515	0.906103	0.0151515	0.157143	0	2.93778	0.0121212	0.217593	0.00234742	3.2973	0.0151515	0.057971	0	0	0	6.36715	1.01688	4.23288	0.0825397	2.21078	0	1.22222	0.564103	12.6048	0	28.6761	0.0339506	10.7585	0.0308642	0.028169	0	2.08824	0	15.6127	0	0.430556	0	13.6727	0.298413	1.1844	0.247967	3.77049	0.097561	13.6733	0.271318	0.245902	0	0.429952	0	0.124294	0	12.1559	0.281124	10.0094	0	0.858586	0	3.59596	0.00913242	92.7306	0.0144928	8.46269	0	45.6325	0	15.1765	0.0588235	20.4296	40.0159	10.6232	0.598485	26.14	0.382514	17.844	0.0181159	13.0851	0.220339	0.140741	0.235772	0.315556	0.0840336	4.95417	0.0364963	22.3889	0.0701754	0.184615	0.0196078	47.9017	0.0851581	7.50222	0	1.11416	0.00277778	44.3846	0.0266667	8.35088	0.00843882	12.6926	0.0404762	9.12329	0	0.292793	0.00584795	2.97549	0.0166667	50.6556	0.160784	83.0994	0.194226	44.1008	1.3253	123.239	0.544304	22.3472	1.01498	143.507	0.646586	246.008	1.84475	152.822	0.666667	197.317	3.40789	267.919	0.154472	1.5814	1.53419	117.692	0.2375	247.333	1	219.054	0.216216	206.091	0.483333	345.649	0.78481	
8618.36	SFG_R_7_3	52.5891	94.7315	46.8182	243.807	441.815	0	0.559524	1.04167	0.177305	0.186275	86.3171	242.187	81.4848	288.217	31.7698	145.706	0.612403	24.6533	0.0434783	204.561	0.0272109	62.3768	4.25397	53.2436	0.437037	0.408805	4.80851	34.3333	0	60.0256	0.0144928	37.5062	0	49.6026	0.524823	75.16	0.326241	37.6173	0.222222	0.353333	0.347826	0	0.0283688	9.84722	0	0.229885	0.0740741	0.099359	0.1	0.00350877	1.31206	59.4306	0.0138889	0.0503145	0.0181159	0.993827	0.796935	0.573099	2.69349	0.241379	0	0.383648	0.00347222	0.351852	0	2.59615	0.0192308	0.148148	0.0882353	2.90873	0	0.245902	0.04	0.673333	0	0.577114	0.0103093	5.02083	0.00520833	0.238095	0	2.24324	0.00520833	0.820988	0	0.0133333	0	1.12037	0.00732601	0.0733333	0	0.195402	0.0245614	1.52263	0	0.54717	0.00401606	0.00803213	0	0.0779221	0.00401606	0.0493827	0.00252525	6.87879	0.0843882	5.15326	0.00757576	0.159091	0	6.62162	0.00245098	6.5991	0	3.47727	0.00462963	5.23148	0	0.293173	0.00490196	4.1831	0	1.51208	0	1.62821	0.254682	3.38308	0.135531	4.84762	0.0135135	0.183333	0.113924	1.19126	0.138577	0.563726	0.0337079	15.8824	0.121622	14.1814	0	0.0888889	0.0315315	0.46	0.130631	0.290476	0	2.46405	1.66667	3.83333	0.0851064	3.09942	0.115385	6.05128	0.279279	17.0692	0	1.22034	0	0.0612245	0	0.172414	0.282353	2.61017	0	6.9061	0	12.3	0	7.03333	0.0941177	69.338	0	0.393939	0.306122	1.96667	0.490196	0.76	21.4519	34.3333	3.98291	18.4364	0.285714	31.216	0.402778	1.67879	0.296804	4.14815	1.34146	1.78947	0.182222	44.9259	0.0612245	1.875	0.278539	36.7078	0.0751174	0.14554	0.0437158	30.4722	0	2.2973	0	0.368889	0.0578231	34.6844	0.0598291	2.75111	0.0933333	17.8995	0.0515464	5.7402	0.0228758	0.0114943	0.0424837	0.755556	0.278351	18.849	0.0982456	16.5143	0.0878788	61.8295	2.659	189.289	0.184127	10.8102	0.147436	104.906	0.653846	147.947	0.0705882	125.04	0.0625	149.308	3.62835	115.288	0.265152	0.180791	0.113924	39.878	3.04861	41.1429	1.70667	60.4414	0.370892	75.9167	0.861111	110.746	
5071.01	SFG_L_7_4	112.683	122.016	86.5167	1.4058	2.85926	0.559524	0	57.4275	418.88	87.1407	0.025	0.107981	0.427673	0.0357143	0.606838	0.0166667	5.29333	0	0.171171	0.004662	0.711712	0	3.875	0.0208333	48.2976	0.0123457	0.292308	0.0208333	11.4048	0	1.78095	0	6.23333	0.0506329	2.01667	0.00362319	10.75	0.042735	64.5222	0	0	0.00666667	0	0	0	0	0	0.00694444	0.985185	0.00952381	0.198413	0	7.14444	0	59.0098	0.610442	4.86395	0.170635	14.5	0.403922	32.4896	0	35.7222	0.00406504	2.02564	0.0542636	0.439394	1.93651	3.15847	0.038961	0	0.00314465	22.3125	0	0.00680272	0	1.56863	0	0.163265	0.002849	0.00606061	0	0	0	0.10303	0	0.00606061	0.00569801	0.00843882	0	0.0047619	0	0.0645161	0.025641	0.00574713	0	0.0833333	0	0	0	0.0126582	0	0	0.0110193	0.228571	0.0481928	0.037037	0	0	0.00550964	0	0.004329	0	0.00826446	0	0	0	0	0	0.00311526	0	0	0.0233918	0	1.70115	1.38528	0.270531	0.255556	0.348148	0	2.32075	0.813953	0.304348	0.0253623	5.24638	0.17037	0.564626	0.194139	0.302326	0	1.15972	0	2.85572	0.00289855	0	0	0.0677966	0.144444	1.34259	0.247191	0	0	0	0	0.615385	0	0.00520833	0	0.307692	0	5.16026	2.44314	0.753846	0	0	0	0.131313	0.0042735	30.598	0	0.83871	0	90.0312	0	0	0	0.00900901	0.390476	0	0.0701754	0	0.0251572	0	0.030303	0	0.0125786	0	0.0136054	0.333333	0.213992	0.187793	0	0.561644	0	0.857923	0.101449	0.314554	0.010101	1.08559	0.00347222	0.0447761	0	1.92982	0	0.14554	0.785714	1.23377	0.03125	0.446009	0.02	2.40984	0.497076	3.66667	0.034632	34.3696	2.60163	0.0285714	0.00865801	0.302564	0.05	199.372	5.06173	4.80645	0.127193	5.5098	0.047619	17.1765	1.86022	37.9487	2.73643	0.0900901	1.28829	475.899	0.308176	12.3922	1.04889	0.45098	0.0315315	51.4412	0.902222	10.9697	0	5.86869	0.0135135	261.362	0.604444	
3371.33	SFG_R_7_4	40.2879	110.562	6.73759	101.84	0.0208333	1.04167	57.4275	0	100.719	145.879	0.00877193	0.004329	0.00250627	0.163743	0	20.3194	0.311111	19.8148	0	0.8	0	2.31481	0.837037	15.4744	0.064257	48.8519	0	0.134503	0	39.3333	0	0.833333	0.00724638	54.0889	0	0.903846	0.003003	23.6667	0.00666667	48.2111	0	0	0.00456621	0	0	0	0	0	0.00387597	0	0.00456621	0.0733333	0.108696	0.020202	1.86111	64.8016	2.04651	0.222222	18.7823	13.9565	0.0030581	3.15686	0.00350877	10.1839	0.8125	0.451613	3.52174	2.63492	0.0238095	1.38251	0	0.021164	0	0.209524	0	0.039548	0	0.0462046	0	0.0287356	0	0.0809524	0	0.010582	0.00275482	0.00497512	0	0.0584795	0	0.010101	0	0.0271318	0	1.39344	0	0.00913242	0	0.00421941	0	0.0168776	0	0.0168776	0	0.228261	0.236842	0.207407	0.00401606	0.0232558	0	0.0380952	0	0.0421053	0	0.122222	0	0	0	0	0	0.00392157	0	0.0175439	0	0.00617284	0.431159	2.35135	0.0860215	0.709524	0.00961538	0	0.451613	0.575758	0.25	0.27027	0.00401606	0.887324	0.0274914	1.08571	0	0	0.0103093	0	0.011236	0.00537634	0	0	0	0.171429	1.64912	1.29293	0	0.00248756	0	0	0.01	0.105556	0	0	0	0.0327869	0.825758	2.68687	0	0.309524	0	0.0285714	0	0.162393	0	3.01754	0.00209644	0.0516432	0.00666667	0.722222	0	0	0	0	0	0	0	0	0.0769231	0	0.8	0	0	0	0.199134	0.495614	0.00356506	0	0.0114943	0.554113	0.204762	0.0548523	0.0114943	0.121622	0	0.0865801	0	0.00766284	0	1.4135	0.24	0.388889	0	0.394737	0.00330033	0.25463	0.0142857	4.1875	0.0190476	1.19126	0.684397	87.5694	0	0.148148	0.0110193	0.661202	2.29588	240.146	0.0416667	1.57527	0.0110193	1.04762	0.353333	13.6667	0.0212766	75.3452	0.00995025	7.62857	3.12879	146.604	0.473485	1.41799	0.0149254	2.27684	1.21138	23.3131	0.658537	14.8235	0.0622222	10.8485	0.240741	52.7524	
3508.89	SFG_L_7_5	54.2222	34.7287	0.0428571	0	0.681481	0.177305	418.88	100.719	0	171.121	0.15	0.34188	0.166667	0.0484848	0.0487805	0	0.00925926	0	0.0125786	0	0.00724638	0	0.018018	0	0.00900901	0	0.0757576	0.00462963	0	0	0.00740741	0	0	0	0.035461	0	0.00694444	0	0	0	0	0.0133333	0	0	0	0	0	0	0.555556	0.0133333	0.00617284	0	0.114583	0	40.4095	19.9593	4.54545	0	60.873	3.74797	0.018018	0	0.166667	0	55	1.41333	146.41	127.026	1.66667	0.0213675	0	0	0.0487805	0	0	0	0.00606061	0	0.00606061	0	0	0	0	0	0.00584795	0	0.0037037	0	0	0	0	0	0.016129	0.017094	0	0	0	0	0	0	0	0	0	0.004329	0	0	0	0	0	0.00865801	0.00529101	0.00865801	0	0	0.0107527	0.00483092	0	0	0.016129	0.00483092	0	0	0.00584795	0	0.603448	0.530702	0.0114943	0.0735931	0.00611621	0	3.30392	0.028169	0.00529101	0	0.0311111	0.00374532	0.00680272	0.00374532	0	0	0.00680272	0	0.0131579	0	0	0	0.606838	0.547009	9.4321	0.833333	0.0921986	0.0233918	0.691358	3.80247	0	0	0	0	0.0123457	0	2.17007	0.0714286	0	0	0	0	0	0	0.0577778	0	0.0030581	0	0.227642	0	0.311111	0.0476191	0.0222222	0.790476	0.186667	0.0964912	0.303704	0.156028	34.4667	9.83333	21.6267	5.21795	0	0.0272109	0.0151515	0	0.111111	0	0.138889	0.00411523	0.00564972	0	0.134259	0.00666667	0.0240964	0	0	0	0.0821918	0	0.00462963	0.0271318	0	0	0.00421941	0	1.38251	0.00555556	2.02186	0.0128205	2.01093	0.0536398	0.016129	0.017316	0.0707071	0.00462963	9.43333	0.131579	1.81967	0.0213675	0.135593	0.0035461	9.25253	0.021645	0.197917	0.0313726	0.0294118	0.689189	190.481	0.392157	10.8039	0.565789	0.215686	0.0138889	29.3726	0.526316	5.66667	0	2.91919	0	145.265	0.368889	
3027.95	SFG_R_7_5	19.8889	73.2619	0.188406	0.266667	0.0984849	0.186275	87.1407	145.879	171.121	0	0.0263158	0.242424	0.00347222	0.00980392	0	0.0925926	0.00757576	0.152381	0	0.010101	0	0.00854701	0.00350877	0.12963	0.00701754	2.14493	0.00347222	0.00490196	0	0.27027	0	0.0363636	0	0.435185	0	0.0606061	0.003003	0.0784314	0	1.2381	0	0	0	0	0	0	0	0	0	0.00775194	0	0.0133333	0.356589	0	6.74638	204.659	7.51064	0.17284	114.229	144.023	0	0.752381	0.0070922	0.552083	3.57937	11.1053	24.8815	81.6543	0.0175439	0.66129	0	0	0	0	0	0	0	0.0133333	0	0	0	0	0	0.010101	0	0	0	0	0	0	0	0.00387597	0	0.672043	0	0	0	0	0	0	0	0	0	0.0250896	0.0277778	0.0333333	0	0	0.00877193	0	0.202186	0.0107527	0.0225989	0.00611621	0.333333	0	0.00456621	0	0.448087	0.00456621	0	0	0	0	0.157706	1.72381	0.377778	0.0601852	0	0	0.241379	0.666667	0.0982456	0.00854701	0	0.087963	0.00749064	0.0787037	0	0	0	0	0.00350877	0	0	0	7.20261	0.0733333	4.4902	2.75556	2.10909	0.010101	10.763	2.21739	0	0.00546448	0	0	0	0	1.52469	1.12346	0	0.0231481	0	0.00854701	0	0.0121212	0	0.337553	0	0.00865801	0	0.0537634	14.6894	0.0283688	0.136752	0.0277778	0	0	10.4729	0.0208333	0.162162	20.7222	6.92683	8.9697	0	0	0.0164609	0.0822511	0.0045045	0.00803213	0.0045045	0.0411523	0.0648148	0.0593607	0.0045045	0.00833333	0	0.0205761	0	0	0.00311526	0.168724	0.017316	0.30303	0	0.030303	0	0.0315315	0	0.816326	0.0144928	0.629032	0.322917	22.551	0.0967742	0.0458333	0.00550964	0.376344	0.352273	84.1046	0.0229885	0.736559	0.00550964	0.0791667	0.020202	8.58333	0.00383142	3.48276	0.0144928	5.07619	0.916667	99.5556	0.222222	9.07527	0.00490196	0.928962	0.791667	14	0.491667	5.08824	0.010101	3.76768	0.0444444	46.7255	
1000.2	SFG_L_7_6	11.9825	10.2432	0.247312	5.38462	103.051	86.3171	0.025	0.00877193	0.15	0.0263158	0	12.8205	90.3778	1.26829	0.0175439	3.93694	0	0	0	14.8333	0.0266667	0.0243902	0.00854701	0	0	0	0.0697674	0.0188679	0	0.00740741	0	0	0	0.00740741	0.0493827	0.0102564	0	0.00512821	0	0	0.0181818	0.166667	0	0	0	0	0.00512821	0.00606061	0.0277778	0.242424	0.180556	0.00512821	0	0	0	0	0.025641	0	0.0272109	0	0	0	0	0	0.234848	0	0.219697	0	0	0.025641	0	0	0	0	0	0	0	0	0	0	0	0	0	0	0	0	0	0	0	0	0	0	0	0	0	0	0	0	0	0	0	0	0	0	0	0	0	0	0	0	0.139303	0	0.0294118	0	0.20398	0	0	0	0.308458	0	0	0	0	0	0.00952381	0.00843882	0.671875	0	0	0	0	0.00438596	0.0047619	0	0	0	0.0047619	0	0	0	0	0	0.0047619	0	0	0	11.7107	0.0833333	0.401361	0.00865801	2.60556	0.030303	18.7174	0.466667	0	0	0	0	0	0	0.00595238	0.00877193	0	0	0	0.0133333	0	0	0.0047619	0	0.0047619	0	0.0047619	0	6.1087	0.111111	3.13095	6.19167	33.1818	7.25	7.92064	0.045977	31.4296	0.434343	17.2713	0.480392	0.166667	3.5	0	0	0	0	0	0	0.00952381	0	0	0	0	0	0	0	0	0	0	0	0	0	0	0	0	0	0	0	0.149254	0	0.0490196	0	0	0.00813008	0.0648148	0.0119048	0	0.242424	0	0	0.05	0.27381	0.0047619	0	0.342342	0.0350877	0.738739	0.00877193	0.00925926	0.0131579	0.0141844	0.00444444	1.02703	0.00843882	0.936937	0	0.18018	0.0266667	1.0991	0.00843882	
1837.75	SFG_R_7_6	14.9048	30.8272	25.6911	0.3	169.349	242.187	0.107981	0.004329	0.34188	0.242424	12.8205	0	6.06667	25.3162	27.935	0.0416667	1.39167	0	0.00680272	0.347222	0	0.0357143	1.41026	0.0864198	0.0634921	0	0.365079	0.0641026	0	0.148148	0	0.209877	0.00757576	0.0740741	0.0362319	0.0617284	0.318182	0.0645161	0.25	0	0.00900901	0.00775194	0	0	0	0	0.00900901	0.0915033	0.011396	0.122807	0.0780142	0	0	0	0	0	0.00387597	0	0.0116279	0	0	0	0	0	0	3.55285	0.0285714	0.209524	0.00537634	0.504274	0	0	0.0208333	0	0	0	0.00520833	0.00961538	0.00520833	0	0	0	0	0.0147059	0	0	0	0	0	0	0	0	0	0.0854701	0.0070922	0	0.00401606	0	0.00396825	0	0.00396825	0	0.00326797	0.112403	0	0.0280702	0	0	0	6.31343	0	7.10769	0	0.03663	0.00462963	6.97015	0	0.268398	0.00462963	5.5	0	0	0	0	0.0193237	0.0447761	0.106481	0.0686275	0.0142857	0	0.0047619	0	0.0285714	0	0.0264026	0.0245098	0.0855856	0.0196078	0	0	0.0131579	0	0.0630631	0	0	0.00757576	7.18239	13.3333	0.257576	3.61364	0.111111	10.7143	0.194444	46.3475	0	0	0	0	0	0	0.0529101	0	0	0	0	0	0	0	0.0646766	0.187215	0	0	0.170213	0	0.822222	3.55856	4.85	24.4167	0.585586	81.6167	0.22	42.2333	0.175439	14.0789	0.0731707	18.7561	0.027027	17.0714	0	0	0.00884956	0.00421941	0.0214067	0.0225225	0	0	0.0058997	0.191489	0.00387597	0.013468	0	0.003663	0.0259259	0.0238095	0	0	0.0355556	0.0990991	0.0234742	0.0392157	0	0.0153257	0.00569801	0.409283	0.0224359	5.48259	0.0570175	9.84615	0.0119048	0.0793651	0.25098	3.35135	0.0336391	0.314394	0.0380952	0.0365854	0.0775194	2.60684	0.0271318	0.313131	0.0350877	2.17073	0.572549	2.33333	0	0.0147493	0.100877	0.558333	0.157895	1.06306	0.131579	1.28333	0.109649	1.46154	0.514768	1.39316	
7097.45	SFG_L_7_7	0.18	0.017094	0.0380952	0	405	81.4848	0.427673	0.00250627	0.166667	0.00347222	90.3778	6.06667	0	278.477	0.0357143	0	0.0222222	0	42.8533	8.70086	7.61333	0.0272109	0.0227273	0	0	0	603.237	140.971	0	0	0.00238095	0.00248756	0	0	3.92	0.0144928	0.264368	0.0245098	0	0	68.8495	27.0775	28.2754	0.0486111	4.22989	0	50.75	151.87	5.73118	2.36842	45.3867	0.0193237	0.111111	0	0.128655	0.0610329	0.151042	0.00226757	0.140097	0.134259	0	0	0.00641026	0	0.00462963	0.0325203	0	0	11.2695	0.223242	0.030303	0	0.00564972	0	0	0	3.43478	0.0186916	0.630435	0	0.0909091	0	0.340136	0.00289855	0.00421941	0	0.0162602	0	0	0	0	0	0.643519	0.0238095	0.138528	0	0	0	0.021645	0	0.047619	0	1.01754	0.0308642	1.02817	0.00775194	0.0515464	0	0.876543	0.64966	0.816239	0.762887	0.50813	0.0155763	1.80087	0.618056	1.45652	0.0740741	2.27273	0.762887	0	0	0	0	1.43056	0.210356	1.87037	0.091195	0.338095	0	0.020202	0.1625	2.82857	0	9.10145	0.00308642	0.62381	0.00308642	0	0	0.111111	0	2.54106	0	0.0133333	0	5.16981	0.76699	0.0851064	0.141026	0.973958	0.440329	11.058	1.80342	0	0	0	0	0	0	0.182292	0.0791667	1.07729	0	5.21739	0.0487805	0.0136054	0	3.89202	0.0047619	0.00537634	0	0.0555556	0	2.88506	0.305556	43.062	56.7674	72.4074	5.723	7.56725	2.90717	32.2195	0.393162	21.4545	1.41026	21.4848	82.2963	5.7277	0.316993	26.1096	0.300654	52.8649	0.587654	0.145161	0.00628931	55.6256	0.538462	2.3653	0.00508906	0.149758	0	29.1111	0.0997567	8.08676	0.00453515	7.15584	0.512255	3.46759	0.00584795	0.358543	0.00294985	1.10502	0.0569801	13.9301	0.786942	33.6614	1.69728	133.81	2.82993	6.31624	0.0945946	29.1455	0.698006	202.807	0.36036	61.9225	0.84188	5.64706	0.207977	82.4959	1.89778	91.6202	0.101626	0.125	0.579167	27.0575	0.248945	29.7583	0.187075	15.6744	0.191011	42.098	0.588745	79.938	0.42616	
4960.15	SFG_R_7_7	0.22449	0.0128205	0.0666667	0.00766284	226.844	288.217	0.0357143	0.163743	0.0484848	0.00980392	1.26829	25.3162	278.477	0	0.135802	0.0119048	0	0.0175439	0.188406	16.3407	0.0486111	22.1884	0	0.00453515	0	0.0643275	100.853	224.333	0	0.0185185	0	0.678571	0	0.00995025	1.21986	2.59524	0	0.325397	0	0.0181818	3.13953	33.9487	0.131783	22.3043	0.0416667	0.114943	3.87121	66.3694	0.774775	2.78333	2.4058	29.4493	0	0	0	0.163743	0.00222222	0.0350877	0.00222222	0.00574713	0	0.0181818	0	0.0714286	0	0.115385	0	0	0.233918	0.962121	0	0.00490196	0	0.146667	0	0.0637255	0.00260417	0.890805	0	0.0816327	0	0.226667	0.00260417	0.251462	0	0.00444444	0	0.608974	0	0.026936	0	0.0411985	0.0526316	0.420833	0	0.179012	0	0.00396825	0	0	0	0	0	1.23596	0	0.800766	0	0.0299625	0	2.44156	0.00245098	2.58333	0	0.535581	0	1.94667	0.00724638	0.218391	0.008	1.9693	0	0.0933333	0	0.0547264	0.0193798	0.434783	0.0957447	1.51905	0	0	0	0.0227273	0.00411523	0.36715	0.0813008	4.61836	0	4.87923	0	0.00546448	0	0.0199005	0	0.0102564	0	0.0447761	1.59596	1.69744	0.00595238	0.195402	0.0343643	2.41379	0.0779221	9.75862	0	0	0	0	0	0.00546448	0	0.0166667	0	2.52055	0	1.2	0	0.0241546	0.0102041	8.2968	0	0	0	0	0.5	0.897436	24.2791	60.9457	1.0098	18.0242	0.0287356	12.3801	0.151961	2.2807	0.112613	4.33333	1.89474	165.444	0.144737	47.213	0.204444	5.42593	0.726027	31.2922	0.0031746	0.488263	0.213333	34.8472	0.013468	1.24	0	0.0765766	0.140152	19.8089	0.00350877	0.986486	0.128713	9.15982	0.113402	1.36667	0.0935673	0.00701754	0.196429	0.209877	0.104938	2.87838	0.032	8.63726	0.470833	122.38	0.0388889	6.5641	0.885572	17.6854	0.452381	109.291	0.0166667	51.876	0.0980392	47.1268	0.0208333	106.24	0.0365297	16.5714	0.0136054	0.142857	0.0208333	45.2171	1.3125	0.986667	0.854167	12.938	0.0232558	44.8889	0.0200803	24.2636	
3794.84	MFG_L_7_1	0.0555556	0.190476	89.6349	0.103175	239.821	31.7698	0.606838	0	0.0487805	0	0.0175439	27.935	0.0357143	0.135802	0	0.657895	10.4242	0	218.759	0.511628	234	0.00740741	115.039	0.00740741	14.0247	0	3.92754	0.00671141	4.52778	0.00740741	20.8696	0.00740741	6.66667	0	90.2576	0	15.6111	0	3.14103	0	0	0	0.010101	0	0.0058997	0	0.0212766	0.00441501	0.00833333	0	6.05797	0	0.185897	0	0.269231	0.00537634	1.77401	0.00406504	0.0440252	0.0138889	0.0294118	0	0.243243	0	0	0.015873	0	0	0.352657	0.00699301	2.91905	0	4.59804	0	0.173913	0	1.0625	0	0.887255	0	2.68468	0	0.683333	0	0.720721	0	0.855856	0	0.279835	0	0.254386	0	0.47619	0.00453515	3.1886	0	1.6	0	0.486486	0	0.912281	0	0.078125	0	0	0	0.231111	0	0.00555556	0.00934579	0.00560224	0.00623053	0.0111111	0	0.00297619	0.00623053	0.0258621	0.00234742	0.014245	0.00311526	0.0392157	0	0.00438596	0	1.33824	0.151515	1.53991	0.0224719	1.18687	0	0.494792	0.0990991	7.08824	0	13.6127	0.0153257	9.47761	0.0114943	0.040404	0	1.80099	0	10.7015	0	0.37619	0	0.0243056	0.013468	0	0.0295359	0	0.0133333	0	0.0615942	0.245614	0	0.372549	0	0.0877193	0	9.12429	0.0396825	6.82126	0	0.0707071	0	13.3077	0	43.2609	0	4.89418	0	19.5069	0	0	0	0.0045045	0.0811966	0	0.132275	0.015873	0.0398551	0	0.010989	0	0.018315	0	0.0314465	0	0.0367647	0.870206	0.0364963	2.76126	0.0218978	0.0655738	0.0248756	4.83784	0.080292	2.61574	0	0.294118	0	6.84234	0	0.0694444	0	7.26126	0.0214286	5.13146	0	0.00376648	0	0.220513	0.00932401	2.54237	0.0222222	10.8864	0.140351	0.101093	0.0442708	38.451	0.0436508	4.2451	0.0613333	14.2113	0.0141844	25.6852	0.0519481	67.4769	0.0719697	52.7157	0.954545	68.5135	0.0111111	0.171171	0.31982	13.1473	0	71.1961	0.17316	59.9804	0.0765432	29.1053	0	99.4314	0.108108	
2890.63	MFG_R_7_1	2.42636	25.3478	1.64394	265.5	6.33333	145.706	0.0166667	20.3194	0	0.0925926	3.93694	0.0416667	0	0.0119048	0.657895	0	0.211382	11.4603	0.00680272	210.286	0.00680272	253.267	0.756098	309.292	0	10.3016	0.00260417	0.111111	0.0148148	39.0159	0	18.3704	0.00740741	21.8116	0	14.4444	0.00813008	1.97222	0	0.493333	0	0	0	0	0	0	0.00260417	0.0153257	0.0131579	0	0	0.633333	0	0.0070922	0	1.83333	0.027451	0.579365	0.0588235	0.961905	0	0.0340136	0	0.111111	0.00966184	0.0909091	0	0	0.0208333	0.441315	0	0.0833333	0	0.0192308	0	0.138889	0.00694444	0.0619048	0	0.0333333	0	0.961111	0.00347222	0.0241546	0	0.143678	0	0.345238	0	0.0625	0	0.0162602	0.00350877	0.109524	0	0.0348259	0	0.00529101	0	0.0740741	0	0.256831	0	0.252033	0	0.182927	0	0.00784314	0	0.0526316	0	0.0763052	0	0.0804598	0	0	0	0.00938967	0	0.00347222	0	0.572327	0	0.784722	0.00803213	0.706897	0	0.764103	0	0.101695	0.0138889	0.416667	0	0.0757576	0	0.730159	0.00843882	0.883598	0	0.0289855	0	0.0942029	0.00843882	0.294872	0	0.276596	0.0190476	0.338462	0	0.281609	0	0.00347222	0	0	0	0.761905	0	0.00574713	0	0.0862069	0.0156863	8.69106	0	0.210256	0	0	0	2.28986	0.00724638	5.53234	0	0.141414	0.00740741	1.33333	0	0	0	0	0	0	0.00248756	0.00497512	0	0	0	0	0	0	0.00438596	0.2723	0	0	0.0233918	1.00469	0	0	0.010929	0.0231481	0.00280112	0.154589	0	0.00784314	0.0146199	2.4619	0.00438596	0.00406504	0.00248756	0.372549	0	0.230769	0	0.0138889	0	0.0857143	0.0187266	1.10063	0.0222222	0.965174	0.0519878	0.635897	0.0745098	3.9	0.0614887	0.287037	0.0539683	1.97143	0.0666667	11.7642	0	7.27513	0.0122324	2.38739	0.0784314	1.88095	0.0232558	0.0188679	0.0122324	1.13333	0.2125	1.49074	0.126016	2.33333	0.0378788	3.35043	0.0162602	1.99099	
2456.17	MFG_L_7_2	0.469136	18.3171	3.04938	0.356061	1.63063	0.612403	5.29333	0.311111	0.00925926	0.00757576	0	1.39167	0.0222222	0	10.4242	0.211382	0	0.00757576	5.75309	0	185.653	0	137.07	0.252033	191.722	0.0569106	0.00775194	0	141	0.0814815	84.7083	0	12.9667	0.0888889	20.9877	0	9.21739	0	8.18667	0.00724638	0	0	0	0	0	0	0	0	0	0	0.0162602	0	30.8485	0	50.2121	0.00740741	13.8046	0.0123457	9.09195	0.015873	0.488095	0	180.053	0	0	0.00282486	0	0	0.0292398	0	0	0	1.57778	0	0	0	0.0930233	0	0.0454545	0	0.00952381	0.0042735	0.0131579	0	0.848485	0	0	0.0042735	0.0248756	0	0.0687831	0	0.00421941	0	0.027027	0	0.377358	0	0.0151515	0	0.0358974	0	0.00378788	0	0	0	0.0205128	0	0	0	0	0	0	0	0	0	0	0	0	0	0	0.0042735	0.507576	0.0042735	0.287879	0.0540541	0.0133333	0.00740741	5.42982	0	0.777778	0.05	3.72222	0	0.322917	0	6.35659	0	1.01667	0	9.61667	0	4.45528	0	0.0555556	0	0	0.00740741	0	0.0116279	0	0	0	0	8.13978	0	0.0694444	0	1.35294	0	10.8137	0.0375	0	0	0	0	0	0	1.0678	0	0.0833333	0	6.33333	0	0	0	0	0	0	0	0	0	0	0	0	0	0	0	0	0.020202	0	0	0.0740741	0	0	0.00512821	0.00564972	0	0.0904762	0	0.00537634	0	0.226852	0	0	0.00877193	0.101852	0	0.0205128	0	0.0121212	0	0.0297619	0	0.933333	0.031746	0.00537634	0	0	0	4.89744	0.0946502	0.145833	0	0.385417	0	0.728395	8.26042	0.472222	0.0436508	0.151515	0.104762	7.72973	0	0.0416667	0.0601852	0.00537634	0	4.28125	0.0456621	2.47475	0	0.373737	0	7.9798	0.00900901	
2037.35	MFG_R_7_2	0	42.3462	0	25.7436	0	24.6533	0	19.8148	0	0.152381	0	0	0	0.0175439	0	11.4603	0.00757576	0	0	4.47826	0	2.98611	0.00757576	172.188	0	54.0128	0	0	0	391.722	0	0.333333	0	30.4744	0	0.115646	0	0.506667	0	14.2821	0	0	0	0	0	0	0	0	0	0	0	0.00757576	0	2.38889	0	12.9242	0.0313726	1.16667	0.054902	1.17593	0	0.0119048	0	110.909	0	0.00694444	0	0	0	0	0	0	0	0.0166667	0	0	0	0.00660066	0	0	0	14.2867	0	0.0555556	0	8.17361	0	2.97386	0	0.163934	0	0.123457	0	0	0	0.293785	0	0.54902	0	1.08974	0	0.820988	0	0	0.00483092	0	0	0	0	0	0	0	0	0	0	0	0	0	0	0	0	3.22667	0	2.50355	0.00392157	0.42029	0	0.0808081	0	0.952381	0	0.592593	0	0.388889	0	1.44444	0	2.88889	0	2.25439	0	4.88889	0	29.7209	0	0.0333333	0	0.0151515	0	0.0638298	0	0	0	0	0	3.13979	0	0	0	1.53535	0	7.34146	0	0.0606061	0	0	0	0	0	0.188406	0	0	0	0	0	0	0	0	0	0	0	0	0	0	0	0	0	0	0	0.00469484	0	0	0	0.0175439	0	0	0	0	0	0.003367	0	0	0	0.0843882	0.00483092	0	0	0.0132013	0	0.236364	0	0.0347222	0	0	0	0.256944	0	0	0	0	0.0470588	1.52033	0	0	0	0.0295359	0	0.151515	0	1.93496	0	0	0.0509804	0	0	0	0	0	0	0	0	0	0	0	0	0	
2411.75	MFG_L_7_3	0.0462963	0	13.8556	0	144.725	0.0434783	0.171171	0	0.0125786	0	0	0.00680272	42.8533	0.188406	218.759	0.00680272	5.75309	0	0	0	223.741	0	15.0494	0	8.86869	0	223.619	0.0724638	1.20238	0	0.404762	0	1.04598	0	58.8095	0	8.07143	0	1.77778	0	0	0	22.2833	0	0.0897436	0	0	0.00396825	0	0	65.9206	0	0.0416667	0	0.115942	0	0.449735	0	0.0242424	0	0.00854701	0	0.188889	0	0.00456621	0.00406504	0	0	0.551724	0	0.611872	0	2	0	0.0324074	0	0.614815	0	0.444444	0	0.491228	0	0.121951	0	0.0833333	0	0.222222	0	0.0923695	0	0.146119	0	0.0614035	0	0.559829	0	0.510823	0	0.0488889	0	0.202532	0	0.00505051	0	0.257143	0	0.0875	0	0	0	0	0	0	0	0	0	0	0	0	0	0.00483092	0	0.00411523	0	0.169014	0.00813008	0.237443	0	0.303483	0	0.0646766	0.0205761	1.4058	0	2.48571	0	1.84577	0	0.0187793	0	0.412935	0	2.45098	0	0.0776256	0	0.0232558	0.0128205	0	0.00406504	0	0.00497512	0	0.00320513	0.104938	0	0.1	0	0.0508475	0	2.0914	0.0121951	1.87619	0	0.246032	0	4.16176	0	11.8	0	2.21717	0	8.94359	0	0	0	0	0.00680272	0	0	0.00505051	0	0	0	0	0	0	0	0.422535	0.00959233	0.675799	0.00719424	4.31507	0.017284	0	0.00456621	3.9589	0.0191847	0.657778	0	0.0289855	0	3.91111	0	0.958333	0	1.29437	0.0220588	0.83105	0	0.00254453	0	0.00520833	0	0.502732	0	0.99435	0.0167866	5.8141	0.00396825	2.54054	0.00392157	1.4619	0.00763359	21.241	0.00198413	3.07143	0.0190476	9.19608	0.0121951	3.775	0.174242	10.8526	0.00444444	0.0567376	0.04	0.913793	0	4.49573	0.0291667	4.375	0.0119904	2.78295	0	9.79592	0	
3695.43	MFG_R_7_3	0.0208333	0.71875	0.0070922	7.66667	30.0909	204.561	0.004662	0.8	0	0.010101	14.8333	0.347222	8.70086	16.3407	0.511628	210.286	0	4.47826	0	0	0	131.125	0	14.4493	0	0.388889	0.0555556	159.587	0	17.971	0.00724638	10.0725	0	0.717949	0.00757576	23.2174	0	9.08	0	0.0261438	0	0	0.00207039	22.5714	0	10.2273	0.0298103	0.0524345	0.0685358	0	0.00414079	68.35	0	0	0	0.213675	0.00222222	0.0111111	0.0105263	0.0894309	0	0.0326797	0	0.0133333	0.00546448	0.0382514	0	0	0.09	1.29167	0	0.00888889	0	0.101449	0	0.0114943	0.0218069	4.34146	0.004662	0.0606061	0	0.829787	0.00634921	0.967949	0	0.0119048	0	1.2971	0	0.132075	0	0.0708333	0.00701754	0.632353	0	1.06122	0	0.0253165	0	0.0253165	0	0	0	0.47561	0.0026455	0.288066	0	0.0402299	0	0.0927835	0	0.113821	0.00280112	0.182927	0	0	0	0.0187793	0.00280112	0.0128205	0	0.160714	0	0.141975	0.166667	0.677249	1.73485	0.9	0	0.0123457	0.0205761	0.0784314	0	0.047619	0.003663	1.96875	0	1.91146	0	0.00813008	0	0.0107527	0	0.119497	0	0.0347222	0.513726	0.763285	0	0.274194	1.06818	1.03431	0.075	0.14359	0	0.05	0	0.0131579	0	0.00529101	0.00843882	0.261111	0	0.529412	0.00414079	2.53333	0	0.48	0	2.81771	0	0.0047619	0	0.103448	0	0	0	0	0.54955	0.0731707	0	0.00462963	0.00913242	0	0.00456621	0	0	0	0.318627	73.5354	3.02456	22.899	3.64966	39.7696	0.0102041	4.85185	5.24653	58.9798	0	5.15238	0	0.175676	1.9697	28.2476	0.0026455	6.94444	1.69097	7.45894	1.27473	2.24883	0.103774	0	0.0185185	0.209524	0.0466667	0.974747	0.117647	5.14493	0.216931	47.7018	0.0220588	3.54545	0.591195	80.2239	0.550459	170.323	0.01	30.2137	0.0431655	126.567	0.0154321	34.7281	0.0175439	13.9697	0.0387597	0.224806	0.033033	14.0427	0.8	7.74603	0.513726	11.4324	0.04	15.3509	0.00932401	15.3158	
3364.67	MFG_L_7_4	0.0151515	0	6.24138	0.00694444	98.8611	0.0272109	0.711712	0	0.00724638	0	0.0266667	0	7.61333	0.0486111	234	0.00680272	185.653	0	223.741	0	0	0	94.1296	0	18.9596	0	87.7778	0.00694444	18.0435	0	204.536	0	18.7424	0	132.627	0	23.8846	0	7.32143	0	0.0042735	0	1.19231	0	0	0	0	0	0.00775194	0	133.638	0	0.420635	0	0.658915	0.00234742	0.539007	0	0.30303	0.00234742	0.243243	0	2.13095	0	0	0	0	0	0.333333	0	0.534247	0	5.27957	0	0.0469484	0	1.15873	0	0.574468	0	0.568889	0	0.209877	0	0.455556	0	0.223684	0	0.075	0	0.241546	0	0.112745	0	0.815789	0	1.26263	0	0.115741	0	0.298246	0	0.0289855	0	0.0606061	0	0.0683761	0	0	0	0.00320513	0	0.00320513	0	0	0	0.0042735	0	0	0	0.00387597	0	0	0	0.181373	0.0203252	0.371981	0	1.55758	0	0.438272	0.012987	2.47778	0	3.34314	0	6.47458	0	0.144654	0	4.24405	0	7.87571	0	0.103286	0	0	0	0	0	0	0	0	0	1.06803	0	0.0241546	0	0.47619	0	2.93464	0	1.70531	0	0.410256	0	15.0889	0	14.7843	0	0.580808	0	25.6771	0	0	0	0	0	0.0138889	0	0	0	0	0	0	0	0	0	0.186275	0.00444444	0.268519	0	3.93427	0	0	0.00456621	4.3615	0	1.10648	0	0.0746269	0	4.79909	0	1.20952	0	2.4009	0	1.22857	0	0.0042735	0	0.0348259	0	0.40404	0	1.26282	0	0.690058	0.00803213	2.9881	0.00234742	1.46269	0.0120482	10.7198	0.00803213	3.29365	0.0121951	10.0101	0	2.15833	0.0243902	3.29252	0.00294985	0.0530303	0.0325203	1.65957	0	4.55833	0.0162602	5.60833	0	3.78295	0	6.02439	0.00813008	
