data	data	2290.46	5638.34	8340.25	4813.32	11041.2	8612.91	9167.12	6770.06	1915.66	2935.68	990.96	1576.35	5805.64	6698.76	2275.26	1959.65	1526.23	795.088	2298.45	1556.07	2316	2438.86	3386.67	2872.59	3828.6	3747.69	4136.65	7539.81	482.132	1023.58	1014.68	670.452	1555.41	1321.35	2543.79	472.943	1887.74	1934.62	1991.27	1443.26	473.791	1003.62	1638.15	3196.27	2135.1	1905.79	2043.3	2983.37	1197.25	1379.66	2384.36	2727.66	4049.69	1761.19	8181.45	3516.75	3538.59	2209.35	3954.46	3848.66	1931.01	1808.91	4324.06	2610.34	274.617	1492.12	464.197	920.603	4689.01	9293.89	2014.87	2211.27	1861.49	2483.52	2177.75	2382.41	2819.34	4137.02	2253.12	1360.18	1444.51	2420.55	1263.75	2522.37	3928.22	2358.4	1232.65	2718.68	1607.9	2834.93	1721.5	2998.39	1538.97	1971.88	1087	1671.74	2339.49	1802.27	2359.52	2278.8	1631.16	1655.19	3615.68	7571.29	5925.09	6908.71	5993.88	5212.31	2590.05	3694.06	1968.22	1455	1972.91	2264.24	1385.64	2226.91	2195.59	2768.5	2382.69	2370.2	1721.72	1465.51	1257.34	1925.51	3078.93	4599.54	3575.59	3995.23	2193.82	550.783	3911.51	2782.4	1151.95	2657.85	7505.34	6017.72	2642.85	4279.29	5374.93	3662.34	5128.22	4781.06	4867.7	3510.19	2068.01	2523.12	2268.06	3592.74	1246.67	2326.39	6146.7	13570.8	547.031	2139.2	1910.34	2151.3	1268.97	1075.96	3143.05	2110.95	1969.48	4060.28	2035.02	2271.73	2302.84	1109.15	1740.04	1162.66	5893.36	4080.96	1220.74	678.074	3239.02	963.665	280.591	442.784	651.081	2095.72	807.518	813.143	1190.74	3507.19	597.675	175.808	632.017	749.925	806.773	574.623	4116.58	8382.99	2983.78	3373.42	6890.9	5387.17	3294.72	3487.05	8327.15	6928.16	4523.36	4626.8	4146.86	3752.61	5333.49	6185.35	4885.63	7860.16	9315.21	11142.4	6635.17	8624.1	2172.49	2626.65	4817.76	7155.76	11721.8	15894.8	6554.44	10686.8	3542.89	7219.02	6516.55	10778.7	9758.55	10077.7	8865.24	5023.82	3870.72	5489.34	4902.75	13386.6	3685.3	3547.45	8320.56	3222.81	1994.61	1479.12	5216.52	2659.98	2509.97	3051.42	3412.27	3726.17	3389.61	2869.43	4028.7	3172.93	
data	data	SFG_L_7_1	SFG_R_7_1	SFG_L_7_2	SFG_R_7_2	SFG_L_7_3	SFG_R_7_3	SFG_L_7_4	SFG_R_7_4	SFG_L_7_5	SFG_R_7_5	SFG_L_7_6	SFG_R_7_6	SFG_L_7_7	SFG_R_7_7	MFG_L_7_1	MFG_R_7_1	MFG_L_7_2	MFG_R_7_2	MFG_L_7_3	MFG_R_7_3	MFG_L_7_4	MFG_R_7_4	MFG_L_7_5	MFG_R_7_5	MFG_L_7_6	MFG_R_7_6	MFG_L_7_7	MFG_R_7_7	IFG_L_6_1	IFG_R_6_1	IFG_L_6_2	IFG_R_6_2	IFG_L_6_3	IFG_R_6_3	IFG_L_6_4	IFG_R_6_4	IFG_L_6_5	IFG_R_6_5	IFG_L_6_6	IFG_R_6_6	OrG_L_6_1	OrG_R_6_1	OrG_L_6_2	OrG_R_6_2	OrG_L_6_3	OrG_R_6_3	OrG_L_6_4	OrG_R_6_4	OrG_L_6_5	OrG_R_6_5	OrG_R_6_6	OrG_R_6_6	PrG_L_6_1	PrG_R_6_1	PrG_L_6_2	PrG_R_6_2	PrG_L_6_3	PrG_R_6_3	PrG_L_6_4	PrG_R_6_4	PrG_L_6_5	PrG_R_6_5	PrG_L_6_6	PrG_R_6_6	PCL_L_2_1	PCL_R_2_1	PCL_L_2_2	PCL_R_2_2	STG_L_6_1	STG_R_6_1	STG_L_6_2	STG_R_6_2	STG_L_6_3	STG_R_6_3	STG_L_6_4	STG_R_6_4	STG_L_6_5	STG_R_6_5	STG_L_6_6	STG_R_6_6	MTG_L_4_1	MTG_R_4_1	MTG_L_4_2	MTG_R_4_2	MTG_L_4_3	MTG_R_4_3	MTG_L_4_4	MTG_R_4_4	ITG_L_7_1	ITG_R_7_1	ITG_L_7_2	ITG_R_7_2	ITG_L_7_3	ITG_R_7_3	ITG_L_7_4	ITG_R_7_4	ITG_L_7_5	ITG_R_7_5	ITG_L_7_6	ITG_R_7_6	ITG_L_7_7	ITG_R_7_7	FuG_L_3_1	FuG_R_3_1	FuG_L_3_2	FuG_R_3_2	FuG_L_3_3	FuG_R_3_3	PhG_L_6_1	PhG_R_6_1	PhG_L_6_2	PhG_R_6_2	PhG_L_6_3	PhG_R_6_3	PhG_L_6_4	PhG_R_6_4	PhG_L_6_5	PhG_R_6_5	PhG_L_6_6	PhG_R_6_6	pSTS_L_2_1	pSTS_R_2_1	pSTS_L_2_2	pSTS_R_2_2	SPL_L_5_1	SPL_R_5_1	SPL_L_5_2	SPL_R_5_2	SPL_L_5_3	SPL_R_5_3	SPL_L_5_4	SPL_R_5_4	SPL_L_5_5	SPL_R_5_5	IPL_L_6_1	IPL_R_6_1	IPL_L_6_2	IPL_R_6_2	IPL_L_6_3	IPL_R_6_3	IPL_L_6_4	IPL_R_6_4	IPL_L_6_5	IPL_R_6_5	IPL_L_6_6	IPL_R_6_6	PCun_L_4_1	PCun_R_4_1	PCun_L_4_2	PCun_R_4_2	PCun_L_4_3	PCun_R_4_3	PCun_L_4_4	PCun_R_4_4	PoG_L_4_1	PoG_R_4_1	PoG_L_4_2	PoG_R_4_2	PoG_L_4_3	PoG_R_4_3	PoG_L_4_4	PoG_R_4_4	INS_L_6_1	INS_R_6_1	INS_L_6_2	INS_R_6_2	INS_L_6_3	INS_R_6_3	INS_L_6_4	INS_R_6_4	INS_L_6_5	INS_R_6_5	INS_L_6_6	INS_R_6_6	CG_L_7_1	CG_R_7_1	CG_L_7_2	CG_R_7_2	CG_L_7_3	CG_R_7_3	CG_L_7_4	CG_R_7_4	CG_L_7_5	CG_R_7_5	CG_L_7_6	CG_R_7_6	CG_L_7_7	CG_R_7_7	MVOcC	MVOcC	MVOcC	MVOcC	MVOcC	MVOcC	MVOcC	MVOcC	MVOcC	MVOcC	LOcC_L_4_1	LOcC_R_4_1	LOcC_L_4_2	LOcC_R_4_2	LOcC_L_4_3	LOcC_R_4_3	LOcC_L_4_4	LOcC_R_4_4	LOcC_L_2_1	LOcC_R_2_1	LOcC_L_2_2	LOcC_R_2_2	Amyg_L_2_1	Amyg_R_2_1	Amyg_L_2_2	Amyg_R_2_2	Hipp_L_2_1	Hipp_R_2_1	Hipp_L_2_2	Hipp_R_2_2	BG_L_6_1	BG_R_6_1	BG_L_6_2	BG_R_6_2	BG_L_6_3	BG_R_6_3	BG_L_6_4	BG_R_6_4	BG_L_6_5	BG_R_6_5	BG_L_6_6	BG_R_6_6	Tha_L_8_1	Tha_R_8_1	Tha_L_8_2	Tha_R_8_2	Tha_L_8_3	Tha_R_8_3	Tha_L_8_4	Tha_R_8_4	Tha_L_8_5	Tha_R_8_5	Tha_L_8_6	Tha_R_8_6	Tha_L_8_7	Tha_R_8_7	Tha_L_8_8	Tha_R_8_8	
2290.46	SFG_L_7_1	0	198.341	222.465	47.3256	41.1048	2.12593	72.1624	96.5952	37.3118	15.8968	6.29167	0.790698	0	0.0208333	1.63095	0.00520833	0.428571	0	0.0151515	0	0.309524	0.245614	1.04348	0.0272109	0.140351	3.97727	0	0.0115741	2.23333	0.744681	0.0833333	0.00740741	0.580645	1.91489	0.178862	0	0.333333	1.40972	5.72043	9.26241	0	0	0	0.695402	0.00803213	0	0.0196078	0.00909091	0	0	0.0542636	0.444444	0.156863	0	0.385621	0.422222	0.940171	0	0.74359	0.444444	0.177083	2.41667	0.979167	0.326389	0.45614	0.210884	0.648649	0.583333	0.00952381	0	0.0185185	0	0.10101	0.08	0	0	0	0	0	0	0.00980392	0	0	0	0.0584795	0	0.00490196	0	0.00392157	0	0.00529101	0.013468	0.00392157	0.00271003	0.00913242	0	0.015625	0	0.0430108	0	0.0298507	0	0.00238095	0.0275482	0.00564972	0.0261438	0.00847458	0.020202	0.030303	0.0191257	0.0364583	0.0144928	0.030303	0.010929	0.00865801	0.0833333	0.00952381	0.00542005	0.0582011	0.0833333	0.00617284	0	0.047619	0	0.198925	0.402299	0.206349	0.0697674	0	0	0.222222	0.123457	0.00512821	0.333333	0.127854	0.050505	0	0.229885	0.00740741	0.0187793	0.00740741	0.0497512	0.0277778	0	0.0123457	0.0454545	1.02837	0.222222	3.79167	0.601626	0.376812	0.369565	0.154472	0.477124	0.0571429	0	0	0	0	0	0.512821	0.0848485	0.101852	0.570881	0.0614035	0	0.185185	0	3.88172	0.288889	0.0462963	0	5.45556	0	0.00292398	0.025641	0.227273	2.50667	0.00909091	0.25	0.22963	0.562092	3.33333	0.854167	1.32407	0.0701754	0	0	0.555556	0.321839	0.00505051	0	0.00250627	0.0190476	0.208955	0	0.00694444	0.0363036	0	0	0	0.00444444	0.00501253	0.015873	0.267399	0.0581395	0.0355556	0.278986	0.0913242	0.307971	0.0155039	0.305164	0.0190476	0.0111111	23.8056	10.8657	0.0245098	0.0517241	0.0120482	0.0252874	60.1277	14.8159	0.0691057	0.00877193	0.0528455	0.0115741	10.5333	37.1458	4.64286	1.91165	1.69444	0.0185185	131.177	0.476191	0.354497	0.0266667	1.01852	0.00462963	6.07843	0.0177778	5.10784	0.00913242	3.8	0.00694444	17.0631	0.0967742	
5638.34	SFG_R_7_1	198.341	0	195.697	342.333	105.845	74.4341	161.422	436.752	7.19048	66.6515	4.69231	62.0406	0.45045	0.145833	0.0268817	0.985507	1.67407	0.781609	0	0.025	0.00574713	0.390476	3.84444	2.17241	26	75.7292	0	0.0193237	0	36.3778	0	0.171171	0	12.2667	0	0.0540541	0	6.72043	0.00387597	39.7917	0	0	0	0.452381	0	0	0	0	0	0.00447427	0	0.430894	1.29861	0.8125	33.8367	0.848797	0.125448	0.016835	0.29078	0.625	0	9.44792	3.65972	25.5591	0.0212766	30.0294	0.126126	6.42667	0	0.155251	0	0	0	0.147059	0	0	0	0	0	0	0	0	0	0	0.00938967	0.00483092	0	0	0	0	0.00387597	0.0200803	0	0.0125786	0	0	0	0	0.00888889	0.00401606	0	0	0.0037037	0.0833333	0.0121951	0.0411985	0.0111111	0.0232558	0	0.0444444	0	0.026455	0	0.0196078	0.149425	0.284848	0	0.0220126	0	0.285714	0	0	0	0	0.13	0.52657	0.0502645	0.239766	0.619792	0	0.782828	0.409357	0	0.463768	0.333333	0.0982456	0.0509259	0.242009	0.0104167	0.106667	0.0104167	0.141026	0.885845	0.0057971	0	0.0666667	1.75177	29.7101	0.205674	52.525	0.0163399	3.57143	0.113475	22.7704	0.00628931	0	0	0	0	0.0138889	0.0132013	0.595238	0	0.830986	0	0	0	0.0285714	0.0037037	0.200913	0	0.0263158	0.00740741	0.176471	0	0.0592593	0.0133333	2.02439	0.304762	10.6111	0	1.37037	0.222222	21.2	0.0686275	18.9907	0	0.0266667	0.98374	0.763713	0	0	0	0.0117994	0.257778	0.0333333	0.0194175	0.0176991	0	0.011236	0	0.0131579	0.00229885	0.0111111	0.815261	0.742616	0.0163399	0.290598	0.0260417	0.285714	0.0191257	1.02222	0.0111111	0.148718	2.64729	155.181	0	0.164912	0	0.026764	2.38372	197.972	0.0434783	0.140625	0.0123457	0.0118203	0.268519	43.9271	0.0814815	3.46032	0.00438596	16.5405	1.27715	132.426	0.166667	0.211268	0.00766284	0.0141243	0.0849673	32.3619	0.0138889	15.8529	0.0162602	10.9192	0.130081	46.2667	
8340.25	SFG_L_7_2	222.465	195.697	0	36.1407	571.778	12.9318	456.644	37.3185	0.0111111	0.595238	0.20155	7.90909	0.0125	0.0337838	107.4	0.121212	11.55	0	30.2917	0	10.0864	0.212644	564.333	0.141844	66.7632	1.75362	1.30864	0.0185185	35.7143	0.347222	24.5914	0.00628931	86.5402	3.09524	4.81982	0	51.0952	2.9932	150.103	4.15646	0	0	0.0277778	0.482759	0.0357143	0	0.0492424	0	0	0	0.588652	0.362573	34.7889	0.0196078	59.1232	0.136364	2.19608	0.00383142	2.07333	0.0833333	29.3763	0.888889	141.922	0.192308	0	0	0.00740741	0.0217391	0.264957	0.0178571	1.31333	0	2.93939	0.137255	0.222222	0	0.225	0	0.0416667	0	0.661017	0	0.417778	0	6.66667	0	0.37931	0	0.304762	0	1.07602	0.00673401	1.15385	0	0.379487	0	3.46667	0	3.48023	0	1.66667	0	1.12438	0.0194444	0.0225225	0.0224359	3.40678	0.010101	0.106481	0.00826446	0	0	0.0740741	0.00961538	0.010582	0	0.00938967	0.00275482	0	0	0.515723	0	2.01235	0	0.395833	0.333333	0.460317	0.0481481	8.37719	0	6.63415	0.105072	0.0193237	0.249042	10.7048	0.020202	13.7029	0.138577	1.17829	0.0140845	1.68939	0.0619048	46.6099	0	0.773333	0.0676328	0.209677	0.011236	0.00740741	0.00444444	0.648649	0.291228	0	0.0196078	3.23529	0	0.0277778	0	0.590476	0	0.962121	0.0243902	6.13333	0.420455	1.58824	0	4.07207	0	64.125	0.203065	1.32624	0	91.6989	0	0	0.00653595	0	0.65	0	0	0	0.02	0	0.00952381	0	0	0	0	1.71368	0.833333	0.010101	0	0.00250627	0.0190476	0.70202	0.00469484	0.0361446	0.0457516	0.00374532	0	1.29091	0.0037037	0.0111111	0.015873	0.918803	0.246032	0.848889	0.221053	3.27928	0.238596	0.233918	0.338308	0.0446735	0.0141243	114.632	7.55392	1.03865	0.0222222	0.0392157	0.0593607	188.451	10.3237	0.222222	0.0222222	0.257028	0.0294785	17.2667	27.3958	61.0595	1.13566	10.5784	0.12037	371.528	1.1194	0.629032	0.0366667	2.86667	0.0188172	13.6078	0.216049	11.402	0.017094	8.66667	0.0411985	36.5045	0.583333	
4813.32	SFG_R_7_2	47.3256	342.333	36.1407	0	10.4109	126.877	20.4928	307.133	2.34884	0.141414	0.634146	0.00634921	0.0285714	0.120567	0.0107527	231.404	0.985185	21.6	0.00694444	2.06944	0.0114943	18.8841	2.2	283.273	3.4058	274.379	0	1.11494	0	68.2024	0	2.08046	0	42.0119	0	3.44444	0	24.0238	0.00387597	97.4943	0	0	0	1.41667	0	0.0972222	0.0030581	0.163194	0	0	0	4	0.534722	0.548387	4.41667	15.9275	0.0928962	0.740741	0.115789	1.40196	0	13.375	2.11111	18.1	0.0111111	0.0701754	0.02	0.00595238	0	0.604167	0	0.0208333	0	0.545455	0	0.0451977	0	0.179167	0	0.0287356	0	0.0141844	0	0.0886076	0.00469484	0.622642	0	0.0470085	0	0.0657895	0.00387597	13.1429	0	0.763158	0	0.00766284	0	8.34503	0.0045045	1.20833	0	0.015873	0	1.26407	0.00406504	0.0643939	0.00387597	6.34503	0	0.307692	0	0.00647249	0	0.0568182	0.039548	0	0	0.0464135	0	0	0	0.0253165	0	0.0347222	0.0320513	3.69048	0.0234375	0.0985916	0.0248756	1.5	0.287879	7.24074	0	6.76191	0.153509	14.7564	0.00913242	11.8968	0	4.15873	0	3.38889	0.287671	0.340426	0	0.392157	0	0.00600601	0.0484848	0.0457516	0.00472813	0.631579	0	0	0	0.107843	0	0	0	0.0612245	0.05	7.51961	0	1.18357	0	0.00490196	0	0.0344828	0	0.421296	0	0.0362319	0	0.104167	0	0	0	0	0.0104167	0	0	0	0	0	0	0	0	0	0.478431	0.375527	0	0	0	0.00282486	0.164444	0.0241546	0.0045977	0.00892857	0	0.0162602	0	1.60377	0.00229885	0.00374532	0.509579	0.42735	0.00472813	0.52193	0.0179487	0.604444	0.0128205	0.751938	0.0111111	0.183761	1.51341	64.585	0	4.16667	0	0.204861	1.33333	88.1667	0.0280112	0.214035	0.00823045	0.0603175	0.240741	12.8495	0.0057971	5.53107	0.00595238	5.75	0.655431	51.5495	0.0614887	0.0869565	0.0121951	0	0.0453074	8.44444	0.0218069	4.18182	0.0128205	1.19792	0.0673401	16.9048	
11041.2	SFG_L_7_3	41.1048	105.845	571.778	10.4109	0	243.616	0.515982	0.710317	0.097561	0.113475	204.257	104.372	491.35	101.257	241.458	6.66667	0.030303	0	201.806	0	26.9487	1.35556	0.566667	5.36296	0.280952	0.0996169	7.78667	2.83333	16.1429	0.125	68.2043	0.108844	139.701	5.93197	58.4048	0.0866667	83.0444	6.73469	52.5111	1.36054	0.0203562	0.00925926	0.845238	0.274854	0.258865	0.00617284	0.605072	0.169082	0.0340909	0	20.1154	0.339286	0.415301	0.00490196	0.40991	0.123596	8.60101	0.0035461	4.82587	0.157509	3.80645	0.0447154	0.616162	0.0444444	0.414634	0.0726496	0.042735	0.0486111	1.51587	0.126437	0.441441	0.00611621	0.745614	0.339869	0.0811966	0.00611621	0.367089	0	0.121212	0	0.112403	0	0.496296	0	3.34553	0.00524934	0.106061	0	0.594502	0	0.417671	0.0047619	1.61508	0.00533333	0.359259	0	4.67078	0.00238095	0.345098	0.00238095	0.580524	0	0.545455	0.079235	0.0385965	0.106918	0.960317	0.019802	1.89286	0.0449735	3.1	0.00529101	1.47222	0.0396825	1.79487	0.0285714	1.05039	0.0166667	4.67089	0.0241546	0.03	0	0.0470085	0.0030581	3.42995	0.449438	3.29902	0.114695	5.96569	0.00266667	17.381	0.226337	0.0952381	0.256705	59.6847	0.029703	0.208889	0.161049	1.22705	0.135266	0.685185	0.389671	4.52703	0.00524934	0.138889	0.652381	18.0877	0.103943	2.83333	0.333333	39.0639	3.13262	8.61905	0.356725	0.27957	0	0.0384615	0.0030581	0.215686	0	5.17143	0.106227	34.981	2.28986	1.10101	0	15.4213	0.0251572	95	2.64516	2.67284	0.015873	73.2381	0.1	0.127273	0.0457516	9.38462	72.8374	8.11765	0.0363636	5.66667	0.301282	1.04938	0	4.96429	0	7.36508	0.119048	0.892857	1.16288	0.04662	0.0150376	0.22093	0.0225564	0.171171	0.0299145	6.48684	0.113402	0.388889	0.00213675	0.329365	0.0025641	0.367521	0.0042735	0.682731	0.329502	24.114	2.9534	40.6933	3.15412	0.763285	1.23874	1.45635	0.102564	92.56	11.9231	5.48052	0.122222	45.814	0.670833	214.66	16.4951	19.7568	0.238938	119.61	0.0735632	274.463	29.18	168.162	4.80435	173.41	5.88095	335.097	13.381	3.6455	0.157051	71.7857	0.2	59.009	4.66667	64.1053	2.50909	104.3	2.80606	186.975	10.3333	
8612.91	SFG_R_7_3	2.12593	74.4341	12.9318	126.877	243.616	0	0.840909	3.7551	0.0508475	0.2589	45.3411	220.279	167.075	431.101	0.925	100.81	0.0362319	0.0873016	1.94444	208.622	0.588652	43.6667	0.0869565	57.5797	0.191571	1.64341	8.47059	129.721	0	15.7037	0.254902	11.2381	1.04167	201.138	1.22667	10.5632	0.9	147.833	0.179487	4.2043	0.22695	0.772727	0.00537634	13.1444	0.0289855	0.179063	0.643939	1.01205	0.00660066	0.00877193	0.24359	24.8851	0.0120482	0.0714286	0.609848	0.598706	0.143411	0.10929	0.224719	0.833333	0.0925926	7.62585	0.00784314	1.37121	0.00392157	0.612121	0.00617284	0.143678	0.00847458	1.28254	0	2.58854	0.0121212	5.82292	0	2.07692	0	0.682692	0	0.142857	0	0.322464	0	0.411003	0.0277778	7.00913	0	0.841667	0	0.48254	0.00326797	1.80392	0	1.20712	0	0.0864198	0.0703704	2.35391	0	0.968254	0	0.0660661	0.0031746	2.53016	0.00823045	1.48718	0.0130719	0.72093	0.021021	0.825688	0.027027	0.0709877	0.0176991	0.636086	0.0537634	0.530516	0.00847458	0.124611	0.03003	0.535211	0	0.938596	0	1.48205	0.221088	7.29577	0.419244	1.23556	0.0493827	0.0639269	0.573643	6.19487	0	9.84038	2.13768	6.73932	0	3.14612	0.00483092	9.31548	0	27.9206	0.0925926	6.14554	0	20.8525	0.351852	1.40513	0.0996169	1.33951	0.763441	56.193	0.0860215	2.95	0	0.36478	0	4.67347	0.00483092	0.90566	0.0431373	9.06154	0.262411	27.4201	0	0.0264026	0.387681	6.55556	1.68864	39.7252	0.0666667	6.51323	0.556777	12.5882	0.0125786	0.0754717	8.57576	53.6288	3.54286	6.30303	0.100402	1.6612	0.00333333	0	0.00333333	0.0185185	7.06061	3.21739	0.882353	3.91057	0	0.0167866	0.0277778	0.0795455	0.192982	0.0037037	0.0798611	2.33761	0.00909091	0.254167	0.0111111	2.83983	0.0152905	2.69167	0.662745	6.58848	0.54386	47.8139	0.978723	50.9825	0.03	34.0567	0.0344828	0.371429	1.27203	83.7778	0.0292398	3.27124	0.0199005	130.614	1.55172	205.743	0.267361	3.85542	1.32258	53.6567	0.265233	180.342	1.97436	190.535	0.0487805	162.128	1.52899	150.986	0.233645	0.309804	0.0772358	2.65248	0.2263	36.4188	0.0294985	37.8509	0.0570175	35.7368	0.0957447	134.375	
9167.12	SFG_L_7_4	72.1624	161.422	456.644	20.4928	0.515982	0.840909	0	122.565	190.257	245.638	0.0330033	0.101124	0.0666667	0.0268456	2.02299	0.311594	1.33333	0.0361446	0.0645161	0	0.300813	0.042328	10.8333	1.16667	235.133	4.84	0.0238095	0.0187793	4.13978	0.0866667	0.0854701	0	2.69792	0.0641026	0.325581	0	0.847619	0.0847458	18.3548	2.71242	0	0	0.016	0.0983607	0.0502645	0	0.015873	0.00438596	0	0	0.29697	0.0430108	22.8495	15.6333	1047.65	58.0694	14.1818	0.895425	53.1769	34.7891	14.0968	1.69231	82.3333	13.4533	0.047619	3.76871	0.537879	41.1348	0.0329218	0.048048	0.464052	0	0.745098	0.038961	0.0833333	0	0.025	0	0.0175439	0	0.344633	0	0.178404	0	4.12579	0.155556	0.158192	0	0.050505	0	0.473684	0.0119048	0.265823	0	0.19697	0	2.91156	0.0214067	1.67797	0	0.688889	0	0.425641	0.00275482	0.045045	0.0126582	1.74713	0.00980392	0.0416667	0.0136986	0.00280112	0.0147059	0.0277778	0	0.015873	0.277778	0.00280112	0.00550964	0.00280112	0.257576	0.175758	0	1.05455	0	0.118812	0.193548	0.039604	0.0187266	15.1398	0	21.7634	0.25641	0.00775194	0.0805861	3.97101	0.0778816	5.07752	0.043956	1.41441	0.134021	1.96667	0.183673	21.7037	0.0809062	0.281046	0.00732601	0.0451977	0.172619	1.65517	3.80952	0.0962963	0.112319	0	0.216049	1.97143	0.0215054	0.00520833	0.00421941	3.84	0.0286738	4.35632	0.391941	0.174603	0.0851852	0.550725	0	1.22695	0	12.5521	0.0148148	0.394737	0	17.6562	0.004329	0	0	0	0	0.00694444	0	0	0.424242	0	0.382114	0	0.00724638	0	0	5.33333	3.70588	0.010101	0	0.00350877	0	1.80303	0.288889	0.0333333	0.010101	0.011236	0	0.947712	0.0432099	0.032967	0	2.09705	4.69841	0.107407	0.0446735	0.0340909	0.0412371	17.9593	1.18391	0.517241	0.0245902	345.641	19.0863	0.361905	0.0818182	0.0396825	0.0597701	387.577	20.3059	3.84	0.0245902	0.643939	0.0472813	2.17284	19.0312	42.5977	0.748148	1.78231	0.0847458	565.407	1.27861	1.52222	0.0797101	2.58	0.183007	1.18519	0.125786	0.764368	0	0.0983607	0.0222222	26.0133	0.493056	
6770.06	SFG_R_7_4	96.5952	436.752	37.3185	307.133	0.710317	3.7551	122.565	0	37.3864	195.674	0.174603	0.125	0.0222222	0.0410959	0.00546448	7.05797	0.0340136	15.3452	0	0.0212766	0.00574713	1.26042	0.375	43.8276	17.7959	361.229	0	0.0869565	0	49.9889	0	0.425926	0	5.41667	0	0.289474	0	2.35238	0	48.0215	0	0	0	0.738095	0	0.03125	0.00542005	0.0590278	0	0.0203252	0	0.617886	0.37415	13.0222	40.3673	117.23	0.161049	40.0494	0.329749	17.6173	0	16.2604	1.34028	122.621	0.18	0.219858	0.0522876	0.0784314	0	0.383966	0	0.0544218	0	0.144279	0	0.0804598	0	0.212121	0	0.0564103	0	0.0483871	0	0.0675105	0.00469484	0.345679	0	0.0537634	0	0.037037	0	6.33929	0	0.0759494	0	0.0123457	0	3.12281	0.0045045	0.142857	0	0.00766284	0	0.581197	0.026936	0.0973783	0.0133333	6.96429	0	0.198312	0	0.00246914	0	0.0425532	0.258621	0	0	0.07173	0	0.00246914	0	0.031746	0	0.0625	0.151815	7.31746	0.0516796	0.0798122	0.46875	4.92857	0.798942	31.2929	0	11.4841	0.0633333	18.1698	0.037037	31.0556	0.00520833	6.89683	0.00520833	4.68254	0.324074	0.291667	0	0.08	0	0.00606061	2.13072	0.361111	0.0190476	0.871795	0.0070922	0	0.00628931	25.1556	0	0	0	0.763441	0.2	73.4194	0	1.08676	0	0	0	0.037037	0	0.36	0	0.0362319	0	0.259259	0	0	0	0.00995025	0	0	0	0.00333333	0	0	0.0416667	0	0	0	2	0.616034	0	0	0	0.0058997	0.527027	0.0666667	0.0190476	0.0458333	0	0.00749064	0	1.02614	0.00229885	0.0185185	1.96863	0.430894	0.0190476	0.769231	0.0234375	0.773504	0.0809524	0.322751	0.0218579	0.322917	5.48235	380.875	0	0.739316	0.00813008	0.326797	5.19608	447.5	0.0382514	0.421687	0.0448718	0.426667	0.0703704	4.62069	0.0057971	14.3103	0.0175439	0.696078	2.59091	85.8	0.223333	1.39394	0.00623053	0.0357143	0.108527	5.29885	0.0295699	0.0882353	0.0171821	0.275862	0.161404	13.4762	
1915.66	SFG_L_7_5	37.3118	7.19048	0.0111111	2.34884	0.097561	0.0508475	190.257	37.3864	0	55.9481	0.0952381	0.0185185	0.0405405	0.00163399	0	0.0545455	0	0.0151515	0	0	0	0.0233918	0	0.783951	0.888889	2.00741	0.00877193	0	0	0	0	0	0	0.0125786	0	0	0	0	0	0.173611	0	0	0	0.00520833	0	0	0	0	0	0	0	0.00520833	0	11.9792	105.08	39.5704	23.9524	0.385185	135.708	36.6122	0	0.152778	0	5.72222	3.04545	12.1905	44.193	45.4468	0	0.0123457	0	0	0	0	0	0	0	0	0	0	0	0	0	0	0.00254453	0	0	0	0	0	0	0	0	0	0	0	0.00254453	0	0	0	0	0	0	0.00406504	0.00564972	0	0.00282486	0	0	0.0509259	0.00653595	0.0637255	0	0.00421941	0.00444444	0.772727	0	0.0253165	0.00653595	0.732323	0	0	0	0	0.0153257	0.697531	0.00766284	0.0621469	0	0	23.619	0.018315	0	0	0.00438596	0	0	0	0	0	0	0	0	0	0	0	0.578431	0.654971	17.6914	12.5034	0.037037	0.206061	0.0130719	0.74359	0	0	0	0	0	0	14.3194	0.333333	0	0.00326797	0	0	0	0	0	0	0	0	0	0	0	0.00740741	0	0.0204082	0.040404	0.0208333	0.021097	1.09596	15.1212	0.25	4.92308	0.106061	0	0	0.837607	0.0492424	0	0	0.00383142	0	0.176768	0.00231481	0.0114943	0	0	0	0	0	0.00383142	0	0.483333	0.0634921	0.030303	0.0108696	0.0164609	0.00326797	0.26087	0	0.0833333	0.0164609	3.29333	6.67164	0	0.187793	0.00628931	0.0111857	3.44898	6.48259	0.10582	0.00411523	0.170543	0.016129	1.54167	0.385417	0	0.0748299	0	0	30.1111	0.0402299	3.62147	0.0482456	0.00995025	0.00441501	0.104762	0.028169	0.0977011	0.0123457	0.00497512	0	5.70115	0.00740741	
2935.68	SFG_R_7_5	15.8968	66.6515	0.595238	0.141414	0.113475	0.2589	245.638	195.674	55.9481	0	0	0.166667	0	0.0755556	0	0.10101	0	0.375	0	0	0	0.00925926	0.0718954	2.36275	40.9574	0.195402	0	0.0444444	0	0.0606061	0	0.017094	0	0	0	0	0	0	0	0.0179211	0	0	0	0.00724638	0	0	0	0	0	0.00595238	0	0.00724638	0	2.84444	184.917	49.1933	2.34	0	23.9456	171.898	0	0.0177305	0	5.35556	2.41304	4.77083	16.5652	37.7014	0.195122	0.171875	0	0	0	0	0	0	0	0	0	0	0	0	0	0	0	0	0	0	0	0	0	0.00564972	0	0	0	0	0	0.00564972	0	0	0	0	0.0291667	0	0	0	0	0	0.421941	0	1.31841	0.00653595	0.354167	0	1.0398	0.163522	0.238683	0.0208333	2.0597	0.163522	0	0	0	0	0.185897	0.025641	0.126437	0.0296296	0.153439	0	0.202614	0.263889	0	0	0	0.00564972	0.0182648	0.00438596	0	0.00966184	0	0.0144928	0.0456621	0	0	0	1.35802	0.261905	13.5694	5.17172	0.653333	0.0781893	1.07639	0.367521	0	0	0	0	0	0	1.24667	0.3	0	0.00438596	0	0	0	0	0	0	0	0	0	0	1.54248	0.0172414	0.124183	0.0325203	0	0.133333	4.08805	0.24183	0	0.760684	2.06977	4.75758	0.00653595	0	0.168675	0.235043	0	0	0	0.00784314	0.0456621	0.0268817	0.0388889	0.0243902	0	0	0	0	0	0.0035461	0.214286	0.0958333	0.0185185	0.0452675	0	0.0162602	0.00268817	0.046875	0.18107	0.197917	0.763158	105.301	0.564444	0	0	0.287671	0.145594	139.551	0.00268817	0.276042	0	0.190476	0.01	2.5	0.00292398	0.0151515	0	0.284314	0.161049	32.2647	0.0166667	2.20115	0.00330033	0.0119048	0.00416667	2.7619	0.00537634	0.0392157	0	0.178571	0.00990099	6.41975	
990.96	SFG_L_7_6	6.29167	4.69231	0.20155	0.634146	204.257	45.3411	0.0330033	0.174603	0.0952381	0	0	19.45	40.8444	1.80556	0.040404	2.32407	0	0	0.025641	0	0	0.72807	0	2.22523	0.00660066	0	0.011236	0.319444	0	0	0.0380952	0.0518519	0	1.13636	0.037037	0.0992908	0.0185185	1.61481	0	0.106383	0.00694444	0	0	0.0493827	0.00701754	0	0.0262172	0.0175439	0.00900901	0	0	0.170213	0	0	0.029703	0.00732601	0.259259	0	0.177778	0	0	0.0340136	0	0	0.863248	0	0.047619	0.00641026	0.383142	0.00529101	0	0	0	0.12766	0	0	0	0.00653595	0	0	0	0	0.00803213	0	0	0	0	0	0	0	0	0	0.0329218	0.00275482	0	0	0	0	0	0	0	0	0.010989	0.0305556	0.00421941	0.0490196	0	0.00343643	0.690476	0.00819672	0.930041	0	0.56746	0.00819672	0.385965	0	0.367816	0.00529101	1.51515	0	0	0	0	0	0.756944	0.0310078	0.272222	0.0310078	0	0	0.24	0	0	0.0155039	0.111111	0	0	0.0387597	0.00462963	0.112821	0.00462963	0.149758	0.0042735	0	0	0.298507	14.8105	1.47826	6.68217	0.268293	5.6303	3.659	4.30818	3.17829	0	0	0	0	0	0	0.189394	0	0.017094	1.55939	0	0	0.0219298	0.0724638	0.12	2.31439	0.0111111	0.00273224	0.0111111	0.17037	0.219512	0.783784	0.91358	6.60833	16.0133	12.2754	1.64481	0.130719	0.765152	0	4.74167	0.0972222	0.0833333	0.0537634	0.0350877	0.0141844	0	0	0	0	0.00732601	0	0.111111	0.0740741	0	0	0	0.00343643	0	0	0.0107527	0.0141844	0.118143	2.69318	0.101266	2.85227	0.004329	0.577778	0.301961	0.00277778	1.61644	2.17742	0.845528	0.0192837	0.0735294	0.112613	0.76	3.88021	0.0536398	0	0.413146	0.00757576	6.73684	3.38889	0.407407	3.49621	3.76068	1.33962	6.02041	8.40437	0.0507246	0.00320513	1.88095	0.14881	1.05263	0.208333	1.68421	0.0242424	3.17949	0.00529101	3.17094	3.27044	
1576.35	SFG_R_7_6	0.790698	62.0406	7.90909	0.00634921	104.372	220.279	0.101124	0.125	0.0185185	0.166667	19.45	0	9.68939	49.2917	0.739583	0.652778	0	0	0.439394	0	0.140741	0.0246914	0.0208333	1.37333	0.00378788	0.00323625	0.339506	0.0140845	0	0	0.106383	0.0490196	0.614815	5.44792	0.224638	0.017094	0.392593	3.63542	0.0980392	0.135417	0.0125786	0.00833333	0	0	0	0	0.037037	0.00740741	0	0.0238095	0.0208333	0	0	0	0.0749064	0.0517799	0.010989	0	0.0217391	0.116959	0.0641026	0	0	0	0	3.92248	0.0476191	0.435897	0	0.0164609	0	0.021164	0.00606061	0.313131	0	0.015873	0	0.0155039	0	0	0	0	0	0	0.0114943	0.122066	0	0	0	0	0	0	0	0.004329	0	0	0.0344828	0.004329	0	0	0	0	0	0.0666667	0.00421941	0.0536398	0.00694444	0.00732601	0	0.146667	0	0.199005	0	0.0152905	0.010929	1.71212	0	0.0701754	0	1.59091	0	0	0	0	0.0183486	0.135266	0	0.169591	0.0307018	0	0.109804	0.1	0	0.084507	0.831418	0.0570175	0	0.0462963	0	0.02	0	0.14359	0.0340909	0.128571	0	0.0802469	2.17007	22.7211	0.0114943	8.96212	0.368217	9.91026	0.244898	28.5957	0	0	0	0	0	0	0.00456621	0.0517241	0.0795455	0.817778	0	0	0.147287	0.27451	0.639535	0.734234	0.020202	0.252525	0.254902	0.590476	0.0916667	0.452381	0.589744	13.2793	1.39216	38.0725	0.064257	4.27011	0	0.333333	0	10.4083	0.0731707	11	0.186992	0.177215	0.00234742	0.011236	0.0396825	0.011236	0.0745614	0	0.0803213	0.0548523	0	0	0.0114943	0.0307018	0.0113636	0	0.13253	0.183333	0.203704	0.593074	0.325843	0.842105	0.0075188	2.5625	0	0.0598291	0.460526	29.25	0	0.681159	0	0.163743	0.5	40.0347	0.0507246	0.0357143	0.367424	0.00497512	0.0628019	6.78378	0.761364	2.37619	0.0260417	5.49573	0.716667	17.9683	0.0685358	0.0185185	0.0185185	0.0310078	0.058104	5.29915	0.00444444	1.92105	0.0185185	2.19444	0.0338164	10.2821	
5805.64	SFG_L_7_7	0	0.45045	0.0125	0.0285714	491.35	167.075	0.0666667	0.0222222	0.0405405	0	40.8444	9.68939	0	391.064	0.0315315	0.565657	0	0	20.5152	0.00653595	6.50617	0.25	0.00416667	0.373737	0.00416667	0.0037037	284.736	174.064	0	0	1.05556	0	0.0606061	0.0512821	22.5309	0.00401606	0.247312	0.15	0.02	0	38.1667	0.844961	2.4359	0.0797101	0.312925	1.57037	20.4211	14.4889	0.0925926	0.0263158	28.1111	0.0164609	0	0	0.0701754	0.0111111	1.05051	0	0.59204	0.0037037	0.00740741	0	0.00634921	0	0.660256	0	0.185185	0	2.92014	0.0812325	0.00248756	0	0	0	0.00497512	0.00472813	0.0284553	0.00411523	0.00666667	0.00236407	0.003663	0	0.097561	0	0.0421941	0.00787402	0.00350877	0.00248756	0.0233333	0	0.00813008	0.00238095	0.365854	0	0.00687285	0	0.07173	0.00238095	0	0.00238095	0.00732601	0	0.104377	0.0103093	0.0968661	0.0106383	0.150406	0	2.81522	0.00287356	5.68605	0	2.08425	0	6.02273	0	2.63889	0.00287356	9.46591	0	0.00248756	0	0	0	1.21127	0.0544218	1.11268	0.0306122	0.148148	0.00266667	3.02817	0.0112045	0.12037	0.00533333	10.057	0.0047619	0.0593607	0	0.0386473	0.0107527	0.0648148	0.0294118	0.666667	0.00787402	0	0.0582011	36.7011	0.0875	7.81633	0.375	50.5205	0.234127	21.5484	0.295082	0	0	0	0	0	0	1.45894	0.00282486	0.244131	0.0325203	0.0273224	0	0.054902	0	2.87281	0.0310078	0.00374532	0	0.092827	0.00653595	0.343915	0.0166667	26.1301	92.6202	73.1111	0.75	9.93162	0.0392157	24.3765	0	33.9643	0.0714286	12.7236	0.585586	0.138889	0.0842491	0.85	0.00453515	7.19658	0.0100251	0.0103359	0	27.5043	0.017284	2.39744	0	0.0833333	0.0025641	18.8248	0.00483092	9.47257	0.00995025	27.3463	0.172549	14.5439	0.15873	0.253333	0.29798	3.06944	0.0316092	8.14232	0.241379	6.05426	0.05	73.4419	2.39815	6.22549	0.785714	63.0736	0.553571	138.452	0.0962199	74.3256	0.688525	46.018	0.278388	56.7698	0.672131	15.565	0.703704	2.13115	0.00396825	40.8062	0.0205128	1.89394	0.275132	4.37121	0.143678	31.2015	0.139785	46.5778	0.666667	
6698.76	SFG_R_7_7	0.0208333	0.145833	0.0337838	0.120567	101.257	431.101	0.0268456	0.0410959	0.00163399	0.0755556	1.80556	49.2917	391.064	0	0	0.813953	0.002849	0	1.06803	13.7356	0.115646	17.8462	0.002849	0.00634921	0.00666667	0.0126984	150.652	628.123	0	0	0.0261438	0	0	0.00542005	0.612245	0.0869565	0.0448718	0.666667	0	0.00268817	8.29545	55.9524	0.128788	4.46237	3.02439	0.170455	25.878	109.97	0.117117	4.19444	0.141026	3.34188	0	0.00550964	0.0117371	0.00275482	0	0	0.00350877	0.198312	0	0.181287	0	0.0297619	0	0.181818	0	0.00456621	0.0212766	1.0875	0	0.0825083	0	0.0818713	0	0.124031	0	0.3	0	0.03125	0	0.915151	0	0.129252	0	0.157895	0	1.66061	0	0.097561	0	0.191419	0	0.339394	0	0.020649	0	0.10101	0	0.122977	0	0.0135501	0	1.27726	0	1.47059	0	0.271062	0.0540541	0.595679	0.0753623	0.133333	0.0442478	0.302752	0.0118203	2.24206	0.0225989	0.344086	0.079646	1.89558	0	0.17603	0	0.121622	0.233677	3.76577	0.739583	1.00444	0	0.00716846	0.0606061	0.301587	0	5.77626	0.154122	0.979167	0	1	0	0.404762	0	1.50216	0.00362319	0.157658	0	0.855422	2.10185	6.13615	0.00634921	0.225641	0.887387	57.6535	0.308824	10.8259	0	0.00421941	0	0.0874317	0	0	0	0.251938	0.0105263	12.3243	0.00246914	0.0438596	0.0243056	0.0718954	0.105263	12.5351	0	0.0189394	0.03125	0.0588235	0.021164	0.31746	17.8605	104.752	0.272727	3.21875	0.128713	7.25373	0.00308642	0	0.00308642	0.455399	7.43651	13.4058	0.0514706	24.0263	0.003003	3.18468	0.12012	3.77917	0.00277778	0.671296	0.250765	6.2906	0.0642202	4.48718	0	0.0253968	0.184848	28.0127	0.0594315	23.6147	0.173077	35.2035	0.392361	26.6494	0.0258621	0.139785	0.0533333	0.624113	0.056338	3.33333	0.0520833	3.35125	0.518519	166.057	0.0514541	18.0635	3.13333	39.1244	0.371528	159.986	0.0217865	81.1197	0.247312	139.092	0	126.642	0.0782998	27.6981	0.0488506	0.122951	0.0119904	6.4186	0.0804598	2.93939	0.00959233	29.4444	0.00959233	46.2906	0.0132013	41.4031	
2275.26	MFG_L_7_1	1.63095	0.0268817	107.4	0.0107527	241.458	0.925	2.02299	0.00546448	0	0	0.040404	0.739583	0.0315315	0	0	0.119658	7.69697	0	233.039	0	102.754	0.017094	302.938	0	1.79012	0	2.45333	0	1.13333	0	24.8788	0	15.2179	0	4.65333	0.00724638	18.2667	0.00793651	6.30667	0	0	0	0	0	0.00569801	0	0.00569801	0	0	0	0.413333	0	0.717172	0	1.2	0	0.786667	0	1.06818	0	0.678161	0	1.84946	0	0	0	0	0	0.00833333	0.00250627	0.224359	0	0.0866667	0	0.025974	0	0.0125	0	0.0125786	0	0.407407	0	0.162037	0	1.97222	0	0.0899471	0	0.135135	0	0.148718	0	0.0854701	0	0.323529	0	2.04372	0	1.24339	0	0.887097	0	0.0426357	0	0	0	0.164179	0	0	0	0	0	0	0	0	0	0	0	0	0	0.127778	0	0.214689	0	0.00724638	0	0.0144928	0	0.436364	0	0.535714	0	0	0.00392157	5.36232	0	0.0864198	0.00387597	0.416667	0	0.751634	0	0.822581	0	0.0718954	0	0.00724638	0	0	0	0.509259	0	0	0	0.191667	0	0.0166667	0	0.0138889	0	0.077381	0	3.43434	0	0.0686275	0	5.92	0	8.43284	0	1.19149	0	8.88889	0	0	0	0	0	0	0	0	0	0	0	0	0	0	0	0.00406504	0.00350877	0	0	0.00520833	0	0	0	0.0691057	0	0	0	0.0416667	0	0	0	0.004329	0	0.560185	0	1.46009	0	0.0533333	0.00564972	0	0	0.0677083	0.00611621	0.00340136	0	0	0.00438596	1.26357	0.0231481	0.0251572	0.00250627	0.395238	0	0.942857	0.0969697	3.27536	0.00775194	0.2	0.0308642	0.27451	0.0611111	0.00938967	0.0031746	0.2	0	0.0487805	0.0315315	0.0571429	0	0.190476	0.0125786	0.135802	0.0701754	
1959.65	MFG_R_7_1	0.00520833	0.985507	0.121212	231.404	6.66667	100.81	0.311594	7.05797	0.0545455	0.10101	2.32407	0.652778	0.565657	0.813953	0.119658	0	0	1.08642	0.00724638	155.019	0.188034	118.772	0.025	235.127	0	16.1159	0	17.0833	0	1.43939	0	6.93333	0.0155039	6.91358	0	7.80303	0.00775194	12.3333	0	3.42529	0	0	0	1.44	0	0.0144928	0	0.0272109	0	0	0	5.24638	0	1.91398	0.311594	2.95556	0.010101	0.025641	0.020202	0.18254	0	0.197917	0	9.27778	0	0	0	0	0	0.0113636	0	0	0.00628931	0.040404	0	0	0	0.00628931	0	0	0	0	0	0.00383142	0	0.079096	0	0	0	0	0	0.0646766	0	0.0113636	0	0	0	0.0735294	0	0.00537634	0	0	0	0.0363036	0	0.0224719	0	0.0428571	0	0.0160256	0	0.00323625	0	0.0194175	0	0	0	0	0	0	0	0.00584795	0	0	0.00469484	0.0187793	0	0.00938967	0	0	0.0547945	1.53623	0	0.0234742	0.00600601	0.133333	0	0.111111	0	2.53472	0	2.34014	0	0.0584795	0	0.381944	0	0	0.0140845	0.0138889	0.00250627	0.211268	0	0	0	0.100775	0	0	0	0.286822	0.0185185	0.286822	0.00396825	0.150235	0	0	0	0.0897436	0.00793651	0.148148	0	0.0384615	0.00628931	0.0897436	0	0	0	0.0416667	0.323232	0	0	0	0	0	0	0	0	0	0.150183	0.0446735	0	0	0	0	0.0357143	0	0.00250627	0	0	0	0	0.0277778	0	0.0170068	0.336957	0.0486111	0.00250627	0.192488	0	0.206573	0.00865801	0.0733333	0.00238095	0.00330033	0.315217	4.39683	0	0.0643939	0	0.148148	0.358696	6.59877	0.00238095	0.0625	0	0.0694444	0	0.117647	0.0392157	0.638498	0	0.050505	0.133333	0.042735	0.0121654	0	0.00238095	0	0.00704225	0.0666667	0.00238095	0.03125	0.00238095	0.0208333	0.00973236	0.0740741	
1526.23	MFG_L_7_2	0.428571	1.67407	11.55	0.985185	0.030303	0.0362319	1.33333	0.0340136	0	0	0	0	0	0.002849	7.69697	0	0	0	0.00595238	0.00520833	51.0725	0	266.407	0	108.358	0	0	0	11.549	0.0340136	1.12963	0	10.6667	0.0272109	0.1	0	0.847222	0.0192308	4.70513	0.142857	0	0	0	0.00595238	0.00350877	0	0.0106383	0	0	0	0.0238095	0	48.64	0	23.5467	0	1.19608	0	2.06863	0.00766284	2.94048	0.00416667	113.449	0	0	0	0	0	0	0	0.111111	0	0.0107527	0	0.965278	0	0.0343137	0	0.0248756	0	2.19298	0	0.392157	0	18.6923	0	0.179012	0	0.19774	0	0.551515	0	0.084507	0	0.688172	0	6.61006	0	9.625	0	4.7381	0	0.026455	0	0	0	0.339286	0	0	0	0	0	0	0	0	0	0	0	0	0	2.60256	0	3.98718	0	0.0192308	0.00358423	0.00641026	0	4.46296	0	0.0952381	0.003663	0	0.00358423	1.92361	0	2.23256	0	4.03419	0	5.4186	0	3.84397	0	0.0277778	0	0.00574713	0	0	0	0	0.00347222	0	0	0.833333	0	0	0	5.34259	0	2.15741	0.00383142	0.0140845	0	0.0620155	0	0.12037	0	0.614583	0	0.0277778	0	0.611111	0	0	0	0	0	0	0	0	0	0	0	0	0	0	0	0.0047619	0.0116279	0	0	0	0	0	0.00396825	0	0	0	0	0.333333	0	0	0	0	0.00406504	0	0.00347222	0	0	0.101449	0.00323625	0	0	0.961538	0.252525	0	0	0	0	2.54386	0.267677	0.0233918	0	0.011236	0	0.666667	1.125	1.01282	0.00383142	0.0297619	0	0.981132	0.0126582	0	0	0.0116959	0	0	0	0	0	0.0119048	0	0.0679012	0.00311526	
795.088	MFG_R_7_2	0	0.781609	0	21.6	0	0.0873016	0.0361446	15.3452	0.0151515	0.375	0	0	0	0	0	1.08642	0	0	0	0	0	0.309524	0	77.8095	0.00724638	61.0351	0	0	0	41.3684	0	0.0114943	0	0.0833333	0	0.018018	0	0.037037	0	0.717949	0	0	0	0.027027	0	0	0	0	0	0	0	0.0185185	0	12	0.031746	40.7368	0	0.191919	0	0.656566	0	0.119048	0	96.45	0	0	0	0	0	0.00416667	0	0	0	0.0114943	0	0	0	0.00340136	0	0	0	0	0	0.00680272	0	0.0340136	0	0	0	0.00416667	0	0.783951	0	0.00416667	0	0	0	0.327586	0	0.010582	0	0	0	0.0126582	0	0	0	0.382716	0	0.00421941	0	0	0	0	0	0	0	0	0	0	0	0	0	0	0	0.0592593	0	0	0	0.0476191	0.00490196	0.464912	0	0.0681818	0	2.25786	0	5.1746	0	3.79365	0	6.7381	0	0.348148	0	0	0	0	0	0	0	0.0213675	0	0	0	0.142857	0	0	0	0.205882	0	3.65657	0	0.004329	0	0	0	0	0	0.0128205	0	0	0	0	0	0	0	0	0	0	0	0	0	0	0	0	0	0	0.00784314	0	0	0	0	0	0	0	0	0	0	0	0	1.50943	0	0	0.00784314	0	0	0.0213675	0	0.017094	0	0	0	0	0.0277778	0.0987654	0	0.0144928	0	0	0.0277778	0.222222	0	0	0	0	0	0	0	0.030303	0	0	0.0119048	0	0	0	0	0	0	0	0	0	0	0	0	0	
2298.45	MFG_L_7_3	0.0151515	0	30.2917	0.00694444	201.806	1.94444	0.0645161	0	0	0	0.025641	0.439394	20.5152	1.06803	233.039	0.00724638	0.00595238	0	0	0	129.196	0	11.3472	0.0144928	0.0877193	0	302.8	0.0147059	0	0	3.75862	0	1.54023	0.00595238	36.5873	0.00606061	3.91667	0.0320513	0.752688	0	0.00258398	0	0.0208333	0	0.02331	0	0.0309524	0.00516796	0.00462963	0	15.4242	0	0.0125786	0	0.0806452	0	0.494949	0	0.30303	0	0.15	0	0.0196078	0	0	0	0	0	0.0482456	0	0.0353535	0	0.0833333	0	0.0149254	0	0.012945	0	0.00333333	0	0	0	0.040293	0	0.385281	0	0.00749064	0	0.0688406	0	0.0470085	0	0.299145	0	0.037037	0	0.597403	0	0.0208333	0	0.0699588	0	0.102273	0.0030581	0.119658	0	0.286325	0	0.00343643	0	0.00277778	0	0.00343643	0	0.00277778	0	0.027027	0	0	0	0	0	0.00490196	0	0.251208	0.0107527	0.287879	0.0141844	0.259259	0	1.51961	0	0.0252525	0	10.7606	0.0030581	0.0593607	0	0.10101	0.00462963	0.107981	0	1.00952	0	0.0307692	0	0.0434783	0.0106383	0	0.0035461	6.84259	0.0035461	0	0	0.00995025	0	0.0628931	0	0.0151515	0	0.651961	0	5.37559	0.0035461	0.025641	0	5.45238	0	15.119	0	0.574074	0	4.98122	0	0	0	0	0.00803213	0	0	0	0	0	0	0	0	0	0	0.00606061	0.00980392	0.0793651	0	0.200803	0	0	0	2.57991	0.00326797	0.144144	0	0.171053	0	0.123288	0	0.0779221	0.00311526	6.36111	0.0035461	7.07981	0.0035461	0.014652	0.0042735	0.0630631	0.0030581	0.590476	0.00961538	0.60274	0.0030581	4.87719	0.028169	0.68254	0.0205761	3.29851	0.00516796	17.3922	0	11.9912	0.20904	20.0918	0.00611621	5.74561	0.12069	1.19643	0.207729	0.161111	0.00606061	4.1626	0.00900901	0.5	0.0698925	0.948718	0.00617284	4.19167	0.0123457	3.15447	0.175141	
1556.07	MFG_R_7_3	0	0.025	0	2.06944	0	208.622	0	0.0212766	0	0	0	0	0.00653595	13.7356	0	155.019	0.00520833	0	0	0	0	134.556	0.00520833	1.78788	0.00520833	0.0136054	0	211.044	0	0	0	0.0344828	0	0.27957	0	0.987654	0	8.20988	0	0.104167	0	0	0	6.08642	0	0.0121212	0	0.130268	0	0	0	9.77778	0	0.0107527	0	0	0	0	0	0	0	0.0816327	0	0	0	0	0	0	0	0.0825397	0	0.0215054	0	0.0382514	0	0.0215054	0	0.0323625	0	0.0119048	0	0.0215054	0	0.0314465	0	0.0843882	0	0.0476191	0	0.0672515	0	0.0609756	0	0.119741	0	0.00900901	0	0.0833333	0	0.111111	0	0.00793651	0	0.189103	0	0.0909091	0	0.0208333	0	0.0373832	0	0	0	0.0373832	0	0	0	0.00326797	0	0	0	0.0213675	0	0.0248756	0	0.0917874	0	0.00913242	0	0.00358423	0	0.0628019	0	0.171569	0	0.0888889	0	0.147619	0	0.114583	0	0.486772	0	0.031746	0	0.607527	0	0	0	0	0	1.70721	0	0	0	0	0	0.06	0	0.00529101	0	0.0656566	0	0.653333	0	0.00411523	0	0.104167	0	1.84685	0	0.0185185	0	0.0729167	0	0	0	0	0	0	0	0	0	0	0	0	0	0	0.00209644	0.573643	0	0	0	0.0570175	0	0	0	0.0577778	0	0.0324074	0	0.017094	0	0.291188	0.00419287	0.972222	0	1.68889	0	1.66667	0	0	0	0.013468	0	0.0701754	0	0.207921	0	1.46377	0	0.328042	0	0.895349	0	2.45887	0.00387597	0.205128	0	5.59111	0	0.538462	0	0.185792	0	0	0	0.004329	0	0	0	0.142857	0	0.12381	0	0.177305	
2316	MFG_L_7_4	0.309524	0.00574713	10.0864	0.0114943	26.9487	0.588652	0.300813	0.00574713	0	0	0	0.140741	6.50617	0.115646	102.754	0.188034	51.0725	0	129.196	0	0	0.0512821	46.8333	0.00854701	6.34483	0	6.90476	0	4.76	0	82.8444	0	21.5833	0.00694444	165.278	0.0121212	18.8472	0.0277778	6.92308	0	0	0	0	0.00248756	0.0606061	0	0.045584	0.00248756	0	0	5.62121	0	14.5376	0	6.42222	0	1.88889	0	2.60465	0	1.64286	0	58.9048	0	0	0	0	0	0.0585586	0.00524934	8.33333	0	0.465517	0	8.61905	0	0.582222	0	0.481982	0	29.7232	0	6.80193	0	24.6545	0	9.75287	0	3.5625	0	1.07407	0	0.941441	0	11.8073	0	9.12568	0	59.1207	0	34.1833	0	0.102881	0	0.121212	0	0.960199	0	0.00537634	0	0.00268817	0	0.00268817	0	0	0.00314465	0.022831	0.00262467	0.00268817	0.00314465	27.2099	0	6.02564	0	0.132275	0.0035461	0.0588235	0	0.587879	0	0.769697	0	0	0.00392157	12.8186	0.00294985	0.0190476	0.00775194	3.78723	0	8.44898	0.00469484	2.13021	0	2.7	0.00938967	0.03125	0	0	0.00462963	5.39048	0.0106383	0	0	1.39474	0	0.179012	0	0.17094	0	0.157576	0	5.48039	0.0106383	0.188235	0	10.3472	0	20.8284	0	1.53125	0	10.8434	0	0	0	0	0	0	0	0	0.00314465	0	0	0.00546448	0	0	0	0	0.0121951	0.0691824	0	0.198582	0	0.010101	0	2.55869	0	0.112676	0	0.257778	0	0.127854	0	0.047619	0	5.39524	0.0106383	5.88889	0.0106383	0.0522876	0	0.0273973	0.00524934	0.327869	0.0188679	0.352113	0.00524934	0.031746	0.00248756	1.35833	0.0350877	0.573529	0.00497512	3.82126	0.00248756	6.60185	0.333333	8.48529	0.0319149	1.73684	0.194969	0.733333	0.269608	0.0185185	0	1.21667	0.00483092	0.601852	0.0987654	0.75	0.0133333	1.90598	0.0408163	1.14414	0.290123	
