data	data	3970.66	4927.37	4405.04	1379.02	6255.01	7243.2	4965.37	2797.79	1855.16	2346.93	1185.68	2952.02	3505.58	4182.34	2067.35	1927.76	3139.52	1912.53	1564.68	3424.79	3153.94	2688.89	2298.28	2737.24	2801.54	1931.06	8799.02	7681.15	1951.94	621.573	1269.16	1257.86	1721.36	1459.78	3189.51	769.796	2018.83	1413.6	3042.55	928.814	942.33	989.639	1784.72	1463.23	4295.34	1218.7	3110.05	5170.73	1873.09	844.289	5828.52	1096.55	3171.82	2476.26	3474.69	2768.83	3298.73	2148.39	3350.8	5313.4	1069.06	1635.95	2234.75	2217.8	749.298	1904.51	389.204	1028.1	7171.74	4657.39	2121.8	2622.25	1877.13	1755.93	1902.44	3063.74	5937.32	3308.97	2727.71	1756.77	1844.11	1511.05	5100.16	4847.59	2698.99	4466.4	1611.28	2603	2966.2	2647.65	4370.81	2474.3	2196.71	3659.8	2104.99	1675.92	2077.9	3213.46	3688.86	1428.31	2728.39	2007.29	7097.16	7413.84	6577.12	5699.41	6327.78	4528.55	1269.9	977.576	1209.47	994.632	1427.13	2635.46	908.817	654.137	2115.04	820.464	1032.36	921.196	1291.48	1106.06	1973.28	2122.14	2355.14	4154.12	3827.11	5159.55	1433.26	2916.32	3114.69	3041.06	3573.47	7380.47	2595.04	6331.5	5457.96	10939.5	2005.09	4899.74	5301.11	4212.74	3789.97	3253.67	1659.26	2504.98	1390.94	1979.32	566.455	2667.46	1933.26	5747.12	1018.53	992.772	3045.81	3212.72	1335	982.516	2658.11	2433.1	3774.4	2709.35	2679.49	2513.5	3491.33	1041.48	2689.02	904.25	8450.75	3393.5	2190.26	857.037	4361.09	1353.66	473.588	1252.97	595.976	2288.12	767.898	544.599	2314.32	2548.99	540.488	395.833	745.061	1401.06	750.412	575.893	3997.35	6302.58	6346.73	4469.25	6071.53	6635.86	3321.95	3589.57	8576.37	6927.07	3548.2	3147.13	2894.85	3054.38	5766.27	3925.45	5001.81	6136.49	3006.02	5843.89	1845.47	4910.47	2015.75	2323.74	5141.12	5094.96	9719.85	8809.07	11688.7	11341.6	5103.03	6796.27	6054.76	10677	10820.5	9163.53	8321.94	6234.08	3746.2	5883.87	6812.51	12601.7	5314.85	4170.63	4972.97	2469.19	2361.55	2581.55	7068.87	4154.33	4230.63	3915.64	7021.81	6138.23	4753.57	3737.66	5319.8	4687.26	
data	data	SFG_L_7_1	SFG_R_7_1	SFG_L_7_2	SFG_R_7_2	SFG_L_7_3	SFG_R_7_3	SFG_L_7_4	SFG_R_7_4	SFG_L_7_5	SFG_R_7_5	SFG_L_7_6	SFG_R_7_6	SFG_L_7_7	SFG_R_7_7	MFG_L_7_1	MFG_R_7_1	MFG_L_7_2	MFG_R_7_2	MFG_L_7_3	MFG_R_7_3	MFG_L_7_4	MFG_R_7_4	MFG_L_7_5	MFG_R_7_5	MFG_L_7_6	MFG_R_7_6	MFG_L_7_7	MFG_R_7_7	IFG_L_6_1	IFG_R_6_1	IFG_L_6_2	IFG_R_6_2	IFG_L_6_3	IFG_R_6_3	IFG_L_6_4	IFG_R_6_4	IFG_L_6_5	IFG_R_6_5	IFG_L_6_6	IFG_R_6_6	OrG_L_6_1	OrG_R_6_1	OrG_L_6_2	OrG_R_6_2	OrG_L_6_3	OrG_R_6_3	OrG_L_6_4	OrG_R_6_4	OrG_L_6_5	OrG_R_6_5	OrG_R_6_6	OrG_R_6_6	PrG_L_6_1	PrG_R_6_1	PrG_L_6_2	PrG_R_6_2	PrG_L_6_3	PrG_R_6_3	PrG_L_6_4	PrG_R_6_4	PrG_L_6_5	PrG_R_6_5	PrG_L_6_6	PrG_R_6_6	PCL_L_2_1	PCL_R_2_1	PCL_L_2_2	PCL_R_2_2	STG_L_6_1	STG_R_6_1	STG_L_6_2	STG_R_6_2	STG_L_6_3	STG_R_6_3	STG_L_6_4	STG_R_6_4	STG_L_6_5	STG_R_6_5	STG_L_6_6	STG_R_6_6	MTG_L_4_1	MTG_R_4_1	MTG_L_4_2	MTG_R_4_2	MTG_L_4_3	MTG_R_4_3	MTG_L_4_4	MTG_R_4_4	ITG_L_7_1	ITG_R_7_1	ITG_L_7_2	ITG_R_7_2	ITG_L_7_3	ITG_R_7_3	ITG_L_7_4	ITG_R_7_4	ITG_L_7_5	ITG_R_7_5	ITG_L_7_6	ITG_R_7_6	ITG_L_7_7	ITG_R_7_7	FuG_L_3_1	FuG_R_3_1	FuG_L_3_2	FuG_R_3_2	FuG_L_3_3	FuG_R_3_3	PhG_L_6_1	PhG_R_6_1	PhG_L_6_2	PhG_R_6_2	PhG_L_6_3	PhG_R_6_3	PhG_L_6_4	PhG_R_6_4	PhG_L_6_5	PhG_R_6_5	PhG_L_6_6	PhG_R_6_6	pSTS_L_2_1	pSTS_R_2_1	pSTS_L_2_2	pSTS_R_2_2	SPL_L_5_1	SPL_R_5_1	SPL_L_5_2	SPL_R_5_2	SPL_L_5_3	SPL_R_5_3	SPL_L_5_4	SPL_R_5_4	SPL_L_5_5	SPL_R_5_5	IPL_L_6_1	IPL_R_6_1	IPL_L_6_2	IPL_R_6_2	IPL_L_6_3	IPL_R_6_3	IPL_L_6_4	IPL_R_6_4	IPL_L_6_5	IPL_R_6_5	IPL_L_6_6	IPL_R_6_6	PCun_L_4_1	PCun_R_4_1	PCun_L_4_2	PCun_R_4_2	PCun_L_4_3	PCun_R_4_3	PCun_L_4_4	PCun_R_4_4	PoG_L_4_1	PoG_R_4_1	PoG_L_4_2	PoG_R_4_2	PoG_L_4_3	PoG_R_4_3	PoG_L_4_4	PoG_R_4_4	INS_L_6_1	INS_R_6_1	INS_L_6_2	INS_R_6_2	INS_L_6_3	INS_R_6_3	INS_L_6_4	INS_R_6_4	INS_L_6_5	INS_R_6_5	INS_L_6_6	INS_R_6_6	CG_L_7_1	CG_R_7_1	CG_L_7_2	CG_R_7_2	CG_L_7_3	CG_R_7_3	CG_L_7_4	CG_R_7_4	CG_L_7_5	CG_R_7_5	CG_L_7_6	CG_R_7_6	CG_L_7_7	CG_R_7_7	MVOcC	MVOcC	MVOcC	MVOcC	MVOcC	MVOcC	MVOcC	MVOcC	MVOcC	MVOcC	LOcC_L_4_1	LOcC_R_4_1	LOcC_L_4_2	LOcC_R_4_2	LOcC_L_4_3	LOcC_R_4_3	LOcC_L_4_4	LOcC_R_4_4	LOcC_L_2_1	LOcC_R_2_1	LOcC_L_2_2	LOcC_R_2_2	Amyg_L_2_1	Amyg_R_2_1	Amyg_L_2_2	Amyg_R_2_2	Hipp_L_2_1	Hipp_R_2_1	Hipp_L_2_2	Hipp_R_2_2	BG_L_6_1	BG_R_6_1	BG_L_6_2	BG_R_6_2	BG_L_6_3	BG_R_6_3	BG_L_6_4	BG_R_6_4	BG_L_6_5	BG_R_6_5	BG_L_6_6	BG_R_6_6	Tha_L_8_1	Tha_R_8_1	Tha_L_8_2	Tha_R_8_2	Tha_L_8_3	Tha_R_8_3	Tha_L_8_4	Tha_R_8_4	Tha_L_8_5	Tha_R_8_5	Tha_L_8_6	Tha_R_8_6	Tha_L_8_7	Tha_R_8_7	Tha_L_8_8	Tha_R_8_8	
3970.66	SFG_L_7_1	0	80	289.293	0.642276	62.8391	1.36992	281.183	34.6508	138.045	38.7302	41.913	0.866667	16.92	0.329412	0.253333	0.0869565	1.04598	1.85965	0.377193	1.9359	0.95935	0.954248	2.9	4.48333	0.414414	3.63415	1.37566	1.27673	11.1379	0.155556	0.448718	0.304348	1.77083	2.51111	19.2182	0.0102564	10.434	1.26667	95.7931	1.99291	0.00900901	0	0.0432099	0.00529101	0.0861423	0.00724638	0.0804598	0.0163934	0.130435	0	16.8545	0.0163934	0.0444444	0.0340136	0.0797101	3.46667	0.031401	0.306667	1.2619	6.18565	0.474747	0.0503145	0.34375	0	0.441441	1.38365	4.76344	1.06667	0.166667	0.0162602	0.0181818	0.157895	0.22549	0.00271003	0.00584795	0.157895	0.246528	0.0226537	0.0666667	0	0.0112994	0.0117647	0.494737	0.039604	0	0.125541	0.100529	0.00383142	1.14232	0.0202899	0.284553	0.0628931	0.412879	0.0241935	0.130802	0.026936	0	0.417778	0.13615	0.0141844	0.629214	0.00595238	2.35606	0.112994	0.0378788	0.292181	1.76357	0.0503145	0	0.00826446	0	0.0245098	0	0.0357143	0.00520833	0.0784314	0.00505051	0.0324074	0	0.0860215	0	0.0231481	0	0.0136986	7.53333	1.59216	7.04167	0.885057	0	0.0392157	0.966102	1.28514	4.35979	0.468254	0.966667	0.691176	8.56219	1.06373	0	0.0437158	0.02	0.107527	0.512077	0.015625	0	0.478495	7.23704	0.637931	6.47368	1.69136	0.891304	0.162879	6.35043	0.361111	0.00854701	0	0	0	0.142076	0	1.98413	0.460317	22.1162	0.0284553	18.4877	0.00266667	34.2735	0.00483092	68.5247	0.170732	1.1164	0.205128	90.7094	0.0516432	0.145299	0.472222	0.246032	1.81579	1.08333	2.22222	0.203252	0.762821	32.4444	2.31429	10.027	1.0641	0.025641	0.00833333	0.242424	1.66667	0.217949	0.0225225	0.278481	0.432234	0.203125	0.0958333	0.270042	0.315018	1.34742	0.0148148	0.251208	0.0397554	0.0534979	0.0549451	0.361111	4.13992	0.337838	0.611722	0.199074	0.212121	1.47222	2.52917	0.0967742	0.0488889	18.0926	17.6458	0.590278	0.264228	0.164794	0.0185185	77.7536	18.4458	0.47191	0.0238095	0.306513	0.0833333	2.47619	42.4444	30.1887	3.57613	0.279279	0.00529101	117.042	0.0868347	4.74603	0.0416667	2.69106	0.0208333	10	0.0444444	5.62963	0.0314465	4.675	0.0156863	59.7048	0.0238095	
4927.37	SFG_R_7_1	80	0	74.0556	29.3467	65.3571	219.54	48.9286	100.333	7.40741	15.4516	4.65833	250.242	1	1.62264	0.0724638	28	0.00724638	9.17284	0.272727	3.88288	0.339869	12.914	0.0984849	23.3205	1.25581	4.86667	1.09375	4.87719	0.348485	15.5287	0.102941	12.4138	0.480769	170.2	0.427778	1.08333	0.28	62.8172	10.8815	34.2796	0.00653595	0	0.0140845	0.234234	0.113725	0.00833333	0.154762	0.0530303	0.0070922	0.0310078	0.387255	0.45045	0	1.14444	1.13889	2.27381	0.875	0.306306	2.14634	1.75362	0.0204082	4.39167	0.0408163	4.47748	0.0617284	3.63063	0.192308	0.703704	0.0507937	0.215686	0.00865801	3.39785	0.0347222	0	0	3.36559	0.0691824	0.337255	0.0185185	0	0	0.114428	0.111111	1.17647	0	4.55747	0.0384615	0.109649	0.175258	0.364341	0.101266	0.986842	0.0588235	0.682171	0.0248227	0.965116	0.0128205	3.03825	0.0547945	0.283784	0.11985	0.102881	0.356209	1.04811	0.0651341	0.368056	0.319298	0.134146	0	0.204082	0	0.00732601	0	0.430556	0	0.00392157	0	0.039801	0	0	0	0.454023	0	1.53801	0.316872	2.58081	0.317647	4.46269	0.0584795	0.602564	1.56897	1.26797	0.555556	4.31818	0.0881226	2.05714	0.744856	4.36275	0	1.83704	0	3.51389	0.0674603	0.465409	0	11.7708	0.213542	1.1875	0.280702	4.35	0	0.230047	0.172414	0.982456	0	0.0263158	0	0.025641	0.142857	0.0851064	3.83626	0.84	1.35366	3.55882	0.0904762	0.0142857	0.295775	0.222222	1.80658	11.098	0.200855	4.13757	1.51741	8.73958	0.00555556	0.657143	0.460317	2.7094	0	40.1667	0	0.581197	2.54902	96.4	0.0952381	1.88095	0.0136054	0.182796	0.472574	0.356863	0.00411523	0.018018	0.0277778	0.369048	0.285024	0.0282486	0.0396825	0.150794	0.0736434	0.0324074	0.0306513	0.283784	0.148594	0.0901961	0.717949	0.400901	0.021978	0.438596	0.0344828	1.2	0.00546448	29.4083	0.00546448	0.181373	0.367089	49.4012	0.0825688	1.84752	0.0387597	0.0651341	7.32906	292.312	0.217054	0.597561	0.172549	0.737705	0.0892019	48.1313	0.718875	130.774	0.0125	12.2762	9.34167	155.824	0.310606	3.37209	0.109453	1.2381	1.52941	33.4095	1.75163	13.8137	0.0945274	13.713	0.0411523	69.951	
4405.04	SFG_L_7_2	289.293	74.0556	0	0.292683	354.527	0.790123	188.851	3.61039	0.047619	2.63675	0.00694444	2.70455	4.65556	0.0426667	151.255	0.035461	8.4321	3.68889	25.6795	1.15476	4.15238	0.606061	187.537	3.34848	13.4211	1.11111	11.6237	0.725146	36.2222	0.0638298	3.66667	0.1875	23.9103	1.23611	2.93496	0.0119048	4.41414	0.576389	233.06	0.395833	0	0	0.0125	0	0.231373	0.00469484	0.203065	0.00959233	0.10101	0	5.22222	0.00271003	0.555556	0.0042735	0.483333	0.329004	0.0895522	0.0925926	0.101235	4.49573	1.1875	0.0121212	2.29293	0.0606061	0.019802	0.299578	0.00483092	0.675105	1.4686	0.0431373	0.0314465	0.0958333	0.0987654	0	0.0314465	0.105485	1.70531	0.0228758	0.142857	0	0.141243	0.00803213	1.78261	0.0804598	0.179487	0.0200803	0.137566	0.00740741	1.60905	0.026087	0.989583	0.0485437	0.333333	0.0674603	0.39801	0.0261438	0.05	0.0865801	1.2069	0.0149813	2.05128	0.00917431	2.01916	0.0740741	0.0340909	0.0930233	2.22222	0.015873	0	0.002849	0	0.0031746	0	0.0146199	0	0	0	0	0	0.00584795	0.00595238	0.0135135	0.0233918	0.025974	1.15054	0.871486	1.91795	0.616279	0.0102564	0.00966184	0.944444	0.835391	4.0582	0.26506	1.03922	0.192771	5.88384	0.329218	0	0.047619	0.740741	0.0454545	0.761194	0	0.0037037	0.235897	0.574879	0.203922	0.037415	0.420833	0.125	0.0740741	0.0238095	0.0416667	0.042735	0	0.0037037	0	0.169399	0	2.4918	0.345528	21	0.00569801	1.44025	0.00266667	1.97484	0	26.6667	0.0745098	1.00538	0.097561	28.7708	0.0227273	0	0.0208333	0	0.408333	0	0.010101	0.00537634	0.0416667	0	0.352381	0	0.102564	0	0	0.131579	0.578544	0.337607	0.00787402	0.493671	0.274074	0.117949	0.0315315	0.49789	0.22963	0.565217	0.0187266	0.15942	0.0173611	0.121951	0.0407407	0.25	1.70085	0.108108	0.325926	0.135266	0.132576	0.304598	2.04274	0.361582	0.0266667	2.01471	13.7131	2.03382	0.202381	0.451219	0.0449735	77.2701	14.4829	1.7451	0.113475	0.960784	0.0655271	11.2544	14.8175	15.592	2.20165	1.33333	0.113095	110.529	0.693333	2.87931	0.177778	13.2353	0.0883534	16.2952	1.7716	18.1333	0.98718	22.0496	1.24848	64.2451	1.22013	
1379.02	SFG_R_7_2	0.642276	29.3467	0.292683	0	0.287879	158.045	0	62.1061	0	0	0.116667	2.13333	0.070922	0.234568	0	172.588	0	0.833333	0.010582	25.5057	0	7.40741	0	43.0175	0	80.3137	0.0517241	12.303	0	1.2716	0	3.65432	0	20.8214	0.00383142	0.114583	0	6.21839	0.0652174	6.68889	0	0	0	0.122222	0	0	0	0	0	0	0.0153846	0.166667	0	0.050505	0	16.1538	0	6.01111	0.00416667	5.17241	0	0.287037	0	0.0537634	0	0.00641026	0	0	0	0.0140845	0	0.0444444	0	0	0	0.0333333	0	0	0	0	0	0	0	0.0120482	0	0.0451977	0	0	0.00628931	0	0	0	0.0035461	0.0140845	0.0035461	0.011236	0	0.0847458	0	0	0.00314465	0	0.010101	0.024055	0	0.0171821	0	0.004329	0	0.0102041	0	0	0	0.00628931	0	0	0	0	0	0	0	0	0	0.00546448	0	2.56589	0.00401606	2.67391	0	0.124183	0.0045045	1.29915	0	0.826087	0	6.32639	0	8.6875	0	0.0992908	0	0.137681	0	0.0070922	0	0.427536	0	0	0	0.00641026	0	0	0	0	0	0.00980392	0	0.00666667	0	0.0070922	0	0.324786	0.00314465	0.0576923	0	0	0	0	0.00628931	0.0904762	0	0.0166667	0.00724638	0.373333	0	0	0	0	0	0	0	0	0.00952381	0	0	0	0	0	0	0	0	0	0	0	0	0	0	0	0	0	0	0.0047619	0	0	0	0.0047619	0	0	0	1.67974	0	0.0116959	0	0.00938967	0	0.0328639	0	0.0274914	0	0	0.00421941	0.666667	0.00347222	0	0.00347222	0.00340136	0.0135135	0.0234742	0.00314465	0.240437	0	0.00925926	0.00833333	0.035461	0	0	0.00803213	0.00462963	0	0.00925926	0.00347222	0.00925926	0.00694444	0.0187793	0	0.020202	
6255.01	SFG_L_7_3	62.8391	65.3571	354.527	0.287879	0	143.582	4.84167	0.632479	0.52381	0.717949	164.531	93.0853	451.854	32.3987	157.889	3.49612	5.35802	11.6296	68.1867	5.53939	6.35484	23.4889	19.9524	12.7852	1.01515	0.444444	83.1765	8	19.0494	1.82609	26.6071	5.66667	82.2857	14.5208	18.3333	0.237179	6.02381	3.35417	83.5714	1.30556	0.010989	0	0.371795	0.0628931	0.62069	0	0.655431	0.283951	0.31401	0.00555556	49.0952	0.0535714	0.341085	0.00584795	0.855072	0.0692641	0.356322	0.122549	0.975845	1.14103	0.104167	0.154762	0.875969	0.111111	0.379845	0.609524	0.27907	0.345992	6.47685	0.402299	0.0251572	1.38397	0.0286738	0	0.0205128	1.33755	5.33333	0.171617	0.0601093	0	0.230392	0.0881226	5.42723	0.753333	0.20202	0.650794	0.0447761	0.062963	0.679325	0.197411	0.760563	0.405797	2.5	0.685824	0.149123	0.491909	0.0428571	0.554307	0.857843	0.194757	0.995305	0.0659722	3.76712	0.687135	0.00766284	0.192982	1.23629	0.072165	0	0.114943	0.0151515	0.126761	0	0.260234	0.0483092	0.291667	0.292237	0.0588235	0	0.313131	0.0153846	0.166667	0.10101	0.25974	2.9798	2.31646	4.38806	2.27381	0.0564103	0.0676328	2.71958	0.900901	5.07692	1.41767	1.08824	1.08915	2.81026	2.40873	0	0.374359	0.284848	0.540404	0.65641	0.0405405	0.00740741	2.61616	5.82051	0.786325	1.81061	1.96889	3.19136	0.27907	3.71014	0.716049	0.0384615	0.00584795	0.0037037	0.0104167	0.147436	0.00952381	2.45902	0.247967	20.0774	1.81783	0.040404	0	0.523809	0.0666667	7.93333	5.37209	0.284153	1.68724	2.96226	0.909091	0.15942	1.26667	9.69444	23.3577	0.435897	0.229167	1.78	1.82258	0.948718	0.0933333	2.75362	1.94444	0.0386473	0.105691	0.104167	0.142857	0.666667	0.0288714	1.02469	0.112319	0.045977	0.0482456	1.02881	0.195402	0.20098	0.0486891	0.017316	0.181159	0.289683	0.0288462	0.101266	0.322097	0.0684932	0.297872	0.0985916	0.616858	0.283333	0.620253	1.47032	0.244186	9.51905	4.57384	17.7971	2.43137	1.04706	0.15	70.6319	8.87879	3.57407	0.351648	2.24074	0.388278	80.1449	47.9206	18.1758	14.6667	56.9279	2.08642	70.7755	5.88272	5.5102	1.22727	35.3854	0.641026	43.4144	6.52381	87.2424	3.82099	94.8167	5.42982	126.63	6	
7243.2	SFG_R_7_3	1.36992	219.54	0.790123	158.045	143.582	0	1.01205	4.2735	0.425703	4.12745	7.79365	371.833	125.56	544.237	0.0740741	166.817	0	2.71717	11.1765	140.414	0.35461	44.381	0	34.6173	0	10.1389	88.9943	175.077	0	15.9195	0.0238095	29.2759	0.00687285	106.467	7.42553	4.20988	0.0212766	38.871	0.047619	4.5	0.301887	0.111111	0.0866667	1.58333	0.10989	0.00560224	5.06989	1.18254	0.00793651	0	14.6258	3.33333	0	0.833333	0.108434	9.48333	0.341365	5.87879	1.57937	8.46212	0	8.56818	0	5.19167	0.045977	5.86538	0.00595238	0.931973	0.00840336	1.86486	0	2.50538	0.00925926	0.172619	0	2.26984	0.0104987	0.26506	0.0103359	0	0	0.0952381	0.0104987	1.22222	0	4.67172	0	0.127854	0.00314465	0.23913	0	0.580087	0	2.03653	0.003367	0.371648	0	4.13235	0	0.137778	0.010101	0.113821	0.0177305	4.59722	0.0177305	1.93403	0.0141844	0.240964	0	0.887755	0	0.236948	0	2.12847	0	0.599156	0	0.292793	0	0.666667	0	0.244444	0	1.04372	0.372549	5.13333	0.213483	6.37255	0	0.196429	0.541176	1.15152	0.35249	5.93035	0.0026455	26.4333	0.0530303	35.0556	0	2.30667	0	7.60131	0	2.32184	0	13.5621	0.286458	4.25862	0.0292398	9.66026	0.0212766	0.968889	0.0444444	11.9085	0	0.0780142	0	0.714286	0	0.0784314	0.313726	0.891026	0.00314465	9.38498	0	0.0833333	0.0035461	6.61616	0.0315789	22.3472	0	3.63979	0.0204082	22.1275	0.0296296	8.15333	3.66667	23.4118	0.333333	8.91667	0.00546448	6.75862	0.0512821	3.69697	0.0666667	11.2484	4.76471	4.89247	0.182927	0.0583942	0.00917431	0.0464135	0.0215054	0.116883	0.210526	0.0534979	0.0215054	0.232877	0.00260417	0.153153	0	1.25333	0.0491228	0.0299145	0.141667	0.933333	0.00569801	1.1039	0	9.41146	0.0126984	0.632768	0	1.21461	0.0693069	12.8548	0.0112994	15.347	0.0392157	6.79762	1.71951	105.189	0.141304	0.213333	0.141304	13.3333	0.038835	93.8684	0.0612245	40.6127	0.00847458	114.73	3.80321	96.6667	0.580524	2.66667	0.0486111	11.5	0.627907	40.1167	0.337037	58.2807	0.0111111	30.2644	0.0125786	106.874	
4965.37	SFG_L_7_4	281.183	48.9286	188.851	0	4.84167	1.01205	0	39.0078	81.9286	75.6905	0.0173611	0.455285	1.8374	0.143411	4.90909	0	4.42857	0.00757576	9.74561	0.0245098	12.0185	0.00865801	39	0.04	71.5167	0.725926	5.40425	0.100775	6.22619	0	2.39103	0.00865801	9.43519	0.004329	29.2963	0.00784314	12.6667	0.00784314	46.3226	0.00724638	0	0	0.154321	0	0.0162037	0.00241546	0.00952381	0.0022831	0.070922	0	44.2579	0.00262467	0.464286	0.134752	210.786	7.84848	2.11538	0.22	19.9275	13.7708	5.9899	0	9.13131	0.0208333	0.0774411	2.50943	0.00350877	6.11111	0.0544872	0.00447427	0.0555556	0.0162602	0.169935	0.00271003	0	0.0203252	0.104575	0.00271003	0.141026	0	0.113208	0.0140845	0.297386	0.0104167	0.0653595	0.027027	0.166667	0.00497512	1.55072	0.0138889	0.623529	0.030303	0.166667	0.0125	0.233918	0.00273224	0.0242424	0.16	0.512346	0.0035461	1.31522	0.00546448	2.04029	0.0968661	0.0852713	0.419753	2.76296	0.0503145	0	0.0137741	0	0	0	0.0434783	0	0.010582	0	0	0	0.0555556	0.00653595	0.0163934	0.0133333	0.015625	25.2162	1.61176	27.7928	0.674329	0.0595238	0	39.5977	1.32114	33.5093	0.294118	1.86473	0.532338	7.04478	0.731343	0	0.00555556	0.22963	0.0218579	0.821596	0	0	0.037037	1.26984	0.309804	0.164983	2.62346	0.033033	0.0962963	0.0528053	0.0992908	0.884615	0	0.0070922	0	0.480874	0	7.85714	0.618474	26.0808	0.00701754	72.2308	0	114.883	0	167.187	0.0245614	15.6937	0.0037037	230.731	0	0	0.141844	0	0	0	0.018018	0	0.267974	0	2.36111	0	0.606667	0	0	0.350877	2.01916	0.0289855	0.0149813	0.0325203	0.315018	0.31401	0.1625	0.0295359	0.151852	1.44131	0.00732601	0.309179	0.0246914	0.0113636	0.0586081	0.40991	4.32927	0.45045	0.410256	0.185185	0.212121	3.33333	1.49583	0.112903	0.0111857	33.4769	11.975	0.359477	0.110145	0.111111	0.0447761	103.678	12.4292	0.358491	0.0300926	0.104987	0.100402	1.27451	0.0426357	40.391	2.21545	0.220513	0.0273632	114.737	0.170868	8.65196	0.158392	0.37037	0.01566	2.60215	0.0364583	0.263441	0.0169492	0.558824	0	32.3431	0.105413	
2797.79	SFG_R_7_4	34.6508	100.333	3.61039	62.1061	0.632479	4.2735	39.0078	0	26.425	247.758	0.0227273	0.0296296	0.0282486	0.428571	0	1.86022	0	3.05747	0.00401606	6.39024	0.00833333	4.86486	0	2.77778	1.3254	62.1481	0.0634921	6.04762	0	2.35556	0.0526316	1.57843	0.077381	8.34444	0.025641	0.207207	0.0238095	4.98889	0.206667	20.1778	0	0	0.0123457	0.131783	0.0481928	0	0.031746	0	0	0	0.0365854	0.294574	0.0962963	1.13793	3.30435	51.6957	0.307359	1.20833	0.600823	2.70833	0	0.294118	0.00628931	3.86021	0.0740741	14.1264	0.0666667	0.714286	0.00900901	0.015625	0	0.0860215	0	0	0	0.0967742	0.0045045	0.0411523	0.00401606	0	0	0.00966184	0.00803213	0.11245	0	0.517413	0	0	0.00952381	0.112403	0.04329	0.207792	0	0.0454545	0.0045045	0.182171	0.0042735	0.424731	0.0509259	0.0509259	0.022831	0.0487805	0.0190476	0.353741	0.0104167	0.14966	0.0481928	0.106996	0	0.0680272	0	0.0111111	0	0.12585	0	0	0	0	0	0	0	0.0114943	0	0.0666667	0.0375	4.98095	0.119048	0.939394	0.111111	0.130719	1.67262	6.03448	0.280702	0.94086	0.0229885	0.771429	0.135021	1.46667	0	0.192593	0	0.140741	0.0149254	0.0192308	0	0.318519	0	0.537037	0.195402	6.23333	0	0.147186	0	0	0	0	0	0	0.647436	0.0070922	2.375	9.68966	0.15261	0.900901	0.0363636	0	0.0539216	0	0.211382	2.66667	0.0416667	0.328889	0.117117	0.592593	0	0	0	0.00724638	0	0.0107527	0	0	0.401961	0	0	0.00680272	0	0	0.156118	0.0542636	0	0	0.0171821	0.0862745	0.0833333	0	0.0137457	0.0198413	0.0229885	0.0273973	0	0.0585586	0.102881	0.0114943	0.238095	0.0958904	0	0.557018	0.0153257	0.880952	0.0333333	31.6757	0	0.025641	1.67532	60.6957	0	0.313131	0.0219298	0.00766284	9.64444	394.148	0.0772358	0.115079	0.0731707	1.04487	0.0408163	8.6092	0.11245	53.2024	0	1.375	7.1039	28.9892	0.0699588	1.9697	0.0266667	0.015625	0.756944	3.72727	0.777778	0.870968	0.0458333	1.67677	0.238095	13.869	
1855.16	SFG_L_7_5	138.045	7.40741	0.047619	0	0.52381	0.425703	81.9286	26.425	0	43.275	0.902778	0.25	0.239583	0.0912698	0	0.00740741	0	0.0888889	0.00819672	0.0483871	0.118644	0.02	0.00444444	0.0992908	0.00888889	1.76423	0.627778	0.0617284	0	0	0.163522	0.00843882	0.213333	0.0131579	23.284	0.00396825	7.1358	0.00438596	0.036036	0.0136054	0	0	0.0123457	0	0.00462963	0	0	0	0.0921986	0	15.1369	0.00262467	0	0.530303	11.1333	19.9268	0.821429	0.601449	25.3222	16.5758	0.0294118	0	0.00900901	0.0217391	3.14103	2.41333	56.75	7.00813	0.0194444	0.0350877	0	0.14359	0.00524934	0.00271003	0	0.138462	0.015625	0.0153257	0.00262467	0	0	0.022831	0.0182292	0.037037	0	0.0294118	0	0.0273973	0.00694444	0.0115942	0.00784314	0.010929	0.0125	0.0261438	0	0	0.00320513	0.0531401	0.00392157	0	0.00740741	0	0.0524345	0.0355191	0.0344828	0.160494	0.0229885	0.0218579	0	0.0149254	0	0.0833333	0	0.0983607	0	0.213115	0	0.0469484	0	0.45283	0	0.0625	0	0.0208333	11.7905	0.845238	7.35965	0.403101	0	0	46.0645	0.585366	3.03509	0.219608	0.0610329	0.68254	0.353535	0.984127	0	0	0	0.00628931	0.00483092	0	0	0.140625	0.738095	0.597484	7.45238	2.66667	0.015015	0.431818	0.356322	0.496296	0	0	0	0	0.0266667	0	0.213115	0.715847	0.853535	0	15.4465	0	10.5385	0	30.8805	0.00497512	0	0	36.566	0	0	1.76515	0	0.0437158	0.315789	0.142857	0.0222222	2.28148	48.9259	0.752381	2.04	3.76596	0	0.0424242	0.157895	0.97318	0.00550964	0.0348259	0.00275482	0.186813	0.0842912	0.0590717	0.00275482	0.442424	0.150235	0.010989	0.00641026	0.0185185	0.0114943	0.004662	0.0833333	2.02439	0.0350877	0.262963	0.00938967	0.288557	1.09259	0.417722	0.0967742	0.0751174	9.74286	3.78189	0.0258398	0.427083	0.0733333	0.0178971	20.5333	3.69167	0.285088	0.0108225	0.0486891	0.0519481	0.848485	0.0242424	39.2366	0.829268	0.0648148	0.0151515	58.0121	0.105413	7.70256	0.0792541	0.108527	0.0151515	3.2963	0.102041	0.678571	0.0347222	0.564103	0	35.1481	0.046875	
2346.93	SFG_R_7_5	38.7302	15.4516	2.63675	0	0.717949	4.12745	75.6905	247.758	43.275	0	0.0362319	4.61333	0.00784314	0.130435	0	0.00877193	0.00724638	1.20202	0.00793651	0.010582	0.0116959	0.010582	0	0.0285714	2.27642	0.906667	0.0714286	0.0163934	0	0.00617284	0.0213675	0.0121212	0.00833333	0.0181818	0.0240964	0	0.00456621	0.00617284	0.0448718	0.010101	0	0	0.00406504	0	0.0277778	0	0.0238095	0	0	0	0.0361446	0	0.325758	0.46875	19.5581	18.0617	0.363636	0.00980392	1.02564	14.6667	0	0	0	4.35417	0.0164609	71.2267	0.357724	72.2174	0.00469484	0	0	0	0	0	0	0	0.00469484	0	0	0	0	0	0.00469484	0.00564972	0	0.00980392	0	0	0.017094	0.00383142	0.025974	0.00311526	0.003663	0.00938967	0.00854701	0	0.0042735	0	0.056338	0	0.030303	0.00311526	0.00732601	0.00533333	0.0128205	0.00483092	0.021645	0.00311526	0	0.00266667	0	0	0	0	0	0	0	0	0	0	0	0	0	0	0.327586	1.77778	0.377049	0.0983607	0.277778	0	5.33962	2.4	1.23889	0.0833333	0.00793651	0.0138889	0.47541	0.0483871	0	0	0.00555556	0	0.0102564	0	0	0	0.0340136	0.592593	0.0942029	40.0128	0	0.139785	0.0155039	0.386667	0.00641026	0	0	0	2.11111	0	3.02516	16.2069	0.00784314	0.0042735	0.0242424	0	0.0416667	0	0.0402299	0.0268199	0.010582	0	0.0666667	0	0.00775194	0.129032	0	0.070922	0	1.23529	0	0.247863	0.0666667	51.6905	0.0155039	6.43137	0	0.018018	0.0946502	0.0574713	0	0	0.00803213	0.0387597	0.127451	0.0116959	0.0125	0.00383142	0.0119048	0	0.0114943	0	0.115226	0.00392157	0.0534979	0.0188679	0	0.00854701	0.0114943	0.00512821	0.0416667	29.3611	0	0	1.97468	60.9481	0	0.0241546	0.00877193	0.0193798	8.36364	204.829	0.0396825	0.0348837	0.0396825	0.0190476	0	8.125	0.0203252	1.82143	0	0.913979	5.7265	46.0938	0.0778816	6.85185	0.00666667	0.00469484	0.77305	2.48571	0.77305	0.219048	0	0.241135	0.0544218	16.8519	
1185.68	SFG_L_7_6	41.913	4.65833	0.00694444	0.116667	164.531	7.79365	0.0173611	0.0227273	0.902778	0.0362319	0	12.4865	161.486	1.61538	0	0.81982	0	1.75676	0.0187266	1.59864	0.0285714	4.15833	0	1.35897	0	0.113821	2.25514	1.46	0.0123457	0.666667	0.344828	1.60976	0.185185	8.80488	0.075	0.00694444	0	1.76984	0.0123457	0.234848	0.027027	0	0	0.0163934	0.00749064	0	0.0540541	0.0416667	0	0.00555556	0.0375	0.0123457	0	0	0.00660066	0.00666667	0.0037037	0.00666667	0.025641	0.0119048	0	0.0493827	0	0	0.222222	0.025641	0.300813	0	0.022831	0.00483092	0	1.19369	0	0	0	1.17117	0.00456621	0.0884354	0	0	0	0.0901961	0.0138889	0.353952	0	0.444444	0	0.0501792	0	0.151515	0	0.356061	0.0277778	0.13468	0	0.384354	0	0.411765	0	0.164706	0	0.0471014	0.0185185	0.280864	0	0.0965732	0	0.047619	0	0.0272727	0.09375	0.0138889	0	0.117284	0.245098	0.045045	0.211268	0.0131579	0.00606061	0.0353535	0	0.107981	0	0.178082	0.111111	0.409283	0.0181818	1.33333	0	0.00995025	0	0.0692641	0	0.923077	0.003003	0.534979	0	1.01667	0	0.146893	0	0.273224	0	0	0	1.65027	10.4733	0.0187793	1.5303	0.0410256	13.1224	0.0959596	16.0303	0.287037	0	0	0	0.00606061	0	0.00529101	0.0105263	0.00793651	0	0.995781	0	0	0	0.00952381	0	3.41667	0	1.39827	0	0.696078	0.573643	0.327044	2.94737	9.44144	3.78378	14.6364	9.12879	0.385057	7.52381	0.0476191	24.7597	0.477124	0.194969	0.37037	0	0	0	0.0284553	0	0.0156863	0	0	0.0208333	0.0598291	0	0.015873	0	0.0666667	0.00330033	0	0	0.0515873	0	0.0766283	0	0.292181	0.057971	0.0219298	0.225352	0.0299145	0.833333	0.127193	2.38562	0.361371	0.0149813	0	0.0208333	2.40972	0.00584795	0.0241546	0.00749064	0.118721	1.27536	12.3333	0	10.6272	0.212963	0.0319635	0.0421053	0.26455	0	0.015873	0.120773	0.0149254	0.198198	0.0333333	0.181818	0.0444444	0.175141	0.021978	0.25	0.0860215	
2952.02	SFG_R_7_6	0.866667	250.242	2.70455	2.13333	93.0853	371.833	0.455285	0.0296296	0.25	4.61333	12.4865	0	13.5208	92.254	0.00813008	14.2222	0	5.34568	0.575163	0.495495	0.0125786	6.97701	0.00813008	8.84524	0	0	32.6554	0.457516	0	8.14943	0.00680272	8.21839	0.0225225	46.6778	0.541667	0.0520833	0	9.21505	0.00694444	0.333333	0.0119048	0.0151515	0.0133333	0	0.0421456	0	3.41146	0.20202	0	0	1.11806	0.00980392	0	0.00833333	0.0151515	0.0148148	0.134146	0	0.64257	0.362573	0	0.65873	0	0.317073	0.0240964	3.34848	0.0070922	0.604651	0.00865801	0.457143	0	0.396825	0.00333333	0	0	0.375661	0.00865801	0.0900901	0	0	0	0.0193237	0.00865801	0.450704	0	0.333333	0.00456621	0.00833333	0	0.0686275	0	0.217949	0	0.602941	0	0.131783	0	0.265766	0	0.0598291	0	0.0275482	0.0108696	0.735395	0.0144928	0.197917	0.0108696	0.045614	0	0.133333	0	0.0481928	0	0.274306	0	0.123016	0	0.0724638	0	0.168831	0	0.0632184	0	0.0591398	0.17284	1.69231	0.0996169	1.90686	0	0	0.223577	0.294444	0.118774	1.45771	0	0.920188	0.00833333	1.59048	0	0.244898	0	0.446667	0	0.0117647	0	1.01333	0.302469	1.93333	0	4.32	0	0.318182	0	11.4031	0	0	0	0	0	0.00680272	0.128514	0.130435	0	1.98174	0	0	0.00411523	0.126582	0.00520833	4.73148	0	0.645503	0.00411523	2.73188	0.00740741	11.7265	1.14286	19.8862	0.0775194	152.958	0	7.66667	0	3.28205	0.0277778	12.3333	0.183673	1.9	0.108333	0.0793651	0.0030581	0.0135135	0.0119048	0.021097	0.0530303	0.0166667	0.0156863	0.0540541	0	0.0182648	0	0.244444	0.0155039	0.0135135	0.0769231	0.194093	0.00569801	0.220779	0.00383142	0.586854	0.00680272	0.984127	0	0.231884	0.0487805	4.71751	0	3.28856	0.00479616	0.593496	1.13169	38.7692	0.0530303	0.0262172	0.0492424	0.236842	0.0128205	21.3509	0.0503876	10.9444	0.00260417	12.3238	1.89024	50.419	0.0888889	0.63285	0.00694444	1.73485	0.304762	20.8148	0.21393	9.08333	0.0119048	8.36842	0.00520833	31.9238	
3505.58	SFG_L_7_7	16.92	1	4.65556	0.070922	451.854	125.56	1.8374	0.0282486	0.239583	0.00784314	161.486	13.5208	0	163.928	45.7051	0.342593	0.0238095	0.0114943	29.3457	8.83333	1.73333	6.37778	3.45977	1.6963	0.238095	0.00793651	229.5	110.242	0.0512821	0.507576	1.43011	1.95833	1.65657	3.29457	18	0.0961538	0.645833	0.638889	0.786325	0.00865801	11.2393	0.153846	0.512821	0.0070922	0.00749064	0	1.75	33.1349	0.004329	0	54.4231	0	0.0496454	0	0.231293	0.0104167	0.140351	0.142157	0.0902778	0.0821918	0.0070922	0.00865801	0.137681	0	0.0190476	0.0149813	0.111111	0.0148148	0.213675	0.0833333	0.00411523	0.115556	0	0	0.00497512	0.115556	0.194093	0.00680272	0	0	0.109524	0.00716846	0.206751	0.0695971	0.0656566	0.0659341	0.0208333	0	0.0833333	0.0123457	0.045045	0.0498084	0.0555556	0.102564	0.0512821	0.0128205	0.00444444	0.0871212	0.161905	0.015873	0.175676	0.0126984	0.0319149	0.137615	0.00462963	0.0393939	0.0921053	0.0192308	0	0.0462963	0.0656566	0.00803213	0	0.0454545	0.132353	0.0383142	0.146119	0.0268199	0.00606061	0.0329218	0.00483092	0.0126582	0.039801	0.0042735	0.372549	0.304167	0.39899	0.365854	0.00555556	0	0.441026	0.0844444	0.373737	0.275	0.142157	0.39759	0.111111	1.125	0	0.0572917	0.0218579	0.147619	0.0124611	0.0365297	0	0.347619	2.73469	0.0699588	0.122807	0.206751	11.1282	0.0606061	10.8085	0.0333333	0.0192308	0	0	0.00497512	0.0222222	0	0.551724	0.0436508	0.338095	0.511364	0	0	0.0696517	0.0187793	0.244131	1.09579	0.026455	0.18107	0.0491803	0.259259	0.858156	0.321212	43.6961	60.1301	17.094	0	6.50725	0.253968	7.18333	0	18.124	0.244444	24.4476	0.1875	0.00673401	0.002849	0.0119048	0.0238095	0.0206186	0.00740741	0	0	0.0365854	0.0384615	0	0.0185185	0.0045045	0.0716846	0.0132013	0	0	0.0645161	0	0.0842105	0	0.135659	0.037037	0.0284553	0.157407	0.0289855	0.544118	0.272727	1.76836	0.37276	0.493827	0.528455	0.574359	1.4619	0.0682731	0.0797101	0.0622222	0.0486111	4.46667	1.17982	0.376812	1.46032	1.20513	1.66667	0.625	2.23392	0.12037	0.153558	0.243243	0.0891473	0.242424	0.59887	0.672515	0.422886	0.943396	0.40613	0.733333	2.13333	
4182.34	SFG_R_7_7	0.329412	1.62264	0.0426667	0.234568	32.3987	544.237	0.143411	0.428571	0.0912698	0.130435	1.61538	92.254	163.928	0	0.121212	0.62963	0	0	3.86	25.35	0.258503	1.59375	0	0.536036	0.0022831	0.0232558	259.719	175.146	0	0.337607	0.0148148	0.812785	0.0164609	1.94737	8.09929	2.49383	0.021097	1.86222	0.0164609	0.123457	4.375	36.7302	0.135266	0.609524	4.81481	0	26.0217	19.2632	0.045045	5.76471	12	2.13793	0	0.0434783	0.0176991	0.295455	0.0881226	0.14966	0.372093	0.525822	0	0.594771	0	0.0865801	0.0191571	0.25463	0	0.0498084	0.00840336	1.60088	0	0.365079	0	0.0752688	0	0.333333	0.00840336	0.164502	0.0047619	0	0	0.0238095	0.00840336	1.38222	0	0.342593	0	0.038961	0	0.0283019	0	0.0576923	0	1.25974	0	0.045977	0	0.267544	0	0.021097	0	0.0155039	0.0035461	1.91156	0.0035461	0.766323	0.0035461	0.0582524	0	0.360269	0	0.574074	0	0.9375	0.00314465	1.39189	0.00623053	0.17284	0	1.57746	0	0.0273973	0	0.0454545	0.192593	0.811594	0.114695	1.53623	0	0.0114943	0.299625	0.267677	0.174074	1.29902	0.00529101	1.51643	0.030303	2.30476	0	0.132184	0	0.380208	0	0.0698925	0	1.27322	0.222222	1.42857	0.00343643	0.714976	0.138577	0.935673	0.160643	1.94643	0	0.0133333	0	0.198718	0	0.00595238	0.122605	0.203704	0.00273224	1.54505	0	0.0857143	0	0.613333	0.0191257	4.60853	0	0.544974	0	1.621	0.0266667	11.2074	33.5833	84.6833	0.4875	6.14493	0.0595238	9.32738	0.0875	0.0650406	0.263374	9.97619	13.5122	9.72414	0.0520833	0.0431373	0.00490196	0.109705	0.0111111	0.102881	0.109649	0.115079	0.0111111	0.284444	0	0.00934579	0	0.0939394	0.0210526	0.0299145	0.0449438	0.0895062	0	0.135802	0	1.07042	0.0031746	0.123016	0.00623053	0.952381	0.0249221	8.78571	0.0314465	10.6311	2.99259	24.2303	0.173333	45.4795	0.0877193	11.5333	0.0868056	19.1667	0.0363036	71.093	0.0161812	11.0773	0.00766284	80.8833	0.835249	20.9182	0.389513	1.71296	0.0208333	10.3099	0.306818	6.97268	0.14652	44.6748	0.00660066	22.7204	0.00766284	38.9512	
2067.35	MFG_L_7_1	0.253333	0.0724638	151.255	0	157.889	0.0740741	4.90909	0	0	0	0	0.00813008	45.7051	0.121212	0	0	7.84615	0.0222222	135.083	0.0175439	159.351	0.0149254	258.125	0.0296296	1.81609	0.00775194	22.7011	0.38	0.510417	0	10.141	0	21.9103	0.00666667	2.28125	0	2.53571	0	6.41935	0.00680272	0	0	0	0	0	0	0	0	0	0	12.5161	0	1.09804	0	0.735294	0	1.39259	0	0.0136054	0	0.224806	0	1.4537	0	0	0	0	0.00268817	0.0337553	0.00258398	0.00724638	0.00374532	0.0217391	0	0	0.00374532	0.0379747	0	0.00483092	0	0.0666667	0	0.0590717	0	0.244048	0	0.0102564	0	0.810945	0	1.47222	0	0.0798122	0	0.235294	0	0.264368	0	1.01667	0	1.31746	0	0.234234	0	0.00358423	0	1.26154	0	0	0	0	0	0.00358423	0	0	0	0.0045045	0	0	0	0	0	0.133333	0	0.204082	0	0.567251	0.00660066	0.0444444	0	1.21739	0	0.695906	0	0.153005	0	0.865385	0	0	0	0.381944	0	0.980769	0	0	0.00374532	0	0	0	0	0	0	0	0	0.674603	0	0	0	0.195122	0	6.93333	0	0.388128	0	0.217687	0	0.497175	0	0.870057	0	0.72	0	1.42963	0	0	0	0	0	0	0	0	0	0	0	0	0	0	0	0	0.00326797	0	0	0	0	0	0	0	0	0.015873	0	0.0175439	0	0	0	0.00865801	0.00326797	0	0	0.00529101	0.00350877	0.00606061	0	0.00900901	0.00258398	0.0311111	0.00258398	0.0875	0.00258398	0	0	0.548387	0.0137457	0.00537634	0.00343643	0.0125	0	0.322751	0.0340136	0.333333	0.0103093	0.177305	0.00555556	0.205128	0	0.0185185	0.0047619	0.04	0.00277778	0.0467836	0	0.0740741	0.00258398	0.079096	0.00258398	0.214815	0.00766284	
1927.76	MFG_R_7_1	0.0869565	28	0.035461	172.588	3.49612	166.817	0	1.86022	0.00740741	0.00877193	0.81982	14.2222	0.342593	0.62963	0	0	0	13.5439	0.010101	170.175	0	80.4314	0	189.111	0	17.1481	0.124444	54.7681	0	0.0151515	0	0.954545	0	0.236111	0.0208333	0.484848	0	0.0238095	0	0	0	0	0	0.454545	0	0	0.00843882	0	0	0	0.03125	0.76	0	0.166667	0	3.76667	0	2.51667	0.00421941	2.38333	0	0	0	0.642857	0	0.0212766	0.00606061	0.00877193	0	0.0187793	0	0.00757576	0	0	0	0	0	0.0153846	0	0	0	0.0125786	0	0.00462963	0	0.208333	0	0.00666667	0	0	0	0.010929	0	0.0187793	0	0	0	0.322222	0	0	0	0	0	0.0425532	0	0.0181159	0	0.004329	0	0.0103093	0	0	0	0.00724638	0	0	0	0	0	0	0	0.00641026	0	0.0070922	0	0.354167	0.00383142	0.229167	0	0.0444444	0	0.234848	0	0.586957	0	7.84848	0	23.6467	0	0.173913	0	0.0992908	0	0.673759	0	0.0144928	0	0.0266667	0	0.0212766	0	0	0	0.047619	0	0	0	0	0	0	0	0.225	0.00383142	0.0597015	0	0	0	0	0.00766284	0.0855856	0	0	0.00383142	0.0238095	0	0.0476191	0.0526316	0.0465116	0	0	0	0.0569106	0	0	0.00546448	0.0277778	0	0	0	0	0	0	0	0	0	0	0	0	0	0	0	0.00555556	0	0	0	0.00469484	0	0	0	1.00585	0	0	0	0.0140845	0	0.0187793	0	0.0425532	0	0	0	0.444444	0	0	0	0.0177305	0	0.0234742	0	0.122066	0	0.00925926	0.00421941	0.0070922	0	0	0	0.00925926	0	0.00952381	0	0.0142857	0	0.0234742	0	0	
3139.52	MFG_L_7_2	1.04598	0.00724638	8.4321	0	5.35802	0	4.42857	0	0	0.00724638	0	0	0.0238095	0	7.84615	0	0	0	6.38095	0	173.873	0	193.771	0	149.135	0	0.54386	0	301.756	0	37.4035	0	1.35417	0.0138889	0.611111	0	0.212121	0.0070922	4.91954	0	0	0	0.0102564	0	0.00200803	0	0.00200803	0	0	0	0.344262	0	28	0	1.84524	0.0070922	1.88542	0	0.0940171	0	1.36782	0	132.413	0	0	0	0	0	0	0	5.0625	0	1.02041	0	4.11806	0	0.031746	0	3.17687	0	8.80272	0	0.8	0	35.553	0.00383142	7.17007	0	3.19209	0	58.3467	0	0.0967742	0	0.643678	0	23.5957	0	68.1333	0	23.4444	0	0.75	0	0	0	18.5031	0	0	0	0	0	0	0	0	0	0	0	0	0	6.11806	0	18.907	0	0.0466667	0	0.173077	0	0.166667	0	0.674603	0	1.35043	0	0.387755	0	68.3246	0	13.0101	0	64.3694	0	26.8049	0	0.6	0	0	0	0	0	0	0	0	0	22.119	0	0.0104167	0	10.7857	0	5.34146	0	0.764706	0	0.272727	0	0.383648	0	1.12821	0	0.527778	0.00383142	0.891304	0	0	0	0	0	0	0	0	0	0	0	0	0	0	0	0	0	0	0	0	0	0	0	0	0	0.0192308	0	0.0416667	0	0.0030581	0	0	0	0	0	0.00617284	0	0.00444444	0	0	0	0.00444444	0	0.0333333	0	0.00200803	0	0.00757576	0.0227273	0.0113636	0	0.00401606	0	0.181818	0.0114943	0.522388	0.0378788	0.0320513	0	0.0172414	0	0.00406504	0	0.00401606	0	0.00401606	0	0.0320513	0	0.0215054	0	0.0243902	0	
1912.53	MFG_R_7_2	1.85965	9.17284	3.68889	0.833333	11.6296	2.71717	0.00757576	3.05747	0.0888889	1.20202	1.75676	5.34568	0.0114943	0	0.0222222	13.5439	0	0	0.00574713	21.7037	0	55.7167	0.0227273	201.94	0	26.9603	0.00469484	9.94017	0.0144928	35.3519	0.0144928	2.18841	0.0222222	3.34568	0.0138889	0.020202	0	1.5119	0.120567	1.30952	0	0	0	0.0322581	0	0	0	0	0	0	0.0375587	0.0430108	0	20.5	0	24.3913	0	2.33333	0.00584795	3.21875	0	0.0952381	0	173.84	0	0	0.0128205	0.0070922	0	0	0	0.0333333	0	0	0	0.0333333	0.0030303	0.00803213	0	0	0	0	0.0030303	0.015873	0	0.577381	0	0	0.0210526	0	0.003367	0.022831	0	0.00392157	0	0.00784314	0	1.49697	0	0	0	0.00411523	0.0280702	0.00343643	0.00416667	0	0.0259259	0.00411523	0	0	0	0	0	0	0	0	0	0	0	0	0	0.0116959	0	0.00555556	0	3.35772	0	5.11382	0	16.2632	0.00406504	0.564103	0.00401606	69.4553	0.00387597	38.1212	0.0401606	146.946	0	17.6404	0	3.74775	0.00387597	6.48889	0	0.492424	0.00529101	0	0	0	0	0	0.010929	0.00641026	0	0.444444	0	0	0	0.577778	0.00803213	0.175926	0.0691057	0.00444444	0.0193237	0	0.0324074	0	0.0853658	0.0666667	0	0.0508475	0.056338	0.00564972	0	0.0144928	0	0.00724638	0.00854701	0	0	0.00724638	0.027027	0	0	0	0	0	0	0	0	0	0	0	0	0	0	0	0.00411523	0	0	0.0181818	0	0	0.00416667	0	0	0.00888889	0	0.34	0	0	0	0	0	0.0144928	0.0030303	0.00343643	0	0	0.00694444	1.56522	0	0	0	0.0133333	0	1.9697	0.0325203	0.327778	0	0	0	0.0430108	0	0	0	0	0	0	0	0	0	0	0	0	
1564.68	MFG_L_7_3	0.377193	0.272727	25.6795	0.010582	68.1867	11.1765	9.74561	0.00401606	0.00819672	0.00793651	0.0187266	0.575163	29.3457	3.86	135.083	0.010101	6.38095	0.00574713	0	0.0701754	88.963	1.65185	58.3611	0.4	4.36937	0.0114943	200.792	0.820833	4.14815	0.102041	9.45333	0.756944	3.14943	0.492537	2.02299	0.0392157	0.678161	0.217391	9.47619	0.00757576	0	0	0	0	0.0107527	0	0.0189394	0.0111111	0	0	5.11905	0	2.66667	0	2.7561	0.00396825	1.68627	0	0.193333	0.0229885	0.150794	0.0123457	6.70086	0.00757576	0	0.0266667	0	0	0.0438596	0.0111111	0.0848485	0.00392157	0.0382514	0	1.00565	0.00392157	0.034188	0.00252525	0.0520833	0	5.89617	0	0.314815	0.015015	4.99435	0.00952381	0.625641	0	2.12381	0.0031746	4.49231	0	0.0900901	0.0222222	1.25604	0.0030581	0.228856	0.0176991	10.5753	0	7.82292	0	0.303704	0.0191847	0	0.00719424	3.33831	0	0	0.00231481	0	0.00606061	0	0.00719424	0	0.0151515	0.00438596	0	0	0.00943396	0.603448	0.00378788	3.40113	0.00378788	0.269006	0.0769231	1.21667	0.0196078	0.0448718	0	1.83648	0.0622222	1.46667	0.00934579	0.651042	0.0143369	1.05464	0.0522088	0	0.00784314	1.39623	0.0574713	0.584699	0.00362319	0	0.0798122	0	0.0281124	0	0.0933333	0	0.00892857	0.00280112	0.0037037	0.176871	0	0.00555556	0	0.217949	0	9.93464	0.025974	1.75253	0.0703364	0.4	0	1.23214	0.0277778	2.28249	0.114114	0.806061	0.0188679	1.83019	0.0441176	0	0.014652	0.294372	0.434211	0.00840336	0	0	0.0377358	0	0	0	0.0345912	0.0476191	0.00628931	0	0.00273224	0	0	0	0	0.0030303	0.00252525	0	0	0.0047619	0.00289855	0.0144928	0.021021	0	0	0.00555556	0.0231884	0	0.0243056	0.0047619	0.00716846	0.00647249	0	0.00877193	0	0.0509259	0.102837	0.131455	0.0942761	0.00600601	0.0030581	0.385621	0.488095	0.00900901	0	0.0227273	0.0336391	2.83333	0.524444	0.979798	0.185965	0.24	0.541667	0.194444	0.625	0.0277778	0.0373832	0.126761	0.0319635	0.056338	0.247748	0.131455	0.238739	0.169591	0.282051	0.22	0.71345	
3424.79	MFG_R_7_3	1.9359	3.88288	1.15476	25.5057	5.53939	140.414	0.0245098	6.39024	0.0483871	0.010582	1.59864	0.495495	8.83333	25.35	0.0175439	170.175	0	21.7037	0.0701754	0	0.0131579	147.405	0.00555556	41.0769	0	2.39048	19.3889	488.085	0.00564972	3.0614	0	5.70667	0.00546448	1.55172	0.0135135	3.18056	0.0026455	3.16092	0.177778	4.14729	0.0102564	0	0	3.87879	0.00396825	0.00641026	0.00512821	0.0224719	0	0	0.0751174	3.01235	0	3.69167	0.00833333	13.6667	0.00320513	7.91111	0.037037	7.38636	0	3.4031	0.00529101	45.8547	0.0253165	0.0045045	0.026455	0	0.00271003	1	0	0.8	0	0.108974	0	0.726776	0.00271003	0.130631	0	0.00340136	0	0.0628019	0.00271003	0.635135	0	16.441	0.00392157	0.047619	0.0111111	0.119048	0.00917431	0.586854	0.00542005	1.01389	0.00297619	0.134921	0.00330033	13.4949	0.00374532	0.0952381	0.00277778	0.0657895	0.0222222	2.33684	0	0.982269	0.0114943	0.151899	0	0.479167	0	0.0271318	0	1.01418	0	0	0	0.0787037	0	0	0	0.111111	0	3.1129	0.0284553	3.79235	0.0243056	3.93651	0	3.98742	0.0493827	1.17514	0.0173611	31.1607	0	25.1833	0.0253623	155.731	0	20.4727	0	15.7636	0.00660066	30.7953	0	4.05229	0.0464135	0.0869565	0.119658	0.0615385	0	0.052381	0.0462963	0.0213675	0	0.152174	0	0.451852	0.00462963	0.413333	0.0222222	0.801418	0.0659722	2.82011	0.0026455	0.222222	0.00378788	6.21429	0.0646259	14.4323	0	1.16959	0.0151515	4.2971	0	0.00483092	0.0146199	0.0295359	0.0141844	0.00574713	0	0.00277778	0.00606061	0.0169492	0.00888889	0.00505051	0.004329	0	0	0.00421941	0	0.0168776	0.00308642	0.025641	0.00343643	0.0025641	0.00308642	0.0168776	0.0107527	0.0193237	0.0030581	0.333333	0.0114943	0.0138889	0.0106383	0.133333	0	0.164319	0.00680272	5.47619	0	0.0564103	0.00287356	0.675926	0.00287356	4.24044	0.00271003	6.61574	0.00292398	9.97279	0.0253165	1.68841	0.00877193	0.256039	0.00584795	11.6944	0.0641026	16.8462	0.0555556	20.4233	0.0042735	10.9907	0.0590717	1.39007	0.0165017	0.106061	0.0136054	3.67925	0.0344828	0.655172	0.0153257	11.114	0.0252525	8.70556	0.0307692	3.34234	
