data	data	4947.17	3565.43	5699.93	2369.27	14334.2	11335.1	4359.46	2789.84	2628.14	2776.46	1029.77	2417.52	9343.17	6283.99	6694.35	3511.75	2594.2	2351.2	2682.51	5662.6	3546.13	2552.79	1426.02	1753.89	2258.32	2638.45	10450.7	9607.33	1367.8	3329.54	1729.15	1287.31	1509.17	1977.57	3636.9	990.186	1827.48	1520.51	3024.31	1352.87	2659.26	1107.11	1989.93	1412.33	1349.46	1203.2	2106.37	2823.72	1889.96	865.63	3210.6	2144.55	3119.97	2262.32	2522.7	5419.67	6787.24	2021.96	5091.75	4979.05	2192.3	2027.45	2966.12	2206.73	1423.22	1950.51	971.484	1051.32	8586.87	6009.1	3735.48	1836.74	3630.52	2777.01	1945.64	2483.86	5184.57	2797.41	3773.41	3180	3608.37	3275.27	3891.73	2749.54	3026.69	2843.54	2659.72	4525.44	3453.75	3953.71	1886.04	2360.41	1614.49	5261.05	4090.76	2260.75	3351.26	1897.7	1973.82	1919.87	3167.5	3146.07	6078.45	6602.85	5895.44	6790.93	5383.92	3875.03	2048.25	1727.7	1321.64	1355.73	1597.89	1605.1	1578.12	2194.52	986.347	1155.1	1493.9	1461.85	1682.28	2051.34	1314.3	2133.85	4218.5	5100.17	4675.4	5483.45	1300.25	2114.6	2214.27	3126.91	4006.39	3981.15	5621.25	6253.67	3656.95	6884.17	1843.82	3619.67	4802.24	2813.84	6675.14	3287.39	3090.42	1931.5	1906.85	3130.79	936.91	2639.17	2385.29	3465.67	954.105	1971.44	3048.41	3184.91	1310.03	929.67	2237.13	3238.16	6290.12	4945.94	1208.4	1207.61	3047.88	1071.05	803.626	806.47	6943.07	3562.67	546.77	894.49	2448.82	785.34	729.315	1017.95	737.48	2121.47	891.99	1144.7	2613.17	2144.95	566.681	797.044	728.441	1224.35	750.326	1384.14	2427	6271.71	5425.12	3473.07	8787.65	6205.41	2623.59	3687.57	10090.6	5588.47	6427.69	4518.68	2702.31	2871.83	6439.39	6024.89	3864.27	4800.13	7873.9	9241.77	4428.27	5409.22	1461.38	1749.57	4254.44	5369.74	8909.91	8831.24	13034.9	9552.52	8600.5	8855.23	6641.27	7116.64	11192.2	9884.5	11839.7	8349.63	4776.01	6438.29	8815.56	13709.2	4654.27	6042.17	8732.31	4282.33	3379.79	3870.78	5062.96	4542.83	6505.16	6717.65	7913.41	5332.45	6112.12	4242.2	6904.31	6828.43	
data	data	SFG_L_7_1	SFG_R_7_1	SFG_L_7_2	SFG_R_7_2	SFG_L_7_3	SFG_R_7_3	SFG_L_7_4	SFG_R_7_4	SFG_L_7_5	SFG_R_7_5	SFG_L_7_6	SFG_R_7_6	SFG_L_7_7	SFG_R_7_7	MFG_L_7_1	MFG_R_7_1	MFG_L_7_2	MFG_R_7_2	MFG_L_7_3	MFG_R_7_3	MFG_L_7_4	MFG_R_7_4	MFG_L_7_5	MFG_R_7_5	MFG_L_7_6	MFG_R_7_6	MFG_L_7_7	MFG_R_7_7	IFG_L_6_1	IFG_R_6_1	IFG_L_6_2	IFG_R_6_2	IFG_L_6_3	IFG_R_6_3	IFG_L_6_4	IFG_R_6_4	IFG_L_6_5	IFG_R_6_5	IFG_L_6_6	IFG_R_6_6	OrG_L_6_1	OrG_R_6_1	OrG_L_6_2	OrG_R_6_2	OrG_L_6_3	OrG_R_6_3	OrG_L_6_4	OrG_R_6_4	OrG_L_6_5	OrG_R_6_5	OrG_R_6_6	OrG_R_6_6	PrG_L_6_1	PrG_R_6_1	PrG_L_6_2	PrG_R_6_2	PrG_L_6_3	PrG_R_6_3	PrG_L_6_4	PrG_R_6_4	PrG_L_6_5	PrG_R_6_5	PrG_L_6_6	PrG_R_6_6	PCL_L_2_1	PCL_R_2_1	PCL_L_2_2	PCL_R_2_2	STG_L_6_1	STG_R_6_1	STG_L_6_2	STG_R_6_2	STG_L_6_3	STG_R_6_3	STG_L_6_4	STG_R_6_4	STG_L_6_5	STG_R_6_5	STG_L_6_6	STG_R_6_6	MTG_L_4_1	MTG_R_4_1	MTG_L_4_2	MTG_R_4_2	MTG_L_4_3	MTG_R_4_3	MTG_L_4_4	MTG_R_4_4	ITG_L_7_1	ITG_R_7_1	ITG_L_7_2	ITG_R_7_2	ITG_L_7_3	ITG_R_7_3	ITG_L_7_4	ITG_R_7_4	ITG_L_7_5	ITG_R_7_5	ITG_L_7_6	ITG_R_7_6	ITG_L_7_7	ITG_R_7_7	FuG_L_3_1	FuG_R_3_1	FuG_L_3_2	FuG_R_3_2	FuG_L_3_3	FuG_R_3_3	PhG_L_6_1	PhG_R_6_1	PhG_L_6_2	PhG_R_6_2	PhG_L_6_3	PhG_R_6_3	PhG_L_6_4	PhG_R_6_4	PhG_L_6_5	PhG_R_6_5	PhG_L_6_6	PhG_R_6_6	pSTS_L_2_1	pSTS_R_2_1	pSTS_L_2_2	pSTS_R_2_2	SPL_L_5_1	SPL_R_5_1	SPL_L_5_2	SPL_R_5_2	SPL_L_5_3	SPL_R_5_3	SPL_L_5_4	SPL_R_5_4	SPL_L_5_5	SPL_R_5_5	IPL_L_6_1	IPL_R_6_1	IPL_L_6_2	IPL_R_6_2	IPL_L_6_3	IPL_R_6_3	IPL_L_6_4	IPL_R_6_4	IPL_L_6_5	IPL_R_6_5	IPL_L_6_6	IPL_R_6_6	PCun_L_4_1	PCun_R_4_1	PCun_L_4_2	PCun_R_4_2	PCun_L_4_3	PCun_R_4_3	PCun_L_4_4	PCun_R_4_4	PoG_L_4_1	PoG_R_4_1	PoG_L_4_2	PoG_R_4_2	PoG_L_4_3	PoG_R_4_3	PoG_L_4_4	PoG_R_4_4	INS_L_6_1	INS_R_6_1	INS_L_6_2	INS_R_6_2	INS_L_6_3	INS_R_6_3	INS_L_6_4	INS_R_6_4	INS_L_6_5	INS_R_6_5	INS_L_6_6	INS_R_6_6	CG_L_7_1	CG_R_7_1	CG_L_7_2	CG_R_7_2	CG_L_7_3	CG_R_7_3	CG_L_7_4	CG_R_7_4	CG_L_7_5	CG_R_7_5	CG_L_7_6	CG_R_7_6	CG_L_7_7	CG_R_7_7	MVOcC	MVOcC	MVOcC	MVOcC	MVOcC	MVOcC	MVOcC	MVOcC	MVOcC	MVOcC	LOcC_L_4_1	LOcC_R_4_1	LOcC_L_4_2	LOcC_R_4_2	LOcC_L_4_3	LOcC_R_4_3	LOcC_L_4_4	LOcC_R_4_4	LOcC_L_2_1	LOcC_R_2_1	LOcC_L_2_2	LOcC_R_2_2	Amyg_L_2_1	Amyg_R_2_1	Amyg_L_2_2	Amyg_R_2_2	Hipp_L_2_1	Hipp_R_2_1	Hipp_L_2_2	Hipp_R_2_2	BG_L_6_1	BG_R_6_1	BG_L_6_2	BG_R_6_2	BG_L_6_3	BG_R_6_3	BG_L_6_4	BG_R_6_4	BG_L_6_5	BG_R_6_5	BG_L_6_6	BG_R_6_6	Tha_L_8_1	Tha_R_8_1	Tha_L_8_2	Tha_R_8_2	Tha_L_8_3	Tha_R_8_3	Tha_L_8_4	Tha_R_8_4	Tha_L_8_5	Tha_R_8_5	Tha_L_8_6	Tha_R_8_6	Tha_L_8_7	Tha_R_8_7	Tha_L_8_8	Tha_R_8_8	
4947.17	SFG_L_7_1	0	205.294	764.898	4.21705	186.468	38.3411	174.4	31.619	44.8148	5.45736	16.4889	17.7143	0.194444	0.619048	4.48148	0.105691	0.75641	0	2.0098	0.00444444	0.616162	0	5.96825	0.0208333	0.138211	0.010989	0.057971	0.0045977	7.82759	0.152778	8.89655	0	45.1613	0.530612	0.981481	0	9.65556	0.115646	149.917	0.117647	0.00444444	0	0	0	0	0	0	0	0.037037	0.00564972	0	0	0.174242	0	0.318182	0.127907	2.07333	0.0454545	1.75	0.2	0.495238	0	0.432099	0	1.33333	0.0864198	1.4023	0.0227273	0.747475	0.0117647	1.04762	0	8.76471	0	0.0869565	0	3.64539	0	0.289216	0	0.625571	0.0416667	0.228571	0	0.269406	0.0116279	0.422222	0.0162602	0	0.00275482	0	0	0.0717949	0.00826446	0.60274	0.00252525	0.902778	0	0.0136986	0	0.0869565	0	0.03125	0.00505051	0.141553	0.00396825	0	0	0.00537634	0	0	0	0	0	0	0	0.0107527	0.00564972	0	0	0.104762	0.012987	0.0175439	0	1.87778	0.112281	0.194444	0.240143	1.16374	0	2.7619	0.0411985	0.781421	0.00243309	3.69907	0.0204082	2.51913	0.0136054	0	0	0.54359	0	3.91667	0.003367	0.25641	0.00980392	1.35374	0.0766283	3.2093	0.124031	0.117647	0.0162602	0.75	1.03333	0.617486	0	0.0808081	0	0.0601093	0	6.15432	0.0879121	0.867925	0	0.161905	0	0.657143	0.00606061	37.043	0.0507246	2.21256	0	63.5833	0.0561798	0.16	0.533333	8.61905	10.8205	0.231884	1.36559	0.470086	0.047619	4.88235	21.5	0.944444	2.02381	0	0.0683761	0.245614	0.133333	0.0299145	0	0.594017	0.0103093	0.0512821	0.00469484	0.15812	0	5.1036	0.00343643	0	0	0.705628	0.0208333	0.20614	0.0555556	4.16667	0.0590278	2.08219	0.0210526	0.0568182	0	0.533333	0.00784314	5.89333	0.306513	0.973545	0	0.0869565	0.00486618	60.6327	1.20165	0.690141	0.0156863	2.16438	0.0105263	16.8105	36.1667	2.82587	0.194139	1.5045	0	146.872	0.0909091	6.03604	0.0187266	3.98182	0.00243309	31.463	0.0153257	34.537	0.00680272	27.9009	0.00680272	135.964	0.0114943	
3565.43	SFG_R_7_1	205.294	0	119.38	29.8824	12.9778	93.7477	124.151	59.6944	29.6585	70.9762	11.5315	25.1515	0.0718954	2.93333	0.0190476	3.03846	3.11905	16.5833	0	0.198198	0	0.960784	8.26016	5.35802	3.38298	0.00833333	0.0653595	0.027451	0.00757576	36.4048	0.0217391	0.145833	0.181159	27.6667	0	0.0104167	0.012012	8.25	1.84783	20.4828	0.0192308	0	0	0	0	0	0.00617284	0.00505051	0.0035461	0.00564972	0	0	0.00724638	0	0.155039	0.00833333	0.285714	0	1.61806	1.09804	0	0	0.0757576	0.0804598	0.156463	44.4314	0.891473	5.37255	0.00877193	0.0735294	0	0	0.0666667	0.00660066	0	0.0326797	0.222222	0.00308642	0.015625	0.0181818	0.0291667	0.344262	0	0.0769231	0.012987	0.145833	0	0.127778	0	0.00647249	0	0.0227273	0	0.148718	0.0416667	0.003003	0.0333333	0	0	0	0.00813008	0	0	0.00600601	0.0133333	0.00246914	0	0.00323625	0.00362319	0	0.0537634	0.0116959	0	0.010101	0.0740741	0.030303	0	0.00564972	0.0537634	0.0584795	0	0.0643275	0	0.0466667	0.235556	1.10929	0.030303	1.77114	0.282407	0	0.2723	0.485876	0.16	0.0252525	0.0620155	0.347619	0.457778	0.347619	0	0	0.0958904	0	0.182171	0.00574713	0	0.037037	2.20667	5.15646	0.42	12.4333	0.183673	1.92593	1.30612	25.9316	0.00490196	0	0	0	0	0	0.188889	0.886792	0	0.0434783	0.00512821	0.0190476	0.00740741	0.171717	0.815261	0.703196	0.00416667	0.00995025	0.962963	1.9005	0.573333	2.36275	3.1453	7.15833	0.00574713	17.7424	0.833333	2.42636	0.00854701	65.6842	0.179487	35.1667	0.0119048	1.50617	0.0253165	0.153153	0.00469484	0.00444444	0.0448718	0.117117	0.00497512	0	0.0322581	0.0405405	0.194139	0.04	0	0	0.0543478	0.396396	0.0299145	0.00246914	0.124542	0.378378	0.0561798	0.533333	0.0070922	0	0.0116279	0.0694444	0.0503876	3.31034	0.0512821	0.494048	0.0440771	0.141553	0.360465	38.3901	0.0463768	0.276836	0.10989	0.0821918	0.464052	94.0196	0.0510511	4.81313	0.00343643	92.6667	0.379845	71.6992	0.257576	0.070922	0.0266667	12.1238	0.650206	66.2745	0.228758	69.9706	0.176471	62.4706	0.188679	84.8889	
5699.93	SFG_L_7_2	764.898	119.38	0	2.36296	294.889	29.0758	118.368	0.255814	0.00416667	0.0296296	0.388889	15.8016	0.0325203	0.025641	85.2727	0.475	3.79012	0	23.9333	0.00444444	5.77419	0	78.2157	0.0208333	3.81333	0.0217391	0.04	0.00490196	28.092	0.1875	24.4368	0	110.211	0.526667	2.47475	0	23.0333	0.0866667	294.333	0.124183	0.0120482	0	0	0	0	0	0	0.0037037	0.021164	0	0	0	0.310606	0	0.568182	0.120155	1.55556	0.0454545	0.617021	0.029304	0.981481	0	1.58974	0	0.187135	0	0.0238095	0	0.546875	0.00245098	3.41063	0	16.451	0	0.188406	0	7.2029	0	0.74537	0	1.6621	0.0243902	0.454545	0	1.01826	0.00623053	1.38667	0.00793651	0.0037037	0	0.00287356	0	0.0461538	0.00252525	1.58108	0.00252525	2.59722	0	0.0502283	0	0.182648	0	0.03125	0.00252525	0.187215	0.00396825	0.00287356	0	0.00537634	0	0	0	0	0	0	0	0.00537634	0	0	0	0.338095	0.00813008	0.0844444	0	1.11475	0.126316	0.413146	0.243728	3.52874	0	1.6954	0.071161	1.78109	0.00486618	6.02347	0.0243056	7.76923	0.0123457	0.010101	0	2.5404	0	7.55714	0.003367	0.948718	0.00980392	0.00555556	0.0272109	0.106918	0.00343643	0	0	0.0296296	0.00387597	3.77596	0	0.26776	0	0.338889	0	10.0282	0.12963	2.77586	0	0.295238	0	1.82828	0.00606061	79.4918	0.0137457	7.25121	0	96.9149	0.029304	0	0.0204082	2.0813	7.58333	0	0.00980392	0.034188	0.02	0.0144928	0	0	0.0266667	0	0	0.298246	0.164706	0.021097	0	0.726496	0.0103093	0.0793651	0.00469484	0.106838	0	7.41892	0	0	0	1.0303	0.0103093	0.275556	0.0753968	5.84475	0.0520833	2.81481	0.0210526	0.0651341	0	0.353535	0	6.82993	0.399225	0.492308	0	0.057971	0.0111111	79.5903	0.873016	0.782407	0.0185185	3.45662	0.0140351	6.07547	23.2941	19.0591	0.15942	10.2479	0	152.02	0.0969697	5.91228	0.0114943	1.8631	0.00243309	27.991	0.00766284	25.7928	0.00680272	18.8649	0.00680272	124.964	0.00383142	
2369.27	SFG_R_7_2	4.21705	29.8824	2.36296	0	1.30233	222.795	1.17424	108.042	0.00660066	0.717949	0.850877	0.421053	0	0.0196078	0.00724638	482.694	0.0144928	14.9359	0	5.23333	0	0.708333	0.0238095	48.5152	0	35	0	0.037037	0	31.3333	0	0.16	0	38.4444	0	0.128205	0	9.46914	0.00757576	14.369	0	0	0	0	0	0	0	0.00505051	0	0	0	0.091954	0.00362319	0.0123457	0.020202	9.67949	0.104651	2.60256	0.310078	3.61728	0	0.0185185	0.00724638	0.202381	0	0.0217391	0	0.0212766	0.0125	0.016129	0	0.0777778	0	0.00687285	0	0.109195	0.00512821	0.0461538	0	0.12069	0	0.45977	0.00401606	0.0944444	0	0.131148	0.00512821	0.356322	0	0.026936	0	0.0265152	0	0.0266667	0	0.0983607	0	0	0	0.015625	0	0.0153846	0	0.0132013	0.00843882	0.00246914	0	0	0	0	0	0	0	0	0	0	0	0	0	0	0	0.0833333	0	0.0283688	0.0515873	1.93229	0	2.33831	0.0133333	0	0.0177778	1.07812	0.0198413	0.854167	0.00555556	0.90303	0.0263158	1.46667	0	0	0.00823045	0	0.0155039	0.0070922	0	0.125926	0	0.015873	0	0.0402299	0	0.0047619	0	0	0	0.0169492	0	0	0	0.02	0.0344828	6.2906	0	0.046875	0	0.0196078	0	0.427083	0.0313726	2.79412	0	0.401961	0.0232558	3.45833	0	0	0	0	0	0	0	0	0	0	0	0	0	0	0.0506329	0.251142	0	0.00877193	0.00297619	0.162162	0.0248756	0	0	0.018018	0.003663	0.136986	0	0	0	0.747748	0.0692641	0.0121951	0.003663	0.630137	0.00453515	0.626866	0	0.00641026	0.00833333	0.0266667	0.0210526	6.19209	0.00416667	0.0185185	0.00555556	0.0928962	0.100358	34.2821	0.00555556	0.04	0.00555556	0.04	0.0610329	4	0.00595238	8.85641	0	7.8381	0.414729	10.1319	0.0454545	0.0144928	0.0160643	0.285714	0.197531	3.26263	0.081761	1.9899	0.0375587	1.50505	0.130719	8.28571	
14334.2	SFG_L_7_3	186.468	12.9778	294.889	1.30233	0	549.196	1.33333	0.00687285	0.333333	0.0814815	158.564	148.5	449.45	238.943	734.209	11.0455	5.28571	0.00680272	168.788	61.9203	149.174	0.770833	6.9	0.00680272	2.35135	0	144.625	86.1389	9.76543	0.188406	51.6282	0.833333	29.5977	0.434783	261.808	0.945578	50.3333	0.5	51.5376	0.0133333	0.17931	0.00497512	19.1538	0.047619	0.00716846	0	0.045614	5.89333	0.0590717	0	146.256	0.406667	0.464052	0	1.04348	0.0193798	2.04023	0.0114943	0.895833	0.00444444	0.652482	0	1.12222	0	0.475177	0	0.528986	0	13.7108	0.0226757	5.71429	0	13.5588	0	0.396135	0.00333333	25.7926	0.00226757	1.9641	0	3.13242	0.021097	4.59259	0.0134409	2.62613	0.00392157	2.69778	0.00406504	0.0691057	0.00246914	0.0243902	0	0.935323	0.0275862	2.72444	0.00252525	4.44595	0	0.226496	0	0.535088	0	0.724638	0.0490196	0.377193	0.00239808	0.0510204	0	0.0623306	0.0171569	0.477477	0	0.0758808	0.0102564	0.689189	0	0.0191571	0	0.572072	0.030303	0.695238	0.00666667	0.324444	0	15.0796	0.119565	8.64384	0.143369	7.38462	0	4.38418	0.025641	23.8967	0	27.1549	0.016835	19.2892	0.00934579	0.0707071	0	5.65152	0	22.4396	0	1.5202	0	15.631	0.198582	1.96528	0.119497	3.41379	0.262087	17.5033	0.0411985	9.92896	0	0.472222	0	0.706215	0	25.1056	0.037037	6.35556	0	3.65657	0	23.6774	0.0490196	287.662	0.0462046	14.0918	0	75.592	0.0265152	1.91333	0.17284	29.6825	50.3413	5.68056	0.910569	15.0769	0.047619	5.23704	0.117647	13.56	0.242857	0.00584795	0.147059	0.342105	0.115044	4.45079	0.129496	28.218	0.485507	0.113553	0	27.8547	0.396594	44.1733	0.00343643	1.08219	0	36.094	0.0535714	5.35088	0.0634921	41.3377	0.530414	16.6892	0.0165017	0.121212	0	2.81643	0.0175439	19.5392	0.102273	24.2438	0.506361	19.5778	0.694444	168.049	0.263158	19.6933	0.16129	107.644	0.808429	243.65	18.2644	97.1741	0.389381	190.632	0.479675	176.609	0.141304	8.42342	0.336957	48.1129	0.193416	135.333	0.0842491	251.719	0.276423	247.803	0.153846	292.281	0.215686	
11335.1	SFG_R_7_3	38.3411	93.7477	29.0758	222.795	549.196	0	1.06977	0.444444	1.27132	0.0490196	92.5079	308.907	78.4074	357.904	104.442	274.933	1.32558	7.64286	0.0363636	427.972	0	106.364	3.78049	13.4074	2	1.92	2.83688	41.4167	0.125926	38.9136	0.115942	24.5309	0.391304	41.5595	0.262411	52.72	0.0992908	34.8395	1	1.76667	0.340426	0.0294118	0.0070922	22.3968	0	0	0.0416667	0.0432099	0.0545455	0.025	0.0652174	76.6944	0.0222222	0.0178571	0.0643275	1.26263	0.198413	0.225989	0.678295	0.567901	0.0121212	0.572327	0.159091	0.0119048	0.0522876	7.50833	0.210884	0.350877	0.0353982	1.9359	0	0.650273	0.0522876	1.65657	0	0.8125	0.185185	1.1037	0.015873	0.802083	0.00833333	3.81279	0.0183486	0.261364	0.0253165	2.19913	0.00512821	1.17593	0.00207039	0.326667	0	0.329545	0	0.873418	0.00833333	0.0756014	0.0590717	0.580087	0	0.0392157	0	0.0631579	0.00520833	6.78829	0.0157233	0.00479616	0.003367	0.0718954	0.00606061	13.4	0	15.6029	0	2.3619	0.00925926	17.9608	0.0181818	0.171171	0.00462963	15.0294	0.00358423	0.695238	0	0.177083	0.495935	12.1741	1.44326	18.0392	0.447489	0.235897	0.207207	3.75253	0.226667	6.31343	0.166667	6.07463	0.495614	5.6087	0	0.0225989	0.109649	0.0625	0.214559	0.0434783	0	1.38418	1.92727	6.5	0.0880503	5.7415	0.344444	9.88889	3.74214	37.2517	0	0.846995	0	0.289308	0	0.333333	0.152381	2.27778	0	2.62319	0	1.49383	0	15.5977	1.10853	117.319	0.00416667	4.32836	1.02083	8.21212	2.75	26.7222	30.2248	95.1407	5.22807	45.6739	0.139394	73.8533	0.373563	19.5203	0.380117	28.2695	0.0444444	8.53968	0.0188679	62.8404	0.606481	10.7095	0.541667	43.412	0	0.00980392	0.474359	31.7606	0.421245	6.12329	0	0.0562771	0.488673	71.968	0.0345679	4.62037	0.965636	32.6895	0.90625	7.9	0.0244648	0.0133333	0.0176991	0.903509	0.0691824	24.6816	0.039039	26.9552	0.185185	99.6752	0.89372	156.258	0.251366	1.00439	0.312684	117.785	0.675214	214	0.212389	156.176	0.119342	249.684	0.817829	112.464	0.363296	0.0962199	0.634921	77.9369	0.681818	42.3333	0.277108	86.1111	0.337398	123.852	0.104418	120.425	
4359.46	SFG_L_7_4	174.4	124.151	118.368	1.17424	1.33333	1.06977	0	50.058	254.152	106.585	0.0512821	0.747967	0.173913	0.00641026	2.3	0.0120482	6.30556	0	1.53788	0	1.56863	0	7.44928	0.00421941	62.9012	0.306202	0.0974359	0.0182648	25.631	0.0411523	3.62626	0	15.977	0.071161	2.22807	0	2.86869	0.0291667	73.0111	0.0795455	0.00512821	0	0.0283688	0	0	0	0.00512821	0	0.0952381	0	0.0141844	0	1.72917	0.0116279	63.4341	0.732558	5.30612	0.054902	22.0227	0.17803	16.798	0.00387597	14.1556	0.0348837	2.03922	0.357143	0	0.271318	2.77957	0.0509804	0.202899	0	3.12121	0	0.00938967	0	1.96296	0.0025641	0.113333	0	0.150235	0	0.0410959	0.00775194	0.101852	0.00934579	0.152778	0	0.00347222	0.00529101	0	0.00877193	0.015625	0.054902	0.125	0	0.201878	0	0.00584795	0	0.018018	0	0	0.0133333	0.134259	0.00600601	0.00694444	0	0.0111111	0	0	0.003003	0	0	0	0	0.0222222	0.0037037	0	0	0.0333333	0	0	0	2	0.368794	0.193237	0.623188	0.10101	0	3.4717	0.236559	0.289216	0.0245614	4.57143	0.0851064	0.741293	0.072165	0	0	0.109375	0	2.8744	0	0.040404	0	0.0156863	0.0705882	2.56566	0.04	0	0	0.00775194	0.030303	0.105556	0	0.00555556	0	0.00555556	0	6.25641	0.473485	0.12766	0	0.101852	0	0.190476	0	17.6368	0.00740741	0.828431	0	48.4545	0.00374532	0	0.00793651	0.854701	0.316667	0	0	0	0.00641026	0.12963	0	0	0.031746	0	0	0.246575	1.11905	0.00900901	0	0.260536	0.0245614	0.0740741	0	0.148148	0	4.07306	0.0173611	0	0.00320513	0.603704	0.0137457	0.189815	0.807229	4.39189	0.207018	2.0939	0.14539	0.275862	0	5.62903	0.0235294	32.942	1.84706	0	0	0.237374	0.0295359	175.762	3.0902	5.90256	0.0740741	1.53333	0.0305164	20.5333	1.8125	31.5062	0.181159	0.0338164	0	378.128	0.0769231	22.1	0.0106667	0.279762	0	31.2323	0.00246914	17.4343	0	12.4646	0.00374532	153.052	0.00246914	
2789.84	SFG_R_7_4	31.619	59.6944	0.255814	108.042	0.00687285	0.444444	50.058	0	87.1288	168.984	0.00793651	0.00900901	0	0.00641026	0	11.5972	0	6.74074	0	0.209877	0	0.205882	0	8.97333	0.458333	66.85	0	0.0268199	0	14.9136	0	0.00793651	0	20.0111	0	0	0	3.89286	0	14.7667	0	0	0	0.00653595	0	0	0	0	0	0	0	0.0261438	0.106383	0.0752688	4.52381	91.7879	0.820513	2.2	11.0764	8.04	0	0.0185185	0.00350877	0.816092	0.435897	0.258065	3.14894	2.21212	0	1.90164	0	0.0246914	0	0.0173611	0	0.0653595	0	0.0497512	0	0.156863	0	0.127273	0	0.015873	0	0.0496454	0	0.187135	0	0.103825	0	0.00647249	0	2.20219	0	0.146893	0	0.00740741	0	0.0833333	0	0.0877193	0	0.00330033	0.0405405	0.004329	0	0	0	0	0	0	0	0	0	0	0	0	0	0	0	0.00606061	0	0	0.338384	3.8381	0.00757576	1.0922	0	0	0.323077	3.10417	0.00716846	1.31579	0	1.03546	0	1.98485	0	0	0	0	0.00378788	0.0144928	0	0.0185185	0.0242424	0.0285714	1.58333	3.89583	0	0	0.0133333	0	0	0	0	0	0	0	0.0705882	12.4896	0	0.0196078	0	0.0761905	0	0.362745	0.00694444	0.413146	0	0.00490196	0.00694444	4.76667	0.0070922	0	0	0	0	0	0	0	0.0666667	0	0.391667	0	0	0	0.0699588	0.146119	0	0.00456621	0.00378788	0.0711111	0.00995025	0.00865801	0	0.0273973	0.00347222	0.0311111	0	0	0	0.217778	0.128205	0.0246914	0.00347222	0.22973	0	0.777778	0	0.00680272	0	2.12022	0.04811	29.538	0	0	0	1.49727	0.185965	225.601	0	2.21311	0	0.0288462	0.225806	7.27161	0	3.37736	0.00546448	64.6667	0.655172	134.932	0.047619	0.408333	0.00757576	0.324324	0.516667	18.375	0.0851064	3.51613	0.0340136	0.850575	0.10101	73.4571	
2628.14	SFG_L_7_5	44.8148	29.6585	0.00416667	0.00660066	0.333333	1.27132	254.152	87.1288	0	136.45	0.0729167	0.81746	0.101449	0.432432	0.0456621	0	0	0	0.00938967	0	0	0	0	0	0.0972222	0.0144928	0.0392157	0.0112613	0	0.00680272	0	0	0	0.00694444	0	0	0	0	0	0	0	0	0	0	0	0	0	0	0.00793651	0	0	0	0.193548	0	70.5985	6.17037	1.37302	0	118.146	0.881481	0.114035	0	0.236559	0	28.0833	1.0873	144	15.6068	2.08602	0.0102564	0	0	0	0	0	0	0	0.00512821	0	0	0	0	0	0.00512821	0	0	0	0	0.00347222	0	0	0.00292398	0.0104167	0.0117647	0	0	0	0	0	0	0	0	0	0.00533333	0.00347222	0.00584795	0.00347222	0	0.00555556	0	0	0.00292398	0	0	0	0	0.010929	0	0	0	0	0	0	0	3.31373	0.0744681	0.0037037	0.163121	0	0	9.57292	0.0471014	0.00271003	0	0.285714	0.0206186	0	0.0103093	0	0	0	0	0.0329218	0.00314465	0	0	0.341667	0.0769231	15.3778	0.607143	0	0.00833333	1.17333	0.323529	0	0	0	0	0	0	3.64368	0.132576	0	0	0	0	0	0	0.0219298	0	0	0	0.0126582	0	0.125	0.208333	0.254902	0.205882	0.0166667	0.6	0.010101	0.025641	12.3137	1.10753	33.4583	0.75	0	0.017094	0.0222222	1.21961	0	0	0.0869565	0.00680272	0.00512821	0	0.0652174	0	0.507407	0	0	0	0.333333	0.00343643	0.0133333	0.975904	1.10487	0.0584192	0.26506	0.0561404	0.137037	0	4.30108	0.00411523	3.28962	0.188755	0	0.00641026	0.115942	0.00900901	15.0294	0.301961	4.51562	0.111111	0.6	0.0112613	10.6373	0.133333	0.126437	0.047138	0.00456621	0	152.551	0	15.4088	0.00392157	0.2	0	14.4314	0	8.05882	0	5.01961	0	45.6154	0	
2776.46	SFG_R_7_5	5.45736	70.9762	0.0296296	0.717949	0.0814815	0.0490196	106.585	168.984	136.45	0	0.00694444	0.0285714	0.0402299	0	0	0	0	0	0	0	0	0	0	0.0128205	2.86525	0.48	0.0287356	0	0	0.0133333	0	0	0	0.0833333	0	0	0	0.00877193	0	0.025	0	0	0	0	0	0	0	0	0	0	0	0	0.492424	0.0294118	18.7826	239.188	5.20139	0	72.7943	139.553	0	0	0	0.0808081	1.91111	12.7879	20.587	35.1587	0.00865801	1.00529	0	0	0	0	0	0	0	0	0	0	0	0	0	0.00529101	0	0	0	0	0	0	0	0	0	1.22751	0	0	0	0	0	0	0	0	0	0	0	0	0	0	0	0	0.277778	0	0	0	0.344444	0	0	0	0.311111	0	0	0	0	0	0.377049	0.411765	0.021164	0.010929	0	0	0.448276	0	0.0385965	0	0	0	0	0	0	0	0	0	0	0	0	0	3.37821	0.047619	2.91515	4.10753	0.843972	0.00980392	3.83704	4.59259	0	0	0	0	0	0	0.333333	0.551282	0	0	0	0	0	0	0	0	0	0	0	0	1.59091	0.173913	0.00833333	0.00757576	0.0229885	0.0196078	2.60284	0	0.0683761	24.9412	1.26496	13.8406	0	0	0	0.0175439	0.00462963	0	0	0	0	0	0.0347222	0	0	0	0	0	0	0	0.00378788	0.0219298	0.00462963	0	0	0	0	0	0.004329	1.22222	0.213115	4.72667	0.288889	0	0	0.804233	0.045614	79.0943	0	1.2328	0	0.0141844	0.236559	7.56522	0	0.00701754	0.0121212	28.3684	0.322344	92.8844	0.018315	1.62162	0	0.704762	0.716667	10.9091	0.00854701	0.875	0	0.114583	0.0164609	46.9815	
1029.77	SFG_L_7_6	16.4889	11.5315	0.388889	0.850877	158.564	92.5079	0.0512821	0.00793651	0.0729167	0.00694444	0	19.9829	18.2929	4.86047	0.314815	6.10318	0.0123457	0	0	13.4603	0.0114943	0.035461	0	0	0	0	0.451613	0.808511	0	0.00740741	0	0.0816327	0	0	0.047619	0.0272109	0	0	0	0	0.308642	0	0	0	0.00358423	0	0.00701754	0.0204082	0	0	0	0	0	0	0	0	0	0	0.1875	0	0	0	0	0	0.341463	0	0.396825	0	0.181373	0	0	0	0	0	0	0	0.00490196	0	0	0	0	0	0.0571429	0	0	0	0	0	0	0	0	0	0.00505051	0	0	0	0	0	0	0	0	0	0	0	0	0	0	0	0	0	0.00823045	0	0	0	0.00497512	0	0.00411523	0	0.00497512	0	0	0	0	0	0.126984	0	0.0338164	0	0	0	0.0877193	0	0	0	0.00546448	0	0	0	0	0	0	0	0	0	0	0	15.0309	0	5.15556	0.368794	1.31548	0.0151515	18.2766	0.0606061	0	0	0	0	0	0	0.0508475	0	0	0	0	0	0	0	0.0163934	0	0	0	0	0	1.08511	0.0144928	5.04	4.225	38.6863	0.396825	3.10078	0.0232558	12.881	0.00653595	14.0741	0.0530303	1.28889	0.057971	0	0	0.0126582	0	0.0708333	0	0	0	0.0333333	0	0.00854701	0	0	0	0.0325203	0.00314465	0.0125	0	0.017094	0.00314465	0.0263158	0	0	0	0.0784314	0	0.40404	0	0.451282	0	0.0107527	0.025641	0.474576	0.0030303	0.0757576	0.015873	0.0348259	0.0434783	2.59259	10.0833	0.00913242	0.0144928	1.96491	0.0121951	5.7037	0.00732601	0.324561	0.00396825	1.17816	0	3.02632	0	5.77193	0	5.36842	0	9	0.0042735	
2417.52	SFG_R_7_6	17.7143	25.1515	15.8016	0.421053	148.5	308.907	0.747967	0.00900901	0.81746	0.0285714	19.9829	0	5.53488	22.0267	6.56738	0.789474	0.436508	1.03448	0	0.105691	0	0.296296	0.820513	2.97531	0.361702	0	0.00611621	0.021978	0	9.55556	0.0454545	0.753086	0.174242	3.61905	0	0.0114943	0	0.0238095	0.439716	0	0	0	0	0	0	0	0	0	0.00574713	0	0	0	0	0	0.0204082	0.00294985	0.0117647	0	0.156863	0.123457	0.00606061	0	0.0378788	0	0.0333333	4.50833	0.12	0.141667	0.00546448	2.01688	0	0	0	0	0	0	0.0740741	0.0020202	0	0	0	0.00925926	0	0.0352941	0.00833333	0	0	0	0	0.0111111	0	0	0	0.34188	0	0.00392157	0.012987	0	0	0	0	0	0	7.78539	0	0.00943396	0	0.00294985	0	14.6333	0.0047619	17.1225	0	3.39216	0.00925926	20.3431	0	0.162162	0.00925926	17.801	0	0	0	0	0.0793651	0.497354	0.0622222	0.220588	0.14554	0	0.0601852	0.306011	0.0533333	0.079602	0.0705882	0.00497512	0.146667	0.00497512	0	0	0.0394737	0	0.0813954	0	0	0.0138889	2.17901	6.40252	0.0377358	4.52273	0.143519	9.375	4.29412	46.0284	0	0	0	0	0	0.00537634	0.0392157	0.212121	0	0	0	0	0	0	0.388235	0.104478	0	0.0555556	0.302564	0.119403	2.19697	14.8571	4.3	55.7349	0.171717	57.4715	0.126437	68.7619	0.0462963	25.4786	0.289474	25.1783	0	7.72549	0	0.0666667	0	0.0333333	0.045045	0.0854701	0	0	0.0225225	0.196078	0.118519	0.0171821	0	0	0.0430839	0.0843882	0.00653595	0.00294985	0.151163	0.100575	0.0426357	0.0172414	0.00574713	0	0	0.855263	0.0161812	15.8529	0	28.8333	0.0521542	0.0936639	0.406504	10.2114	0.0570776	0.219444	0.0894309	0.0916667	0.111111	35.0278	0.107407	0.683908	0	21.7748	0.116279	11.9388	0.117424	0.0285714	0	7.84259	0.189394	8.34259	0.00574713	13.5278	0.00287356	18.3426	0.010989	11.7105	
9343.17	SFG_L_7_7	0.194444	0.0718954	0.0325203	0	449.45	78.4074	0.173913	0	0.101449	0.0402299	18.2929	5.53488	0	272.763	0.974638	0.0104167	0.037037	0	132.253	7.71318	7.46667	0.0212766	0	0	0.0218579	0	874.596	270.493	0.0144928	0	1.83908	0	0.139785	0	45.6667	0.0133333	2	0	0.0161812	0	134.404	17.7121	35.0769	0.0204082	13.2778	0.0496454	41.9495	161	8.01111	1.39474	97.8718	0.0486111	0.0308642	0	0.0234742	0.00280112	0.0185185	0	0.0238095	0.0100251	0.0251572	0	0.0566038	0	0.03125	0	0.03125	0	29.2269	0.24498	0.162162	0	0.172619	0	0.00925926	0	16.2411	0.016129	2.40136	0	0.277778	0.00396825	10.2925	0.015873	0.0822511	0	0.993464	0	0.468354	0.00584795	0.0121951	0	0.381944	0.0529595	1.96	0.00396825	0.226667	0	0.0735931	0	0.522523	0	21.7731	0.0757576	21.1596	0.00239808	2.52564	0	0.343972	0.037037	1.19556	0.002331	0.454902	0.018315	2.00889	0	0.594595	0.0058997	1.35556	0.0268199	0.0263158	0	0	0	5.10145	0.0103093	6.65238	0.0680272	0.980392	0	0.151961	0	8.90476	0	11.2174	0.00340136	1.80392	0.00340136	0.0047619	0	0.270531	0	4.18841	0	0.0263158	0	1.84375	0.208754	0.528455	0.0542636	2.09836	0.330159	7.26786	0.0980392	0.0677083	0	0.0047619	0	0.00520833	0	0.1875	0.00501253	0.021021	0.0031746	64.0282	0.0188679	0.0916667	0.00595238	62.1343	0.012012	0.014652	0	0.0682731	0	1.02976	0.15625	28.1789	69.8636	43.9706	6.47619	15.0595	0.0656566	15.1667	0.652482	16.9653	0.223958	16.95	29.4706	12.5231	0.280702	40.125	0.333333	89.4414	0.609524	2.0796	0.0030581	75.0913	0.801282	21.5956	0	2.32407	0	59.72	0.03003	38.105	0.00239808	26.3896	0.265152	7.73148	0.0170068	0.477477	0.0204082	0.905405	0.155172	4.15766	0.0903427	46.5463	0.761468	187.577	1.16296	4.71667	0.022409	100.125	2.10053	337.751	0.72327	43.0155	0.194805	15.9807	0.825959	87.7083	0.386831	22.7923	0.076087	0.251852	1.62925	17.4697	0.27572	22.8211	1.59722	47.1626	0.326165	51.5447	0.172996	73.7597	1.25086	
6283.99	SFG_R_7_7	0.619048	2.93333	0.025641	0.0196078	238.943	357.904	0.00641026	0.00641026	0.432432	0	4.86047	22.0267	272.763	0	23.8844	0.037037	0	0	2.57778	91.0773	0.00757576	39.9333	0	0	0	0.025641	82.5852	381.853	0	0.0232558	0.00666667	1.91026	0.00666667	0.0340136	0.958333	7.88462	0.118056	0.630952	0	0.0175439	8.24242	91.5208	0.522727	16.254	0.0921986	0.03125	2.11594	34.36	0.595238	6.15	2.14074	37.0952	0.0047619	0.00628931	0	0	0.0555556	0.0338983	0.0454545	0.0222222	0	0.0588235	0	0.00628931	0.00208333	0	0	0	0.504505	0.116208	0.00340136	0.0983607	0.00311526	0.220721	0	0.161458	0.0111857	0.248366	0.00671141	0.121212	0	0.607306	0.20944	0.189655	0	0.402597	0.00340136	0.239437	0	0.0748299	0	0.0795455	0.0112045	0.0933333	0	0.0935673	0	0.127193	0	0	0	0.00687285	0.00600601	0.0381944	0	0	0	0.013468	0.0112045	0.0070922	0.0188679	0.0311111	0	0.0637255	0.0160256	0.052381	0.0681818	0.0218579	0.0190476	0.183575	0	0.111111	0	0.015625	0.154122	0.711443	12.3298	4.07512	0	0.00520833	0.00424628	0.116162	0	0.666667	0.047138	1.23232	0	1.08333	0	0	0	0.00512821	0.00308642	0	0	0.163934	6.93907	2.81778	0	0.00273224	4.9193	4.72072	0.926357	3.93122	0	0.220339	0	0.0261438	0	0.0388889	0.0125	0.2	0.00311526	0.210784	0.315152	0.555556	0	0.888889	0.145658	20.6479	0	0.1	0	0.369231	1.31973	16.844	16.4574	112.762	3.24242	44.9798	0.078853	6.17687	0.155251	18.8381	0.103604	14.4565	1.94444	199.872	0.0921053	71.3519	4.60317	37.912	5.15723	45.5068	0.00271003	1.65238	5.55975	49.3472	0.145062	1.61574	0	0.0126582	3.81931	29.1461	0.0217391	1.86574	2.29773	14.4566	3.76768	3.07763	0.35119	0	0.169591	0.0492958	0.82716	0.0241546	0.456311	3.86747	1.10592	69.9318	0.387597	3.71505	2.75472	15.8622	0.727536	178.644	0.837302	25.5135	0.392857	166.86	0.455285	48.2803	0.218638	14.3711	0.010101	0.0309278	0.26506	24.8684	1.92233	4.32026	0.894737	14.4123	0.75	16.4074	0.265873	17.0325	
6694.35	MFG_L_7_1	4.48148	0.0190476	85.2727	0.00724638	734.209	104.442	2.3	0	0.0456621	0	0.314815	6.56738	0.974638	23.8844	0	0.0362319	21.2917	0	263.961	17.2778	295.351	0.444444	109.078	0	32.5802	0	3.62963	0.601307	1.36232	0	36.48	0.340278	2.93056	0	115.373	0.639456	16.4938	0.333333	2.13095	0	0.128736	0.00497512	0.166667	0.0204082	0	0	0.0102041	0.00212314	0.0337553	0	4.98851	0.179487	1.25833	0	4.10606	0	2.42222	0	1.39259	0	0.435185	0	1.57895	0	0.0208333	0	0	0	9.23077	0.00877193	0.952381	0	4.62222	0	0.104478	0	28.1473	0	1.67361	0	0.657407	0	1.89671	0.0043573	1.22705	0	0.619718	0	0.0321285	0	0.025641	0	0.357843	0.0131579	0.828829	0	1.72059	0	0.164444	0	0.324561	0	0.352657	0.0169082	0.0819672	0	0.032967	0	0.0376344	0.00966184	0.00819672	0	0.0406504	0.00769231	0.0363636	0	0.00546448	0	0.0325203	0.0040404	0.0945274	0	0.265625	0	7.03535	0.0425532	6.26761	0.0381944	4.30769	0	1.5847	0	22.3235	0	20.981	0.0030581	16.1198	0.0030581	0.133333	0	2.56614	0	21.0398	0	0.171717	0	0.0798122	0.0912281	0.0572917	0.011236	0.00925926	0.108642	0	0.00611621	1.23214	0	0.0153846	0	0.238095	0	2.36782	0.00757576	2.92424	0	3.1	0	38.5517	0.0294118	183.544	0.00606061	0.343284	0	34.6	0.0047619	0.0105263	0.0652174	0.0263158	0.198312	0.0147059	0.142857	0.202469	0.00847458	0	0.0852713	0	0.0561404	0	0.109524	0.0462963	0.0241546	2.92908	0.0555556	10.8528	0.243309	0.046595	0	6.90171	0.180049	32.0533	0	0.507042	0	14.7706	0.0233918	1.08	0.0037037	30.3022	0.265207	11.3242	0.0030581	0.0871795	0	0.97549	0.00606061	7.66667	0.0123457	9.43961	0.195062	0.252033	0.0426065	85.1966	0.149758	5.85586	0.097561	29.6978	0.0833333	100.9	0.0945946	60.1569	0.111111	106.019	0.0394737	74.2636	0.00740741	2.68468	0.143369	17.2769	0.0205761	65.1351	0.0486891	111.632	0.0501792	104.298	0.0315315	128.721	0.0613027	
3511.75	MFG_R_7_1	0.105691	3.03846	0.475	482.694	11.0455	274.933	0.0120482	11.5972	0	0	6.10318	0.789474	0.0104167	0.037037	0.0362319	0	0.0542636	14.3016	0	170.121	0	286.37	0.00793651	331.222	0.0208333	14.6508	0	0.0555556	0.0155039	20.4203	0	11.6667	0	17.087	0	4.97222	0	5.13889	0	0.275362	0	0	0	0	0	0	0	0.00271003	0	0	0	0.935897	0	0.2	0.00401606	8.69048	0.0458333	0.546296	0.170732	0.675676	0	0.036036	0.0155039	1.04938	0	0.010929	0	0.00724638	0.00416667	0.0124611	0	0.111111	0	0.0461538	0	0.105556	0.0102564	0.0140845	0	0.0903955	0	1.95238	0	0.0169492	0	1.42105	0	0.177778	0	0.0380952	0	0.042328	0	0.0509259	0	0.0461538	0	0.0654762	0	0.0572917	0	0.132275	0	0.00653595	0.0045045	0	0	0.00680272	0	0	0	0	0	0	0	0	0	0	0	0	0	0.0961538	0	0.0522876	0.0277778	0.938889	0.00396825	1.00529	0.00444444	0.212121	0.0120482	0.649123	0.00784314	0.540984	0	1.74691	0.00877193	2.59259	0	0.956522	0	1.55319	0.00392157	3.50355	0	0.209302	0	0.0294118	0	0.0238095	0	0.0182648	0	0	0	0.564103	0	0.00854701	0	0.258333	0.0120482	10.0952	0	0.0232558	0	0.0123457	0	0.906667	0.0196078	1.12077	0	0.133333	0.0151515	0.984127	0	0	0	0	0	0	0	0	0	0	0	0	0	0	0	0.22381	0	0.0133333	0	0.147619	0	0	0	0.0225225	0.010989	0.0666667	0	0.00564972	0	0.514286	0.0045045	0	0.00564972	0.512077	0.003663	0.740113	0	0.0333333	0.00416667	0.0058997	0.00416667	1.18519	0.00416667	0.0892857	0.00282486	2.5873	0.0177778	7.42949	0.00282486	0.0117994	0.00282486	0.576923	0.017316	6.4381	0.00564972	4.10582	0	5.52632	0.197531	2.61635	0.0515873	0.00289855	0.00833333	1.70476	0.0784314	0.952381	0.0166667	1.81905	0.00833333	3.01905	0.00505051	2.65789	
2594.2	MFG_L_7_2	0.75641	3.11905	3.79012	0.0144928	5.28571	1.32558	6.30556	0	0	0	0.0123457	0.436508	0.037037	0	21.2917	0.0542636	0	0.00724638	17.641	0	192.387	0	154.965	0.00724638	180.85	0	0.0104167	0	109.611	0.111111	112.962	0	13.3111	0.222222	47.7778	0	1.46429	0.0141844	14.4933	0	0	0	0	0	0	0	0	0	0	0	0.0111111	0	38.2464	0	32.1026	0.00401606	19.2667	0.00401606	4.33333	0	0.390805	0	227.25	0	0	0	0	0	0.031746	0	0	0	0.690476	0	0	0	0.372093	0	0.017094	0	0.116667	0.00416667	0	0	0.294118	0	0	0	0	0	0	0	0.00546448	0	0.172222	0	0.280702	0	0	0	0.0666667	0	0.00546448	0	0	0	0	0	0	0	0	0	0	0	0	0	0	0	0	0	0.0261438	0	0.0266667	0	4.44186	0.00757576	0.00740741	0.00392157	28.5935	0	8.14286	0	9.20155	0	0.117949	0	1.57639	0	0.27193	0	1.78571	0	0.574074	0	0	0	0	0	0	0	0	0	0	0	10.7255	0	0	0	1.33333	0	6.22857	0	0	0	0.0952381	0	0.555556	0.00666667	1.83721	0.0107527	0.0047619	0	3.38095	0.00784314	0	0	0	0	0	0	0	0	0	0	0	0	0	0	0	0	0	0	0.0585586	0.00358423	0	0	0	0	0.219048	0.00358423	0	0	0.0502283	0.00716846	0.00444444	0	0.138095	0.00358423	0.0539216	0	0.00406504	0	0.00813008	0	0.0327869	0.00401606	0.0163934	0	0	0	0.777778	0.00784314	0.0144928	0	0.0434783	0	0.0546448	2.45161	0.175439	0.0107527	0.0698925	0.00595238	0.777778	0.00595238	0.0520833	0	0.0382514	0	0.15625	0	0.262626	0	0.222222	0	0.467836	0.00595238	
2351.2	MFG_R_7_2	0	16.5833	0	14.9359	0.00680272	7.64286	0	6.74074	0	0	0	1.03448	0	0	0	14.3016	0.00724638	0	0	2.16667	0	5.8718	0.00724638	114.111	0	61.7361	0	0.00282486	0	470	0	2.01333	0	39.9615	0	0.0777778	0	1.32051	0	10.4744	0	0	0	0	0	0	0	0	0	0	0	0	0	4.68	0	18.7917	0.0191571	4.77778	0.0281124	1.0625	0	0.0215054	0	123.246	0	0	0	0	0	0	0	0.273504	0	0.114035	0	0.276423	0	0	0	0.0454545	0	28.2876	0	0	0	24.5957	0	11.7712	0	0.00340136	0	0.015625	0	0.00326797	0	0.00574713	0	0.716312	0	0.0641026	0	0.030303	0	0.00326797	0.00854701	0	0	0	0	0	0	0	0	0	0	0	0	0	0	0	0	15.5867	0	17.6383	0.00350877	3.30556	0.00387597	0.116162	0	7.09524	0.00378788	3.73333	0	3.95238	0	2.53488	0	8.90698	0	14.6944	0	19.2456	0	54.875	0	4.39024	0	0	0	0.00813008	0	0	0	0	0	12.5357	0	0.0261438	0	8.72222	0.00378788	5.90833	0	0.0555556	0	0	0	0.0181818	0	0.191176	0	0.0833333	0	0.241026	0	0	0	0	0	0	0	0	0	0	0	0	0	0	0.0135135	0.0422535	0	0	0	0.0185185	0	0	0	0.00925926	0	0.0185185	0	0	0	0.0925926	0.0135135	0	0	0.0610329	0	0.15625	0	0.0612245	0	0	0	0.769231	0	0	0	0	0.0114943	1.69753	0	0	0	0.0177778	0	0.0416667	0	0.71875	0	0	0.0243902	0.0760234	0.00378788	0.0166667	0	0	0.00701754	0	0	0	0	0	0	0.010101	
2682.51	MFG_L_7_3	2.0098	0	23.9333	0	168.788	0.0363636	1.53788	0	0.00938967	0	0	0	132.253	2.57778	263.961	0	17.641	0	0	0.00254453	217.196	0	33.3846	0	17.2222	0	201.348	2.23704	0.309524	0	0.357143	0	0.622222	0	43.5833	0	4.05747	0	0.787879	0	0.00784314	0	10.3333	0	0.0133333	0	0	0.681159	0	0	63.6515	0	0.472868	0	1.08511	0	0.659864	0	0.313333	0	0.191667	0	0.635659	0	0	0	0	0	1.14394	0	0.263889	0	2.1619	0	0.00925926	0	2.75362	0	0.324786	0	0.106667	0	0.0548523	0	0.240196	0	0.106838	0	0.00803213	0	0.00401606	0	0	0	0.0995671	0	0.302632	0	0.00877193	0	0.0120482	0	0.00469484	0	0.0324074	0	0.018018	0	0	0	0	0	0	0	0	0	0	0	0	0	0.0273973	0	0.0539216	0	0.348718	0	0.342723	0	0.747126	0	0.237288	0	0.806763	0	1.12857	0	1.5	0	0.0178571	0	0.595628	0	1.12676	0	0.0761905	0	0	0	0	0	0	0.00497512	0	0	0.320988	0	0.0491803	0	0.0314465	0	0.47541	0.003663	0.116667	0	5.11905	0	3.14141	0	11.4413	0	0.726852	0	7.82407	0	0	0	0	0	0	0	0.00995025	0	0	0	0	0	0	0	0.028169	0.00243309	0.148148	0.00243309	3.11261	0.0174129	0.00546448	0	3.13699	0.00746269	2.26126	0	0.0380952	0	3.33333	0	0.634259	0	2.18018	0.0149254	0.647887	0	0	0	0.00925926	0	0.0555556	0	0.126761	0.00995025	10.9431	0	1.89394	0	2.47685	0	17.7179	0	1.46667	0	2.74762	0	7.50427	0	4.32222	0	0.113821	0	0.462121	0	2.26667	0	3.48718	0.00239808	3.08547	0	11.1587	0	
5662.6	MFG_R_7_3	0.00444444	0.198198	0.00444444	5.23333	61.9203	427.972	0	0.209877	0	0	13.4603	0.105691	7.71318	91.0773	17.2778	170.121	0	2.16667	0.00254453	0	0	113.684	0	7.42029	0	0.383648	0.0859375	258.379	0	7.125	0.00680272	7.18841	0	1.78667	0.04	20.4722	0.00877193	20.1867	0	0.113208	0.0260417	0	0.00238095	26.4603	0	1.97101	0.0075188	0.00469484	0.0679012	0.00673401	0.00414079	63.6364	0	0.00628931	0	0.297619	0.00740741	0.144444	0.0114943	0.0338164	0	0.666667	0	0.0217391	0	0	0	0	0.123894	7.38211	0	0.577778	0	2.02339	0	0.865591	0.0136054	8.8374	0.00680272	0.808081	0	4.52113	0.0833333	7.58503	0	2.07018	0	3.90476	0.00207039	0.301754	0	0.174242	0.0204678	2	0.00243309	2.16	0	0.662281	0	0.0224719	0.00243309	0.0573477	0.00970874	0.296703	0.00262467	5.76768	0.00243309	0.241379	0	0.0512821	0	0	0	0.472727	0	0.00529101	0	0.00641026	0.00347222	2.2037	0	0.803922	0	0.151042	0.0804598	3.54229	4.31884	7.29412	0	0.102564	0	0.794872	0	2.41414	0.0248227	6.82564	0	5.22886	0	0.0234742	0	0.0687831	0	0.057971	0	1.4023	1.64815	1.15493	0.00469484	0	1.84249	3.75362	0.156379	0.509804	0	0.888889	0	0.261438	0	0.405556	0.00213675	1.58889	0	0.985507	0.0126263	8.89744	0	20.9103	0.057971	112.066	0	2.84541	0	6.52252	0	0.0037037	0	0	0.158333	0	0.776423	0.0178571	0.105263	0	0.0564103	0	0	0	0.109929	132.401	6.93403	35.7304	5.67327	46.8843	0.00546448	7.98942	7.38	48.4396	0.0961538	6.57747	0	0.322034	3.47855	72.4861	0.0182292	23.7304	1.73	22.8148	1.55903	6.2451	0.283951	0.02	0.0616246	0.0620915	0.418301	0.222222	2.97872	20.9545	0.344444	113.208	0.0515464	9.87931	1.12037	3.06173	0.545977	198.477	0.0021645	46.3333	0.170799	188.396	0.031746	79.8547	0.0191571	19.4966	0.0042735	0.0515464	0.378378	45.2685	1.33657	3.65217	0.231023	23.8018	0.365248	31.1389	0.00952381	28.7009	
3546.13	MFG_L_7_4	0.616162	0	5.77419	0	149.174	0	1.56863	0	0	0	0.0114943	0	7.46667	0.00757576	295.351	0	192.387	0	217.196	0	0	0	93.7719	0	30.5588	0	141.833	0	12.8261	0	249.609	0	5.66667	0	143.875	0	5.39394	0	1.06667	0	0	0	0.153846	0	0	0	0.0035461	0	0.00925926	0	152.524	0	1.6036	0	2.10853	0	1.06667	0	0.348148	0	0.481481	0	7.55556	0	0	0	0	0	0.439024	0	0.987879	0	0.5	0	0.121795	0	1.87302	0	0.149425	0	0.770115	0	0.155914	0	2.43275	0	0.711864	0	0	0	0	0	0	0	0.366667	0	1.88304	0	0.181818	0	0.021164	0	0.00289855	0	0.00497512	0	0	0	0	0	0	0	0.002849	0	0	0	0	0	0.002849	0	0.397661	0	0.179894	0	0.281609	0	0.128571	0	1.19394	0	0.454545	0	0.58046	0	0.913043	0	2.95322	0	0.203704	0	1.33939	0	1.01493	0	0.536232	0	0	0	0	0	0	0	0	0	0.588652	0	0	0	0.0797101	0	0.469388	0	0.039801	0	0.345679	0	4.44872	0	4.83824	0	0.0248756	0	2.77778	0	0	0	0	0	0	0	0.00250627	0	0	0	0	0	0	0	0	0.00250627	0.037037	0.00250627	0.204444	0.00250627	0	0	0.125	0.00250627	0.945205	0	0.00505051	0	0.351598	0	0.0190476	0	0.86758	0	0.323944	0	0	0	0	0	0.00569801	0	0.00869565	0	0.00246914	0	1.56818	0	0.115741	0	0.865741	0	0.119048	0	2.20657	0	2.975	0	1.31579	0	0.0634921	0	0.04	0	1.31707	0	0.739837	0	0.284553	0	4.14167	0	
2552.79	MFG_R_7_4	0	0.960784	0	0.708333	0.770833	106.364	0	0.205882	0	0	0.035461	0.296296	0.0212766	39.9333	0.444444	286.37	0	5.8718	0	113.684	0	0	0	32.15	0	0.00900901	0	31.35	0	50.0139	0	379.385	0	5.77333	0	54.0159	0	2.16667	0	0.0925926	0	0	0	20.6825	0	0.26087	0	0	0	0	0	57.7727	0	0	0	0.021164	0.00456621	0	0	0.00280112	0	0.138889	0	0.00854701	0	0	0	0	0	0.0124611	0	0.0522876	0	0.203704	0	0.138365	0	0.211382	0	0.037037	0	0.0497512	0	0.0187793	0	0.0149254	0	0.0765027	0	0.00660066	0	0.00660066	0	0.0328639	0	0.00680272	0.0035461	0.00995025	0	0	0	0	0	0.00326797	0	0.0045045	0	0.00330033	0	0	0	0	0	0	0	0	0	0	0	0	0	0.0925926	0	0.0457516	0	0.0871795	0.0107527	0.176768	0	0	0.00252525	0.0107527	0	0.0215054	0	0.358974	0	0.267677	0	0.0151515	0	0.00617284	0	0	0	0.212766	0	0.0187793	0	0	0.00340136	0.0488889	0	0.00456621	0	0.00757576	0	0.0119048	0	0.00775194	0.00505051	0.0238095	0	0.00925926	0	1.45333	0	7.36111	0	4.21905	0	0.077381	0	0.75	0	0	0.00694444	0	0	0	0	0	0	0	0	0	0	0	0	1.89372	0	0.309179	0.00757576	0.629108	0	0	0.00497512	0.266667	0.00505051	0.267606	0	0.00537634	0.010101	2.60094	0	0.248826	0.008	0.99061	0.00533333	0.267677	0	0	0	0	0	0.0707071	0	0.253086	0.010101	5.85586	0	0.625731	0.010101	0.0555556	0.010101	3.11696	0	13.537	0.00757576	2.53431	0	10.036	0.00456621	0.945578	0.00456621	0	0.0438596	7.85586	0	0.540541	0	5.2963	0	9.85586	0.00505051	2.47368	
