data	data	1681.89	5214.91	3076.85	2570.4	6390.96	8571.66	3738.08	4000.15	2234.18	2730.21	863.162	1829.36	4766.62	6062.3	3197.12	3264.43	2761.07	2161.97	2704.09	1995.75	4627.98	2810.14	5630.59	3113.26	3865.37	1731.08	8560.89	8949.9	1184.68	802.043	1542.31	2474.4	1653	2092.35	1931.49	1417.96	1374.51	1626.14	2936.87	1028.38	1159.56	1871.24	3180.92	2397.91	2684.51	1957.83	4699.66	4267.86	2006.69	1532.93	7567.09	1083.72	2935.42	2087.87	3268.22	2264.66	7036.04	3545.41	4180.92	5164.72	1717.62	1577.18	4167.22	1697.47	487.977	1439.73	832.37	1188.74	1867.08	1981.48	2429.44	2725.86	2210.57	2573.74	2475.23	3591.4	2580.45	1686.4	4375.21	1733.38	2751.89	2948.44	4342.9	3395.24	1772.79	2803.96	1432.27	3161.36	2109.82	1931.35	1028.99	1658.82	4057.19	494.366	2395.7	2492.43	1715.34	2966.2	2536.5	1533.57	1632.23	2494.86	5352.97	7724.75	4151.39	6726.81	3752.94	4777.98	2300.44	2380.1	1496.6	2037.9	1255.59	2366.09	1514.69	1874.54	2233.14	1358.59	1482.99	3261.04	1239.71	1628.78	1360.61	1410.59	2907.22	5863.19	2868.08	4755.69	1170.62	2915.3	2518.89	2884.92	3923.75	7683.55	4139.65	5233.25	3553.46	5414.93	2368.42	3574.48	4299.74	4464.56	2643.27	3377.37	1428.48	2530.11	1785.45	4072.42	1189.79	2091.94	2581.38	4567.19	1071.61	5286.32	4982.64	3975.99	1108.07	1454.68	2415.96	2581.84	6005.19	3890.1	1097.32	1663.89	1857.71	641.368	1188.15	607.194	5157.11	3374.28	393.012	791.671	2571.94	914.51	418.757	794.763	1275.55	2818.18	1127.74	1029.53	1173.89	3558.58	776.012	682.145	550.981	1074.77	1506.33	1026.04	3180.25	5512.96	5863.89	2792.27	5915.63	4976.75	3029.21	4723.17	8835.26	7379.51	6903.78	3178.91	2260.7	3990.94	5718.41	4408.8	3837.16	5327.49	6210.8	5189.6	3885.15	4179.34	1580.99	1940.52	3642.42	5010.11	9440.62	9428.4	7425.71	9240.66	3289.47	4569.17	5933.9	8953.54	7792.87	8013.53	8064.74	5313.13	4888.54	5720.89	8263.78	9967.94	4248.22	4361.16	8243.55	3013.28	3027.46	3133.19	4074.87	3520.44	4550.07	4217.01	3469.89	4449.61	4092.19	3819.84	6182.15	4737.89	
data	data	SFG_L_7_1	SFG_R_7_1	SFG_L_7_2	SFG_R_7_2	SFG_L_7_3	SFG_R_7_3	SFG_L_7_4	SFG_R_7_4	SFG_L_7_5	SFG_R_7_5	SFG_L_7_6	SFG_R_7_6	SFG_L_7_7	SFG_R_7_7	MFG_L_7_1	MFG_R_7_1	MFG_L_7_2	MFG_R_7_2	MFG_L_7_3	MFG_R_7_3	MFG_L_7_4	MFG_R_7_4	MFG_L_7_5	MFG_R_7_5	MFG_L_7_6	MFG_R_7_6	MFG_L_7_7	MFG_R_7_7	IFG_L_6_1	IFG_R_6_1	IFG_L_6_2	IFG_R_6_2	IFG_L_6_3	IFG_R_6_3	IFG_L_6_4	IFG_R_6_4	IFG_L_6_5	IFG_R_6_5	IFG_L_6_6	IFG_R_6_6	OrG_L_6_1	OrG_R_6_1	OrG_L_6_2	OrG_R_6_2	OrG_L_6_3	OrG_R_6_3	OrG_L_6_4	OrG_R_6_4	OrG_L_6_5	OrG_R_6_5	OrG_R_6_6	OrG_R_6_6	PrG_L_6_1	PrG_R_6_1	PrG_L_6_2	PrG_R_6_2	PrG_L_6_3	PrG_R_6_3	PrG_L_6_4	PrG_R_6_4	PrG_L_6_5	PrG_R_6_5	PrG_L_6_6	PrG_R_6_6	PCL_L_2_1	PCL_R_2_1	PCL_L_2_2	PCL_R_2_2	STG_L_6_1	STG_R_6_1	STG_L_6_2	STG_R_6_2	STG_L_6_3	STG_R_6_3	STG_L_6_4	STG_R_6_4	STG_L_6_5	STG_R_6_5	STG_L_6_6	STG_R_6_6	MTG_L_4_1	MTG_R_4_1	MTG_L_4_2	MTG_R_4_2	MTG_L_4_3	MTG_R_4_3	MTG_L_4_4	MTG_R_4_4	ITG_L_7_1	ITG_R_7_1	ITG_L_7_2	ITG_R_7_2	ITG_L_7_3	ITG_R_7_3	ITG_L_7_4	ITG_R_7_4	ITG_L_7_5	ITG_R_7_5	ITG_L_7_6	ITG_R_7_6	ITG_L_7_7	ITG_R_7_7	FuG_L_3_1	FuG_R_3_1	FuG_L_3_2	FuG_R_3_2	FuG_L_3_3	FuG_R_3_3	PhG_L_6_1	PhG_R_6_1	PhG_L_6_2	PhG_R_6_2	PhG_L_6_3	PhG_R_6_3	PhG_L_6_4	PhG_R_6_4	PhG_L_6_5	PhG_R_6_5	PhG_L_6_6	PhG_R_6_6	pSTS_L_2_1	pSTS_R_2_1	pSTS_L_2_2	pSTS_R_2_2	SPL_L_5_1	SPL_R_5_1	SPL_L_5_2	SPL_R_5_2	SPL_L_5_3	SPL_R_5_3	SPL_L_5_4	SPL_R_5_4	SPL_L_5_5	SPL_R_5_5	IPL_L_6_1	IPL_R_6_1	IPL_L_6_2	IPL_R_6_2	IPL_L_6_3	IPL_R_6_3	IPL_L_6_4	IPL_R_6_4	IPL_L_6_5	IPL_R_6_5	IPL_L_6_6	IPL_R_6_6	PCun_L_4_1	PCun_R_4_1	PCun_L_4_2	PCun_R_4_2	PCun_L_4_3	PCun_R_4_3	PCun_L_4_4	PCun_R_4_4	PoG_L_4_1	PoG_R_4_1	PoG_L_4_2	PoG_R_4_2	PoG_L_4_3	PoG_R_4_3	PoG_L_4_4	PoG_R_4_4	INS_L_6_1	INS_R_6_1	INS_L_6_2	INS_R_6_2	INS_L_6_3	INS_R_6_3	INS_L_6_4	INS_R_6_4	INS_L_6_5	INS_R_6_5	INS_L_6_6	INS_R_6_6	CG_L_7_1	CG_R_7_1	CG_L_7_2	CG_R_7_2	CG_L_7_3	CG_R_7_3	CG_L_7_4	CG_R_7_4	CG_L_7_5	CG_R_7_5	CG_L_7_6	CG_R_7_6	CG_L_7_7	CG_R_7_7	MVOcC	MVOcC	MVOcC	MVOcC	MVOcC	MVOcC	MVOcC	MVOcC	MVOcC	MVOcC	LOcC_L_4_1	LOcC_R_4_1	LOcC_L_4_2	LOcC_R_4_2	LOcC_L_4_3	LOcC_R_4_3	LOcC_L_4_4	LOcC_R_4_4	LOcC_L_2_1	LOcC_R_2_1	LOcC_L_2_2	LOcC_R_2_2	Amyg_L_2_1	Amyg_R_2_1	Amyg_L_2_2	Amyg_R_2_2	Hipp_L_2_1	Hipp_R_2_1	Hipp_L_2_2	Hipp_R_2_2	BG_L_6_1	BG_R_6_1	BG_L_6_2	BG_R_6_2	BG_L_6_3	BG_R_6_3	BG_L_6_4	BG_R_6_4	BG_L_6_5	BG_R_6_5	BG_L_6_6	BG_R_6_6	Tha_L_8_1	Tha_R_8_1	Tha_L_8_2	Tha_R_8_2	Tha_L_8_3	Tha_R_8_3	Tha_L_8_4	Tha_R_8_4	Tha_L_8_5	Tha_R_8_5	Tha_L_8_6	Tha_R_8_6	Tha_L_8_7	Tha_R_8_7	Tha_L_8_8	Tha_R_8_8	
1681.89	SFG_L_7_1	0	160.17	194.524	17.2449	82.9593	11.7361	92.7154	38.8815	12.2703	22	15.1183	7.6	5.71212	0.727273	0.0444444	14.9645	0	1.90278	0	0	0	0.383648	0.289855	16.3121	0.0784314	0.0136054	0.0277778	0.214286	0	0.0130719	0	0.711538	0.00877193	0.202614	0	0	0	0	0	0.00653595	0	0.0155039	0	0	0.00595238	0	0.031746	0.0178571	0.0107527	0.0720721	0.0277778	0	0	0	0	0	0.152174	0	0.307692	0.119048	0	0	0	0	1.44144	0.184397	0.390476	1.28472	0	0	0	0	0	0	0	0	0.0070922	0	0	0	0	0	0.00497512	0	0	0	0	0	0	0	0	0	0.0199005	0	0	0	0	0	0	0	0	0	0.00497512	0	0	0	0	0	0	0	0	0.00483092	0	0.0147059	0	0.00505051	0	0	0	0.0252525	0	0	0	0	0.181159	0.00497512	0.0467836	0.00469484	0	0	0.0935673	0.00555556	0	0	0	0	0	0	0	0	0	0	0	0	0	0	3.26667	0.790698	3.82051	0.219858	1.54	0.313333	3.52381	2.41667	0	0	0	0	0	0	0.471014	0.0163934	0	0	0	0	0	0	0.0070922	0	0	0	0.0070922	0	0.0757576	0.78125	2.65891	14.9603	0.716667	35	8.65248	1.39286	4.51111	6.24691	0.216216	3.84444	0.26087	6.64912	0	0.00396825	0	0.00766284	0	0.152263	0	0.00537634	0	0.0534979	0	0	0	0	0	0	0	0	0	0.283333	0	0.00865801	0	0	0	0	0	0.00505051	0.0298507	0.0144928	0.0588235	0	0	0.00641026	0.00462963	0.0810811	0.00462963	0	2.79167	26.4167	0	0	0.0900901	0	2.01852	0.0192308	0.12037	0	0.990196	0	0.409524	0	0.441176	0	1.14706	0	2.10185	0	
5214.91	SFG_R_7_1	160.17	0	132.587	178.222	131.109	68.1938	113.972	115.705	27.875	33.2868	16.2121	40.9189	7.15385	1.90476	0.32	23.32	0	0.811111	0	0.00606061	0.0266667	2.04301	14.4855	17.8272	1.12179	3.12346	0.136905	0.255814	0	10.6344	0.00775194	7.1828	0.0205761	31.2366	0.00387597	0.138889	0.0116279	20.2323	0.0125786	35.375	0	0.739583	0.0043573	0	0.0935673	0	0.157895	0.00766284	0.00952381	0.183333	0.0104987	0	0.0113636	0.0916667	0.358025	0.0940171	0.358974	0.0902778	1.31447	1.35556	0	2.21569	0	1.60784	0.00803213	10.8	0.302326	3.38333	0	0.0187793	0	0.0047619	0.00314465	0.313726	0	0	0	0.0070922	0.00314465	0	0.0057971	0.589372	0.00900901	0.196787	0	0.247312	0	0.0601852	0	0.0503876	0	0.0268817	0	0.127451	0	0.411111	0	0.776042	0	0.510101	0	0.0740741	0	0.930894	0.0987654	1.72016	0	0.0769231	0	0.22549	0	0.154229	0	0.175627	0	0.731343	0	0.00952381	0	1.13636	0	0.0289855	0	0.00628931	0.163194	1.33333	0.296804	1.33333	0	0.180952	0.626016	1.2459	0.0947368	0.564815	0	7.61111	0.018315	0.333333	0	0.435374	0	0.69281	0	0.0969697	0	1.11538	0.342857	13.2292	0.00505051	12.25	0.637681	9.5817	0.00396825	35.5745	0.0037037	0.131783	0	0.0227273	0	0.0208333	1.52482	1.63277	0	5.49315	0	0	0	0.205882	0	16.8028	0	0.72549	0	3.7549	0.405797	4.9037	20.1449	29.6	1.38211	42.1449	0.308511	29.1565	1.95238	65.5439	0	23.6667	0.193548	2.09722	0.617284	1.00433	0.0235988	0.0208333	0.0117994	0.8125	0.417778	0.352657	0.027027	0.614035	0.00308642	6.98611	0	0.586667	0.0324484	0.708861	1.13253	1.00855	0.0228758	5.07173	0.0407407	1.11111	0.0333333	22.391	0	0.0666667	0.550562	61.9524	0	2.65641	0.0087146	0.0931373	1.0754	305.958	0.00943396	0.44856	0.016092	0.301961	0.211382	122.954	0.402778	47.0249	0.0130719	40.3704	1.74468	124.84	0.419244	0.380208	0.00847458	3.05983	0.0503145	96.4476	0.00392157	53.819	0.00966184	37.3333	0.027972	95.009	
3076.85	SFG_L_7_2	194.524	132.587	0	6.94	219.991	24.9935	113.87	7.27407	0.140351	3.80303	0.0916667	3.31973	0.00520833	0.185185	28.7917	7.38889	2.7931	0.52	0.16129	0.0107527	9.55952	0.358974	282.389	5.62585	159.629	0	0.683333	0.387879	5.45977	0.0123457	3.1954	0.480769	9.34444	0.128205	0.833333	0.0880503	2.39583	0.0363636	24.3656	0	0	0	0.0035461	0.0314465	0	0	0.00687285	0.0181818	0.00456621	0	1.33333	0	2.83871	0	14.5714	0.0212766	1.9	0.0507246	2.94792	0.150538	5.61458	0	6.47917	0	0	0.0759494	0.00574713	0.106383	0.00512821	0	0	0	1.00952	0	0	0.00320513	0.0902778	0	0.326667	0.00320513	0	0	0.320513	0.0030303	0	0	0	0.00961538	0	0	0	0	0.338095	0	0.0392157	0	0	0.00396825	0.00392157	0	0.00392157	0	0.0328639	0.00537634	0	0.0934959	0	0	0.0539216	0	0	0	0	0	0	0	0.0298507	0	0	0	0	0	0	0	0.463542	0.0390071	0.0516432	0.0212766	0.0846561	0	0.759563	0.0912281	0.328205	0.00374532	0.144279	0	0.040404	0.00483092	0	0	0	0	0.010101	0.00483092	0	0	0.0144928	0.0518519	0.015625	0.0430108	0.00456621	0.040293	0	0.0883534	1.10784	0.00347222	0	0	0.0273224	0	2.19048	0.0849673	0.606965	0	0	0	0	0	2.39062	0	0	0	6.33333	0	0	0.0769231	0.583333	11.9259	0	0.151515	0	0.175758	0.0166667	0.0697674	0	0.166667	0	0.0512821	0.0857143	0.164609	0.0569106	0	0.502283	0	0.0677083	0.0502283	0.305556	0.00483092	0.676056	0	0.00438596	0.00396825	0.406393	0	0.0622222	0.345679	0.694836	0	0.102941	0	0.325397	0.00740741	0.0686275	0.0178571	3.07018	0.358423	0.800995	0	0	0.00308642	22.1603	0.718518	0.267606	0.0238095	0.324201	0.00308642	24.6944	8.06061	4.47126	0.0425532	4.61111	0.00396825	80.6601	0.018018	0.816667	0.119741	3.78095	0	7.73333	0.00396825	11.4762	0	11.6095	0	29.4211	0.0490196	
2570.4	SFG_R_7_2	17.2449	178.222	6.94	0	2.12245	144.806	6.56667	133.101	0.081761	0	1.35659	0.00803213	0.0241546	0.010582	0	371.667	0.0045045	1.95455	0	6.32184	0.0045045	14.3077	0.925926	77.4348	0.108974	50.4167	0	1.60215	0	3.56322	0.0045045	15.7778	0	32.5889	0	6.2069	0	17.3763	0	14.375	0	0	0	0.416667	0	0	0	0	0	0	0	0.16129	0	0	0.00680272	0.271605	0.0780142	0.581301	0.0343643	0.218107	0	2.2451	0	0.127451	0	0.0172414	0	0.00555556	0	0.00555556	0	0.057971	0	0.392157	0	0.0338164	0	0.035461	0	0	0	0.613527	0	0.626812	0	0.142076	0	0.054902	0	0.147727	0	0.00865801	0	0.0444444	0	2.45556	0	0.5	0	0.579487	0	0.0731707	0	0.734082	0	1.15638	0	0.0807018	0	0.047619	0	0	0	0.197133	0	0	0	0.00555556	0	0.0503876	0	0.0144928	0	0	0.0271318	1.02857	0.00333333	1.09048	0	0.202899	0.113821	0.318408	0.010989	1.18095	0	4.62911	0.00374532	0.0637255	0	0.513333	0	0.762821	0	0.0178571	0	1.49359	0.0196078	0.355856	0	0	0.0156863	1.28829	0.0116279	0.144144	0	0.0070922	0	0.034188	0	0.0277778	0.175627	0.585366	0	4.57078	0	0	0	2.2	0	23.7306	0	0.241935	0	5.15625	0	0	0.00350877	0	0.287879	0	0.00406504	0.00701754	1.21705	0	0	0	0	0	0.034632	0.0047619	0.00178253	0	0	1.45992	0.0355556	0.113725	0.00178253	0.0894309	0	4.44131	0	0.372294	0.00178253	1.40598	0.0476191	0.191667	0	5.38889	0.00333333	1.15962	0	0.706897	0	0.0231023	0.0141844	5.31034	0	0.265957	0	0.0196078	0.0212766	49.5347	0	0.05	0.00217865	0.00854701	0.0322581	2.78378	0.0446735	35.8	0.0043573	0.824074	0.25614	2.14124	0.0798611	0.00854701	0	0.070922	0.0106383	1.2	0.00401606	0.784314	0	0.537037	0.0043573	1.00926	
6390.96	SFG_L_7_3	82.9593	131.109	219.991	2.12245	0	408.912	0.483871	1.02899	0.219512	1.44203	109.812	130.406	240.65	179.748	320.395	9.59259	7.77381	0.611111	136.472	1.46	174.765	2.29333	15.95	7.08696	0.205128	0.00724638	115.053	39	7.85057	0	9.04598	2.05442	23.5333	0.282051	16.3929	0.377358	0.855556	0.119497	6.35556	0.00617284	0.0243902	0.127273	0.0488889	1.0915	0.3379	0.0297619	0.598173	4	0.0314465	0.0287356	86.642	0.218182	0.00421941	0	0.0329218	0.0407407	0.535519	0.118519	0.383333	0.150183	0	0	0	0	0.318182	0.103448	0.111111	0.119048	0.0724638	0.00574713	0	0	0	0.00266667	0	0.00961538	0.0141844	0.00533333	0.118056	0.00961538	0	0	0.366667	0.0175439	0	0	0	0.0107527	0	0	0	0	1.20833	0	0.36478	0.00245098	0	0	0.00392157	0	0.00392157	0	0.212963	0.00546448	0	0.00970874	0	0	0.467593	0	0.00520833	0.00483092	0	0.0147059	0.0615385	0	0.0724638	0.00574713	0	0.0338164	0	0	0	0	1.42289	0.0496454	0.252381	0.0326087	0.0539216	0	1.35897	0.117021	0.285024	0.0107527	0.138095	0	0.0338164	0	0	0	0	0	0.00462963	0	0	0	2.95758	0.247475	0.881481	0.131148	7.14286	0.183761	4.35714	0.373874	0.0162602	0	0	0	0.00520833	0	0.434343	0.0537634	0.425121	0	0.017316	0.00865801	0.0877193	0.00617284	1.66667	0.183007	0	0	0.101449	0.00666667	0.320513	0.433333	73.6884	84.1449	1.7381	0.815789	15.7619	1.92593	1.9023	0.0378788	0.326531	0.131148	0.388889	2.2439	0.0583333	0.152263	0.539095	0.0107527	1.80889	0.293333	0.0392157	0.045045	0.946667	0.150327	1.04955	0	0.00438596	0	1.57778	0.362745	0.158333	0.312236	1.28311	0.3	0.106481	0.0128205	0.00833333	0.015873	0.431925	0.0172414	6.13978	0.285185	5.22951	0.00966184	0.326389	0.678788	20.0142	0.437037	1.3105	0.260606	3.05936	0.297386	94.1453	23.6882	6.76961	0.106667	33.5214	0.0387597	80.8788	0.06	2.71958	0.0653595	7.63492	0.0155039	24.2735	0.0407407	34.4685	0.0119048	38.8246	0.0238095	88.8618	0.0609319	
8571.66	SFG_R_7_3	11.7361	68.1938	24.9935	144.806	408.912	0	1.28723	0.47541	0.594982	1.32479	73.3467	234.496	137.383	373.418	35.6319	161.304	0.366667	0.415301	1.59477	259.507	73	114.136	7.88889	9.4086	1.4037	0.0944444	6.4321	139.908	0.733333	6.07292	1.77564	75.0111	2.50327	40.8542	0.408046	41.828	0.0123457	11.2222	0.403846	2.10101	0.439716	0.77193	0.0273632	24.3444	0.0942029	0.572917	1.68056	0.0344828	0.075	0.102564	5.18079	10.716	0	0.480226	0.112281	1.14124	0.800725	2.24378	0.677193	1.22222	0	2.35088	0	2.74854	0	0.885057	0.0833333	0.484277	0	0.018018	0.0112045	0.599034	0.047619	0.643678	0.00294985	0.628019	0.00892857	0.639456	0.0625	0.0250896	0.00877193	1.42308	0.0847953	0.836957	0	0.9875	0	0.230453	0	0.188889	0	0.2375	0.0111111	0.159817	0.0114943	3.1963	0	2.41152	0	1.03333	0	0.372093	0.0026455	2.32018	0.0133333	1.25203	0	0.0869565	0	0.406393	0	0	0	0.196491	0	0	0.002849	0.0740741	0	0.091954	0	0.115556	0	0.0428571	0.883162	15.7371	5.30272	4.85388	0	3.15238	0.655303	7.65217	1.34014	19.1455	0.175258	2.26852	0.255102	1.87963	0	0.0710382	0	0.313433	0.0646259	0.342466	0	0.995025	3.12632	2.48858	0.0833333	1.34286	0.883895	2.80365	1.4697	5.75439	0	0.538462	0	0.172619	0	0.747475	0.985507	5.65152	0.0480226	20.7183	0.00973236	1.57333	0.00282486	4.09677	0.0472441	79.6901	0	4.1784	0.00282486	5.06061	0.105263	6.23077	70.0797	65.558	10.4109	4.20513	0.295455	11.8205	1.28968	0.462963	0.222222	1.93333	7.93939	0.767677	0.506494	2.2906	0.70948	0.012987	0.281818	15.4615	0.52968	0.411523	1.07645	4.36752	0.0948012	1.83796	0	1.64634	0.578788	23.8701	0.845238	0.848485	0.672956	14.7094	0.482993	1.2027	0.0666667	0.144231	0.00292398	0.638498	0.449438	27.661	0.0405797	5.48148	0.0201149	57.7398	2.08148	172.088	0.445333	0.851852	0.385572	47.1644	0.298507	187.974	0.435185	121.216	0.0804598	188.077	4.48746	97.8497	0.645614	0.12987	0.0358974	43.3415	0.351515	68.9561	0.193146	70.9658	0.0519481	68.65	0.253788	105.513	
3738.08	SFG_L_7_4	92.7154	113.972	113.87	6.56667	0.483871	1.28723	0	82.9574	271.809	90.7333	0	0.155172	0	0.103825	1.84444	1.3268	0.042735	0.10119	0.00803213	0.0451389	0.193798	0.0273224	57.0725	1.1634	166.491	0.0784314	0.105023	0.206897	0.444444	0.00479616	0.119658	0.0564972	0.316667	0.0407407	0.125	0.0833333	0.0769231	0.166667	1.56481	0	0	0	0.0070922	0.00374532	0	0	0.00378788	0.0169492	0.0714286	0	0.157407	0.0250896	6.64706	0.00456621	80.1739	0.0681004	2.61333	0.0736842	49.9524	0.362319	6.72381	0	15.0588	0.119048	0.0503145	0.446808	0.103704	4.82609	0.0153846	0.0163934	0	0.00438596	0.0769231	0.00438596	0	0	0.686667	0	2.08176	0	0	0.00347222	1.63522	0.00220751	0	0.0203252	0	0.00347222	0.0142857	0.0035461	0	0	0.252381	0	0	0.00320513	0	0.0200803	0	0	0	0.0035461	0.0938967	0.0141844	0.0243902	0.294574	0	0.00766284	0.123077	0	0	0	0	0	0	0.00546448	0.255208	0.015873	0	0	0	0	0	0	0.233333	0.0253623	0.0481928	0.0243056	0	0.0136054	0.643678	0.140351	0.133333	0.0140351	0.180556	0.0238095	0.052381	0.0855856	0	0	0	0	0	0.028169	0	0	0.0456621	0.138365	0.097561	0.38	0.00913242	0.0106383	0.0133333	0.406667	2.62821	0.037037	0	0	0.0238095	0.0102564	2.55952	0.169872	0.328638	0	0	0.0170068	0.00529101	0.0185185	7.36478	0.0211268	0.0598291	0	3.21875	0.0137457	0	0.0507246	0.00555556	0.070922	0	0.0212766	0.00757576	0.3125	0.444444	0.315789	0.0175439	0.701754	0	0.0283688	1.06019	0.344828	0.0340909	0.00383142	0.568889	0.0108696	0.308081	0.0394737	0.44	0.0153257	1.26126	0	0.0125	0.0119048	0.422222	0.00362319	0.493506	1.42857	1.12444	0.00238095	0.196347	0	4.93496	0.0601093	0.239583	0.0765027	48.8046	1.09929	0.376812	0	0.0493827	0	64.3563	2.21631	0.913979	0.178571	0.419048	0.00203252	22.3737	14.886	34.1613	0.0421053	4.97222	0	302.679	0.0376812	2.67836	0.179245	9.43434	0.0025641	17.8667	0	9.76768	0	13.8182	0	103.82	0.0614887	
4000.15	SFG_R_7_4	38.8815	115.705	7.27407	133.101	1.02899	0.47541	82.9574	0	105.201	267.403	0.260163	0.0277778	0.0545455	0.244444	0.0149813	13.0833	0	6.8642	0.0037037	0.131148	0.0120482	1.17593	0.373626	45.4444	0.212766	96.4242	0.0087146	0.723005	0	5.15625	0.00784314	1.89524	0.00784314	3.62626	0	0.0606061	0.0203252	4.91398	0	2.98958	0	0	0	0.118644	0	0	0.00653595	0	0	0	0	0.0138889	0.0155039	0.0620155	7.18954	114.91	2.01887	2.66667	40.183	3.62667	0	0.479167	0	1.05208	0.0070922	0.140351	35.94	0.0666667	0	0.026455	0.00311526	0.0136054	0.00311526	0.191919	0	0.0136054	0	0.0125786	0.00311526	0	0	0.267677	0	0.107407	0	0.175439	0	0.142076	0	0.0877193	0	0.00595238	0	0.0319635	0	0.28839	0	0.293103	0	0.116883	0	0.0506329	0	0.365462	0.0136986	0.911392	0	0.0470588	0	0.0171821	0	0	0	0.100358	0	0	0	0.03125	0	0.0119048	0	0	0	0	0.0498084	4.92793	0.0227273	1.14493	0	5.81081	0.239316	4.23148	0.0224719	17.2619	0	3.05238	0.00673401	6.77778	0	0.00653595	0	0.0121212	0.003367	0.0503145	0	0.0987654	0.00383142	0.408451	0	0.1	0	1.29108	0	0.204762	0.00343643	0.105263	0	0	0	0.0155039	0.399306	0.715151	0	1.875	0	0	0	0.0121212	0	9.02415	0	0.232323	0	0.514286	0	0	0.192593	0.288889	0.0566038	0	0	0.00444444	0.233333	0.0701754	0.0151515	0.0166667	0	0	0.308333	0.617778	0	0.00689655	0	0.493671	0.278539	0.191919	0	0.278539	0	2.45714	0	0.257778	0	0.512821	0.558233	0.899123	0	2.03419	0.0113636	0.826291	0.00483092	19.7143	0	0.0833333	0.494382	146.77	0	0.194757	0.0087146	4.08148	1.04074	370.158	0.00297619	0.322222	0.0130719	4.18518	0.0021645	38.9706	0.147766	26.0161	0.0130719	1.18095	1.4767	99.8952	0.168385	6.26126	0.00490196	0.871212	0.0160256	19.1275	0.00401606	6.52525	0	6.79798	0.0261905	28.6667	
2234.18	SFG_L_7_5	12.2703	27.875	0.140351	0.081761	0.219512	0.594982	271.809	105.201	0	135.206	0.025641	0.143678	0	0.0655738	0	0.0537634	0.018018	0	0.00444444	0.0105263	0.0136986	0.00757576	0.193548	0.00628931	0.229885	0	0.0821918	0.146893	0	0	0	0.00757576	0	0.0289855	0	0.0688406	0	0.135531	0	0	0	0	0	0	0	0	0.00529101	0.0222222	0.0378788	0	0.086758	0.018315	0.870968	0	15.3103	0.347518	2.03472	0.0248227	117.257	8.62585	0	0	0.00952381	0	2.53763	1.69697	49.029	29.029	0	0	0	0.00438596	0	0.00438596	0	0	0.0588235	0	0.534591	0	0	0	0.540881	0	0	0	0	0	0	0	0	0	0	0	0	0	0	0	0	0	0	0	0.025641	0	0.00416667	0.172549	0	0	0.0260417	0	0	0	0	0	0	0	0.0677083	0	0	0	0	0	0	0	0.079096	0.0119048	0.0182648	0.00462963	0	0	0.125	0.0627063	0.015873	0	0.0133333	0	0	0	0	0	0	0	0	0	0	0	0.184211	0.300654	2.28736	1.3617	0.0731707	0.0116959	0.102564	0.826667	0.03125	0	0	0	0	0	1.35135	0.077193	0.0045045	0	0	0.00680272	0	0.0111111	2.17361	0.0138889	0	0	0.0392157	0.00340136	0	0.219697	0.0111111	0.126667	0.025641	0.45098	0.209524	0.755102	7.04762	15.375	1.8	42.7778	0	0.025641	0.365297	0.213178	0.0105263	0	0.0745614	0.00236407	0.136364	0.0263158	0.0394737	0	0.155556	0	0	0	0.0350877	0.00236407	0.298701	0.827309	0.149123	0.00238095	0.0177778	0	8.4878	0.0149813	0.0625	0.00537634	34.477	0.573477	0.0169492	0	0.0196078	0	43.903	1.22939	0.245283	0.0107527	0.142857	0	2.6875	20.098	8.55208	0.0245614	0.327044	0	108.421	0.0137931	0.522222	0.0666667	1.13333	0	3.41905	0	0.960784	0	2.5	0	15.7632	0.0137931	
2730.21	SFG_R_7_5	22	33.2868	3.80303	0	1.44203	1.32479	90.7333	267.403	135.206	0	0.0567376	1.20721	0.0679012	0.205479	0.0149813	0.0102564	0	0.00980392	0.0037037	0.0136986	0.00401606	0	0.123188	0.00952381	0.0584192	0.0123457	0	0.347032	0	0	0	0	0	0	0	0	0.00775194	0	0	0	0	0	0	0	0	0	0	0	0	0	0	0	0	0	46.9804	9.19298	23.7451	0.0952381	89.8497	79.0065	0	0	0	0.0967742	0.0425532	6.55952	31.18	47.1133	0	0.00529101	0	0	0.00330033	0	0	0	0	0	0	0	0	0	0	0.00483092	0	0	0	0	0	0	0	0	0	0.0104167	0	0	0	0	0	0	0	0	0	0.0260417	0.00490196	0.115556	0	0	0	0	0	0	0	0	0	0	0	0.015873	0	0	0	0	0	0	0.00641026	0.641026	0.0191571	0.00383142	0	0	0.00865801	0.265432	0	0.950617	0	0	0	0.00362319	0	0	0	0	0	0	0	0	0	0.0310078	0.00724638	8.10753	0	0.00757576	0	0.0789474	0.00687285	0	0	0	0	0	0.714286	0.070922	0	0	0	0	0	0	0	0	0	0	0	0	0	0	0.548148	0.849206	0.0121212	0.0229885	0	0.018018	0.189189	36.4444	0.00793651	94.6296	0	0	0.031746	0.231111	0	0.00421941	0	0.0470085	0.0410959	0.0461538	0	0.119658	0	0	0	0	0	0.149573	0.0286738	0.16	0.00196078	0.00234742	0.0114943	0	0	0.682927	0	0.03125	0.0681818	40.7202	0	0.0517241	0	2.97037	0.246377	118.19	0.00333333	0.220339	0.00333333	2.96296	0	9.75758	0.0231023	0.177778	0	0.142857	0.402174	87.1759	0.0340136	14.5619	0	0.703704	0	13.5098	0	3.29167	0	2.9375	0.00297619	30.3143	
863.162	SFG_L_7_6	15.1183	16.2121	0.0916667	1.35659	109.812	73.3467	0	0.260163	0.025641	0.0567376	0	36.9837	98.2333	8.36539	0.503704	1.4065	0.0520833	0	0.0283688	0.06	1.13475	0.193333	0	0.878049	0	0	0.72	0.937107	0.020202	0	0.0416667	0.0866667	0.03125	0.00628931	0.00980392	0.0125786	0	0.00628931	0	0	0.04	0.666667	0	0.010929	0.470588	0	0.738562	0.0655738	0.00854701	0.242424	0.196078	0.00546448	0	0	0	0	0.00617284	0.0037037	0	0.00350877	0	0	0	0	0.0196078	0.0175439	0	0.0282486	0	0	0	0	0	0	0	0	0	0	0	0	0	0	0	0	0	0	0	0.00268817	0	0	0	0	0.0273973	0	0	0	0	0	0	0	0	0	0	0	0	0	0	0	0	0	0	0	0	0	0.00456621	0	0	0	0	0	0	0	0	0	0.0252525	0	0.0437158	0	0	0	0.0298507	0	0	0	0	0	0	0	0	0	0	0	0	0	0	0	1.18954	0.106667	0.190476	0.0322581	2.6358	0.0495495	1.44	0.906977	0	0	0	0	0	0	0	0	0	0	0	0	0	0	0	0.00617284	0	0	0	0	0.08	0.620155	10.9928	14.0284	13.3125	4.2381	4.18954	0.470238	3.18333	0.558559	0.183333	1.13675	0.369565	0.807018	0	0.00308642	0.015873	0.00387597	0.0119048	0.0374532	0	0	0.00793651	0.0224719	0	0	0	0	0.00793651	0.0123457	0	0	0	0.0310078	0	0	0	0	0	0	0.00913242	0.0037037	0.0319635	0	0	0	0.00701754	0.0105263	0.00877193	0.0325203	0	0.0123457	0.487805	0.00877193	0	0.00323625	0.108333	0	0.220238	0.03	0.00813008	0.00374532	0.0416667	0	0.186992	0.00374532	0.136752	0	0.191667	0	0.504065	0	
1829.36	SFG_R_7_6	7.6	40.9189	3.31973	0.00803213	130.406	234.496	0.155172	0.0277778	0.143678	1.20721	36.9837	0	34.4697	80.5556	12.3623	0.0617284	0	0	0.262411	0.137931	19.2014	0.114583	2.20139	0.291667	0.0416667	0	4.82639	0.204301	0.0196078	0.484848	0.14	0.802083	0.141844	0.939394	0	0.0952381	0.00617284	0.0144928	0.047619	0	0.148936	28.8472	0	0	2.97163	0	5.71739	0	0.16129	7.83333	0.477012	0.00469484	0	0	0	0	0.00444444	0	0.104167	0.0646766	0	0	0	0	0	0.586667	0.0846561	0.390071	0	0.0045045	0	0	0	0	0	0	0	0.0045045	0	0	0	0	0	0.00888889	0	0	0	0	0	0	0	0	0	0.0365297	0	0	0	0.00320513	0	0	0	0	0	0.0704225	0	0	0	0	0	0.0047619	0	0	0	0	0	0	0	0	0	0.00564972	0	0	0	0	0.00542005	0.0358974	0.017094	0	0	0	0.0609756	0.0416667	0	0	0	0	0	0	0	0	0	0	0	0	0	0	0.015873	0.748428	0	0.580247	0.0740741	2.19608	0.0277778	15.4933	0	0	0	0	0	0	0.0288066	0.0752688	0	0.00271003	0.0047619	0	0	0.00343643	0	0.00542005	0	0	0	0	0.292517	12.5986	17.8864	60.9037	2.77778	28.252	0.0687285	17.3007	0.706667	5.38095	0	11.3106	2.35965	19.6111	0	0.0246914	0	0	0	0.00634921	0.00444444	0	0	0.0246914	0	0	0	0.00320513	0	0.0288066	0.00234742	0.003663	0.0042735	0	0.0045045	0	0.00724638	0	0	0.0047619	0	0.0437158	0	0.104762	0.00724638	0.00724638	0	0.290323	0.0909091	0.614583	0	0.00724638	0.194444	13.114	0	0.0111111	0.00913242	10.8684	0.04	3.3252	0	0	0	1.10256	0.0133333	8.16667	0.0136986	4.90991	0.00913242	2.61538	0.0562771	9.8547	
4766.62	SFG_L_7_7	5.71212	7.15385	0.00520833	0.0241546	240.65	137.383	0	0.0545455	0	0.0679012	98.2333	34.4697	0	311.833	3.1875	0.0119048	0	0	24.9467	0.486111	11.3846	0.0283688	0	0.0119048	0	0	527.123	124.714	0	0	0.0119048	0.0289855	0.00641026	0	1.16667	0.0283688	0	0	0	0	42.2407	16.7639	13.5833	0.453333	2.34815	0.0432099	5.94074	17.2372	9.69697	5.98718	123.24	0.133333	0	0	0.00469484	0.00297619	0.079602	0	0.0497512	0.00516796	0	0	0	0	0	0	0	0.0430108	0.372549	0.0483871	0	0.00623053	0	0.0909091	0	0.0186916	0.287582	0.069697	1.48366	0.0336391	0	0.0235988	1.5817	0.0707965	0.00833333	0	0	0.129794	0.00406504	0	0.0155039	0	0.888889	0	0.333333	0.026087	0	0	0	0	0.00406504	0.00287356	0.0666667	0.011396	0.00444444	0	0.0271318	0.00266667	0.012987	0.0144928	0	0.0203252	0	0.0481928	0	0.00813008	0.075	0	0	0.0769231	0	0	0	0	0.535211	0.0103093	0.884259	0.0740741	0.657143	0	0.12381	0.00533333	1.59524	0.00343643	0.446009	0	0.252381	0	0	0	0	0	0.0798122	0	0	0	7.92473	0.514493	0.375758	0	11.5538	0.559259	14.8306	0.930348	0	0	0	0	0	0	0.0260417	0.00258398	1.38571	0.0330579	1.08333	0.00865801	0	0	0.319444	0.10356	0	0	0	0	2.99394	1.09605	79.4167	131.514	95.1167	0.547619	9.9	2.24359	23.4403	0.0384615	4.29078	0.265537	116.056	6.85057	0.551111	0.0231023	4.32877	0.09319	6.11712	0.666667	0.00421941	0.0519481	5.04054	0.358696	1.36036	0.00197239	0.00833333	0	3.76889	0.29703	0.484444	0.00333333	3.15766	0.648936	0.680556	0.0392157	0.045045	0.003003	0.122449	0.00724638	0.123077	0.026455	0.727778	0.0362319	2.65116	0.557576	0.3	0.0220126	9.57658	0.953704	22.5046	0.40264	10.4556	0.0243902	2.43333	0.232704	2.82171	0.0205761	2.11905	0.0294118	0.0163934	0.0291262	1.46032	0.0271318	0.55814	0.023569	0.976191	0.014652	2.63566	0.037037	3.1087	0.00666667	
6062.3	SFG_R_7_7	0.727273	1.90476	0.185185	0.010582	179.748	373.418	0.103825	0.244444	0.0655738	0.205479	8.36539	80.5556	311.833	0	22.0884	0.0810811	0.0576923	0	13.5667	11.1333	11.281	0.628205	0.138365	0.00271003	0.00501253	0.00854701	121.395	362.362	0.0897436	0	0.465409	0.654321	1.27564	0	0.305085	0.535714	0.00641026	0.00273224	0.128205	0	12.4058	135.957	0.0732323	17.25	49.1812	3.3908	119.794	45.141	1.71053	45.6667	4.83974	4.48889	0	0	0.0327869	0.0263158	0.0952381	0.0310078	0.0808081	0.14346	0	0.00694444	0	0.00529101	0	0.0656566	0.0151515	0.0128205	0.015873	0.0378788	0.0115942	0.00469484	0.0672515	0.133333	0.00287356	0.0546448	0.0143678	0.423611	0.124638	0.0102041	0	0.0188679	0.139601	0.268939	0	0.00378788	0	0.0462963	0	0.00990099	0	0	0.031339	0.0219298	0.014245	0.135417	0	0.00378788	0	0.00917431	0	0	0.00529101	0.600877	0	0.206349	0	0.00634921	0	0.306306	0	0	0	0.031746	0.00266667	0.00595238	0.0884354	0.045045	0	0.00542005	0	0	0	0	0.875421	3.72523	6.20539	3.42342	0	0.0570175	0.0842491	0.662037	1.76768	3.42793	0.271478	0.833333	0.380471	0.105023	0	0	0	0	0.124579	0.00925926	0	0.00469484	3.18707	1.46667	0.0666667	0.558559	0.853933	2.32895	1.31835	2.44624	0	0	0	0	0	0	0.0449438	0.127907	0.0444444	2.97333	0.021164	0.154321	0	0	0.0429293	14.7595	0	0.00653595	0	0	0.0649351	3.87654	54.9493	203.37	6.51852	2.28302	0.299242	4.92593	1.2381	0.108108	0.206751	0.808642	22.3821	74.7619	0.0119904	2.96581	1.19878	0.126126	0.442424	19.9114	0.0193237	0.0217391	1.7737	5.60759	0.159021	0.897778	0	0.259259	0.936364	30.7511	0.052381	0.921053	0.928349	6.83761	0.523333	1.37333	0.0952381	0.0440252	0.03003	0.452055	0.0847953	1.21429	0.0712251	4.83333	1.58333	93.8333	0.0606061	11.3838	1.46405	10.9697	0.60199	100.929	0.0963855	47.3577	0.420904	55.1966	0.020202	88.3571	0.0857143	12.5033	0.0846995	0.0464135	0.0530303	46.0397	0.350725	8.07317	0.218182	29.2033	0.0208333	48.5447	0.0868056	15.969	
3197.12	MFG_L_7_1	0.0444444	0.32	28.7917	0	320.395	35.6319	1.84444	0.0149813	0	0.0149813	0.503704	12.3623	3.1875	22.0884	0	0.00775194	0.761905	0	314.152	0.194444	335.389	0.326531	157.894	0.0133333	0.769231	0	41.7576	5.70588	1.73563	0	19.3194	0.173333	39.1605	0.06	29.76	0.0866667	1.53571	0.0125786	8.96429	0	0	0	0.00198413	0.157233	0	0	0.00340136	1.22436	0.00793651	0	24.4933	0.0440252	0	0	0.00833333	0.0037037	0.116959	0.0265152	0.105263	0.0909091	0	0	0.00362319	0	0	0.00456621	0	0	0.0212766	0.00574713	0	0	0.00584795	0.00617284	0	0.00333333	0.347222	0.00308642	0.618056	0.00666667	0	0.0030581	0.805556	0.0121212	0.017094	0	0	0.00900901	0.00340136	0	0.0200803	0	0.413146	0	0.72	0.00606061	0.00854701	0	0.00392157	0	0.00392157	0	0.0601852	0	0.00913242	0.0291667	0.0240964	0	0.117371	0	0	0	0	0	0.0364583	0	0.015873	0.00574713	0	0	0	0	0	0	0.510101	0.0177305	0.202899	0.0177305	0.241026	0	0.565657	0.0780142	0.909091	0	0.303922	0	0.149254	0	0	0	0	0	0.0751174	0	0	0	0.00416667	0.0643939	0.00925926	0.00311526	0	0.0757576	0	0.0727969	0.0273224	0	0.00595238	0	0.040404	0	0.291667	0.0194175	1.46766	0.00493827	0.0190476	0	0.0852713	0	3.9596	0.0246914	0	0	0.125926	0	0	0.0337553	0.00724638	0.00938967	0.018018	0	0	0.0528455	0	0	0	0	0	0	0.0925926	0.141667	0.424658	0	2.58904	0.00970874	0.025641	0	1.43379	0.0124611	1.5	0	0.00877193	0	2.32877	0.0291262	0.319635	0.518987	1.7277	0.00666667	0.347826	0	0.0178571	0.00314465	0.112676	0.00574713	2.73889	0.062963	1.58757	0	0.107527	0.248485	17.5439	0.155303	1.4554	0.0344828	4.29577	0.0218579	28.975	0.0117647	11.1592	0.0401235	11.0789	0.0136612	34.3626	0.0245902	0.338798	0.0485437	2.60684	0.0140056	6.68376	0.0107527	6.38739	0.00392157	9.91892	0.0117647	24.8062	0.0498442	
3264.43	MFG_R_7_1	14.9645	23.32	7.38889	371.667	9.59259	161.304	1.3268	13.0833	0.0537634	0.0102564	1.4065	0.0617284	0.0119048	0.0810811	0.00775194	0	0.0045045	0.766667	0	163.107	0.0045045	181.565	3.27273	327.819	0.121212	11.697	0	6.8	0	6.11111	0.00900901	58.5556	0.0141844	45.5432	0	21.0595	0	9.2069	0.0277778	7.25	0	0	0	1.7957	0	0	0	0	0	0	0	0.777778	0	0.0242424	0.00362319	1.12222	0.0732601	0.797468	0.0460993	0.303797	0	0.612613	0	0.313131	0	0.042328	0	0.0111111	0	0.00694444	0	0.21164	0	0.144654	0	0.156566	0	0.212766	0	0.0231481	0	0.913242	0	0.5	0	0.361111	0	0.0873016	0	0.139535	0	0.0657895	0	0.0547264	0	1.92509	0	1.17708	0	1.32821	0	0.196581	0	0.65098	0	0.78481	0	0.0561404	0	0.0343643	0	0	0	0.101449	0	0	0	0	0	0.0697674	0	0.0205128	0	0.010101	0.0215054	2.62745	0.011236	0.685714	0	0.919192	0.0576132	0.90404	0.00716846	3.22549	0	0.502415	0.00378788	0.210784	0	0.797101	0	0.88	0	0.077381	0	2.56667	0.00740741	0.309524	0	0.0717949	0	0.295775	0.0114943	0.285024	0	0.0507246	0	0.0940171	0	0.188406	0.0695971	1.32323	0	5.48039	0	0.0380952	0	6.2619	0	25.8551	0	0.747619	0	10.8444	0	0	0	0	0.0325203	0	0	0.012012	0.178862	0	0	0	0	0	0.0444444	0.0540541	0.00273224	0.002849	0.00273224	1.58333	0.0462963	0.150794	0.00273224	0.164557	0	0.457143	0	0.532468	0.00273224	1.75877	0.0791667	0.0982906	0	4.0307	0.00740741	0.199074	0	0.0970874	0	0.0274914	0.0205761	2.44848	0	0.213768	0.00308642	0.0364583	0.143939	24.0942	0	0.0581395	0	0.410256	0.15625	13.9619	0.018315	20.7333	0	4.46078	0.340659	7.78431	0.0695971	0.0160643	0	0.398148	0.0253623	7.02941	0.010989	3.67647	0	2.4381	0	6.29524	
2761.07	MFG_L_7_2	0	0	2.7931	0.0045045	7.77381	0.366667	0.042735	0	0.018018	0	0.0520833	0	0	0.0576923	0.761905	0.0045045	0	0	0.178571	0	109.238	0.0347222	200.116	0	101.914	0	0.946667	0.0208333	186.406	0	66.3485	0.0277778	13.1235	0.0045045	0.257576	0.00680272	3.55952	0.0045045	84.2179	0	0	0	0	0	0	0	0	0	0	0	3.02899	0	26.9136	0	0.888889	0	7.13978	0	0.117117	0	6.4881	0	303.69	0	0	0	0	0	0	0	14.2114	0	0.0752688	0	11.7561	0	3.12879	0	5.08511	0	20.381	0	4.18	0	6.91667	0	9.53061	0	2.46328	0	0.559748	0	0.20398	0	1.97576	0	8.89583	0	38.7639	0	5.40123	0	0.343434	0	0.004329	0	0.477987	0	0.0037037	0	0	0	0	0	0	0	0	0	0	0	5.6	0	2.43972	0	0	0	0	0	0.0930233	0	0	0	0.0757576	0	0.0656566	0	2.14414	0	7.84685	0	6.55556	0	0.0333333	0	0.866667	0	0	0	0	0	0	0	0	0	36.4253	0	0.290323	0	9.27957	0	0.0990991	0	0.131313	0	0	0	0.108696	0	21.6275	0	1.32323	0	19.0833	0	0	0	0	0	0	0	0	0	0	0	0	0	0	0	0	0	0.00877193	0	0.150235	0	0	0	0.0904762	0	0.376812	0	0	0	0.1	0	0.00444444	0	0.304762	0	0.057971	0	0	0	0	0	0.0144928	0	0.00529101	0	0	0	1.22917	0	0.0392157	0	0.0714286	0	0.025641	0	3.00694	0	0	0	0.030303	0	0	0	0	0.00280112	0.00854701	0	0	0	0	0	0.0130719	0	
2161.97	MFG_R_7_2	1.90278	0.811111	0.52	1.95455	0.611111	0.415301	0.10119	6.8642	0	0.00980392	0	0	0	0	0	0.766667	0	0	0	0.231183	0	15.8267	0.131944	254.115	0.0128205	118.324	0	0.306011	0	57.7391	0	29.2308	0	41.2436	0	0.105691	0	0.580247	0	47.0972	0	0	0	0.224044	0	0	0	0	0	0	0	0.00813008	0	6.73563	0	9.34568	0.0212766	11.6373	0.0070922	0.0853658	0	0.111111	0	195.867	0	0.00877193	0	0	0	0	0	0	0	0.010101	0	0	0	0	0	0.0030581	0	0.333333	0	0.166667	0	11.7547	0	0.0843882	0	0.995169	0	0.549383	0	0.0639269	0	0.739316	0	12.5476	0	0.251082	0	0.184211	0	1.72381	0	0.772152	0	0.169154	0	0.0315789	0	0	0	0.118519	0	0.00239808	0	0	0	0.0736434	0	0	0	0.00917431	0.00694444	0.661836	0.00248756	0.539216	0	13.3016	0	0.2	0.00716846	37.2519	0	30.9653	0.00362319	44.8106	0	7.64286	0	1	0	33.617	0	0.25	0.00248756	0.333333	0	0	0	0.614286	0	0.131455	0	16.7157	0	0	0	4.23148	0.0622711	2	0	2.21296	0	0.0277778	0	0.0344828	0	6.99111	0	0.588889	0	0.537634	0	0	0	0	0	0	0	0.00884956	0	0	0	0	0	0	0.0125	0.00243309	0	0.00243309	0	0.531646	0.00900901	0.124498	0	0.00843882	0	0.613527	0	5.81921	0	0.367521	0.05	0.0811966	0	1.96154	0	0.207729	0	0.414966	0	0.0106383	0	0.872727	0	0.134752	0	0.00606061	0	12.4389	0	0.00537634	0	0	0	4.12381	0.0179211	11.6377	0	0.148148	0.0724638	1.60667	0.0250896	0.00330033	0	0.00938967	0	0.466667	0	0.238095	0	0.228571	0	0.441441	
2704.09	MFG_L_7_3	0	0	0.16129	0	136.472	1.59477	0.00803213	0.0037037	0.00444444	0.0037037	0.0283688	0.262411	24.9467	13.5667	314.152	0	0.178571	0	0	0.070922	238.365	0.00694444	1.2735	0	0	0	332.567	5.96	0.408602	0	7.26087	0.00694444	0.025	0	37.4133	0	0.785714	0	0.00724638	0	0	0	0.0833333	0.00694444	0	0	0	0.346405	0.00980392	0	130.348	0	0	0	0	0	0.0935673	0	0.0714286	0.011236	0	0	0.00362319	0	0	0	0	0	0.0362319	0	0	0.00326797	0	0.00314465	0	0.00653595	0.442177	0	0.455782	0.01	0	0.0030581	0.368056	0.00909091	0.017094	0	0	0.00297619	0.00340136	0	0.0160643	0	0.333333	0	0.4	0.0030581	0.0042735	0	0	0	0	0	0.027027	0	0.00913242	0	0.0240964	0	0.0365297	0	0.00520833	0	0	0	0.015625	0	0	0	0	0	0	0	0	0	0.228856	0.00362319	0.140097	0.00362319	0.136364	0	0.302564	0.00611621	0.447761	0	0.245098	0	0.137255	0	0	0	0	0	0.0610329	0	0	0	0.00483092	0.0524345	0	0	0.00497512	0.045977	0	0.0454545	0.00512821	0	0	0	0.00483092	0	0.116402	0.00378788	0.789216	0	0.0380952	0	0.034188	0	1.4619	0.0030303	0	0	0.04	0	0	0	0	0.0227273	0	0	0	0	0	0	0	0	0	0	0.0925926	0.0045045	0.587963	0	1.77169	0.01	0.020202	0	1.19178	0	0.694836	0	0.0045045	0	1.63927	0.0133333	0.268519	0	0.99061	0.01	0.31401	0	0.00520833	0.00314465	0.0365297	0	1.18333	0.00314465	0.661017	0	0.40625	0.0416667	7.14493	0.0111111	1.2723	0.00995025	4.16667	0.03	20.4474	0	6.48792	0.0163934	8.61404	0.0114943	9.27273	0.003003	0.0655738	0.00694444	1.63158	0.00406504	6.09649	0.00641026	2.87387	0	5.03509	0.00406504	15.7521	0	
1995.75	MFG_R_7_3	0	0.00606061	0.0107527	6.32184	1.46	259.507	0.0451389	0.131148	0.0105263	0.0136986	0.06	0.137931	0.486111	11.1333	0.194444	163.107	0	0.231183	0.070922	0	0.38	153.882	0.0430108	8.3908	0.0609319	0.0601093	0.0298507	210.389	0	0.09375	0.0251572	6.77778	0.0424242	1.84444	0.0123457	13.9231	0	0.733333	0.00584795	0.0621469	0	0	0.0025641	13.2692	0	0.139785	0.0196078	0	0	0	0.0206718	8.97222	0	0.238889	0.00350877	0.237288	0.0070922	0.641414	0.0140351	0.243781	0	0.883041	0	0.775862	0	0.0182648	0	0.00529101	0	0.004329	0.00595238	0.243781	0.0285714	0.419753	0	0.284314	0	0.166667	0.0181818	0.00666667	0.00297619	0.721519	0.00297619	0.106227	0	0.400844	0	0.148148	0	0.0622711	0	0.0883534	0.0058997	0.0222222	0	0.367041	0	1.04472	0	0.4875	0	0.155303	0	0.267442	0	0.164609	0	0.0173611	0	0.0694444	0	0	0	0.0175439	0	0	0.0030303	0.0047619	0	0.0116279	0	0.0791667	0	0.0333333	0.216312	2.19048	1.22105	0.56338	0	1.12207	0.0138889	1.67143	0.265957	3.30952	0.0212766	0.71831	0.0398551	0.893519	0	0.0104167	0	0.130435	0.0108696	0.216216	0	0.636816	0.666667	0.413146	0.00383142	0.00537634	0.0957447	0.361502	0.15942	0.287037	0	0.421875	0	0.172619	0	0.20202	0.0210526	1.73134	0.0152905	3.07981	0.00275482	0.451613	0.00266667	0.244444	0.00769231	15.7546	0	1.73709	0	0.204301	0	0	0	0.0133333	0	0	0	0	0	0	0	0	0	0	0.017316	0.160173	0.150641	0	0.0730159	1.67111	0.0101781	0.0357143	0.203175	0.333333	0.0126984	0.2723	0	0.75502	0.091195	2.47111	0.0682731	0.0675676	0.119741	1.92444	0.0842105	0.248826	0	0.00323625	0.00287356	0.0938967	0.0147493	0.528571	0	0.948276	0.0042735	8.29825	0.0609319	5.45833	0.068306	0.0648148	0.0594315	2.17352	0	9.87719	0.0218069	18.8429	0.00266667	9.24561	0.126316	1.45752	0.0233333	0.0249221	0.00260417	5.64035	0.0493827	1.44737	0.0345912	5.9386	0	6.88889	0.0042735	1.75	
4627.98	MFG_L_7_4	0	0.0266667	9.55952	0.0045045	174.765	73	0.193798	0.0120482	0.0136986	0.00401606	1.13475	19.2014	11.3846	11.281	335.389	0.0045045	109.238	0	238.365	0.38	0	2.46258	255.783	0.0261438	0.282051	0	138.561	3.57333	11.4348	0.0114943	206.683	2.21769	9.21333	0.653595	74.7843	1.04575	0.410256	0.111111	1.41975	0.0308642	0	0	0.0430108	0.459119	0	0.00666667	0.00340136	0.193333	0	0	229.045	0.0961538	0.0273224	0	0.026455	0.0116279	0.284848	0.0224719	0.278788	0.045977	0.0581395	0	0.0928962	0	0	0	0	0	0.0530303	0	0	0.00952381	0.0915033	0.05919	0	0.0166667	17.5682	0.0432099	21.1136	0.0349206	0.0232558	0.0246914	15.5926	0.0393939	0.0540541	0	0.0045045	0.0795107	0.0326087	0.00311526	0.0375	0	1.00476	0	2.61111	0.0339506	0.0042735	0	0.0438596	0	0.0288066	0.00297619	0.153257	0.00252525	0.0516432	0	0.104167	0	0.238095	0	0	0	0	0	0.0205128	0	0.0666667	0	0	0	0	0	0	0	1.61538	0.0070922	1.09804	0.0659341	0.902564	0.0031746	1.88718	0.0253623	3.69744	0.00634921	2.02525	0	1.07179	0	0.018018	0.00358423	0.0245098	0	0.183575	0	0.018018	0.00516796	0.0966184	0.477273	0.010101	0	0.139303	0.505747	0	0.296296	0.322581	0	0.127273	0	0.109375	0.00358423	1.13978	0.00766284	8.31841	0.0176991	0	0.0114943	21.5167	0.010929	58.2245	0.0661157	0.0291667	0	22.2683	0	0	0	0.0136054	0.00724638	0	0	0.00574713	0	0	0	0	0	0	0	0.643192	0.0219298	5.56667	0.0492424	13.784	0.00970874	0.0193798	0.00490196	8.20188	0.00660066	5.36232	0.00673401	0.0365297	0.003367	10.2207	0.029703	2.58216	0.0307018	7.08095	0.121528	2.51741	0.0561404	0	0	0.247619	0	2.44444	0.0645161	2.87571	0.00505051	0.0111111	0.00787402	9.80667	0.126437	4.61836	0.0233918	13.0821	0.0761155	24.1789	0.00995025	42.0846	0.135057	6.38889	0.00262467	12.2759	0.00524934	0.259887	0.0522876	2.68148	0.0144928	3.55856	0.0272109	4.42593	0.0035461	7.53153	0.0102041	11.5812	0.0264026	
2810.14	MFG_R_7_4	0.383648	2.04301	0.358974	14.3077	2.29333	114.136	0.0273224	1.17593	0.00757576	0	0.193333	0.114583	0.0283688	0.628205	0.326531	181.565	0.0347222	15.8267	0.00694444	153.882	2.46258	0	0.111111	148.458	0.0037037	0.49359	0.079096	94.6078	0.0486111	4.87719	0.12	391.705	0.130719	11.75	0.0654762	35.5333	0	1.94667	0.00595238	0.37963	0	0	0	21.4524	0.00254453	0	0.0199005	0	0	0	0.155172	12	0	0.948148	0	0.698113	0.00378788	0.677596	0.00606061	0.146465	0	2.54667	0	6.86111	0	0.0656566	0	0	0	0	0	1.40212	0.0102041	0.732026	0	1.09744	0.00308642	0.287879	0.00308642	0.0995025	0	3.29279	0	0.333333	0	5.59887	0	0.457778	0	0.0613027	0	0.208889	0.003003	0.00749064	0	1.00833	0	12.5344	0	2.71759	0	0.3375	0	0.333333	0	0.393939	0	0.0286738	0.00308642	0.0573477	0	0	0	0.0727969	0	0	0.00308642	0	0	0.0104167	0	0.258216	0	0.0871795	0.120879	3.31841	0.757246	1.08824	0	1.37374	0.0121951	1.40513	0.135531	4.24242	0.0179211	3.58333	0.0253623	1.71212	0	2.1037	0	2.44218	0	3.00617	0	8.76871	0.397004	0.828431	0.00793651	0.00512821	0.032967	0.583333	0.132576	0.666667	0	1.09434	0	0.952381	0	0.678363	0.0121951	3.12698	0.0104167	7.71569	0	0.728395	0	10.4444	0.00595238	27.4478	0	3.74286	0	9.60256	0	0	0	0.035461	0	0	0	0.0104167	0	0	0	0	0	0	0	0.0160643	0.110032	0.00236407	0.0355987	0.509009	0	0.0284553	0.140523	0.025	0.0102041	0.2657	0	4.07792	0.0865385	0.43379	0.0102564	0.042735	0.0782313	1.01778	0.0573477	0.125604	0	0.081761	0.00308642	0.0724638	0.00600601	0.288557	0.003003	0.347619	0	0.295238	0.00813008	2.32749	0.0550964	0.0144928	0.0381679	0.144928	0.00330033	6.55238	0.0249221	13.3487	0	3.68571	0.030303	0.512821	0.0112994	0.00666667	0.00520833	1.13514	0.047619	2.46667	0.031746	2.77143	0	2.81481	0.00387597	1.33333	
