data	data	5732.41	4451.73	5341.22	3938.83	15285.4	7364.16	5478.49	3427.32	3394.14	4023.42	2770.64	1638.15	7386.13	3028.99	6619.51	4246.74	3344.2	2670.98	3399.76	2169.31	3060.36	3854.78	3615.45	2418.54	4547.08	3610.91	8420.02	5225.01	1086.1	2996.64	1180.68	1385.79	1187.48	2645.77	2247.65	1316.72	1116.65	2613.66	2697.29	2673.83	931.498	1148.43	2002.09	2819.36	3408.4	1729.11	3280.03	2530.07	1653.14	1800.61	2604.81	1964.65	3786.06	3600.55	3662.06	2500.12	6901.83	2320.91	4124.92	3724.15	2295.7	1902.17	2893.71	2682.34	420.858	955.528	854.285	1184.24	6326.3	4269.04	2345.36	1680.52	2334.51	1987.03	2759.37	2156.26	2953.92	4296.07	4136.64	1273.94	2242.34	2233.94	3865.48	5161.98	2837.24	2820.04	2622.26	2872.69	7760.9	2238.74	4709.29	2442.72	4722.54	1793.06	5667.98	2006.51	1932.32	2501.93	1579.74	1638.1	4512.79	2080.14	6597.94	6682.07	8233.39	7107.69	8101.2	5166.81	1486.62	1398.78	1912.1	2456.87	1382.43	2089.97	2362.36	1777.5	2809.79	1515.07	2262.78	1359.58	1836.21	1368.6	2077.94	1379.37	3158.2	4258.23	1746.17	4124.99	2131.9	756.099	2172.57	2647.98	3273.52	2592.6	4479.83	5929.86	5405.17	5722.04	1938.78	2752.72	4494.64	3050.68	5252.57	2942.31	1987.28	2241.12	1214.26	2430.67	631.933	1788.27	2933.63	3940.71	1023.31	1573.98	2738.59	2846.75	1009.4	817.167	1896.57	2550.59	4270.08	4570.42	1176.3	1393.77	2219.05	858.869	1879.4	786.833	6893.62	3320.92	1586.15	656.742	4478.93	1313.27	435.207	391.483	918.558	2402.06	986.347	649.704	1521.74	3504.37	760.506	400.367	529.334	682.586	1462.78	1104.24	2602.08	4035.31	11211	4651.34	10417.8	5204.45	3477.94	4825.03	18748.6	8124.94	11448.7	4073.47	4107.99	2418.1	14068.1	7281.27	5099.44	5622.84	9307.95	6473.99	2002.02	5584.61	2344.8	2304.88	3324.71	5211.83	11706.5	9118.29	9795.25	9122.34	7468.75	4449.88	9247.66	12756.6	9342.94	6494.48	8946.96	5270.13	5461.68	6822.19	8021.62	12211.9	5472.53	4353.6	10613.2	4580.7	4974.53	1761.52	5733.69	5310.9	5828.37	6319.22	6049.47	6672.27	7019.68	4281.15	8648.9	5582.71	
data	data	SFG_L_7_1	SFG_R_7_1	SFG_L_7_2	SFG_R_7_2	SFG_L_7_3	SFG_R_7_3	SFG_L_7_4	SFG_R_7_4	SFG_L_7_5	SFG_R_7_5	SFG_L_7_6	SFG_R_7_6	SFG_L_7_7	SFG_R_7_7	MFG_L_7_1	MFG_R_7_1	MFG_L_7_2	MFG_R_7_2	MFG_L_7_3	MFG_R_7_3	MFG_L_7_4	MFG_R_7_4	MFG_L_7_5	MFG_R_7_5	MFG_L_7_6	MFG_R_7_6	MFG_L_7_7	MFG_R_7_7	IFG_L_6_1	IFG_R_6_1	IFG_L_6_2	IFG_R_6_2	IFG_L_6_3	IFG_R_6_3	IFG_L_6_4	IFG_R_6_4	IFG_L_6_5	IFG_R_6_5	IFG_L_6_6	IFG_R_6_6	OrG_L_6_1	OrG_R_6_1	OrG_L_6_2	OrG_R_6_2	OrG_L_6_3	OrG_R_6_3	OrG_L_6_4	OrG_R_6_4	OrG_L_6_5	OrG_R_6_5	OrG_R_6_6	OrG_R_6_6	PrG_L_6_1	PrG_R_6_1	PrG_L_6_2	PrG_R_6_2	PrG_L_6_3	PrG_R_6_3	PrG_L_6_4	PrG_R_6_4	PrG_L_6_5	PrG_R_6_5	PrG_L_6_6	PrG_R_6_6	PCL_L_2_1	PCL_R_2_1	PCL_L_2_2	PCL_R_2_2	STG_L_6_1	STG_R_6_1	STG_L_6_2	STG_R_6_2	STG_L_6_3	STG_R_6_3	STG_L_6_4	STG_R_6_4	STG_L_6_5	STG_R_6_5	STG_L_6_6	STG_R_6_6	MTG_L_4_1	MTG_R_4_1	MTG_L_4_2	MTG_R_4_2	MTG_L_4_3	MTG_R_4_3	MTG_L_4_4	MTG_R_4_4	ITG_L_7_1	ITG_R_7_1	ITG_L_7_2	ITG_R_7_2	ITG_L_7_3	ITG_R_7_3	ITG_L_7_4	ITG_R_7_4	ITG_L_7_5	ITG_R_7_5	ITG_L_7_6	ITG_R_7_6	ITG_L_7_7	ITG_R_7_7	FuG_L_3_1	FuG_R_3_1	FuG_L_3_2	FuG_R_3_2	FuG_L_3_3	FuG_R_3_3	PhG_L_6_1	PhG_R_6_1	PhG_L_6_2	PhG_R_6_2	PhG_L_6_3	PhG_R_6_3	PhG_L_6_4	PhG_R_6_4	PhG_L_6_5	PhG_R_6_5	PhG_L_6_6	PhG_R_6_6	pSTS_L_2_1	pSTS_R_2_1	pSTS_L_2_2	pSTS_R_2_2	SPL_L_5_1	SPL_R_5_1	SPL_L_5_2	SPL_R_5_2	SPL_L_5_3	SPL_R_5_3	SPL_L_5_4	SPL_R_5_4	SPL_L_5_5	SPL_R_5_5	IPL_L_6_1	IPL_R_6_1	IPL_L_6_2	IPL_R_6_2	IPL_L_6_3	IPL_R_6_3	IPL_L_6_4	IPL_R_6_4	IPL_L_6_5	IPL_R_6_5	IPL_L_6_6	IPL_R_6_6	PCun_L_4_1	PCun_R_4_1	PCun_L_4_2	PCun_R_4_2	PCun_L_4_3	PCun_R_4_3	PCun_L_4_4	PCun_R_4_4	PoG_L_4_1	PoG_R_4_1	PoG_L_4_2	PoG_R_4_2	PoG_L_4_3	PoG_R_4_3	PoG_L_4_4	PoG_R_4_4	INS_L_6_1	INS_R_6_1	INS_L_6_2	INS_R_6_2	INS_L_6_3	INS_R_6_3	INS_L_6_4	INS_R_6_4	INS_L_6_5	INS_R_6_5	INS_L_6_6	INS_R_6_6	CG_L_7_1	CG_R_7_1	CG_L_7_2	CG_R_7_2	CG_L_7_3	CG_R_7_3	CG_L_7_4	CG_R_7_4	CG_L_7_5	CG_R_7_5	CG_L_7_6	CG_R_7_6	CG_L_7_7	CG_R_7_7	MVOcC	MVOcC	MVOcC	MVOcC	MVOcC	MVOcC	MVOcC	MVOcC	MVOcC	MVOcC	LOcC_L_4_1	LOcC_R_4_1	LOcC_L_4_2	LOcC_R_4_2	LOcC_L_4_3	LOcC_R_4_3	LOcC_L_4_4	LOcC_R_4_4	LOcC_L_2_1	LOcC_R_2_1	LOcC_L_2_2	LOcC_R_2_2	Amyg_L_2_1	Amyg_R_2_1	Amyg_L_2_2	Amyg_R_2_2	Hipp_L_2_1	Hipp_R_2_1	Hipp_L_2_2	Hipp_R_2_2	BG_L_6_1	BG_R_6_1	BG_L_6_2	BG_R_6_2	BG_L_6_3	BG_R_6_3	BG_L_6_4	BG_R_6_4	BG_L_6_5	BG_R_6_5	BG_L_6_6	BG_R_6_6	Tha_L_8_1	Tha_R_8_1	Tha_L_8_2	Tha_R_8_2	Tha_L_8_3	Tha_R_8_3	Tha_L_8_4	Tha_R_8_4	Tha_L_8_5	Tha_R_8_5	Tha_L_8_6	Tha_R_8_6	Tha_L_8_7	Tha_R_8_7	Tha_L_8_8	Tha_R_8_8	
5732.41	SFG_L_7_1	0	183.023	466.053	40.8182	274.803	45.1739	161.993	6.25379	42.3492	9.95349	47.5214	26.2197	1.29091	0.254545	2.07345	1.45349	0.382716	0.0153257	0.531073	0.0666667	0.58046	0.117794	23.36	0.70155	10.6026	7.68889	0.261649	0.459016	2.32323	0	0.0378788	0.0037037	0.247863	0.223529	1.25731	0.0151515	6.27619	0.278431	91.7843	0.0833333	0	0	0.030303	0.0510949	0.253623	0	0.383513	0	0.116162	0	0.202381	0.00938967	0.0166667	0	0.025641	0.0805861	0.723164	0	0.468927	0.292135	44.4314	0	2.30303	0.00793651	0.857143	0.555556	2.5	0.430894	2.23611	0.0487805	0.00653595	0	5.39815	0	0	0	0.271429	0.243169	0.0989011	0.00323625	0	0.002849	0.423423	0.336066	0	0	0.032967	0.002849	0.263492	0.00862069	0	0	0.782456	0.0273224	0.0429043	0	0	0	0	0	0.012012	0	0.238095	0.0114943	0.22973	1.44444	0.278846	0.049505	0.00724638	0	0.112554	0	0	0.00297619	0.226337	0.0030581	0.734299	0.00533333	0.288889	0.00505051	0	0	0	0	8.48958	1.10638	4.09259	0.407407	0.0325203	0	0.25641	0.746032	1.55714	0.004662	7.23744	0.0160256	1.51643	0.0186916	0	0	0	0	0.877934	0	0.0175439	0	16.3101	2.32979	3.59596	2.18182	16.8261	0.36	17.2766	3.08772	0	0	0.00438596	0	0	0	0.546448	0.409091	0.684211	0	0.363095	0	6.18713	0.0365854	47.5395	0.0021645	2.33772	0	70.3934	0	0.489362	0.0333333	8.73333	14.875	0.105263	0.175	3.12821	0.89881	4.12925	0.156863	19.32	0.277778	0.00628931	0	4.76444	6.31646	5.23984	0.0271318	4.44578	0.0923695	2.40376	5.88889	22.5612	0.100402	40.5671	0.0103093	0	0	16.4895	0.00392157	1.41026	1.14815	9.32917	0.345528	1.04825	0.132013	0.372549	0.104869	1.14493	0.0287356	34.2637	8.85606	19.1111	0.283333	0.456522	0.027451	161.994	11.8801	10.3947	0.0716253	15.0087	0.108642	12.3333	25.0985	23.6447	0.179293	6.89744	0.00275482	218.477	0.0438596	28.7265	0.128713	19.1152	0.0902778	75.924	0.224638	55.7091	0.00970874	59.6954	0.021164	160.049	0.0757576	
4451.73	SFG_R_7_1	183.023	0	77.3185	106.816	35.5407	120	104.052	140.386	54.1259	96.2937	12.6818	124.98	1.22667	6.60256	0.416667	3.96825	1.70833	6.95699	0.0128205	0.0114943	0.25641	2.47799	25.9286	0.898551	66.5407	17.8406	0.0186916	1.02315	0.0466667	34.125	0.0363636	0.124294	0.14881	8.64583	0.0266667	1.29091	0.246914	5.31313	0.641509	44.5253	0	0	0	0.162037	0.0192308	0	0.0253968	0.0639269	0.0140351	0	0.00444444	0.375	0.0724638	0.428571	6.05072	1.14706	1.125	0.229885	1.12734	1.05848	0.269231	0.0606061	0.0128205	6.0202	0.127273	2.69444	0.181481	0.327485	0.0852713	0.287179	0	0	0.0740741	0.0333333	0	0.040404	0.00749064	0.0365297	0	0.0241546	0	1.59375	0.0262172	0.333333	0	0.8125	0	2.31282	0.0102564	0.261261	0	0	0.06	0.152381	0.00401606	0.471429	0	0.111111	0	0.273632	0	0.436275	0.0140056	0.166667	1.02315	0.164706	0.0666667	0.00595238	0	0	0	0.09319	0	0.134058	0	0	0.00823045	0.0625	0	0	0	1.50521	0	0.0125786	0.649789	1.99487	0.197531	0.523148	0	0	0.12766	2.33333	0.148551	0.280952	0.729412	0.936073	0.0609756	1.31019	0	0	0	0.106667	0.121951	0.646667	0	0.00308642	0.192708	1.28571	0.313333	5.10078	0.142157	1.57143	0.139303	12.9286	0.00546448	0.0666667	0	0	0	0.0592593	0.284644	2.59887	0.0347222	0.0619048	0.00444444	0.101852	0.357388	0.238095	1.40893	1.99074	0.133333	0.0324074	1.11228	2.5	0.0031746	0.0606061	3.54762	10.5203	0.0124611	1.19048	0.0224359	2.12245	0.388889	0.766667	0.57971	2.81111	0	0.0261438	6.61472	1.73874	0.418301	0.0121951	0.29085	0.00595238	1.85526	1.07143	0.886667	0.00892857	1.4375	0.08	0	0	0.686667	0.0658436	0.921811	0.34188	0.256667	0.0125	0.004662	1.17808	0.00490196	4.73203	0.0151515	0.557292	8.26437	69.9885	0.686275	0.16	0.0480769	1.39216	11.572	283.435	0.520833	0.878307	0.687075	1.35749	1.90222	82.4773	1.22449	32.4194	0.1	0.570175	27.4872	140.587	2.83983	0.893519	0.909524	3.94444	2.97835	39.9035	1.01042	13.4298	2.18421	2.8	15.4303	67.1171	
5341.22	SFG_L_7_2	466.053	77.3185	0	13.5507	267.04	3.96552	256.62	3.16296	0.251634	1.66667	3.57333	4.33333	0.003663	0.0606061	79.7727	1.58527	13.5867	0.0114943	1.3908	0.0814815	4.98925	0.0826873	191.651	0.736434	69.1818	0.777778	0.132616	0.010101	7.1875	0	0.22807	0.0037037	4.70707	0.258824	2.14035	0.0114943	11.9902	0.317647	125.578	0.0992064	0	0	0.0116279	0.0291971	0.128205	0	0.192029	0	0.0497512	0	0.35119	0.00234742	0.0386473	0	0.0130719	0.0592593	0.248756	0	0.144279	0.194757	79.6078	0	4.46465	0.00793651	0.0344828	0.222222	0.00311526	0.175	1.22222	0.016129	0.0148148	0	8.82857	0	0.0037037	0	0.490566	0.14876	0.138298	0	0.00634921	0.002849	0.323232	0.193989	0	0	0.0790378	0.002849	0.539683	0.00862069	0	0	0.822222	0.0169492	0.178947	0.00294985	0	0	0	0	0.0311526	0	0.307937	0.00862069	0.214612	1.50855	0.548077	0.0429043	0	0	0	0	0	0	0	0.0030581	0.22549	0.00287356	0.0047619	0	0	0	0	0	2.78109	0.663082	2.34272	0.178451	0.0675105	0	0.114155	0.403101	1.42254	0.0111111	8.36	0.0123457	1.84234	0.00961538	0	0	0	0	0.538813	0	0.0490196	0	0.214912	1.18638	0.046875	1.02381	0.0142857	0.0818713	0.00740741	0.873563	0	0	0.0225225	0	0.0121951	0	0.242424	0.273408	1.66667	0	0.5	0	18.4802	0.0365854	68.3596	0.0021645	5.48246	0	120.259	0	0	0.0172414	1.07692	5.88618	0	0.213675	0.0047619	0.113095	0	0.00653595	0	0.111111	0	0	3.69778	6.19831	7.81928	0	6.93574	0	2.20476	5.9359	25.875	0.00196078	47.4805	0.00925926	0	0	18.8458	0.00196078	0.831224	1.17695	10.0417	0	0.552632	0.0555556	0.122549	0.128788	0.483092	0.0172414	24.5867	9.73485	10.2407	0.136111	0.213768	0.00275482	103.705	11.9811	9.3114	0.0338983	15.0087	0.0588235	5.58333	6.57447	27.1732	0.116279	5.325	0.00275482	123.989	0.0355556	15.4298	0.0774411	10.2303	0.0486111	42.1607	0.141304	28.9758	0.0026455	31.1525	0.0185185	89.0598	0.0411985	
3938.83	SFG_R_7_2	40.8182	106.816	13.5507	0	9.23704	131.333	4.73333	100.379	2.01149	0.126582	4.57937	0.222222	0.0465116	0.00775194	0.398374	331.654	0.589147	10.5057	0.00483092	0.694444	0.0555556	4.76852	18.0078	26.7949	11.6899	145.803	0.0031746	0.0736434	0	87.1111	0	9	0	97.321	0.0231481	1.13208	0.02	17.358	0.106667	44.2414	0	0	0	0.0766283	0	0	0.0031746	0	0	0	0	0.254545	0	0.0488889	0.210728	0.0940171	0.51341	0.0590717	0.594697	3.32727	0.06	0.171429	0	0.781609	0.00497512	0.333333	0.0719697	0.976191	0.00560224	0.042328	0	0.0363636	0.00628931	0.131455	0	0.0286738	0	0.169082	0	0.0751174	0	0.0966184	0	0.400901	0	0.0291667	0	0.294686	0.00819672	0.342105	0	0	0.00268817	0.0769231	0.0035461	0.45614	0	0.025	0	0.0917874	0.0035461	0.222222	0.00537634	0.325843	0.142857	0.143939	0.010929	0.0035461	0	0	0	0.159259	0	0.228464	0	0	0	0.0218579	0.0045045	0.00362319	0	0.104478	0	0.00606061	0.299242	9.89947	0.0625	1.76812	0	0.0222222	0.117216	8.64481	0.137037	1.64216	0.283951	1.55399	0.00724638	1.97653	0	0	0	0.00680272	0.0916667	0.0116959	0	0.037037	0.0340909	0.833333	0	3	0.0406504	0	0.021097	0	0.00546448	0.0396825	0	0.00854701	0	0.139785	0.160784	11.0556	0.00749064	0.102941	0.00462963	0.08	0.0277778	1.19728	0.102564	9.4596	0.0070922	0.561404	0.111111	4.16667	0	0	0	0.00966184	0	0	0	0	0.0131579	0	0.015625	0	0	0	1.7973	0.676056	0.00680272	0	0.0103093	0.00392157	0.60274	0.442786	0.0381944	0.00529101	0.131868	0.328638	0	0	0.0277778	0.0421941	0.189873	0.198198	0.0170068	0.042735	0.0045045	2.61905	0	0.212121	0.00280112	0.0765027	3.89147	26.5417	0.111111	0.259804	0.0171821	0.197917	4.91473	159.742	0.040293	0.338028	0.0512821	0.274262	0.730594	58.8472	0.107407	23.828	0.0026455	3.21368	4.34496	111.573	0.895349	0.114155	0.265766	4.78333	0.954167	100.532	0.252688	39.4	0.64135	15.8217	1.21429	107.762	
15285.4	SFG_L_7_3	274.803	35.5407	267.04	9.23704	0	210.188	0.626667	0.615385	0.342857	0.344322	373.786	79.4889	820.504	169.139	535.532	0.170068	9.55952	0	226.4	1.26667	91.131	1.5034	76.9444	0.00757576	0.883333	0.00252525	122.274	44.6467	3.11111	0	5.9	0	39.1562	0	87.6552	0.00701754	31.4667	0	78.6078	0	0.153846	0.0296296	5.72043	2.89333	0.417508	0.145455	0.796667	1.41808	0.2	0.0148148	76.1724	0.537415	0.248756	0	0.162281	0.018315	1.14925	0	0.646766	0.180077	2.62222	0	0.460317	0	0.129032	0.00775194	0.0888889	0.00374532	4.7375	0.0650406	1.94444	0	4.97468	0	0.226054	0	2.19565	0.354331	2.72464	0	0.104575	0.00282486	3.02614	0.464567	0.00401606	0	0.561404	0.00197239	7.82848	0	0.00694444	0	8.25397	0.0502645	3.83333	0	0	0	0.0105263	0.00282486	0.518152	0	2.64797	0	0.0488889	0.0481481	8.87789	0.00970874	0.00213675	0	0.00213675	0	0	0	0.00213675	0	0.754386	0.00574713	0.0119048	0	0.0598291	0.00197239	0	0	4.21005	2.35948	11.7046	0.428571	5.23874	0	3.26852	0.696296	15.3111	0.00900901	28.684	0.00854701	16.0307	0.00862069	0.00900901	0	0.0307018	0	3.73077	0	2.04167	0	1.85772	5.00333	0.102564	0.53	0.367647	0.0757576	3.38624	2.22109	0.164251	0	1.18519	0	1.06667	0	4.82857	0.341085	24.4346	0	1.24242	0	61.9378	0.00314465	184.017	0.0366972	6.61778	0	141.82	0.00595238	1.5082	0	53.2593	70.7704	4.30303	0.908333	4.62903	0.0416667	1.12903	0.00617284	0.173333	0.030303	5.02326	2.89189	2.81818	0.534137	58.3049	0.00680272	45.0447	0.0105263	0.191781	0.308333	161.535	0.0035461	120.532	0.00854701	0.00416667	0	113.58	0	0.930041	0.178947	57.1317	0.0463768	5.31276	0.0442478	0.337778	0.00320513	1.80342	0.0424242	47.1846	0.265993	73.7527	0.4	78.2667	0.191781	173.667	1.37729	40.7042	0.142361	161.118	0.107914	358.908	2.02273	201.511	0.220386	327.007	0.102564	234.525	0.205674	16.363	0.100629	123.339	0.0957854	106.557	0.378641	186.079	0.241758	227.868	0.184524	284.712	0.219608	
7364.16	SFG_R_7_3	45.1739	120	3.96552	131.333	210.188	0	2.79487	1.42938	1.34058	1.45977	114.874	275.245	65.9149	182.512	33.7589	140.903	11.8815	0.0964912	0.911565	192.803	9.2197	68.875	53.3636	8.58333	0.092827	0.0314465	7.75439	118.976	0.296296	23.7111	0.25	33.4762	1.42177	75.2024	0.133333	12.5357	2.04861	46.0238	1.70667	2.70968	0.0181818	0.115942	0.00215054	0.742972	0.0189702	0	0.263158	0.602564	0.0972222	0.00775194	0.0483871	6.04762	0.00411523	0.446429	0.236559	1.80226	0.465201	1.46328	0.48913	1.7541	0.00595238	0.233918	0	0.733333	0.0175439	0.857143	0.0860215	0.469945	0.0841751	2.27564	0.00280112	0.411458	0.126667	0.045977	0	0.328431	0.00621118	1.62281	0.0123457	0.155844	0	0.126984	0.0254453	2.31646	0	0.772358	0.00606061	0.369919	0.0765027	1.50549	0	0.444444	0.0921409	1.04255	0.0175439	1.00733	0	1	0	0.113725	0.00287356	0.298039	0.0327869	4.69963	0.179487	1.8	0.0819672	1.0155	0.00330033	0.03367	0.00330033	2.34432	0	2.86447	0.00330033	0.02	0.00374532	0.0630631	0.00330033	0.235955	0	0.123932	0	0.0833333	0.451613	26.781	0.393617	12.1233	0	1.97101	0.107639	14.0918	0.129032	13.1221	0.893617	10.4074	0.101449	15.5399	0	0.0045045	0	0.00900901	0.0315789	0	0.00396825	0.571429	0.146953	5.26577	0.00416667	4.41919	0.138889	0.190476	0.0875	0.477612	0	1.42328	0	0.0977011	0	2.42328	0.192029	19.7292	0.111111	0.135135	0.0102564	0.0448718	1.74638	8.95555	5.86395	39.7198	0.179167	3.13228	3.2234	6.2957	0.00680272	0	17.947	35.2424	2.75	0.54955	0.0340136	0.850575	0.0321285	0.015873	0.03125	0.166667	1.31884	6.14583	0.360153	1.48246	3.42088	0.134146	3.23569	0.440329	0.0986395	0.821596	7.87415	0.384921	4.46181	2.17117	0	0.168627	6.21088	4.92308	0.0674157	0.420833	1.5945	3.11966	0.103093	17.5972	0.00320513	0.0232558	0.012945	1.42857	3.64015	15.1455	1.45148	8.14493	0.815789	37.435	5.05618	134.418	2.29861	2.54701	5.7732	16.9128	5.26154	213.277	8.81443	111.6	2.83983	96.325	6.06367	99.9457	1.19192	0.128889	2.05936	23.8409	2.15278	124.319	3.82222	113.72	3.96537	106.235	2.91204	145.658	
5478.49	SFG_L_7_4	161.993	104.052	256.62	4.73333	0.626667	2.79487	0	27.4558	468.549	68.363	0.139241	0.825397	0.0555556	0.047619	0.783333	1.94186	0.345238	0.153333	0.211111	0.18315	0.385965	0.214559	4.23016	0.854406	96.5	10.1206	0.131086	0.227723	0.0606061	0.0105263	0.0984849	0.0373832	0	0.391473	0.436782	0.0486891	2.64865	0.492248	20.0196	0.15873	0	0	0.0282486	0.0190476	0.113636	0	0.10989	0.00311526	0.0614035	0	0.047619	0.00641026	0.277778	0.037037	61.3333	0.329545	10.3563	0.0037037	17.4638	0.853933	25.798	0	2.04167	0.0754717	0.75	1.53333	5.61905	4.17054	0.596244	0.107639	0.0218579	0.0037037	2.58333	0	0.00595238	0.00740741	0.0798122	0.00840336	0.0348837	0	0.00512821	0.0156863	0.140845	0.0196078	0	0.0123457	0.00374532	0.0284553	0.12	0.00813008	0	0	0.2723	0.0175439	0.148148	0.0108401	0	0.00308642	0.0104167	0.00542005	0.0386473	0.00542005	0.026936	0.00584795	0.843434	0.81893	0.124444	0.0792079	0	0	0	0	0	0	0	0	0.00505051	0.035461	0.0242424	0	0.00595238	0.0240964	0	0.0047619	6.52778	0.34767	0.583333	0.085034	0.0162602	0.0035461	1.45614	0.961538	0.899471	0.025641	2.95434	0.02	0.572917	0.0381944	0.0155039	0	0.0155039	0	0.459596	0.0047619	0.004329	0.0037037	0.0625	0.304348	0.448276	2.04598	0.0169492	0.0760234	0.0377358	0.616352	0.0761905	0.0125786	0	0	0.17094	0	4.39286	1.0641	0.515556	0	0.0952381	0	3.03636	0.0487805	36.5219	0	24.2381	0	49.6949	0	0.00666667	0.02	0.0144928	2.61789	0	0.027027	0.0215054	0.104938	0	0.0232558	0	0.325203	0	0	9.39556	6.60338	10.065	0	7.79268	0	8.53241	5.02991	21.3917	0	28.2035	0.0102041	0	0.00606061	18.7292	0	2.61039	1.73896	4.57917	0.00653595	0.0964912	0.0646259	0	0.478927	0.101449	0.154386	126.29	14.9621	3.86163	0.0168067	0.502415	0.29085	297.681	18.8801	11.9701	0.164912	18.9536	0.214521	10.9598	11.5333	49.5991	0.10989	0.162393	0.00740741	308.098	0.24	31.8571	0.0858086	3.81481	0.0517241	23.7799	0.151515	7.30952	0.015873	11.5	0.015873	144.483	0.173516	
3427.32	SFG_R_7_4	6.25379	140.386	3.16296	100.379	0.615385	1.42938	27.4558	0	35.0922	391.667	0.0217391	0.018018	0.00769231	0.0126582	0.00187266	0.908046	0.094697	5.4	0	0.372881	0	8.84242	0.352273	1.43056	2.07333	140.197	0.0031746	0.385714	0	9.6129	0	2.0914	0	3.33333	0	4.83626	0	7.17172	0	44.2424	0	0	0	0.0925926	0	0	0.0031746	0.0182648	0.00469484	0	0	0.689655	0.190476	4.58333	5.19048	90.798	1.46442	0.692308	3.56863	0.310734	0	1.22549	0	21.9375	0.0588235	0.00350877	1.91837	0.0113636	0	0.0923077	0	0	0	0.369792	0	0.0582011	0	0.0871795	0	0.177419	0	1.74074	0	0.369369	0	0.925926	0	3.10582	0.00241546	0.521127	0	0	0.00241546	0.0990991	0	0.68599	0	0.22043	0	0.435897	0	0.686869	0.00483092	0.243728	0.220721	0.373333	0.00241546	0.0138889	0	0	0	0.139785	0	0.202899	0	0	0	0.0111111	0	0.0289855	0	1.77957	0	0.018315	0.178947	0.837963	0.016129	0.506849	0.00215054	0.00666667	0.109929	0.7277	0.0842105	0.449074	0.0946502	1.25676	0.00990099	1.9589	0	0.0227273	0	0.159722	0.0452675	0.858156	0	0	0.00273224	0.0122324	0.0496454	0.0210526	0	0	0	0.0022831	0	0.166667	0	0	0	0.0821256	0.359259	1.33333	0	0.128889	0	0.85	0	4.24167	0.0196078	3.75342	0	0.494949	0	12.1351	0	0	0	0	0	0	0	0	0	0	0.214286	0	0	0	2.47186	1.83333	0.010101	0	0.0130719	0.00990099	0.671053	1.10329	0.0233333	0.00595238	0.0233333	0.0810811	0	0	0.0196078	0.104167	0.394309	0.521368	0.01	0.0493827	0.004662	1.49099	0	10.7398	0	0.203125	7.76515	96.9867	0.0144928	0.00330033	0.0078125	0.791045	9.33333	319.217	0.0196078	0.296296	0.0190476	0.784314	0.128205	4.14394	0.050505	93.9596	0	0	9.24444	23.1463	0.322917	0.573529	0.0562249	0.495935	0.294326	2	0.0245098	0.431373	0.129167	0.0729167	0.324894	8.81373	
3394.14	SFG_L_7_5	42.3492	54.1259	0.251634	2.01149	0.342857	1.34058	468.549	35.0922	0	117.871	0.0730159	0.148936	0.0493827	0.0260417	0.0226537	0.831418	0.0121951	0.375886	0.00529101	0.100358	0.00843882	0.151515	0.0438596	0.393939	0.666667	17.3939	0.0660066	0.232026	0	0.00701754	0	0.0280374	0	0.181818	0.00555556	0.0374532	0	0.208333	0.00775194	0.0498084	0	0	0.021164	0.031746	0.0265152	0	0.0299625	0.00311526	0.0177778	0	0	0.00961538	0.0967742	0.0641026	90.2424	0.519231	2.79739	0	64.6148	0.741573	0.0277778	0	0.0606061	0.104575	1.55263	2.16327	47.1304	26.8	0.138095	0.122807	0	0	0.00326797	0	0	0	0.0140845	0	0	0	0	0.00784314	0.0531401	0.00877193	0	0.0156863	0	0.0123457	0.0121212	0	0	0	0.0931373	0.0112045	0.0030303	0	0	0.00617284	0	0	0.00343643	0	0.0047619	0	0.479798	0.574297	0.0171821	0.0359477	0	0	0	0	0.00555556	0	0	0	0	0.0460993	0.0185185	0	0	0.00784314	0	0	4.47458	0.157706	0.184615	0.0520833	0.00387597	0.0035461	1.1462	0.5	0.396825	0.0141844	0.818182	0.010101	0.232804	0.0286738	0	0.00574713	0	0.00574713	0.257576	0	0	0	0.920635	0.277778	3.22917	1.93711	0.530303	0.141026	0.266667	0.633987	0.00952381	0.0125786	0	0	0	0	2.91667	0.722222	0.012987	0	0.00231481	0	0.0287356	0.0120482	2.02954	0	1.66667	0	1.91453	0.00374532	0.00666667	0.00666667	0.057971	0.142857	0	0	0.0277778	0.169935	3.22917	0.0155039	10.6667	0.991453	0	0	3.7027	3.57028	1.33333	0	0.995984	0	3.58796	2.13333	2.30081	0	1.15417	0.003367	0	0.00606061	1.88353	0	1.20346	1.77912	0.447154	0	0.0175439	0.0486111	0.031746	0.153558	0.0338164	0.173759	104.698	6.80524	0.710692	0.0112045	0.425641	0.36246	191.146	9.08889	1.47737	0.202128	1.71888	0.254902	7.29885	5.33333	16.9714	0.153846	0.0469484	0.00987654	192.236	0.112121	15.9598	0.0751634	1.26144	0.0135501	8.41667	0.0194175	1.45	0.00740741	3.51786	0.0133333	80.0083	0.0161812	
4023.42	SFG_R_7_5	9.95349	96.2937	1.66667	0.126582	0.344322	1.45977	68.363	391.667	117.871	0	0.190476	0.19697	0.180723	0.0379747	0	0.816092	0.0378788	2.44792	0	0.385057	0	5.06548	0.246032	0.0541667	3.05426	20.5128	0.00584795	0.816425	0	0.704918	0	1.70968	0	0.508772	0	2.84795	0.00606061	2.4381	0.00606061	11	0	0	0	0.183099	0	0	0	0.0328639	0	0.00775194	0	0.344828	1.14074	15.8387	38.6087	103.803	12.5177	1.0119	27.1631	39.415	0	0.901961	0	20.9091	0.833333	10.5054	30.1304	96.1154	0	0.402116	0	0.00347222	0.00560224	0.0490196	0	0.0102564	0	0.0353535	0	0.0343137	0	0.984375	0.00229885	0.220588	0	0.53125	0	1.00521	0.00966184	0.198198	0	0	0.00241546	0.151961	0.0037037	0.309524	0	0.123656	0	0.217172	0.0037037	0.318627	0.00205761	0.0531915	0.106667	0.543379	0.00966184	0.0262172	0	0	0	0.0350877	0	0.0460993	0	0	0	0.0913979	0	0.00421941	0	0.502645	0	0	0.593496	1.23656	0.024	0.32	0.00215054	0.00666667	0.213768	1.18519	0.115789	0.199074	0.0172414	0.372807	0.00943396	0.56	0	0	0	0.047619	0.0155763	0.142857	0	0.00347222	0.381818	0.284553	1.61594	14.0417	0.374269	0.0683761	0.70068	5.83333	0.0232558	0.869048	0	0	0.02	0.0375587	0.796935	0.935323	0.00226757	0.0714286	0	0.538462	0	2.09333	0.040404	1.22973	0.0102041	0.169154	0.0102041	6.14414	0.0567376	0	0.00411523	0.205128	0	0	0.109091	0.0630631	0.458333	2	3.96748	13.4524	0	0	1.60606	4.5	0.037415	0	0.0330033	0.013468	0.533333	2.49758	0.0533333	0.00660066	0.023569	0.0482456	0	0	0.0462046	0.020202	0.325103	1.71053	0.00262467	0.0238095	0.002331	0.517544	0.0238095	15.6167	0	0.758065	10.4784	175.681	0.0545455	0.00469484	0.0104167	1.93122	10.8736	385.188	0.0701754	1.14444	0.0606061	1.59204	0.0208333	3.16993	0.194139	54.6961	0.00555556	0.0507246	7.75379	72.0543	0.286667	4.51075	0.066092	0.951219	0.141026	8.77778	0.0169492	2.14141	0.015873	0.120219	0.536036	32.5152	
2770.64	SFG_L_7_6	47.5214	12.6818	3.57333	4.57937	373.786	114.874	0.139241	0.0217391	0.0730159	0.190476	0	48.8254	68.2762	8.02721	12.7051	1.52846	1.77011	0	0.0388889	0.294872	4.7931	0.339623	12.3333	0	0.031746	0	0.0986395	7.60897	0.0114943	0	0.282828	0	3.32353	0	0.104762	0	0.333333	0	1.1619	0	0.00378788	0	0	0.433962	0.0877193	0	0.163194	0.0444444	0.00512821	0.00392157	0	0.129252	0	0	0.0101781	0	0.272727	0	0.176768	0.0613027	0.0162602	0	0.0162602	0	0.047619	0.0212766	0.0820513	0.0166667	1.02137	0.015873	0.00724638	0	0.0440252	0	0	0	0.0471698	0.149051	0.0597484	0	0.00653595	0	0.134021	0.193548	0	0	0.00970874	0	0.165109	0	0	0	0.228395	0.00854701	0.023569	0	0	0	0	0	0	0	0.169811	0	0	0	0.174455	0	0.00444444	0	0.144578	0	0	0	0.198413	0	0.207207	0	0.212851	0	0	0	0	0	1.09722	0.581633	2.10965	0.146667	0.275556	0	0.0755556	0.173913	1.51111	0.00900901	2.57456	0.00862069	1.46053	0.00326797	0	0	0	0	0.463203	0	0.0416667	0	0.827957	1.34375	0.0641026	0.173611	2.52381	0.207792	10.1667	0.691756	0.00469484	0	0	0	0	0	0.166667	0.0952381	0.622222	0	0	0	1.40351	0.00314465	8.85597	0.0440252	0.0208333	0	6.9789	0.00595238	1.66049	0	9.47863	11.0238	1.80503	0.77193	8.01212	0.337662	6.30189	0.0123457	0.801802	0.0045045	0.198198	0.12037	0.609649	0.15873	4.09756	0.00680272	2.20884	0.0912698	0.0133333	0.0548523	9.27642	0.0873016	8.23333	0.00569801	0	0	5.68699	0	0.204167	0.0842912	4.07819	0.253012	0.447257	0.0634921	0.103604	0.00320513	0.333333	0.015873	7.04688	0.077957	12.791	0.191257	0.239583	0.0324074	50.7222	0.429119	3.22083	0.0447154	7.325	0.0196078	103.429	0.119741	17.9829	0.12012	53.6818	0.00343643	42.0582	0.107639	4.53488	0.031746	26.2469	0.034632	31.7333	0.185567	49.0556	0.0912698	47.0476	0.047619	71.0379	0.102881	
1638.15	SFG_R_7_6	26.2197	124.98	4.33333	0.222222	79.4889	275.245	0.825397	0.018018	0.148936	0.19697	48.8254	0	6.75194	100.818	8.65185	0.075	4.99206	0	0.395833	0	4.13953	0.012987	19.754	0.0238095	0.55	0	0.115942	0.333333	0.0261438	0	0.0424242	0	1.01515	0.00854701	0.0592593	0.0107527	1.57576	0.017094	1.24638	0	0	0	0	0.00865801	0	0	0	0	0.00757576	0	0.0263158	0.0107527	0.00411523	0	0	0	0.00533333	0	0	0	0.00595238	0	0	0	0.00606061	0.23913	0.00900901	0.00900901	0.010101	0	0	0	0.0797101	0	0	0	0.0030581	0	0.00611621	0	0	0	0.0110193	0	0	0	0.00340136	0	0.0603448	0	0.00350877	0	0.0883191	0	0.00934579	0	0	0	0	0	0	0	0.02849	0	0.00383142	0	0.0632184	0	0	0	0	0	0	0	0	0	0	0	0	0	0	0	0	0	0.0106383	0.383838	0.0123457	0.0114943	0	0	0.00694444	0.109453	0.0141844	0.0037037	0.696296	0	0.0348837	0	0	0	0	0	0.00701754	0	0.004329	0	0.0136986	0.224138	0.00546448	0.461988	0.0761905	1.57407	0.0772947	3.03774	0	0	0	0	0	0	0.0117647	0.0235294	0.104869	0	0	0	1.45594	0	4.32601	0.0037037	0.216931	0	2.83712	0	0	0.00564972	6.15447	19.812	0	7.52381	0	1.98718	0	0.1	0.0466667	0.367347	0	4.38462	0.020202	0.019802	2.0471	0.0148148	1.93478	0	0	0.013468	4.48913	0.00406504	3.44444	0	0	0	3.65217	0	0.00358423	0.0103093	0.868132	0	0	0	0	0	0.00350877	0	0.156118	0.0509804	0.203252	0.141553	0.0854701	0.288136	2.3141	0.542484	1.25185	0	3.23913	0.0921053	1.19126	5.12963	5.16117	0.0111111	0.676471	0.555556	2.29825	0.690909	0.133333	0	0.578431	0.402299	0.338798	2.0303	0.975124	1.46212	0.97549	0.890805	1.58937	1.14286	
7386.13	SFG_L_7_7	1.29091	1.22667	0.003663	0.0465116	820.504	65.9149	0.0555556	0.00769231	0.0493827	0.180723	68.2762	6.75194	0	165.222	191	0.0208333	0.0185185	0	95.1667	3.34694	32.4643	2.58503	0.00970874	0	0.00995025	0.00252525	371.924	183.877	0	0	0.344086	0	0.0681818	0	39.092	0.00701754	0.763441	0	0.00529101	0	162.912	3.7957	5.46237	5.28667	0.316327	5.04575	1.75	40.1533	22.7826	3.28788	64.7701	1.12925	0.020202	0	0.0606061	0	0.086758	0	0.0524691	0	0.0364583	0	0.015873	0	0.0136054	0	0.0408163	0	1.65417	0.78	0.126984	0	0.179211	0	0.00749064	0	0.219697	0.166667	0.152778	0	0.00634921	0.00282486	0.391473	0.166667	0	0	0.00934579	0.00197239	0.222222	0	0	0	0.428571	0.0180879	0.130719	0	0	0	0.00350877	0.00282486	0.0261438	0	0.24031	0	0	0	0.203883	0	0.00421941	0	0.0025641	0	0	0	0.00980392	0	0.423077	0.00462963	0.00512821	0	0	0.00197239	0	0	0.350211	0.771429	4.05622	0.212963	0.177778	0	0.222222	0.0248227	0.833333	0.00333333	2.1519	0.00833333	1.19298	0.00806452	0.0045045	0	0.0042735	0	0.358974	0	0.00854701	0	0.90873	1.96732	0	0.106796	1.25253	0.473684	13.418	1.28912	0.0469484	0	0.015873	0	0.0985916	0	0.408451	0.00959233	0.0555556	0	1.36434	0.104167	1.40196	0	6.10288	0.045977	0.0042735	0	0.404167	0	4.72778	0	74.119	55.6667	35.5603	1.61212	14.7419	0.690476	12.3939	0.0350877	3.84722	0.0392157	70.5758	30.88	0.948718	0.0113379	7.42683	0.00680272	9.18107	0.0421053	0.0128205	0	21.1358	0.0204082	6.65432	0.00277778	0	0	16.1057	0	0.26749	0.0136054	5.81301	0.15	1.23413	0.0917431	0.177489	0.0130719	0.915612	0.388889	21.6154	0.0672515	30.1111	0.210667	121.674	0.42328	18.4741	0.160494	9.84583	2.94737	82.7419	0.0727273	128.575	0.616487	14.2583	0.057554	144.809	0.12963	52.8155	0.0893471	3.15556	0.00900901	44.543	0.0636704	18.0163	0.350515	53.7135	0.458781	97.8851	0.413194	56.4	0.141304	
3028.99	SFG_R_7_7	0.254545	6.60256	0.0606061	0.00775194	169.139	182.512	0.047619	0.0126582	0.0260417	0.0379747	8.02721	100.818	165.222	0	25.2153	0.0030581	0.127273	0	0.387755	3.80247	0.291667	7.66667	0.381818	0.0030581	0	0	75.0784	182.961	0	0	0	0.00925926	0.0196078	0.036036	0.0196078	4.09524	0.0326797	1.65476	0.0133333	0	1.17778	52.6263	0.169935	6.4359	8.72222	0.010582	35.08	1.5	1.75833	5.73913	0.238095	8.83333	0	0	0	0	0	0.00490196	0.004329	0.0131579	0	0	0	0	0.00606061	0.0555556	0.00595238	0	0.03367	0.899371	0	0	0	0	0	0	0	0.339394	0	0	0	0	0.00213675	0.793939	0	0	0	0	0	0	0	0	0.00213675	0.0977011	0	0	0	0	0	0	0	0	0.00326797	0.0612245	0.00766284	0.0510204	0	0.00392157	0.00330033	0	0.00330033	0.0442177	0	0.047619	0.00330033	0.00323625	0	0	0.00330033	0.0170068	0	0	0	0	0.040404	0.222222	0.0122324	0.166667	0	0	0.00323625	0.0132013	0.00486618	0	0.0114943	0.0156863	0.00243309	0.0329218	0	0	0	0	0	0	0	0	0.00943396	0.333333	0	0.0945946	0.0517799	2.54386	0.0105263	3.45614	0	0	0	0	0	0	0	0	0	0	0.0133333	0.0114943	0.0100251	0	0.12381	0.0198413	0	0	0.0480226	0	0	0	48.2391	85.563	7.3	4.14815	0.0140351	3.98333	0.00854701	0.0691824	0	1.10215	14.1136	97.6087	0.0212766	0.120482	0.103245	0.0853658	0.073718	0.178571	0.00716846	0.0151515	0.229773	0.261905	0.0753623	0.00813008	0	0	0.147436	0.349206	0	0.0784314	0.127726	0.25	0.0151515	0.182927	0	0.0112994	0.00320513	0.604938	0.419753	0.657005	0.870833	2.33838	2.81313	18.7944	0.0428135	3.46405	0.401515	2.41667	0.184783	13.7143	0.916667	35.7899	0.166667	3.81771	2.26389	20.3913	0.122605	6.08889	0.0845771	0.0178571	0.82906	11.766	0.525	5.89308	1.28889	17.2381	1.56889	18.9359	0.967742	7.98551	
6619.51	MFG_L_7_1	2.07345	0.416667	79.7727	0.398374	535.532	33.7589	0.783333	0.00187266	0.0226537	0	12.7051	8.65185	191	25.2153	0	0.460317	3.17778	0	499.64	0.146667	285.955	0.263889	327.123	0	1.03448	0	21.8889	3.65333	0.0754717	0	7.66667	0	27.32	0	148.04	0	32.9872	0	18.859	0	0.00320513	0	0.702381	0.46	0.0841751	0	0.145215	0.0617284	0.0277778	0	27.9048	0.170068	0.148718	0	0.047619	0	0.208955	0	0.0308642	0.0153257	1.17778	0	0.338798	0	0.00512821	0.00537634	0.015625	0.00374532	0.831276	0.008	0.900794	0	1.37647	0	0.120155	0	2.27044	0.0625	1.26007	0	0.019802	0.00282486	1.09428	0.0697674	0.00401606	0	0.264493	0	2.8	0	0.00694444	0	2.78431	0.00787402	1.77663	0	0	0	0.00347222	0.00282486	0.203333	0	0.721154	0	0.00784314	0	3.32323	0	0.00213675	0	0.00213675	0	0	0	0.00213675	0	0.125541	0.00462963	0.00213675	0	0.0394737	0	0	0	0.402597	0.413462	1.96708	0.0560748	1.39189	0	1.26291	0.0609319	3.08676	0	7.61778	0.00277778	3.80631	0	0	0	0.0123457	0	1.04386	0	0.873016	0	0.329317	0.90429	0.00938967	0.0784314	0.0329218	0.0115942	0.00320513	0.40404	0.0696517	0	0.562842	0	0.52381	0	1.79524	0.0268199	9.56579	0	0.047619	0	48.4731	0	73.5671	0	4.49123	0	51.5952	0	0	0	6.38636	8.16296	0.0384615	0	0	0	0	0	0.00529101	0.010582	0.587302	0.0648148	0.126582	0.0091954	23.3125	0	26.2447	0	0.00925926	0	75.1603	0	32.8504	0.00277778	0	0	62.5316	0	1.00855	0.0091954	17.5443	0.00869565	0.740741	0.00277778	0.0562771	0	0.324786	0.00560224	10.4769	0.0206718	16.2593	0.0656168	18.4963	0.0161812	15.5606	0.0275229	22.5063	0.0104167	59.953	0.0118203	81.1389	0.0833333	42.3889	0.0165485	68.4823	0.03125	32.3333	0.0274914	2.4	0.00524934	25.0282	0.0166667	12.7407	0.0428135	30.4286	0.0366667	44.8305	0.0448718	36.2815	0.0179211	
4246.74	MFG_R_7_1	1.45349	3.96825	1.58527	331.654	0.170068	140.903	1.94186	0.908046	0.831418	0.816092	1.52846	0.075	0.0208333	0.0030581	0.460317	0	1.06061	31.2716	0	126.105	0.285714	126.877	4.05426	255.875	0.100775	106.395	0	0.160714	0.0151515	129.773	0.00724638	33.6667	0.0151515	111.605	0	5.03846	0.0227273	42.3846	0.00666667	35.4167	0	0	0	0.0228758	0	0	0	0	0	0	0	0.215686	0	0.339506	0.143411	0.816092	0.275862	0.281609	0.321839	1.67816	0	0.0570175	0	0.660377	0	0.601093	0.030303	0.60452	0.004662	0.0899471	0	0.0537634	0.00282486	0.140845	0	0.0536398	0	0.247748	0	0.10628	0	0.117371	0.00469484	0.528139	0	0.17284	0	0.318841	0	0.480159	0	0.0238095	0.00469484	0.155039	0.00343643	0.545455	0	0.158333	0	0.0821256	0	0.208333	0	1.27273	0.0379747	0.666667	0	0.0436508	0	0.0175439	0	0.791667	0	0.965909	0	0.0108696	0	0.0376344	0	0.0833333	0	0.137255	0	0.0268199	0.181481	7.68687	0.0185185	2.11275	0	0.0547264	0.0769231	4.98438	0.0962963	1.71078	0.0037037	3.39524	0	4.15459	0	0.00378788	0	0.00757576	0	0.00584795	0	0.0892857	0.0037037	1.43627	0	1.87302	0	0	0	0	0	0.232804	0	0.00913242	0	0.177419	0.0658915	8.62842	0	0.128571	0	0.0266667	0.0160643	4.44231	0.0407407	13.9254	0.00680272	1.2807	0.030303	6.01724	0	0	0	0	0	0	0	0	0	0	0	0	0	0	1.1036	0.21256	0.00350877	0	0.00350877	0.0438596	0.319635	0.159204	0.0140351	0.00806452	0.0217391	0.507042	0	0.00411523	0.00701754	0.872807	0.149573	0.086758	0.00358423	0.578947	0	4.37198	0	0.0436508	0.00323625	0.135417	2.59608	19.3704	0.028169	0.978142	0.00970874	1.76667	2.94961	139.152	0.0218069	0.375587	0.0105263	0.995495	0.0880503	51.3488	0.0350877	29.8677	0.00529101	24.3694	2.21318	72.3604	0.541667	0.079602	0.0502283	4.69167	0.390152	63.8547	0.0328639	30.4825	0.0375587	19.5	0.081761	73.4074	
3344.2	MFG_L_7_2	0.382716	1.70833	13.5867	0.589147	9.55952	11.8815	0.345238	0.094697	0.0121951	0.0378788	1.77011	4.99206	0.0185185	0.127273	3.17778	1.06061	0	0	15.8765	0	127.792	0	215.478	0	206.414	0	0.139785	0	110.827	0	39.8333	0	70	0	0.816993	0	5.44444	0	102.577	0	0	0	0	0	0.0238095	0	0.0175439	0	0	0	0.08	0	35.3188	0	6.57143	0.00383142	3.12644	0	0.00995025	0.00766284	44.5747	0	184.841	0	0	0.00913242	0	0	0.290043	0	0.0760234	0	5.21111	0	0.016129	0	0.676617	0	2.13131	0	2.59375	0	6.19249	0	0.233333	0	1.54359	0	41.5556	0	0.238889	0	4.8287	0	60.8485	0	0.0793651	0	10.6264	0	32.0205	0	0.0194175	0	0	0.0026455	31.399	0	0	0	0	0	0	0	0	0	0.00490196	0	0	0	0.030303	0	0.00694444	0	0.030303	0.00294985	0.112745	0.00392157	1.71795	0	1.2451	0	1.06667	0.00294985	1.49048	0.00277778	15.55	0	8.00901	0	16.5214	0	1.47287	0	0	0	0	0.00833333	0	0.0273973	0	0	0.00555556	0.0630631	8.64368	0	0.0242424	0	19.8817	0	13.7549	0.00617284	0.0892019	0	0.138365	0	3.63522	0	18.9352	0.00294985	0.821839	0	24.8186	0	0	0	0.0289855	0	0	0.0964912	0.00555556	0	0	0	0	0.0307692	0	0	0.0577778	0.0562771	2.5614	0	2.19231	0	0.0311111	0.04329	10.2252	0	14.2603	0.00277778	0.00701754	0	6.37387	0	0.0128205	0.00421941	4.39189	0	0.0380952	0	0.00490196	0	0.0142857	0	0.744048	0.018315	0.528302	0	0.0133333	0	34.5733	0.132576	2.18981	0.00277778	3.56481	0	5.98039	0.154762	8.92019	0.00884956	0.324561	0	4.37576	0	0.447154	0	1.60741	0	1.18301	0	3.04651	0	3.50758	0	2.5	0	
2670.98	MFG_R_7_2	0.0153257	6.95699	0.0114943	10.5057	0	0.0964912	0.153333	5.4	0.375886	2.44792	0	0	0	0	0	31.2716	0	0	0	0	0	3.28829	0	86.1867	0.0496454	215.808	0	0.00833333	0	194.587	0	5.12222	0	40.359	0	2.61404	0	2.48276	0	89.5309	0	0	0	0.090535	0	0	0	0	0	0	0	0.179487	0.0136054	16.125	0.104167	35.1515	0.0192308	9.08889	0.0325203	0.0363636	0	0.193548	0	187.287	0	0	0	0	0	0.010929	0	0.00374532	0	1.91111	0	0.136905	0	0.311475	0	1.41111	0	27.6975	0	0.710784	0	30.8693	0	14.3086	0	5.5	0	0.0625	0	0.90404	0	11.3571	0	16.5948	0	12.5476	0	11.9708	0	0.885417	0	0.03003	0	0	0	0.00555556	0	0.0454545	0	0.0642202	0	0.00560224	0	0	0	0.00917431	0	17.4969	0	0.102564	0	0.73913	0	0.503546	0	2.04274	0.00653595	0.348259	0	4.78333	0	2.28986	0	80.0167	0	4.14414	0	23.1197	0	61.0406	0	0.0233918	0	0	0	0	0	0	0	0	0	16.9677	0	0	0	7.09677	0	4.95098	0	1.27119	0	0.107527	0	0.803922	0	2.49751	0	0.189055	0	1.83974	0	0	0	0	0	0	0	0	0	0	0	0	0	0	0.0405405	0.00252525	0	0	0	0.00505051	0.0136986	0	0	0.00934579	0	0.0460993	0	0	0	0.0408163	0	0	0	0.0175439	0	0.537037	0	0.0888889	0	0.010929	0.0357143	0.448087	0	0	0	0.0617284	0.0503876	12.8642	0	0.0357143	0	0.0875	0	0.244898	0	4.53333	0	0.20915	0.105485	0.125786	0.011236	0	0.00505051	0.0691824	0.00374532	0.0718954	0	0.115385	0	0	0.0588235	0.20915	
3399.76	MFG_L_7_3	0.531073	0.0128205	1.3908	0.00483092	226.4	0.911565	0.211111	0	0.00529101	0	0.0388889	0.395833	95.1667	0.387755	499.64	0	15.8765	0	0	0.0283688	242.928	0	37.0533	0	0.41954	0	159.152	0.176871	0.369048	0	2.36	0	0.564103	0	86.5972	0	3.05128	0	0.619048	0	0	0	1.89394	0.0227273	0	0	0.30303	0	0	0	44.4928	0.00757576	0.045977	0	0.010582	0	0.00900901	0	0	0	0.232143	0	0.0952381	0	0	0	0	0	0.00628931	0	0.100402	0	0.255411	0	0.017316	0	0.855072	0	0.199234	0	0.00330033	0	0.128472	0	0	0	0.0454545	0	0.463333	0	0	0	0.411765	0	0.245614	0	0	0	0	0	0.0272109	0	0.120635	0	0.0149813	0	0.530612	0	0	0	0	0	0	0	0	0	0	0	0	0	0.00374532	0	0	0	0.00938967	0.0030303	0.0622222	0	0.0648148	0	0.101449	0	0.196347	0	1.14612	0	0.378995	0	0	0	0	0	0.105263	0	0.0860215	0	0	0	0	0	0	0	0	0	0.0111111	0	0.0357143	0	0.0746269	0	0.154229	0	1.85648	0	0.12381	0	11.6667	0	33.1496	0	0.90411	0	13.968	0	0	0	0.0148148	0	0	0.0151515	0	0	0	0	0	0	0	0	0.223684	0	12.1561	0	19.9402	0	0.00666667	0	46.5	0	12.7436	0	0	0	41.3291	0	1.05983	0	7.67094	0	0.042735	0	0	0	0	0	0.0483871	0	0.10303	0	3.55556	0	0.125	0	15.5684	0	34.7692	0	0.555556	0.0030303	11.4359	0	0.960784	0	0.432836	0	0.0353535	0	0.18239	0	0.046875	0.0030303	0.124183	0	0.704545	0.0030303	0.590164	0	
2169.31	MFG_R_7_3	0.0666667	0.0114943	0.0814815	0.694444	1.26667	192.803	0.18315	0.372881	0.100358	0.385057	0.294872	0	3.34694	3.80247	0.146667	126.105	0	0	0.0283688	0	0.00793651	230.413	0	0.791667	0.00320513	0.00653595	0.686667	180.105	0	0.0555556	0	3.14667	0	4.55952	0	11.1884	0	7.17284	0	0.0740741	0.00606061	0	0.00219298	32.386	0.00462963	0.235294	0.0467836	0.372549	0.00574713	0	0	7.75362	0	0.18239	0.0107527	0.548023	0.0286738	0.474576	0.0394265	0.131148	0	0.0409357	0	0.301887	0	0.0353535	0.00362319	0.0153846	0.0031746	0.87234	0	0.0606061	0.00204499	0.0119048	0	0.037037	0.00204499	0.342222	0.00204499	0.0405405	0	0.015873	0.00508906	1.39456	0	0.101626	0	0.1	0.00260417	0.203704	0	0.512195	0.0078125	0.386139	0	0.125926	0	0.530864	0	0.0193798	0	0.0224719	0.00260417	2.21612	0.0416667	0.509363	0.00260417	1.37698	0	0.0462046	0	0.822464	0	1.04348	0	0.0126984	0	0.0349206	0	0.101124	0	0.0495495	0	0.0294118	0.0896057	1.53623	0.0381944	1.05797	0	0.176768	0.0210526	0.686567	0.00350877	0.875622	0.0121212	2.41315	0.00252525	2.76667	0	0	0	0	0.0031746	0	0	0.0508475	0.024055	0.256757	0	0.242857	0.03367	0.102564	0.0315789	0.00823045	0	0.317204	0	0.00584795	0	0.275132	0.0187266	2.31217	0	0.0147059	0.0025641	0	0.00343643	2.14394	0.00343643	5.39048	0	0.510417	0.00343643	1.42529	0	0	0.246667	0.210884	0.00823045	0	0.0322581	0.0114943	0.00694444	0	0.00411523	0	0.189542	0	0.0311111	0.153509	0.0750751	0.0548523	0.0383481	0.270042	0	0.0772947	0.102804	0.527426	0.00343643	0.62037	0	0.308642	0.0501475	1.97835	0.0120482	0.0833333	0.0642202	1.44298	0.0349206	2.94366	0.0030581	0.0143369	0.0031746	0.592593	0.125926	1.56219	0.149425	3.90164	0.108434	13.031	0.144444	8.00775	0.0582011	1.5144	0.0251142	10.068	0.0401606	28.7222	0.021164	20.7857	0.0865801	27.4917	0.278986	12.9417	0.085034	0.0448718	0.0333333	10.9187	0.0550964	21.0853	0.0470085	22.8837	0.0722892	15.8264	0.0541667	29.8083	
3060.36	MFG_L_7_4	0.58046	0.25641	4.98925	0.0555556	91.131	9.2197	0.385965	0	0.00843882	0	4.7931	4.13953	32.4643	0.291667	285.955	0.285714	127.792	0	242.928	0.00793651	0	0	86.0725	0	1.08642	0	24.7778	0.156863	7.97101	0	244.333	0	11.5	0	168.389	0	7.70513	0	14.25	0	0	0	0.511111	0	0	0	0.00350877	0.00617284	0.00416667	0	40.6875	0	0.0440252	0	0	0	0.0111111	0	0	0	0.389937	0	0.206061	0	0	0.0140845	0	0	0.0909091	0	0.0528455	0	1.86207	0	0.00793651	0	0.575758	0	0.154762	0	0.00411523	0	0.131086	0	0	0	0.0581395	0	0.333333	0	0.00462963	0	0.272727	0	0.286738	0	0	0	0.00749064	0	0.0451389	0	0.105611	0	0.00392157	0	0.410526	0	0	0	0	0	0	0	0	0	0	0	0	0	0	0	0	0	0.0144928	0.00294985	0.0138889	0	0.0392157	0	0.0447761	0.00308642	0.0714286	0.00294985	1.82381	0.00277778	0.192488	0	0	0	0	0	0.037037	0	0.0710382	0	0	0	0	0	0	0	0.0163934	0.0135135	0.00555556	0	0.025641	0	0.0307692	0	0.140625	0.00628931	0.853881	0	0.226667	0	14.4485	0	17.473	0.0058997	0.850746	0	15.0145	0	0	0	0.0493827	0.00740741	0	0.030303	0.010929	0	0	0.0123457	0	0.0181818	0	0	0.342222	0	2.80263	0	5.81333	0	0	0	10.08	0	6.98148	0.00277778	0	0	8.38222	0	0.171053	0	2	0	0.0365297	0	0	0	0.0133333	0	0.305556	0	0.945455	0	0.305556	0.00483092	1.2029	0.0125786	0.657658	0.00277778	2.25333	0	3.25833	0.0222222	4.20548	0.0154321	1.50327	0	0.564103	0.00775194	0.17094	0	1.81699	0	0.696296	0.00387597	2.34722	0	2.53061	0.00555556	1.34188	0.00387597	
