data	data	2320.52	2475.11	4316.78	3087.48	10041.6	7446.09	4175.7	2008.27	2821.84	2102.6	895.819	874.956	5359.75	3903.99	2637.68	2008.25	2775.92	1766.82	1502.21	1771.17	2026.62	2616.83	4017.74	3259.57	1896.93	2340.36	10592.9	5637.95	1108.11	3541.85	1525.87	1949.19	1943.56	1129.85	2110.68	1032.17	1314.79	1549.68	1881.8	1339.05	911.699	600.649	1823.29	1512.27	1616.93	1287.89	6245.44	3439.73	1035.84	845.906	2388.54	1526.13	2219.75	1697.34	3616.55	2628.63	6045.11	2429.39	3591.42	3986.85	1304.81	1895.43	2929.23	3267.88	315.301	897.588	375.524	1415.54	3278.47	5056.76	1852.33	2233.39	2953.7	2443.52	3194.55	2334.41	2547.46	2273.35	2992.93	1374.45	2880.57	2732.04	3369.51	5405.27	3476.55	3885.77	2343.6	3683.18	3609.69	4424.69	2755.31	2839.89	3093.06	3535.45	2260.25	4765.55	4260.42	2908.17	3736.37	1456.84	2628.21	3579.1	5770.27	8194.66	6456.63	7209.02	5649.65	5346.64	2940.62	4458.38	967.883	2502.7	1036.41	834.805	1387.62	3238.12	3507	3063.17	818.481	1501.67	2080.61	1304.61	2342.53	1813.07	3099.19	3665.36	2103.4	5119.64	1962.41	1637.23	2129.6	1787.47	1824.48	3240.45	7507.38	5835.18	4334.49	5170.34	2714.39	2766.88	3196.52	2750.64	4760.79	3700.87	1598.76	1434.11	1410.16	3492.52	908.542	1776.99	3068.47	4911.38	1351.93	1874.87	2783.94	2786.07	1329.16	840.613	3224.31	2132.29	5228.33	2640.97	2363.19	2422.32	2326.7	2329.74	1423.58	575.853	7363.92	5943.07	836.275	616.27	3064.93	938.421	278.24	562.911	359.96	3088	659.417	911.978	1140.81	2559.72	901.19	430.638	836.784	473.906	565.17	721.698	3446.56	5849.37	3675.07	7656.32	7910.79	8867.59	4122.12	4976.64	6744.39	6739.56	3100.31	7453.84	3520.77	4859.19	5556.27	7886.9	4737.3	6200.4	4272.13	6577.34	2943	5064.35	1749.82	4662.42	4195.17	8293.89	9133.41	11857.2	6786.13	10946.7	3971.42	9564.77	8365.42	12790.5	7574.69	15282.5	8860.47	9216.4	3036.78	4884.33	10832.2	14242.4	4220.27	5894.06	10702.2	4180.12	3909.19	2222.99	4788.7	4550.55	3741.2	5621.94	3597.78	8337.49	3920.18	3424.67	5400.39	4216.28	
data	data	SFG_L_7_1	SFG_R_7_1	SFG_L_7_2	SFG_R_7_2	SFG_L_7_3	SFG_R_7_3	SFG_L_7_4	SFG_R_7_4	SFG_L_7_5	SFG_R_7_5	SFG_L_7_6	SFG_R_7_6	SFG_L_7_7	SFG_R_7_7	MFG_L_7_1	MFG_R_7_1	MFG_L_7_2	MFG_R_7_2	MFG_L_7_3	MFG_R_7_3	MFG_L_7_4	MFG_R_7_4	MFG_L_7_5	MFG_R_7_5	MFG_L_7_6	MFG_R_7_6	MFG_L_7_7	MFG_R_7_7	IFG_L_6_1	IFG_R_6_1	IFG_L_6_2	IFG_R_6_2	IFG_L_6_3	IFG_R_6_3	IFG_L_6_4	IFG_R_6_4	IFG_L_6_5	IFG_R_6_5	IFG_L_6_6	IFG_R_6_6	OrG_L_6_1	OrG_R_6_1	OrG_L_6_2	OrG_R_6_2	OrG_L_6_3	OrG_R_6_3	OrG_L_6_4	OrG_R_6_4	OrG_L_6_5	OrG_R_6_5	OrG_R_6_6	OrG_R_6_6	PrG_L_6_1	PrG_R_6_1	PrG_L_6_2	PrG_R_6_2	PrG_L_6_3	PrG_R_6_3	PrG_L_6_4	PrG_R_6_4	PrG_L_6_5	PrG_R_6_5	PrG_L_6_6	PrG_R_6_6	PCL_L_2_1	PCL_R_2_1	PCL_L_2_2	PCL_R_2_2	STG_L_6_1	STG_R_6_1	STG_L_6_2	STG_R_6_2	STG_L_6_3	STG_R_6_3	STG_L_6_4	STG_R_6_4	STG_L_6_5	STG_R_6_5	STG_L_6_6	STG_R_6_6	MTG_L_4_1	MTG_R_4_1	MTG_L_4_2	MTG_R_4_2	MTG_L_4_3	MTG_R_4_3	MTG_L_4_4	MTG_R_4_4	ITG_L_7_1	ITG_R_7_1	ITG_L_7_2	ITG_R_7_2	ITG_L_7_3	ITG_R_7_3	ITG_L_7_4	ITG_R_7_4	ITG_L_7_5	ITG_R_7_5	ITG_L_7_6	ITG_R_7_6	ITG_L_7_7	ITG_R_7_7	FuG_L_3_1	FuG_R_3_1	FuG_L_3_2	FuG_R_3_2	FuG_L_3_3	FuG_R_3_3	PhG_L_6_1	PhG_R_6_1	PhG_L_6_2	PhG_R_6_2	PhG_L_6_3	PhG_R_6_3	PhG_L_6_4	PhG_R_6_4	PhG_L_6_5	PhG_R_6_5	PhG_L_6_6	PhG_R_6_6	pSTS_L_2_1	pSTS_R_2_1	pSTS_L_2_2	pSTS_R_2_2	SPL_L_5_1	SPL_R_5_1	SPL_L_5_2	SPL_R_5_2	SPL_L_5_3	SPL_R_5_3	SPL_L_5_4	SPL_R_5_4	SPL_L_5_5	SPL_R_5_5	IPL_L_6_1	IPL_R_6_1	IPL_L_6_2	IPL_R_6_2	IPL_L_6_3	IPL_R_6_3	IPL_L_6_4	IPL_R_6_4	IPL_L_6_5	IPL_R_6_5	IPL_L_6_6	IPL_R_6_6	PCun_L_4_1	PCun_R_4_1	PCun_L_4_2	PCun_R_4_2	PCun_L_4_3	PCun_R_4_3	PCun_L_4_4	PCun_R_4_4	PoG_L_4_1	PoG_R_4_1	PoG_L_4_2	PoG_R_4_2	PoG_L_4_3	PoG_R_4_3	PoG_L_4_4	PoG_R_4_4	INS_L_6_1	INS_R_6_1	INS_L_6_2	INS_R_6_2	INS_L_6_3	INS_R_6_3	INS_L_6_4	INS_R_6_4	INS_L_6_5	INS_R_6_5	INS_L_6_6	INS_R_6_6	CG_L_7_1	CG_R_7_1	CG_L_7_2	CG_R_7_2	CG_L_7_3	CG_R_7_3	CG_L_7_4	CG_R_7_4	CG_L_7_5	CG_R_7_5	CG_L_7_6	CG_R_7_6	CG_L_7_7	CG_R_7_7	MVOcC	MVOcC	MVOcC	MVOcC	MVOcC	MVOcC	MVOcC	MVOcC	MVOcC	MVOcC	LOcC_L_4_1	LOcC_R_4_1	LOcC_L_4_2	LOcC_R_4_2	LOcC_L_4_3	LOcC_R_4_3	LOcC_L_4_4	LOcC_R_4_4	LOcC_L_2_1	LOcC_R_2_1	LOcC_L_2_2	LOcC_R_2_2	Amyg_L_2_1	Amyg_R_2_1	Amyg_L_2_2	Amyg_R_2_2	Hipp_L_2_1	Hipp_R_2_1	Hipp_L_2_2	Hipp_R_2_2	BG_L_6_1	BG_R_6_1	BG_L_6_2	BG_R_6_2	BG_L_6_3	BG_R_6_3	BG_L_6_4	BG_R_6_4	BG_L_6_5	BG_R_6_5	BG_L_6_6	BG_R_6_6	Tha_L_8_1	Tha_R_8_1	Tha_L_8_2	Tha_R_8_2	Tha_L_8_3	Tha_R_8_3	Tha_L_8_4	Tha_R_8_4	Tha_L_8_5	Tha_R_8_5	Tha_L_8_6	Tha_R_8_6	Tha_L_8_7	Tha_R_8_7	Tha_L_8_8	Tha_R_8_8	
2320.52	SFG_L_7_1	0	128.908	282.619	61.7	60.188	31.5833	111.868	6.18803	58.8833	11.2764	18.4595	1.26667	0.0757576	0.00268817	0.0436508	9.05833	0.0133333	0.0238095	0.00952381	0	0.0588235	0	0.0757576	1.60317	0.0350877	1.5935	0.237374	0.00243309	0.790123	0.0851064	0.133333	0.0112994	0.364583	0.0212766	0.027027	0.00497512	0.37931	0.257576	22.8736	0.170213	0.0757576	0	0	0.00497512	0.00505051	0	0.176768	0	0.00308642	0	0	0.00497512	0.00793651	0	0.0646259	0.244186	0.333333	0.189394	0.290909	0.366255	0.490196	0.125926	10.4368	0.152174	2.9009	0.813333	0.254902	0.261905	0.643939	0.0107527	0	0	0.00560224	0	0	0	2.38889	0.0107527	0.30303	0	0.00529101	0.0047619	0.0274914	0.0156863	0.00529101	0	0	0.0047619	0.00350877	0.0125	0	0	0.0809062	0.00833333	0	0.0238095	0	0.00512821	0.00529101	0.00287356	0.00529101	0.00287356	0.0776699	0.0125	0.0844444	0.0153257	0	0	0	0	0	0	0	0	0.0193237	0	0.00888889	0	0.00966184	0	0	0	0.00529101	0	1.39855	0.0481928	0.0119048	0.00469484	0.00512821	0	0.293651	0.0143369	0	0.00401606	1.09524	0.0352941	0.00617284	0	0	0	0.00617284	0.00347222	0.2723	0	0.00529101	0	7.25	0.17284	11.5	1.23333	3.34058	0.202614	8.12121	0.847222	0.0222222	0	0	0	0.0408163	0	0.208333	0.0923695	0.86385	0.192771	0.0348837	0.00995025	0.0707071	0.0200803	24.5806	0.456349	0.00952381	0	28.2255	0.0995025	0.371429	0.0909091	0.76	3.42029	0.259259	0.246914	0.514493	0.06	5.96825	0.419753	4.40741	0.153846	0	0	0.462687	0.269406	0.004329	0.014652	0.0598291	0.032967	0.131313	0.114155	0.184211	0	0.441441	0.22093	0	0.102273	0.342105	0.125926	0.607306	0.05	0.385281	0.0421456	0.0909091	0.075	0.0438596	3.97917	0.0149254	0.00416667	4.01481	3.18293	0.0733333	0.00833333	0.0155039	0.00806452	30.9318	9.74317	0.371069	0.03663	1.78509	0.00729927	2.42157	20.0938	6.16384	0.505882	2.84762	0.1875	66.4148	2	3.24324	0.591837	0.0811966	0	15.7685	0.29932	8.78704	0.00833333	4.2037	0	28.2593	1.02778	
2475.11	SFG_R_7_1	128.908	0	82.1667	168.889	49.7398	15.4917	37.2033	20.8492	13.2439	66.3667	6.63063	30.9189	0.041958	0.0272109	0.070922	2.45833	0.00775194	1.64368	0	0	0.0296296	0.00416667	0.0598291	2.5614	0.157895	5.57895	0.170163	0.023622	0	23.4943	0.0045977	0.255556	0.00555556	0.602151	0	0.0320513	0.0217391	2.74713	0.163265	8.01111	0.0388128	0	0	0	0	0	0.13986	0	0	0	0	0.025641	0.119048	0.0104167	1.2381	0.239057	0.646091	0.143791	0.948413	0.672515	0.1875	2.31183	0.243056	11.8966	0.115152	5.15238	0.0444444	11.8958	0.0645161	0.0272109	0	0	0.00497512	0	0	0.00617284	0.608187	0.0238095	0.15	0	0	0.00865801	0.00833333	0.0294118	0	0.0847458	0.00260417	0.00865801	0	0.0426357	0	0	0.0883191	0.0149254	0	0.0454545	0	0.0960452	0	0.00490196	0	0.00490196	0.0883191	0.0329218	0.027451	0.0119048	0	0.0042735	0.00823045	0.0142857	0.00823045	0.00505051	0	0	0.0263158	0.0483092	0	0.0185185	0.0047619	0.00505051	0	0.0121212	0	0.0308642	0.137931	1.38235	0.0411985	0.039801	0	0.0141844	0.139535	0.282486	0.0151515	0.0208333	0.84127	0.0845771	0	0.0457516	0	0	0	0	0.141762	0.0679012	0	0	0.539007	3.89362	0.275641	8.82407	0.0619048	1.59028	1.16296	8.20635	0.0114943	0.0227273	0	0	0	0.00757576	0.612613	0.526316	0.574713	1.00926	0	0.0588235	0.0595238	0.0238095	8.24786	2.22374	0	0	4.30688	0.45098	0.037037	0.424242	0.470086	3.03604	0	3.125	0.0628019	0.612245	0.190476	11.7857	0.0212766	3.24731	0	0.0333333	1.01754	0.301802	0	0.0394737	0.014652	0.114035	0.225352	0.0930233	0.0941177	0.0222222	0.501916	0.824324	0.00406504	0.652968	0.265152	0.582222	0.522088	0.127854	0.404494	0.171171	0.198198	0.20202	0.0628931	52.3759	0	0.0298507	5.33333	67.8936	0.0355556	0.204678	0.0091954	0.0631313	17.1875	148.965	0.211864	0.151111	1.68699	0.0603675	0.256831	27.4902	8.93496	2.85648	0.0204082	3.05714	14.7534	71.3037	0.416667	7.38095	0	0	0.286667	6.40952	0.229167	0.224638	0.166667	0.0208333	0.294118	17.4952	
4316.78	SFG_L_7_2	282.619	82.1667	0	24.0406	275.31	16.4797	63.0521	0.735772	0.177305	0.716312	0.121212	4.53333	0.24173	0.163265	44.0635	3.15447	4.10256	0	17.0909	0.19697	28.1034	0.674603	135.917	0.81746	7.74074	0.690476	9.5098	0	62.9524	0.0697674	55.321	0.230159	97.0238	0.15873	5.76667	0.00757576	30.6889	0.0724638	139.092	0.034188	0.115385	0	0.0025641	0.00347222	0.0026455	0	0.289744	0	0	0	0.00833333	0.00680272	5.07778	0	20.4524	0.409639	3.25714	0.309804	0.979798	0.376984	10.1146	0.0166667	79.4598	0.034632	0.00653595	0.169935	0.0424242	0.0734463	4.14074	0	1.49686	0	0.465409	0	0.633333	0	15.2713	0	3.39394	0	0.677083	0	0.444444	0.0119048	0.688172	0.0030303	0.707071	0	0.102041	0.00441501	0.0606061	0	0.453074	0	0.424242	0.00220751	0.671795	0	0.608466	0.00287356	0.203125	0.00287356	0.522876	0.00909091	0.504386	0.0203252	0.109848	0.00374532	0.0119048	0	0	0	0.0140351	0	0.00350877	0	0.0119048	0.0030303	0	0.00512821	0.293103	0	0.127451	0	1.02488	0.0509804	0.309524	0.0444444	0.59375	0	0.4	0.0232558	1.08333	0.00383142	7.34783	0.00358423	2.7549	0.00358423	0.174603	0	0.496855	0.00347222	2.19118	0.0030303	0.942029	0	0.104167	0.0449438	0.0350877	0.24359	0.166667	0.0193798	0	0.0240964	1.55072	0	0.121795	0	2.14103	0	2.82639	0.158915	7.32857	0.00749064	0.0416667	0	12.6961	0	116.406	0.03663	0.0666667	0	124.833	0.00732601	0	0.00383142	0	0.589147	0	0.025641	0	0	0	0	0	0.025641	0	0	0.905473	0.837838	0.0042735	0.0144928	0.545455	0.0181159	0.393035	0.342466	0.752252	0	1.68493	0.018315	0.243243	0.010989	1.56444	0.025641	1.87215	0.279167	1.46667	0.0111111	1.8216	0	0.00917431	1.86585	0.0153846	0.0030303	4.19333	2.25301	0.0365297	0.0208333	0.0132275	0.00537634	47.539	2.75502	0.847896	0.0471014	2.01282	0.0208333	2.83333	6	14.5459	0.177778	18.3981	0.243056	99.75	0.787234	4.50926	0.197279	0.0561798	0	26.6667	0.346667	12.3704	0.0708333	4.9537	0.00833333	57.1759	0.730496	
3087.48	SFG_R_7_2	61.7	168.889	24.0406	0	10.6984	216.833	6.10318	17.8571	0.196078	0.150538	1.73529	0	0.0117371	0.343137	0.00213675	181.053	0	60.2933	0	23.037	0	45.1467	0	130.556	0	31	0.0305164	2.51042	0	169.846	0	38.5833	0	33.141	0	0.0641026	0.00740741	7.50617	0.0130719	19.3563	0.00684932	0	0	0.0544218	0	0.0227273	0.018648	0	0	0	0	0.133333	0	0.0238095	0.480159	1.86905	0.592593	0.375	0.571429	0.230769	0	3.06452	0	26.7976	0.015625	0.0584795	0.0572917	0.0123457	0.010929	0.131944	0	0.0897436	0.00252525	0.037037	0	0.081761	0.0994152	0.208333	0.0218579	0.00438596	0	0.177083	0.00416667	0.207921	0	0.177778	0	0.108108	0	0.0392157	0	0.0637255	0.0229885	0.0132013	0	0.225352	0	0.120219	0	0.0572917	0	0.0784314	0.0201149	0.0803213	0.0198413	0.0321285	0	0.00387597	0.00406504	0	0	0	0	0	0	0	0.00813008	0.003663	0	0	0	0.133333	0	0.123457	0.472222	0.348485	0.0444444	0.00673401	0	0.0232558	0.0813008	0.1875	0.0148148	0.176768	0.104651	0.470588	0	0.212121	0	0	0	0.193333	0.0153257	0.20904	0	0.0625	0.173709	0.0362319	0.0277778	0.0526316	0.00374532	0	0.00925926	0	0	0	0	0	0	0.0144928	0.392157	0.157895	0.199234	3.73913	0.00673401	0.312057	0.00684932	1.7697	1.11789	8.9061	0	0.00854701	0.710526	1.51741	0	0	0.0175439	0	0	0	0.00387597	0	0	0	0	0	0	0	0.617117	1.1982	0.00462963	0.932432	0.05	1.91892	0.173709	0.0215054	0.0217391	0.0375	0.0957854	3.35185	0.0116279	1.20833	0.1	3.57207	0.271605	0.0135135	0.0512821	0.436937	0.0149813	0.939394	0.00595238	23.2296	0.012987	0.0160643	0.666667	34.7872	0.0151515	0.0281124	0.00574713	0.0586667	2.41365	80.7333	0.034188	1.85586	0.0740741	0.107527	1.0796	21.2917	0.276515	13.9751	0.229167	1.51961	5.07463	8.68182	0.850242	1.13725	0.00840336	0.00732601	5.33333	2.52941	1.88652	0.0503145	1.29353	0.00732601	5.10417	5.0098	
10041.6	SFG_L_7_3	60.188	49.7398	275.31	10.6984	0	396.238	0.959596	0.043956	0.35369	0.194245	168.506	108.691	355.209	133.376	221.867	0.174242	0.275362	0	65.2533	1.95652	36.6914	10	9.35	0.5	0.0789474	0.00217865	82.4524	16.7447	2.71795	0.302326	62.037	4.48062	197.345	1.03704	112.774	0.143939	58.4516	0.234848	12.7111	0.0277778	0.343434	0	11.8214	0.0315789	0.015873	0	1.72564	1.04082	0.0157233	0	98.9383	0.0673401	0.122222	0.00219298	0.521164	0.00666667	4.56452	0.0148148	0.0559796	0.05	0.0666667	0.00694444	0.031746	0.00438596	0.333333	0.0666667	0.0409357	0.00932401	3.17778	0.0116279	1.79902	0.0021097	0.767932	0	0.788732	0.0021097	15.8865	0	3.76603	0	1.83168	0	5.11429	0.0666667	1.61404	0.00297619	3.11111	0	1.66038	0.164706	0.134146	0	3.18519	0.12549	0.979592	0.0466667	1.31602	0.00297619	0.782456	0	0.266667	0	3.40385	0.227451	2.33726	0.010101	1.32313	0.00600601	0.488372	0.0280112	0.10101	0.00524934	0.222222	0	0.151111	0.00275482	0.548246	0.0262172	0.0245098	0	0.0355556	0	0.622222	0	18.5556	0.492424	6.27315	0.22963	12.3687	0	8.29353	0.00456621	27.5797	0.00383142	45.8476	0.00660066	36.2723	0	0.120219	0	0.15942	0	9.93427	0	0.46875	0	4.3	0.771536	2.31061	0.142857	12.113	0.329457	12.463	0.670635	4.57377	0	0.993939	0	17.026	0	14.8548	0.0262172	47.3516	0.0259259	0.573034	0	84.314	0.0179211	249.733	0.184783	2.35484	0	56.101	0	0.286667	0.151515	21.4825	85.8633	3.8631	0.258865	2.59524	0.129825	2.06061	0.0490196	1.8642	0.0740741	3.04167	0.129252	1.17371	0.542735	1.19913	0.104167	31.0759	0.159574	0.328638	0.297778	29.9254	0.00262467	7.95496	0.155797	1.7013	0.00595238	29.3896	0.23913	15.2456	0.142276	12.2578	0.0732601	17.7032	0.0114943	0.0311526	0.211806	0.469484	0.103976	1.62255	0.700375	3.28571	0.329317	1.12593	0.116959	58.4109	1.93778	8.35897	0.457912	80.9091	0.262136	128.214	8.91489	245.394	0.70696	212.167	2.75	155.5	1.2931	8.38462	0.305556	17.7576	0.00297619	120.947	3.10909	63.1833	1.19231	89.8889	0.185185	216.376	3.60377	
7446.09	SFG_R_7_3	31.5833	15.4917	16.4797	216.833	396.238	0	0.200803	0.531746	0.101961	0.289474	39.4561	117.805	63.8605	235.872	59.1429	29.8947	0	5.21795	0.209302	130.537	0.0232558	99.3333	0.116279	106.936	0	0.868421	1.87879	14.1733	0	112.346	0.0980392	91.037	0.0190476	41.4691	0.234043	33.0533	0.0149254	7.89744	0	2.94048	0.162963	0	0.00757576	2.54667	0.00516796	0.00555556	0.496296	0.0322581	0.0277778	0.0070922	0.0283688	12.359	0	0.00628931	0.269076	0.598291	0.174797	0.0320513	0.232932	0.109195	0	0.258333	0	0.0625	0	0.235294	0	0.125926	0.00387597	0.0358423	0	0.222222	0	0.064257	0	0.204301	0.00387597	0.0970464	0	0.05	0	0.402985	0.014652	1.34685	0	0.526042	0	0.447368	0	1.85388	0.0045045	0.106481	0.011396	1.74429	0	0.968468	0	0.417778	0	0.338164	0	0.285714	0.00569801	2.621	0.0160643	0.0650406	0	0.0037037	0.00406504	0.156379	0.00416667	0.0350877	0	0.0042735	0.0321285	0.189873	0.0121951	0.311688	0.00392157	0	0	0.361111	0	0.355191	0.18018	0.876923	0.0378788	0.875622	0	0.15625	0.0862745	0.566138	0.0114943	1.81026	0.245833	0.884058	0	0.598039	0	0.0362319	0	0.732026	0	0.481481	0	0.439716	0.169014	6.27778	0.0324074	0.3	0.269076	6.73684	1.5731	12.8667	0	0.00833333	0	0	0	0.155914	0.216216	1.42473	0.037037	12.5352	0.0171821	0.0143885	0	2.25146	0.140152	23.4722	0	0.102941	0.0340909	0.568627	0.0588235	0.42029	23.9316	90.75	2.95238	16.873	0.238889	5.22619	0.0408163	0.162162	0.0245098	0.350427	7.54955	4.91667	0.83105	12.3935	0.118721	18.3102	2.49296	25.7397	0.175926	0.043771	0.141914	8.29108	0.174918	13	0	0.935185	0.125	22.79	0.8375	0.164384	0.496667	7.89671	0.212851	2.3913	0.0222222	11.1481	0.0190476	0.833333	0.238095	36.2011	0.0541667	6.53052	0.00925926	207.07	0.513726	187.379	0.122977	20.1991	0.0808081	150.5	0.671362	149.737	0.217687	67.4836	0.29932	234.453	1.74583	132.408	0.387597	13.9474	0.0421053	21.5	2.3125	47.2917	1.08667	18.6429	0.699531	19.3636	2.36111	135.892	
4175.7	SFG_L_7_4	111.868	37.2033	63.0521	6.10318	0.959596	0.200803	0	8.59722	335.567	59.6061	0	0.00383142	0.308271	0	0.777778	0.746032	0.0666667	0.0277778	0.0683761	0	0.607843	0	1.14815	0.452381	9.09259	0.619048	1.20802	0	7.70238	0.0347222	0.230769	0.0282486	0.357724	0.0314465	0.113821	0.00490196	0.819048	0.0952381	35.3958	0.314103	0.442786	0	0.0022831	0.00497512	0.0176768	0	1.05514	0	0	0	0.0022831	0.00980392	26.3646	0.578231	225.906	3.15663	1.74444	1.87209	16.6741	8.31884	70.5859	0.162393	127.094	0.52193	0.00574713	1.29545	0.0104167	4.29365	2.55319	0	0	0	0.722222	0.0037037	0	0	5.82222	0	0.702128	0	0	0.002849	0.037037	0.0200803	0.00387597	0.369369	0	0.002849	0.00438596	0.0295359	0.0213675	0	0.453968	0.0375	0.00666667	0.0200803	0.00387597	0.540541	0	0	0	0	0.457143	0.05	1.00439	0.0561798	0.0384615	0.00378788	0	0.00472813	0	0	0.00775194	0	0	0.0135135	0	0.00877193	0	0	0	0.002849	0	0	0.4375	0.286232	0.0155763	0.103943	0.0438596	0	2.82143	0.21978	0.015873	0.0253623	3.67136	0.0547945	0.027027	0.146465	0	0	0	0.003367	0.953704	0.00952381	0.0070922	0.003367	0.0802469	0.604938	2.16049	1.70139	0.0264026	0.24359	0.207547	0.953333	0.0882353	0	0.0571429	0	0.0438596	0	1.12037	0.713178	3.4009	0.153257	0.00662252	0.0149254	0.330769	0.00732601	109.275	0.310861	0.190476	0	137.568	0.0299625	0	0.196581	0	0.897436	0.00347222	0.00813008	0.00438596	0.304965	0.12037	0.537037	0	0.0396825	0	0	2.27536	2.84649	0	0.00641026	0.0759494	0.00362319	1.12745	1.17778	0.640351	0	2.40889	0.123596	0.0307018	0.134831	1.71053	0.0695971	2.78947	0.959839	2.17722	0.029304	0.316667	0.0392157	1.33333	12.2154	0.00311526	0.0125	59.9713	17.3333	0.00501253	0.07173	0.0883838	0.0222222	154.948	30.7137	2.4704	0.0291667	10.4527	0.183908	1.11111	6.34444	79.6129	0.992509	0.0540541	0.597222	215.851	6.09929	1.33333	1.68056	0.0058997	0	0.519608	1.125	0.0555556	0.0666667	0.12381	0.034188	2.79874	3.86111	
2008.27	SFG_R_7_4	6.18803	20.8492	0.735772	17.8571	0.043956	0.531746	8.59722	0	8.96899	54.2333	0	0	0.00704225	0.010582	0.00209644	0.285714	0	2.87356	0	0.02	0.00628931	0.0476191	0	8.41026	0	89.6316	0.0162037	0.061828	0	26.2619	0.00383142	1.65741	0	2.4381	0.00383142	0.12	0	4.66667	0	34.0645	0.00447427	0	0	0.0921986	0	0.0930233	0.00900901	0	0	0	0	0.25	0.113636	6.72043	2.48996	83.6282	0.690763	0.977778	1.14118	17.7407	0	15.5417	0.0222222	76.2556	0.0555556	0.0512821	0.123188	0.349206	0	0.174242	0	0.0031746	0.0030303	0.1875	0	0.0031746	0	0.257576	0	0.00966184	0	0.321637	0	0.1625	0	0.442424	0	0.149758	0	0.034188	0	0.0199005	0	0.0022831	0	0.169014	0	0.244048	0	0.0621469	0	0.0260417	0	0.0348837	0.108434	0.0151515	0.00401606	0	0	0	0	0	0	0	0	0	0	0	0	0	0	0.218391	0	0.154321	0.0498084	2.12745	0.032967	0.0222222	0.00374532	0	0.091954	3.44118	0.0113636	0.293333	0.043956	0.507042	0	0.288288	0	0	0	0.00680272	0	0.49697	0	0.0141844	0	0.00584795	0.0333333	0.794118	0	0.00865801	0	0	0	0.0392157	0	0	0	0.036036	0.289683	0.522222	0.0118203	4.44131	0	0.674419	0.004662	0.400901	0.279167	9.29577	0	0	0.045977	1.52667	0	0	0	0	0	0	0	0	0.0277778	0.0196078	0	0	0	0	1.51852	0.553922	0	0.0295359	0.00411523	0.284444	0.469484	0.0696517	0.00378788	0.00314465	0.0253623	3.20833	0	2.35616	0.0111111	1.73874	0.613169	0.13242	0.0289855	0.427928	0.0289855	0.95098	0.0238095	90.1837	0	0.0022831	2.24498	125.227	0	0.00611621	0	0.0620155	5.44841	219.96	0.00675676	0.0946502	0.0769231	0.0994624	0.00456621	0.0350877	1.20741	10.7714	0	0.00900901	6.53968	4.18033	0.34902	0.435185	0	0	0.0555556	0.148148	0	0.0192308	0	0	0.462963	0.382716	
2821.84	SFG_L_7_5	58.8833	13.2439	0.177305	0.196078	0.35369	0.101961	335.567	8.96899	0	83.1318	0.104167	0.00383142	0.150376	0.00198413	0.0333333	0.0406504	0.00833333	0.0340136	0	0	0.015748	0	0.139785	0.0198413	0.444444	0.0625	0.60199	0.00729927	0.025	0.0229885	0.030303	0.0402299	0.0222222	0.0466667	0	0	0.0350877	0.0496454	0.429825	0.163265	0.219753	0	0.0022831	0.00995025	0.00505051	0.00555556	0.50995	0	0.00308642	0	0.0022831	0.00995025	9.82796	0.680851	154.518	10.3788	9.92982	5.40152	109.778	18.5758	2.60185	0.156463	6.67677	0.462585	9.42857	1.69767	40.7843	6.87597	0.261438	0.0169492	0	0	0.0116959	0	0	0	0.413333	0.0222222	0.06	0	0	0.0047619	0.00833333	0.0288066	0	0.474886	0	0.0047619	0	0.021097	0.0042735	0	0.133956	0.0166667	0	0.0411523	0	0.712329	0	0	0	0	0.125786	0.0374532	0.54386	0.0326087	0.0213675	0	0	0.00472813	0	0	0	0	0	0.018018	0.00537634	0.0135135	0	0	0	0	0	0	3.51852	0.0905797	0.031746	0.0208333	0	0	16.3718	0.228395	0.0266667	0.0181159	0.570776	0.057971	0.00865801	0.171717	0	0	0	0.003367	0.0900901	0.00490196	0.0070922	0.003367	0.408333	1.62745	15.2051	2.2695	0.0264026	1.2695	0.868056	4.29787	0	0	0	0	0	0	8.21739	0.212121	0.299479	0.231373	0.0043573	0.0432099	0.150127	0.010989	32.3737	0.589147	0.0666667	0	14.1077	0.037037	0.0555556	1.13889	0.0238095	3.54472	0.00694444	0	0.00438596	1.76423	2.28333	0.490741	9.7619	0.22619	0	0	2.34783	0.943723	0	0.00641026	0.0295359	0.0227273	0.730392	0.424242	0.324675	0	0.510823	0.226054	0	0.243137	0.461538	0.132576	2.11404	0.223529	0.9375	0.0387597	0.160494	0.0595238	0.788618	21.8798	0.00537634	0.012987	22.65	24.9714	0.00438596	0.0570175	0.040404	0.0220588	52.65	56.8769	1.19136	0.0196078	6.12554	0.0987654	0.16	0.229167	44.3958	0.773946	0.0190476	0.0694444	133.576	2.80142	3.91379	0.493056	0.00724638	0	0.0022831	0.176871	0	0.0384615	0.0022831	0.0299145	8.99415	0.326389	
2102.6	SFG_R_7_5	11.2764	66.3667	0.716312	0.150538	0.194245	0.289474	59.6061	54.2333	83.1318	0	0.0283688	0.10101	0.0781609	0.00472813	0.013986	0.144444	0.0466667	0.125	0.0070922	0	0.0653595	0	0.148936	0.277778	0.116667	1.34524	0.287037	0.00392157	0.126667	0.147059	0.0116959	0.0151515	0.010929	0.00925926	0.00555556	0	0.0111111	0.0277778	0.588235	0.296296	0.062069	0	0	0.004329	0	0	0.221445	0	0.0106383	0	0	0	3.425	0.264706	31.9015	21.1369	2.6	0.0865385	7.03876	49.1008	0.113333	0.148148	0.318519	2.2451	2.2381	2.24691	0.474074	88.7246	0.00505051	0	0	0	0.00546448	0	0	0	0.0555556	0	0.010929	0	0	0	0.00520833	0.0294118	0	0	0.00260417	0	0	0.102564	0	0	0.0287356	0.0808081	0	0.00952381	0	0.00529101	0	0	0	0	0.0258621	0.107692	0.0117647	0.00694444	0	0	0	0	0	0	0	0	0	0.00505051	0.00340136	0.00469484	0.00444444	0	0	0	0	0	0.471698	2.38384	0.00732601	0.0597015	0.00628931	0	0.666667	0.309524	0.00687285	0.00421941	0.0581395	0.00854701	0	0.00444444	0	0	0	0	0.0037037	0	0	0	0.278912	0.284946	3.66667	6.33333	0.00724638	0.0252525	0.259259	0.172043	0	0	0	0	0	0	5.28095	2.32738	0.13285	0.0562771	0	0	0.0880952	0.00843882	8.54113	0.155556	0	0	1.28444	0.00647249	0	0.0196078	0	0.526316	0	1.57143	0.04	0	1.66667	12.0351	0.390244	0.473684	0	0.0185185	1.18018	0.283105	0	0	0.003663	0.00843882	0.232877	0.0643939	0.10728	0	0.215909	0.0684932	0	0.0562771	0.187739	0.025641	0.427451	0.159817	0.443223	0.0516432	0.0915751	0.025641	0.993827	20.0067	0.00340136	0.030303	7.59624	73.5476	0.0133333	0.179487	0.00680272	0.0413625	25.4107	198.786	0.39886	0.0858586	3.44033	0.0307329	0.650273	1.39394	28.4228	0.242009	0	1.80952	22.2958	61.6762	1.54286	15.3726	0.019802	0.00653595	0.119658	9.81373	0.00740741	0.484277	0.0410256	0.12	1.9951	28.56	
895.819	SFG_L_7_6	18.4595	6.63063	0.121212	1.73529	168.506	39.4561	0	0	0.104167	0.0283688	0	15.5303	61.2963	2.73188	0.315789	0.025	0	0	0	1.28682	0	3.03175	0.0138889	0.0416667	0	0	0.0284553	0.274074	0	0.0155039	0	0.875	0.0645161	0.0813008	0	0.015873	0.0107527	0.075	0	0	0.0119048	0	0	0	0.0070922	0	0.0425532	0.00680272	0.00469484	0.0434783	0	0	0	0	0.0106383	0	0.035461	0	0.0035461	0	0	0	0	0	0.505747	0	0.0574713	0	0	0	0	0	0	0	0	0	0	0	0	0	0	0	0	0	0	0	0	0	0	0	0	0	0	0	0	0	0	0	0	0	0	0	0	0	0	0	0	0	0.00980392	0	0.00980392	0	0	0	0.666667	0	0.00865801	0	0.0846561	0	0	0	0	0	0.312057	0	0.00617284	0.00913242	0	0	0.0138889	0	0	0	0.00537634	0	0	0	0	0	0	0	0	0	0	0	1.84783	0.0935673	0.80303	0.0574713	6.05185	0.163842	16.2222	0.203704	0	0	0	0	0	0	0.0212766	0	0	0	0.00694444	0	0	0.00757576	0.00260417	0.0411985	0	0	0	0	0.988889	0.02	5.69608	18.2353	6.2	24.5278	2.97917	0.0677083	17.2941	0.017094	11.899	0.0864198	0.0540541	3.93333	0.0229885	0.0268199	0	0.0454545	0.0119048	0.0681818	0.00732601	0	0.00653595	0.00803213	0	0.0193798	0	0.00401606	0.00421941	0.0492424	0.0045045	0	0.00421941	0.0350877	0	0.0225225	0.00900901	0.0809524	0.00865801	0	1.28571	0.142276	1	0	0.00469484	0.00537634	0.0874317	0.588235	0.0895522	0.448718	0.0416667	0.010101	0.0959596	0.384615	0.102564	0.115079	0.34188	0.125786	0.423611	0.515152	0.0759494	0.0612245	0.0321285	0	0.325397	0.0961538	0.141667	0.0188679	0.111111	0	0.529915	0.137255	
874.956	SFG_R_7_6	1.26667	30.9189	4.53333	0	108.691	117.805	0.00383142	0	0.00383142	0.10101	15.5303	0	12.7778	16.9744	17.3333	0	0	0	0.00813008	0	0	0.0151515	0	0	0	0	0.25	0	0	0.0111111	0	0.0111111	0	0.0555556	0.00512821	0	0	0	0	0.0111111	0.00833333	0.0133333	0	0	0	0	0.0155039	0.00529101	0	0	0	0.00749064	0	0	0.00537634	0	0	0	0	0	0	0	0	0	0	0.0133333	0	0	0	0.00392157	0	0	0	0	0	0	0.0416667	0	0.0111111	0	0	0	0	0.00462963	0	0	0	0	0	0.00900901	0	0	0.002849	0.0135135	0	0.00913242	0	0	0	0	0	0	0.002849	0.0135135	0	0	0	0	0	0.037037	0	0.00823045	0	0	0.0120482	0.0946502	0	0.07173	0.00392157	0	0	0	0	0.00641026	0	0	0.0200803	0	0	0	0	0	0	0	0.0682731	0	0	0	0	0	0	0.0196078	0	0	0	0.0130719	0.0777778	4	0	0.0507246	0.0321285	3.04094	0.958333	8.33951	0	0	0	0	0	0	0	0	0.0387597	0	0	0	0	0	0.196581	0	0	0	0.18	0	0.0542636	0.37037	2.70588	32.3162	2.03333	35.2281	0.037037	2.1954	0.0136054	0.393939	0	0.128205	0.194444	4.13333	0.0126582	0.00456621	0	0	0	0	0	0	0.003663	0.00694444	0.0268199	0	0	0	0.00292398	0	0.0208333	0	0.0352941	0.00456621	0.0436508	0	0	0.140741	0	0.0691057	0.0208333	0.59204	0.0160643	0.353846	0	0.113821	0.0153257	1.26797	0.00546448	0.290323	0.0218069	0.0310078	0	2.81481	0.0249221	0.0193798	0	2.74074	0.00383142	0.470086	0	0.0877193	0	0.00320513	0	1.45045	0	0.35	0	0.036036	0	2.81481	
5359.75	SFG_L_7_7	0.0757576	0.041958	0.24173	0.0117371	355.209	63.8605	0.308271	0.00704225	0.150376	0.0781609	61.2963	12.7778	0	247.303	0.95045	0.00220751	0	0	57.1111	0.0120773	4.37037	0.134804	0.0413437	0.00217865	0.00787402	0.00217865	384.252	159.091	0	0	0.353535	0.0416667	0.0714286	0.00877193	52.5062	0	3.47778	0.00877193	0.0135501	0	30.0196	0.564815	25.4691	0.0714286	0.00673401	0.81746	3.78	62.7971	0.246377	0.00606061	113.06	0.0603865	0.0026455	0.00219298	0.0952381	0	0.136364	0	0.0136986	0	0	0	0	0.00219298	0.030303	0	0	0	0.319149	0.108974	0.0380952	0	0.0680272	0	0.0225225	0	7.73759	0	3.12245	0	0.185897	0	6.96	0.0555556	0	0	0.292835	0	0.135135	0.0183727	0.00275482	0	6.34667	0.0293333	0.1	0	0	0	0.08	0	0.0151515	0	0.877778	0.031339	1.07692	0	0.0790378	0	0.257384	0.017094	0.00326797	0	0.0274914	0	0.0833333	0.00271003	0.25974	0.0108401	0.00512821	0	0	0	0	0	2.35185	0.120879	0.734234	0.070922	0.309524	0	0.380282	0.0037037	1.85185	0	9.3242	0.00350877	0.756757	0	0.026455	0	0	0	0.944444	0	0.0047619	0	0.404762	0.240143	0.0571429	0.00392157	3.9863	0.207407	7.04678	0.276596	0.489583	0	0.0175439	0	0.353234	0	1.34872	0.00374532	9.39394	0	4.69935	0	0.232558	0	42.7143	0.0254237	0.0104167	0	0.224691	0	0.222222	0.0333333	16.625	63.6508	10.7692	0.259649	1.16959	0.147766	4.2971	0.00340136	2.65942	0.00406504	27.973	2.30769	0.710526	0.242424	11.1602	0.155556	87.0385	0.198529	0.0630631	0.188596	49.5801	0.252451	2.45175	0.0333333	0.25641	0	24.7051	0.107056	13.8268	0.0196078	4.05702	0.213235	4.82667	0	0.0124611	0.0416667	0.24359	0.0747126	1.32843	0.039039	1.90769	0.0280112	44.6434	0.610294	20.8043	0.0960961	6.35526	0.722646	183.439	0.892157	73.3876	0.00598802	37.1404	0.377261	62.5397	0	14.7943	0.0231481	1.66667	0.0614887	28.9767	0.00277778	4.82963	0.0113379	8.65942	0.467662	30.5455	0	66.9318	0.0136054	
3903.99	SFG_R_7_7	0.00268817	0.0272109	0.163265	0.343137	133.376	235.872	0	0.010582	0.00198413	0.00472813	2.73188	16.9744	247.303	0	14.7829	1.52564	0	0.003003	0.717391	26.7895	0.104167	15.1515	0.0408163	0.272727	0	0.0206718	95.0379	126.721	0	0.0233918	0.226667	0.0717949	0.737778	0.00508906	0.74	12.5128	0.135135	0.453333	0.00877193	0.00273224	7.69048	48.5287	0.010101	7.31884	0.496454	0.00606061	43.6963	12.6667	0.494624	0.0333333	0.070922	12.9744	0	0	0.00207039	0.0208333	0.00647249	0	0.00732601	0	0	0.0136612	0	0	0	0.0111111	0	0.0218579	0.0405797	2.93478	0	0.0868347	0.00840336	0.242991	0	0.107345	0.0143678	0.283333	0.00840336	0.099359	0	0.038835	0.0324484	8.39259	0	0.00877193	0.00225225	0.931973	0	7.5614	0	0.493333	0.102102	1.58667	0	6.20085	0	0.754386	0	0.0277778	0	0.777778	0.0243902	4.22973	0.003003	0.361502	0.00241546	1.10329	0.0162602	0.206522	0	0.0821256	0.00239808	0.0601093	0.015015	0.043956	0.201754	0.521739	0	0.216374	0	0.0344828	0	0.0466667	0.0319149	0.0131234	0.0496454	0.109589	0	0	0	0.00490196	0.0030303	0.00469484	0.177305	1.03101	0.00362319	0.0842912	0	0	0	0.00701754	0	0.029304	0	0.00243309	0.094697	1.28922	0	0.0338983	0.555556	2.0202	0.515625	3.01613	0.00323625	0.0031746	0	0.00254453	0.00308642	0.00323625	0.00314465	0.0153846	0.0451977	0.455658	0.967172	0.10303	0.0420168	0.0168067	1.21053	2.61261	0	0.0307692	0.016129	0.0115741	0.0612245	0.393443	9.76667	93.4472	1.07576	6.12245	0.0193237	1.02488	0.030303	0.0869565	0	0.180556	23.4595	32.386	0.171958	4.71759	0.50463	15.4648	2.26923	13.1644	0.046875	0.840376	0.863492	12.4038	0.443333	3.14667	0.00241546	0.791111	0.920635	7.00439	0.0656566	1.6385	1.12121	1.69264	0.364583	1.41558	0.157407	0.258065	0.463127	1.14232	0.40118	2.3018	0.292035	6.9213	0.24147	125.711	0.271028	15.0909	1.68224	35.3822	5.98485	131.995	0.695122	32.4961	1.02446	24.9955	0.934156	56.4365	1.1859	28.5758	0.330556	0.0842491	0.088685	32.2583	1.40625	20.4936	1.08591	15.0874	0.638554	17.1845	1.05622	31.0333	
2637.68	MFG_L_7_1	0.0436508	0.070922	44.0635	0.00213675	221.867	59.1429	0.777778	0.00209644	0.0333333	0.013986	0.315789	17.3333	0.95045	14.7829	0	0	0.580247	0	147.667	0.214815	217.922	2.4878	187.229	0.0476191	4.91667	0	54.8472	0.23913	2.17204	0.0333333	33.4058	1.30081	31.5694	0.186047	15.4444	0.121212	5.8718	0.0162602	1.59375	0	0.0572917	0	0.30303	0.00854701	0	0	0.392	0.00680272	0.003367	0	1.54545	0.0227273	1.49495	0	4.30476	0.00406504	1.16667	0	0.947368	0.004329	0.447619	0	6.69792	0.00223714	0	0	0	0.00595238	0.378788	0	0.45283	0	0.169591	0	0.0974359	0	2.4127	0	0.848485	0	0.338384	0	0.441558	0.00980392	0.415301	0	0.20922	0	0.0617284	0.00378788	0.0410256	0	0.198653	0.00666667	0.227848	0.00333333	0.428571	0	0.338462	0	0.0845771	0	0.618519	0.00378788	0.785714	0	0.213483	0	0.0625	0	0.0286738	0	0.077193	0	0	0	0.0540541	0	0	0	0.0899471	0	0.0874317	0	0.617647	0.0387597	0.230047	0.0111111	0.323232	0	0.218905	0	0.676328	0.00411523	2.9619	0	0.666667	0	0.0666667	0	0.119497	0	0.531401	0	0.605442	0	0.0974359	0.0148148	0.00574713	0	0.274775	0.00701754	0.00392157	0.00392157	0.565891	0	0.0569106	0	0.419355	0	1.25758	0	4.625	0	0.0549451	0	15.4396	0.00757576	20.0857	0.0125786	0.116667	0	10.5	0.00757576	0	0.00401606	0.00952381	0.602339	0	0	0	0	0	0	0	0	0	0	0.12037	0.0416667	0.0125	0.0229885	3.44144	0.0218069	0.0394737	0.0133333	7.95305	0.00262467	0.949772	0.00628931	0.298507	0	7.45205	0.0283019	5.88732	0.00406504	1.08444	0	1.19444	0	0	0.0294985	0.0639269	0	0.0972222	0.0529595	0.374429	0.01	0.0185185	0.00505051	9.83333	0.103333	1.37333	0.0263158	9.26667	0.0204678	13.6083	0.0588235	23.3	0.0424837	17.3246	0.0315315	17.2	0.030303	1.40171	0.0203252	1.08889	0	6.73171	0.0686275	3.96032	0.0539216	7.26829	0.0343137	21.6179	0.0322581	
2008.25	MFG_R_7_1	9.05833	2.45833	3.15447	181.053	0.174242	29.8947	0.746032	0.285714	0.0406504	0.144444	0.025	0	0.00220751	1.52564	0	0	0	33.6133	0	137.152	0	59.1739	0	308.273	0	56.7222	0.00220751	19.0933	0	80.4267	0	26.9861	0	18.5432	0	0.0555556	0	1.75641	0	4.44444	0	0	0	0.00666667	0	0	0	0	0	0	0	0.0266667	0	0.047619	0.0481928	0.160494	0.144279	0.03125	0.102881	0.0123457	0	0.0625	0	3.5	0.00512821	0	0.020202	0	0.00546448	0.0138889	0	0.00617284	0.00252525	0.00497512	0	0.0119048	0.0273224	0.00694444	0.00252525	0	0	0.0376344	0	0.0429043	0	0.0643275	0	0.00546448	0	0.00362319	0	0.00273224	0.00574713	0.00362319	0	0.0338164	0	0.0517241	0	0.010582	0	0.00273224	0.00574713	0.0333333	0.00416667	0.00326797	0	0	0	0	0	0	0	0	0	0	0	0	0	0	0	0.00995025	0	0.0238095	0.112676	0.0454545	0.00740741	0	0	0.00775194	0.0121951	0.034188	0.00362319	0.0252525	0.00766284	0.119403	0	0.0656566	0	0	0	0.0326797	0	0.0350877	0	0.00641026	0.0234742	0	0	0	0	0	0	0	0	0	0	0.00900901	0	0.00854701	0.0931373	0.034188	0.0383142	0.671569	0	0.0266667	0.00456621	0.355191	0.172414	1.43662	0	0	0.130081	0.289216	0	0	0	0.00793651	0	0	0	0	0	0	0	0	0	0	0.0315315	0.219178	0	0.16895	0	0.351351	0	0	0	0	0.0189394	0.516432	0	0.203704	0.0187266	0.547945	0.0306513	0.00653595	0.00505051	0.0787037	0	0.186869	0	2.53788	0	0.00362319	0.0803213	2.74074	0	0	0.00574713	0.00271003	0.261044	5.53488	0.00273224	0.328829	0.00819672	0.00813008	0.149254	0.103448	0.0398551	1.92754	0.0277778	0.00362319	0.994444	0.0160643	0.286458	0.0240964	0	0.00362319	1.46939	0.0121951	0.283688	0.00362319	0.240196	0.00362319	1.40816	0.0137457	
2775.92	MFG_L_7_2	0.0133333	0.00775194	4.10256	0	0.275362	0	0.0666667	0	0.00833333	0.0466667	0	0	0	0	0.580247	0	0	0	0.0175439	0	35.7593	0	442.5	0	122.765	0	0.00416667	0	72.4545	0	29.8	0	53.1212	0	0.814815	0	3.52	0	31.2533	0	0	0	0	0	0.00273224	0	0.00793651	0	0	0	0	0	23.6296	0	3.08696	0.0326797	10.5294	0	0.124031	0.0320513	2	0	198.5	0	0	0	0	0.0567376	0.219512	0	7.14184	0	0.789474	0	8.35374	0	0.845528	0	3.40113	0	14.5636	0	2.30769	0	24.8503	0	13.2632	0	0.0252525	0	0.00584795	0	0	0	1.37222	0	19.415	0	16.1543	0	0.922619	0	0	0	0	0	0.00995025	0	0	0	0	0	0	0	0	0	0	0	0	0	16.7547	0	6.79167	0	0	0	0	0	4.90741	0	0.010101	0	0	0	0.0441767	0	7.91667	0	43.5315	0	64.0167	0	4.34848	0	7.33333	0	0	0	0	0	0	0	0	0	40.0208	0	0.0542636	0	26.6286	0	10.4381	0	0.00784314	0	0	0	0.0714286	0	2.71875	0	0	0	3.03333	0	0	0	0	0	0	0	0	0	0	0	0	0	0	0	0	0	0	0	0.00900901	0	0	0	0.00966184	0	0.0047619	0	0.424242	0	0.00462963	0	0.0386473	0	0.0045045	0	0.00444444	0	0	0	0	0	0	0.004329	0	0	0.00273224	0	0	0.00865801	0.010101	0	0.0163934	0	0	0	0.0280702	0	0	0	0	0.00628931	0	0	0	0	0	0	0	0	0	0	0	0	
1766.82	MFG_R_7_2	0.0238095	1.64368	0	60.2933	0	5.21795	0.0277778	2.87356	0.0340136	0.125	0	0	0	0.003003	0	33.6133	0	0	0	0	0	0.00724638	0	122.75	0	90.6667	0	0.010929	0	249.145	0	0.494624	0	0.873563	0	0.0266667	0	1.92593	0	21.5185	0	0	0	0.0283688	0	0.00854701	0	0	0	0	0	0.0416667	0.00740741	3.07246	0.0261438	12.8095	0	0.241379	0.0196078	0.0104167	0	4.5119	0	133.683	0	0	0	0	0	0.00641026	0	0.035461	0	0.00396825	0	0.125	0	0.0190476	0	0.020202	0	3.4717	0	0.343284	0	12.7143	0	1.39344	0	0.0656566	0	0.333333	0	0	0	0.379487	0	7.96732	0	1.15789	0	0.542373	0	0.00421941	0	0	0	0	0	0	0	0	0	0	0	0	0	0	0	0	0	1.70833	0	2.36111	0	0.184211	0	0.0222222	0	0.252252	0	0.731481	0	0.91453	0	13.6589	0	48.3496	0	0.0854701	0	10.1	0	16.8864	0	1.5	0	0	0	0	0	0	0	0	0	0.354167	0	0	0	0.833333	0	2.34343	0	0.193237	0	0.0555556	0	0.15625	0.00803213	0.752381	0	0.00497512	0	0.797101	0	0	0	0	0	0	0	0	0	0	0	0	0	0	0	0.012945	0	0.00623053	0	0.02589	0	0	0	0.00653595	0	0.450704	0	3.36	0	0.226852	0	0	0	0.28169	0	0.119403	0	0.114035	0	0	0.00666667	0.0496454	0	0	0	0.00537634	0.0283688	1.30667	0	0.0138889	0.00401606	0.0136612	0	0	0	0.79902	0	0	0.00740741	0	0	0	0	0	0	0	0	0	0	0	0	0	
1502.21	MFG_L_7_3	0.00952381	0	17.0909	0	65.2533	0.209302	0.0683761	0	0	0.0070922	0	0.00813008	57.1111	0.717391	147.667	0	0.0175439	0	0	0	91.5789	0	3.74074	0	0.117117	0	298.467	0.144928	0.00617284	0	0.152778	0	0.103448	0	21.4638	0	0.107527	0	0.141975	0	0.0100251	0	2.18056	0	0	0	0.291228	0.00641026	0	0	21.3611	0	0.0592593	0	0.82	0	0.1	0	0.352941	0	0.0425532	0	0.137681	0	0	0	0	0	0.00865801	0	0.00411523	0	0.00623053	0	0.00411523	0	0.0666667	0	0.0277778	0	0	0	0.169697	0	0	0	0.00392157	0	0	0	0	0	0.13964	0	0.0283688	0	0	0	0	0	0	0	0.031746	0	0.0284553	0	0.00396825	0	0.00877193	0	0	0	0.00340136	0	0	0	0.00854701	0	0	0	0.00411523	0	0	0	0.115942	0.0613027	0.00925926	0	0	0	0	0	0.0238095	0	0.0657277	0	0.0234742	0	0	0	0.00900901	0	0.0182648	0	0	0	0.079602	0.00740741	0.00505051	0	0.00913242	0	0	0	0.0163934	0	0	0	0.00546448	0	0.0376344	0	0.0990991	0	0.0673759	0	0.273973	0	0.789474	0	0.00520833	0	0.206061	0	0	0	0	0	0	0	0	0	0	0	0	0	0	0	0.004329	0.00222222	0.00900901	0	1.07018	0	0	0.00222222	0.411255	0	0.0821918	0	0	0	0.35	0	0.232456	0	0.0512821	0	0.0136986	0	0	0.0037037	0.0131579	0	0.0666667	0.013468	0.317949	0	0.00421941	0	0.592593	0.0309278	0.1375	0	2.0307	0	2.75	0	0.95045	0.0177305	1.61789	0	0.27451	0.0133333	0.136364	0.0175439	0.934524	0	1.96552	0.00888889	1.21875	0	2.59677	0	1.13492	0.0070922	
1771.17	MFG_R_7_3	0	0	0.19697	23.037	1.95652	130.537	0	0.02	0	0	1.28682	0	0.0120773	26.7895	0.214815	137.152	0	0	0	0	0	250.745	0	69.9744	0	0.030303	0.0199005	199.104	0	0.141026	0.00497512	3.7971	0	0.0689655	0.00497512	8.69444	0	0.961538	0	0	0	0	0	0.348485	0	0	0.0149254	0.0793651	0	0	0	3.06944	0	0	0	0.0212766	0	0	0	0	0	0.00617284	0	0.00600601	0	0	0	0	0	0.00641026	0	0.00938967	0	0.00813008	0	0.0187793	0	0.00813008	0	0.00456621	0	0.0225225	0	0.0196078	0	0.0502283	0	0.0182648	0	0.0208333	0	0.00673401	0	0.00469484	0	0.031746	0	0.0735931	0	0.0200803	0	0.0155039	0	0.0140845	0	0.00843882	0	0.00673401	0	0	0	0	0	0	0	0	0.00287356	0	0	0	0	0.018018	0	0.0149254	0	0.111111	0	0.199005	0	0.00995025	0	0.182292	0	0.313433	0	0.333333	0	0.227053	0	0	0	0.0116959	0	0.0138889	0	0.00938967	0	0.00456621	0	0	0.00343643	0.0328639	0	0.00469484	0	0	0	0	0	0.0899471	0	0.677249	0	0.777778	0	0	0.00497512	0	0.00505051	0.732394	0	0.00469484	0	0	0	0	0	0.00680272	0	0	0	0.00673401	0	0	0	0	0	0	0.00282486	0.287671	0.00628931	0.962441	0.134259	1.10648	0	0	0.0128205	0.784038	0.029703	0.490741	0	0.126126	0.0249221	0.554054	0.0166667	0.0266667	0.0261438	0.726852	0.00320513	0.371429	0	0.0350877	0.00287356	0	0.00574713	0.114754	0	0.00938967	0.00243309	0.687075	0.00347222	1.83333	0.00806452	0.953052	0.0323383	7.88506	0	0.196581	0.0135501	4.54762	0	0.444444	0.00347222	0.216667	0	0	0.00243309	0.0877193	0.00564972	0.0775194	0.00326797	0.0357143	0	0.0542636	0	0.166667	
2026.62	MFG_L_7_4	0.0588235	0.0296296	28.1034	0	36.6914	0.0232558	0.607843	0.00628931	0.015748	0.0653595	0	0	4.37037	0.104167	217.922	0	35.7593	0	91.5789	0	0	0	128.702	0	5.81944	0	92.1569	0.0283688	1.83333	0	121.807	0	40.5797	0	75.4902	0	5.49333	0	1.43137	0	0.0291005	0	0.166667	0	0	0	0.374074	0	0	0.00277778	7	0	1.31313	0	2.22523	0	1.16279	0.00537634	0.458333	0.00966184	0.315315	0	4.88889	0	0	0	0	0.0308642	0.0833333	0	0.594771	0	0.117949	0	0.33908	0	0.7	0	0.384615	0	1.11979	0	0.452055	0	1.68927	0	0.858586	0	0.023569	0	0.00520833	0	0.219178	0	0.666667	0	2.07778	0	1.73118	0	0.1875	0	0.313008	0	0.606061	0	0.0588235	0	0.0031746	0	0.00392157	0	0.010989	0	0	0	0.0031746	0	0	0	0.784946	0	0.210526	0	0.525253	0.0310078	0.218905	0.0155039	0.338798	0	0.22043	0	0.515152	0	1.6359	0	0.277778	0	0.659091	0	1.08	0	0.286458	0	0.439394	0	0.050505	0.0193798	0.00574713	0	0.377451	0	0	0.00877193	1.53968	0	0.0123457	0	1.02963	0	1.43704	0	2.95714	0	0.0599251	0	2.90909	0	10.8647	0	0.0225989	0	1.74713	0	0	0	0	0	0	0	0	0	0	0	0	0	0	0	0.276995	0	0.0319635	0.00273224	5.55869	0	0.022831	0	7.32367	0.00273224	0.487923	0	0.0895522	0	5.9381	0	5.05314	0	0.830918	0	0.936275	0	0	0.00326797	0	0	0	0	0.242938	0	0.010582	0.00508906	0.530303	0	0.597222	0.00277778	10.1353	0.00254453	1.55738	0	17.9227	0	0.592593	0	0.210884	0	0.075	0.00323625	0.264368	0	1.70621	0	1.37288	0.00273224	1.44776	0	0.871795	0.00483092	
