data	data	1350.18	2289.78	5916.18	2014.28	5017.72	6397.73	2869.95	3125.14	1075.83	1098.75	1193.71	1157.06	4888.01	3098.94	5575.86	2081.99	2056.75	1510.99	4804.93	2822.16	3435.08	2295.13	3242.72	2949.43	1934.97	1271.02	10406.5	10085.2	1181.23	302.262	2750.97	980.323	1296.44	1154.8	4545.02	1806.33	1468.45	1092.34	2159.52	796.723	1470.61	1020.01	4003.11	1618.71	3542.36	2099.4	2919.97	3428.54	1852.44	1304.42	5099.59	1704.67	4067.6	1881.64	4048.08	3273.87	4115.07	2271.5	1512.62	3816.48	1507.67	836.112	3942.91	1659.31	428.495	781.563	376.936	1260.64	7047.06	4145	1966.02	1671.71	1834.38	1849.74	1947.65	1527.29	2508.14	1872.73	1965.66	1433.01	2606.46	2596.43	2289.98	1103.77	2589.47	2430.39	1669.67	2785.43	3333.15	3143.98	1392.36	1197.51	2246.88	2449.25	3280.16	1003.31	2023.68	1602.34	2453.51	1288.86	1666.27	1268.6	7390.99	7205.42	6563.27	8055.28	3203.64	3433.74	1287.65	1397.15	1749.92	1898.55	3555.48	1383.19	2136.12	2563.34	2783.02	1231.4	3118.82	2490.04	1055.12	2041.69	1447.23	1587.95	2583.43	3918.92	2756.5	3723.13	3295.47	1627.17	3768.91	2208.02	2154.1	1652.31	3671.3	5299.21	4431.41	4904.18	2710.3	2627.92	4585.9	4258.36	5805.46	2799.61	2009.68	2028.79	1808.69	3118.59	904.579	1316.85	3734.79	6675.6	1613.38	1870.68	3004.11	3370.23	1347.28	1231.88	2293.49	2233.08	4801.4	3556.42	989.738	1277.74	2795.4	1474.44	1816.55	427.201	2996.45	2183.16	605.664	440.858	2317.51	645.269	611.497	884.65	1265.85	1829.75	1529.58	1312.15	2502.23	3076.41	847.272	751.912	542.57	657.176	1358.51	749.704	4568.04	6781.59	7489.41	2744	6680.33	4953.63	4147.94	5238.19	10324.3	5691.36	4486.73	4055.96	1716.73	2234.59	6266.91	3474.67	4973.94	5555.74	5907.66	7798.11	2812.35	5146.99	2176.89	2063.85	5185.32	5127.03	9797.33	8004.04	9974.38	9733.89	5165.6	7770.73	7337.89	7106	8772.17	10085.2	10661.9	4285	6590.03	8505.2	7118	6383.7	5879.3	4943.97	7559.03	2668.1	3975.48	2311.91	6168.94	3762.96	6745.63	4912.31	5859.12	6794.9	5958.61	4542.81	7277.17	4931.89	
data	data	SFG_L_7_1	SFG_R_7_1	SFG_L_7_2	SFG_R_7_2	SFG_L_7_3	SFG_R_7_3	SFG_L_7_4	SFG_R_7_4	SFG_L_7_5	SFG_R_7_5	SFG_L_7_6	SFG_R_7_6	SFG_L_7_7	SFG_R_7_7	MFG_L_7_1	MFG_R_7_1	MFG_L_7_2	MFG_R_7_2	MFG_L_7_3	MFG_R_7_3	MFG_L_7_4	MFG_R_7_4	MFG_L_7_5	MFG_R_7_5	MFG_L_7_6	MFG_R_7_6	MFG_L_7_7	MFG_R_7_7	IFG_L_6_1	IFG_R_6_1	IFG_L_6_2	IFG_R_6_2	IFG_L_6_3	IFG_R_6_3	IFG_L_6_4	IFG_R_6_4	IFG_L_6_5	IFG_R_6_5	IFG_L_6_6	IFG_R_6_6	OrG_L_6_1	OrG_R_6_1	OrG_L_6_2	OrG_R_6_2	OrG_L_6_3	OrG_R_6_3	OrG_L_6_4	OrG_R_6_4	OrG_L_6_5	OrG_R_6_5	OrG_R_6_6	OrG_R_6_6	PrG_L_6_1	PrG_R_6_1	PrG_L_6_2	PrG_R_6_2	PrG_L_6_3	PrG_R_6_3	PrG_L_6_4	PrG_R_6_4	PrG_L_6_5	PrG_R_6_5	PrG_L_6_6	PrG_R_6_6	PCL_L_2_1	PCL_R_2_1	PCL_L_2_2	PCL_R_2_2	STG_L_6_1	STG_R_6_1	STG_L_6_2	STG_R_6_2	STG_L_6_3	STG_R_6_3	STG_L_6_4	STG_R_6_4	STG_L_6_5	STG_R_6_5	STG_L_6_6	STG_R_6_6	MTG_L_4_1	MTG_R_4_1	MTG_L_4_2	MTG_R_4_2	MTG_L_4_3	MTG_R_4_3	MTG_L_4_4	MTG_R_4_4	ITG_L_7_1	ITG_R_7_1	ITG_L_7_2	ITG_R_7_2	ITG_L_7_3	ITG_R_7_3	ITG_L_7_4	ITG_R_7_4	ITG_L_7_5	ITG_R_7_5	ITG_L_7_6	ITG_R_7_6	ITG_L_7_7	ITG_R_7_7	FuG_L_3_1	FuG_R_3_1	FuG_L_3_2	FuG_R_3_2	FuG_L_3_3	FuG_R_3_3	PhG_L_6_1	PhG_R_6_1	PhG_L_6_2	PhG_R_6_2	PhG_L_6_3	PhG_R_6_3	PhG_L_6_4	PhG_R_6_4	PhG_L_6_5	PhG_R_6_5	PhG_L_6_6	PhG_R_6_6	pSTS_L_2_1	pSTS_R_2_1	pSTS_L_2_2	pSTS_R_2_2	SPL_L_5_1	SPL_R_5_1	SPL_L_5_2	SPL_R_5_2	SPL_L_5_3	SPL_R_5_3	SPL_L_5_4	SPL_R_5_4	SPL_L_5_5	SPL_R_5_5	IPL_L_6_1	IPL_R_6_1	IPL_L_6_2	IPL_R_6_2	IPL_L_6_3	IPL_R_6_3	IPL_L_6_4	IPL_R_6_4	IPL_L_6_5	IPL_R_6_5	IPL_L_6_6	IPL_R_6_6	PCun_L_4_1	PCun_R_4_1	PCun_L_4_2	PCun_R_4_2	PCun_L_4_3	PCun_R_4_3	PCun_L_4_4	PCun_R_4_4	PoG_L_4_1	PoG_R_4_1	PoG_L_4_2	PoG_R_4_2	PoG_L_4_3	PoG_R_4_3	PoG_L_4_4	PoG_R_4_4	INS_L_6_1	INS_R_6_1	INS_L_6_2	INS_R_6_2	INS_L_6_3	INS_R_6_3	INS_L_6_4	INS_R_6_4	INS_L_6_5	INS_R_6_5	INS_L_6_6	INS_R_6_6	CG_L_7_1	CG_R_7_1	CG_L_7_2	CG_R_7_2	CG_L_7_3	CG_R_7_3	CG_L_7_4	CG_R_7_4	CG_L_7_5	CG_R_7_5	CG_L_7_6	CG_R_7_6	CG_L_7_7	CG_R_7_7	MVOcC	MVOcC	MVOcC	MVOcC	MVOcC	MVOcC	MVOcC	MVOcC	MVOcC	MVOcC	LOcC_L_4_1	LOcC_R_4_1	LOcC_L_4_2	LOcC_R_4_2	LOcC_L_4_3	LOcC_R_4_3	LOcC_L_4_4	LOcC_R_4_4	LOcC_L_2_1	LOcC_R_2_1	LOcC_L_2_2	LOcC_R_2_2	Amyg_L_2_1	Amyg_R_2_1	Amyg_L_2_2	Amyg_R_2_2	Hipp_L_2_1	Hipp_R_2_1	Hipp_L_2_2	Hipp_R_2_2	BG_L_6_1	BG_R_6_1	BG_L_6_2	BG_R_6_2	BG_L_6_3	BG_R_6_3	BG_L_6_4	BG_R_6_4	BG_L_6_5	BG_R_6_5	BG_L_6_6	BG_R_6_6	Tha_L_8_1	Tha_R_8_1	Tha_L_8_2	Tha_R_8_2	Tha_L_8_3	Tha_R_8_3	Tha_L_8_4	Tha_R_8_4	Tha_L_8_5	Tha_R_8_5	Tha_L_8_6	Tha_R_8_6	Tha_L_8_7	Tha_R_8_7	Tha_L_8_8	Tha_R_8_8	
1350.18	SFG_L_7_1	0	60.4103	227.321	8.00794	27.2174	3.77143	53.4505	68.4603	18.5476	6.48333	39.8981	1.49593	4.77778	0.184524	0.0113636	0.184211	0	0	0.0113636	0	0	0	0.00793651	0.666667	0	0.790698	1.32821	0.278986	0	0	0	0	0	0	0	0	0	0	0	0.0136054	0.521739	0	0	0	0	0.00421941	0.433862	0.274074	0	0	0	0	0	0	0	11.7424	1.12281	0	0.5625	0.326087	0	0	0	0	2	0.115385	12.7467	0.5	0	0	0	0	0	0	0	0	0	0	0	0	0	0	0	0	0	0	0	0	0	0	0	0	0	0	0	0	0	0	0	0	0	0	0	0	0	0	0	0	0	0	0	0	0	0	0	0	0	0	0	0	0	0	0	0	0.753968	0	0	0.00900901	0	0	0	0	0	0	0	0.0355556	0	0.0133333	0	0	0	0.016129	0	0	0	0	4.67296	0.00833333	18.0789	0	1.52469	0.0266667	10.7415	0.075	0	0	0	0	0	0	0.52381	0.00653595	0	0	0	0	0	0	0	0	0	0	0	0	0	0	5.09402	8.1453	0.166667	0.0761905	0.0126582	0.08	12.7619	0.537037	19.7943	0.0804598	0.00537634	0	0	0.0136986	0	0	0	0	0	0	0	0	0	0	0	0	0	0	0	0.00411523	0.0121212	0	0	0	0	0	0	0	0.0138889	0	0	0	0	0.0101781	0.0454545	0	0	0.0246914	0	0	5.73016	31.2444	0	0	0	0.0127226	0.583333	0	0.00617284	0	0	0.0127226	0.00980392	0.00268817	0.00980392	0.00973236	0	0.00973236	0.424242	0.0025641	
2289.78	SFG_R_7_1	60.4103	0	243.854	46.375	32.9524	27.7391	56.9837	80.0526	3.37398	39.5278	16.075	51.25	0.49697	0.15	3.45	0.5	0	0.728395	0.0457516	0.017094	0.00555556	1.19753	22.2358	0.555556	1.31783	0.0205761	0.169399	0.0843373	0	0.555556	0.0104167	0.369048	0	7.76667	0.0260417	0.268519	0	1.9	0	4.72222	0.0645161	0	0	0.0130719	0	0.00766284	0.0382514	0.111111	0.0196078	0	0.0160643	0.0363636	0.173913	0	2.15942	0.139535	0.354167	0	0.268116	0.86	0	0.127451	0	0.00793651	0.118056	8.22222	0.863636	22.5303	0.0243902	0.0248756	0	0.00574713	0	0.181818	0	0.010929	0	0.00401606	0	0.00401606	0	0.431694	0	0.00966184	0	0.27957	0	0.0447761	0	0.0843882	0	0.0142857	0	0.0151515	0	0.00749064	0	0.0307018	0.00326797	0.0787037	0.00326797	0.0526316	0.00401606	0.0261438	0.0406504	0	0	0.0131579	0	0	0	0	0	0	0.0284553	0	0.0162602	0	0	0	0	0.229508	0	0.010929	0.24359	1.82486	0.0114943	0.216931	0	0	0.0649351	0.376543	0	0.0196078	0	0.0666667	0.00483092	0.0707071	0	0.0466667	0	0.706667	0.00757576	0.11828	0	0.126667	0.624242	1.47009	0.751773	2.94792	0.488095	0.112745	1.08974	5.37963	0	0	0	0.0789474	0	0	0.0784314	0.730769	0	0.257143	0	0.00653595	0	0.0522876	0	0.267606	0	0.262626	0	0.356322	0.0112994	0.149425	10.9912	8.22222	0.166667	110.389	0.423077	0.0277778	0.989899	55.8824	0.268293	6.61905	0.035461	0	0.325397	0.675556	0	0	0	0.126761	0.200913	0.0163934	0.00252525	0.017316	0	0	0	0.0042735	0	0.0913242	0.413655	0.150685	0	0.0502283	0	0.00938967	0.00793651	2.43182	0.0284553	0.0199005	0.0759494	5.26812	0.0284553	0.0353535	0	0.0820513	0.0296296	28.2553	0.00628931	0.146465	0.00740741	0.0974359	0.289855	90	0.00653595	2.68817	0.00444444	0.518519	0.0498084	22.0643	0.012945	1.17593	0.00444444	0.00441501	0.0453074	9.52778	0.0157233	7.15686	0.0285714	4.63522	0.0123457	12.0083	
5916.18	SFG_L_7_2	227.321	243.854	0	19.4773	154.429	9.51852	352.036	92.3333	8.51389	2.99242	0	3.475	0.763889	0.0714286	287.217	1.10078	3.14103	0	40.8952	0.0057971	1.10256	0.0114943	222.241	1.33333	113.928	1.35556	4.05128	0.0327869	11.7778	0	4.19333	0	10.2644	0	7.98765	0.0198413	2.60215	0.00564972	78.9	0.0208333	0.00775194	0.00383142	0.0689655	0.00396825	0.0719697	0.00512821	0.0416667	0.00806452	0.042735	0	0.343643	0.00520833	16.4138	0.00584795	58.6522	6.2766	1.18667	0.240964	0.0547264	0.607843	61.7889	0.00497512	88.5977	0.00497512	0.030303	0.231707	0.0952381	0.116279	0.169014	0.00584795	0.36612	0.0647249	5.72917	0.0121212	0.251366	0.0641026	0.0857143	0	0.25	0.0192308	0.0707071	0.0102041	0.102222	0	0.893082	0	0.171569	0.0163399	0.355987	0.0218579	0.448276	0	0.181518	0.0157233	0.127193	0.00273224	1.57895	0	0.548023	0	0.178082	0	0.411765	0.0504202	0.386831	0.036036	0.123188	0	0	0	0	0	0.00900901	0	0	0	0.0735294	0	0	0	0.039548	0.00358423	0.264151	0.00320513	12.9889	2.07229	0.985075	0.438202	1.35714	0.00396825	10.117	0.541176	2.02116	0.261364	1.76389	0.140562	8.65942	0.07173	0.0964912	0.00421941	4.58519	0.0383142	5.91156	0.00340136	0.0392157	0.0441767	0.125604	1.39357	0.48718	2.1748	0.056338	0.0144928	0.0111111	0.0416667	0.761905	0	0.0204082	0	0.914286	0	3.42949	0.403922	0.0542636	0.0030303	0.00358423	0	9.6358	0	0.535211	0.00520833	0.034188	0	44.9677	0	0	0	1.68376	5.7094	0	0.12963	0.0136986	0	0	0.114286	0	0	0.00529101	0	0.65812	5.55111	0.157658	0.018018	0.281385	0.0438596	1.58824	3.58796	0.421941	0	0.411255	0	0.00378788	0	0.454545	0.0231884	0.5	1.5641	0.787879	0.0595238	0.196347	0.0238095	0.201058	0.0238095	0.492063	0.0130719	12.9728	0.870588	1.36979	0	0.347222	0.0266667	75.7442	1.44314	1.77619	0.113636	0.686275	0.0394737	61.4667	38.4074	26.7733	0.0247934	8.28283	0.00671141	181.765	0.0748299	1.36842	0.416667	2.53333	0	42.1786	0.173913	36.2667	0.0498442	32.6613	0.124579	132.75	0.410853	
2014.28	SFG_R_7_2	8.00794	46.375	19.4773	0	30.8712	210.765	0.0682731	74.561	0.00740741	0.0416667	7.73984	0	0.172222	0.00469484	5.11628	116.117	0	0.730769	0.108434	1.7971	0	2.26389	4.12195	10.4603	0.0125786	47.0333	0.0923077	0.356589	0.00694444	0.80303	0.00740741	2.55556	0.00694444	22.7564	0.0114943	0.809524	0	8.46154	0.00238095	15.7619	0.0215054	0	0.0121951	0.023569	0	0.0599251	0.00925926	0.0795455	0	0	0.0198413	0.107143	0	0.182796	0.062963	17.0202	0.0481481	0.511905	0	0.842424	0.00326797	5.12821	0	0.927083	0	0.0952381	0.0133333	0.0576923	0	0.17619	0	0.107345	0.00653595	0.352941	0	0.0611111	0	0.0470588	0	0.0516432	0	2.27869	0	0.144928	0	1.7343	0	0.315315	0	0.514056	0	0.0325203	0.0026455	0.233333	0	0.0753968	0	0.366197	0	0.558685	0	0.47561	0.0058997	0.370892	0.0595238	0	0.0058997	0.130952	0	0	0	0	0	0	0.00537634	0	0	0	0	0	0	1.2623	0	0.0944444	0.448718	5.65	0.00961538	2.89744	0.00628931	0.644928	0.209402	2.08333	0.0264026	1.69872	0.00647249	3.66061	0.029304	6.01258	0	0.0680272	0	1.33333	0.011236	1.70988	0	0.789116	0.0512821	0.158974	0.0241546	0.925287	0	0.153153	0.0151515	0	0	0.0734463	0	0.359649	0	0	0.0383142	1.70909	0.00330033	1.83333	0	0.0350877	0	4.94118	0.00330033	2.32749	0	2.63725	0.00238095	5.39394	0	0	0	0	0.034188	0	0.00392157	0	0.0285714	0	0	0	0	0	0.623016	0.903509	0.0140845	0.00416667	0.00416667	0.306306	0.466667	0.0677083	0.0136986	0.0526316	0	0	0	0	0	0.171053	0.75502	0.150685	0	0.166667	0	0.114943	0.00520833	11.0256	0	0.338235	0.037037	19.4222	0	1.55051	0.00260417	0.342222	0.224806	49.2269	0.010582	0.957143	0.0191571	0.164251	0.166667	71.8198	0.0058997	12.903	0.0104167	7.59048	0.371648	21.9023	0.15	1.08197	0.0152905	0.153439	0.352713	23.3784	0.0358423	19.6389	0.116667	18.1944	0.0687285	21.8148	
5017.72	SFG_L_7_3	27.2174	32.9524	154.429	30.8712	0	369.078	0.326531	4.43939	1.71429	0.354167	165.675	29.775	408.769	125.085	194.468	4.56589	0.0641026	0.00724638	124.463	10.4815	29.2121	0	3.31111	2.66667	0.0902778	1.34815	77	52.5886	2.38889	0	4.89744	0.00757576	11.4713	0.0222222	17.08	0.00260417	1.03571	0	3.73563	0.00694444	62.0933	0.508772	0.0185185	0	0.174863	0.333333	30.2	16.32	0.0464135	0.0196078	17.875	0.00260417	0.372549	0.00584795	0.352201	1.99394	2.61111	0.0348837	0.863248	0.397436	0.0196078	0.00595238	0.0238095	0.00595238	2.05926	0.0515873	5.18519	0.557823	0.62069	0.0133333	0.0328639	0.0030303	0.020202	0.00308642	0.028169	0	0.0336391	0.00888889	0	0	0.00877193	0	0.045045	0	0.0198413	0	0.00784314	0	0.0769231	0.00505051	0.0277778	0	0.0446735	0.00252525	0.0210526	0	0.030303	0	0.0387597	0	0.0164609	0	0.10231	0.010101	0.105882	0.00483092	0.0128205	0	0.0274914	0.00555556	0.0144928	0	0.00501253	0	0.292929	0.0138889	0.475694	0	0.021978	0.0111111	0.00938967	0	0.00421941	0	1.51613	0.27451	0.190476	0.121212	0.0240964	0.00980392	1.1129	0.0576132	0.0833333	0.0735294	0.210526	0.320833	0.328638	0.1125	0	0	0.0392157	0	0.375	0	0.0282486	0	8.33889	0.142322	8.58696	0.126437	14.4032	0.0421053	26.5819	0.123711	0.0754717	0	0.0215054	0	0	0	0.938775	0.0613027	0.0900901	0	0.00254453	0	0.309179	0	0.288288	0.00260417	0.0155039	0	0.372549	0	8.6129	0.0374532	20.2927	32.975	13.4645	0.672727	12.2043	0.129825	8.26667	0.0151515	6.07143	0.0263158	3.55833	0.155556	0.156118	1.1342	0.015748	0	0.0875	0.00347222	0.286385	1.01316	0.0883534	0.00694444	0.1	0	0	0	0.129167	0	0.106838	0.144033	0.14346	0.0208333	0.0333333	0.0128205	0.242105	0	0.693798	0.00550964	2.49524	0.104869	1.75714	0.0138889	2.19298	1.25	11.0435	0.138577	0.375587	0.0476191	0.266667	0.269841	73.2793	44.3542	2.375	0.0173913	16.6923	0.996169	26.7011	0.312925	0.179825	0.106227	10.1136	0.218519	15.7368	0.478927	14.45	0.249084	24.6829	0.267399	44.5667	0.854406	
6397.73	SFG_R_7_3	3.77143	27.7391	9.51852	210.765	369.078	0	0.386905	12.1771	0.130952	0.651163	109.775	169.196	71.3577	182.75	174.811	120.982	0.120567	0.597222	107.311	194.079	0.258621	19.3611	37.2778	12.5556	0.100629	15.0833	8.53333	46.12	0.125	0.878788	2.19858	20.6	0.368794	49.0267	1.61806	44.6	0.0148148	13.7308	0	3.90476	1.9883	0.00701754	0.00490196	0.297619	0.004662	0.170213	1.06667	0.682353	0.0833333	0.0117647	0.188889	10.5467	0.0555556	0.189189	0.777778	15.2059	0.147287	1.8655	0	0.873563	0	0.851852	0	0.611111	0.0219298	0.68	0.00877193	0.688406	0.00584795	1.44144	0.0102041	0.361111	0.00340136	0.627778	0.00340136	0.101449	0.00840336	0.19697	0.00266667	0.179167	0	3.57488	0.00297619	0.788288	0	3.79524	0.00595238	0.939394	0.008	3.03922	0.0126984	0.0958333	0.00529101	2.23111	0.00297619	0.333333	0	1.03241	0	1.43981	0	1.70325	0.00529101	3.50222	0.723485	0.00512821	0.0952381	0.634538	0.00387597	0.129167	0.00387597	0.133333	0	0	0.0232558	0.613169	0.00584795	0.111111	0	0.506173	0	1.73039	0	0.0904762	0.912698	13.6974	0.0251572	4.89506	0.0592593	1.19565	0.550388	2.9661	0.0481481	3.03846	0.0322581	8.84615	0.0925926	16.1358	0	0.0833333	0.00297619	2.27485	0.111111	4.02299	0	2.46296	1.23577	3.1828	0.521127	2.48634	0.651341	2.11475	2.52083	7.31111	0.00343643	0.666667	0	1.60667	0.00343643	0.0819672	0.261364	4.05556	0.003003	9.71186	0	0.0596491	0.003003	15.9352	0.00595238	14.2299	0	6.25556	0.003003	12.7727	0.0627063	0.561728	5.9187	11.065	0.863248	17.4912	0.104478	3.3224	0.132184	1.11828	2.49789	0.748634	1.84127	0.494253	1.7381	1.66667	0.0296296	0.0121951	0.0037037	0.623377	1.24675	0.319249	0.0407407	0.0791667	0.00611621	0.00512821	0	0	0	0.341772	1.64286	0.179487	0.0814815	0.50211	0.0203252	0.342593	0.00701754	10.7833	0.00877193	3.42593	0.382576	37.8188	0.0245614	11.6762	0.0701754	5.89062	0.574713	159.452	0.0480769	3.21461	0.103448	1.5848	0.116352	187.908	0.173913	79.195	0.0262467	44.4701	1.01136	81.8805	0.442177	0.913979	0.0321637	1.50704	1.15294	54.1453	0.105611	60.475	0.353414	56.2681	0.115646	82.4113	
2869.95	SFG_L_7_4	53.4505	56.9837	352.036	0.0682731	0.326531	0.386905	0	40.6357	146.172	55.5317	0.0166667	0.348837	0.320261	0.0655738	4.48246	0	0.678161	0	3.63636	0	0.340909	0	7.87879	0	92.3167	0.0151515	0.235897	0.0382514	1.625	0	1.23423	0	0.561404	0	1.18182	0	0.264706	0	7.89899	0	0	0.00617284	0.0348259	0	0.0238095	0	0	0.00537634	0	0.00617284	0.152104	0	8.67742	0	222.152	46.3704	0.51634	0.0833333	12.4348	1.6124	14.7204	0	22.0778	0	2	0.945455	0.128205	6.68254	0.022409	0	0	0.00653595	0.460784	0	0	0.00326797	0.0305556	0	0.00749064	0	0	0	0	0	0.0188679	0	0	0	0.00569801	0.00819672	0.0402299	0	0.0268817	0.00411523	0.00438596	0.00273224	0.12069	0	0.0862069	0	0.0213675	0	0.0233333	0.010929	0.18107	0.0045045	0.0162602	0	0	0	0	0	0.00623053	0	0	0	0	0	0	0.00595238	0	0	0	0.00347222	2.89216	0.0599251	0.0140845	0.15942	0.325581	0	3.2193	0.153846	0.197917	0.14652	0.0319635	0.0210526	1.43056	0.0259259	0	0	0.590278	0.00775194	0.780142	0	0	0.0155039	0	0.0121212	8.80808	1.18182	0	0.0125786	0	0.0192308	0.0648148	0	0.00900901	0	0.0925926	0	0.754717	0.22963	0	0	0.00505051	0	1.18788	0	0.0284553	0	0.0111111	0	2.71111	0	0	0	0.0350877	1.33333	0	0.00900901	0.00913242	0.0384615	0	0.107843	0	0.00628931	0	0	0.239057	2.03509	0.0151515	0.0153846	0.0213675	0	0.646766	1.37443	0.054902	0.00520833	0.047619	0	0	0	0.054902	0	0.276667	0.504167	0.21978	0	0	0.00374532	0.0974359	0.0111111	0.300546	0.00411523	10.5926	0.248062	0.0231481	0	0.00546448	0.00617284	37.5185	1.89535	0.662745	0.0348837	0.329588	0.00308642	25.5079	0.0143885	5.88	0.00555556	0.361111	0	111.51	0.0340136	0.755102	0.0444444	0.123077	0	5.39216	0.0045045	1.12766	0	0.277778	0	31.4615	0.00447427	
3125.14	SFG_R_7_4	68.4603	80.0526	92.3333	74.561	4.43939	12.1771	40.6357	0	10.0775	69.4896	3.63492	0	0.109375	0.0328639	0.0727969	3.69333	0	3.05556	0.124031	0.0566038	0.00813008	0.733333	0.163265	0.858974	0.340909	56.2692	0.0599251	0.203175	0	0.91358	0	0.342857	0	3.00926	0.0352941	0.138211	0	2.33333	0.00238095	26.5269	0.0104167	0	0.0321285	0	0	0.002849	0.00564972	0	0	0	0.0753968	0.0232558	0.184397	2.7037	3.75177	211.426	0.0973783	0.0555556	0.0277778	7.93333	0	47.5591	0	81.9	0	0.0727273	0.17037	0.755102	0	0.0976431	0.0020202	0	0	0.105263	0.0020202	0	0.0026455	0.0241546	0	0.0289855	0	0.262295	0.00252525	0.00275482	0	0.242938	0	0.0338164	0	0.0992908	0.00600601	0	0	0.0909091	0	0.0141844	0	0.0402299	0.00326797	0.0142857	0.00326797	0.0601852	0.0117647	0.0962199	0.191011	0.00628931	0.0186916	0.0144928	0	0	0	0	0	0	0.00641026	0	0	0	0	0	0	0.202186	0	0.00595238	0.350649	4.32143	0.0031746	0.285714	0.0224719	0.0310078	0.113725	1.20126	0.0915751	0.0729167	0.0248227	0.293333	0.101449	1.14966	0	0.0227273	0.0030581	0.470588	0.0602837	0.346939	0	0.037037	0.0726496	0.0151515	0.0440252	0.540881	0	0.0502283	0	0	0.0037037	0.0860215	0	0.042735	0	0	0.0498084	7.87582	0	0.075	0	0.00749064	0	0.553333	0	0.0833333	0	0.0784314	0.00238095	2.06667	0	0	2.03509	1.08772	0.031746	0	0.00694444	0	2.7451	0	0	0	0	0	2.37698	2.51111	0.00900901	0.00966184	0.00628931	0.131455	1.4009	0.271795	0.0182648	0.0164609	0	0	0	0.0042735	0.00628931	0.0776256	3.25	0.532407	0.00314465	0.0811966	0	0.034188	0.02	29.9369	0.0133333	0.124579	0.0868056	120.8	0.00229885	0.0384615	0.00314465	0.256667	0.570881	217.973	0.00943396	1.13415	0.0148148	0.820513	0.0673401	77.9804	0.0347222	3.95745	0.00444444	0.137931	1.16667	87.3506	0.207885	4.04321	0.0214067	0.0141243	0.189964	13.963	0.038835	9.0381	0.0453074	4.08772	0.0185185	37.6759	
1075.83	SFG_L_7_5	18.5476	3.37398	8.51389	0.00740741	1.71429	0.130952	146.172	10.0775	0	41.907	4.11594	0.00793651	0.438095	0.00925926	0	0	0	0	0.030303	0	0	0	0.0121212	0	0.257576	0.00757576	0.106383	0.0238095	0	0	0	0	0	0	0	0	0	0	0.00813008	0	0.0340136	0	0	0	0	0	0.0507246	0.0140845	0	0	0	0	0	0	30.8519	62.4318	1.40741	1.39394	59.1733	8.86822	0	0	0	0	4.15385	0.0614035	20.4921	24.2636	0	0	0	0	0	0	0	0	0	0	0	0	0	0	0	0	0	0	0	0	0	0	0	0	0	0	0	0	0	0	0	0	0	0	0.00311526	0	0.00311526	0	0	0	0	0	0	0.0047619	0.00311526	0	0	0.0047619	0	0	0	0.0047619	0	0	0	0	1.69608	0	0	0.00340136	0	0	0.179487	0	0.0119048	0	0.00555556	0	0	0	0	0	0	0	0.0111111	0	0	0	0.161905	0.0125786	21.6905	0.0897436	0.0555556	0.00628931	0.411111	0.31746	0	0	0	0	0	0	0.348485	0	0	0	0	0	0	0	0	0	0	0	0	0	0	0.00757576	0.00900901	0.0232558	0.0333333	0.0666667	0.0114943	0.0151515	16.0185	0.166667	35.3704	2.02381	0	0	0.00990099	0.015873	0	0	0.012987	0	0	0.0136986	0.0128205	0	0.0143369	0	0	0	0.0213675	0	0.00660066	0	0.0107527	0	0	0	0.00574713	0.0037037	0.00520833	0	0	0.00740741	0.00311526	0.0047619	0	0	0.0733333	0.0037037	0.0215054	0	0.00311526	0	4.06061	0.00595238	0	0	0.00456621	0	1.43939	0	0.00606061	0	0.00574713	0	1.38384	0	0.5	0	0.236559	0	2.59596	0	
1098.75	SFG_R_7_5	6.48333	39.5278	2.99242	0.0416667	0.354167	0.651163	55.5317	69.4896	41.907	0	0.278912	2.12644	0.0541667	0.184397	0.0045977	0.0111111	0	0.0537634	0.00775194	0.00311526	0	0	0.0833333	0	0.404762	0.0283688	0	0.00497512	0	0.0107527	0	0	0	0.00775194	0	0	0	0	0	0.0285714	0	0	0	0	0	0	0	0.0377358	0.00512821	0	0	0	1.38519	0.0714286	63.8406	60.4792	0.520833	0	6.74242	17	0	0.114583	0	0.827957	0.297101	7.01754	1.13492	95.5	0.0126582	0.0205128	0	0	0	0	0	0	0	0	0	0	0	0	0	0	0	0	0	0	0	0	0	0	0	0.00512821	0	0	0	0	0	0	0	0	0	0.00512821	0.0111111	0.00330033	0	0	0	0	0	0	0	0	0.0168776	0	0.00833333	0	0	0	0	0	0	0	0.478788	0.145833	0.030303	0	0.0163934	0	0.125	0.145833	0.00653595	0.00282486	0	0	0.012945	0	0	0	0	0	0.00574713	0	0	0	0.641975	0.0196078	1.58696	1.13542	0.181818	0.00469484	0.856209	0.135417	0	0	0	0.0070922	0	0	0.28	1.41975	0	0	0	0	0	0	0	0	0	0	0	0.0114943	0.00653595	0.0215054	0.141667	0.403509	0	0.215686	0.509804	0.182796	0.161905	26.7143	0.699187	13.9722	0	0.00512821	0.0968992	0.16895	0	0	0	0	0.0648148	0.026455	0.00469484	0	0	0	0	0	0	0	0.124031	0.0289855	0	0.00268817	0	0	0.003367	0.369369	0.021097	0.0307692	0.102564	4.54167	0.021097	0	0	0.0298507	0.00862069	10.3469	0	0.0769231	0	0.025641	0.025641	2.68116	0	0.4	0	0.00623053	0.037037	4.17241	0.0130719	0.0296296	0	0	0.00980392	0.0153846	0.00673401	0.00512821	0	0.00512821	0	0.255952	
1193.71	SFG_L_7_6	39.8981	16.075	0	7.73984	165.675	109.775	0.0166667	3.63492	4.11594	0.278912	0	4.45299	73.8235	1.83704	0.472222	1.36752	0	0.00724638	0	0	0	0	0	1.74167	0	0.837209	7.05952	3.63399	0.0555556	0	0	0	0.107527	0.0138889	0	0	0	0	0	0.00694444	6.41026	0.0493827	0	0	0.0775194	0.12069	5.46154	3.83648	0.021164	0	0	0	0	0	0.00326797	2.17647	2.00833	0	0.622807	0.27451	0	0	0	0	1.9187	0.00617284	5.47619	0.47619	0.025	0	0	0	0	0	0	0	0	0	0	0	0	0	0	0	0	0	0	0	0	0	0	0	0	0	0	0	0	0	0	0	0	0	0	0	0	0	0	0	0.0222222	0	0	0	0	0	0.0512821	0	0.025	0	0	0	0	0	0	0	0.73913	0.0358974	0.0185185	0.101852	0	0.00980392	0	0.0260417	0.004329	0.0615385	0	0.448889	0	0.208889	0	0	0	0	0	0	0	0	4.66026	0.0241546	9.90476	0	10.2201	0.0241546	16.8431	0.00483092	0	0	0	0	0	0	0.714286	0.00653595	0	0	0	0	0	0	0	0	0	0	0	0	2.56364	0.00925926	8.22857	1.7619	12.6508	0.177083	4.96296	0.00653595	1.99346	0	9.2766	0.00925926	1.14035	0.0227273	0	0.0042735	0	0	0	0	0.003663	0.0042735	0	0	0	0	0	0	0	0	0	0	0.0121212	0.00406504	0	0.0219298	0.00438596	0	0.0333333	0	0.216374	0	0.0888889	0	0.980952	0.161049	0.00326797	0	0.0707071	0.0344828	0	0	0.141844	34.8333	0	0	0.0544218	0.192593	0.166667	0.0189394	0.004329	0	0.0733333	0.164835	0.0813008	0.0777778	0.0984849	0.172161	0.0620155	0.179487	0.30303	0.0340909	
1157.06	SFG_R_7_6	1.49593	51.25	3.475	0	29.775	169.196	0.348837	0	0.00793651	2.12644	4.45299	0	5.47333	27.5152	37.8083	0	0.00694444	0	9.76812	0	0.0246914	0.00952381	27.5285	0	0.0486111	0	2.62745	0	0	0	0.298611	0	0	0.0246914	0.222222	0.00952381	0	0	0	0.0123457	0.24031	0.367816	0	0	0.0136054	0.00456621	0.609929	0.462366	0.460784	2.27381	0.0102564	0	0	0	0.164021	0.0116959	0.0287356	0	0.00529101	0.0138889	0	0	0	0	0.00757576	2.84211	0	4.47619	0.00350877	0.0754717	0	0	0	0	0	0	0	0.0128205	0	0	0	0	0	0.00666667	0	0	0	0	0	0.00323625	0	0	0	0.00323625	0	0	0	0	0	0	0	0	0	0.0111111	0	0	0	0	0.00387597	0.0291667	0.00387597	0.0246914	0	0	0.00701754	0.1893	0.00350877	0.045977	0	0.133333	0	0	0	0	0.0444444	0.00469484	0.00483092	0	0	0	0.0219298	0.00555556	0	0	0	0	0.00793651	0	0	0	0	0	0.00793651	0	0	0	0.322222	2.25989	0.197279	3.46212	0.0572917	0.900585	0.555556	6.44654	0	0	0	0	0	0	0.0231481	0.0138889	0	0	0	0.0212766	0	0	0	0	0	0	0	0	0.0125786	0.238994	2.13675	15.375	2.57576	109.35	0.040404	0.99435	0	2.2029	0	1.31111	0.89899	36.463	0	0.00497512	0.0148148	0	0	0	0.00343643	0	0.0111111	0.00574713	0	0	0	0	0	0	0	0	0.037037	0	0.017094	0	0.00350877	0.0357143	0.00350877	0.0344828	0.0155039	0.197531	0.0116279	0.269231	0.0897436	0	0	0.0595238	0.382353	4.9359	0	0	0	0.12963	0	0	0	0.0185185	0	0.127451	0	0	0	0	0.00483092	0.0222222	0	0.0185185	0	0.0261438	0	0.0364583	
4888.01	SFG_L_7_7	4.77778	0.49697	0.763889	0.172222	408.769	71.3577	0.320261	0.109375	0.438095	0.0541667	73.8235	5.47333	0	227.812	5.78481	0	0.0238095	0	9.22511	6.20741	55.2609	0	0.0967742	0	0.163265	0	343.595	152	0	0	0.152381	0	0.0462963	0	10.5128	0	0.435897	0	0.00813008	0	122.321	2.72093	40.7083	0	0.527132	1.04487	25.2609	76.5035	0.546667	0.0196078	76.5972	0	0.358491	0	0.462963	0.0306513	0.215686	0	0.0694444	0.103448	0.00653595	0	0.0292398	0	0.161111	0.0196078	0.020202	0.0325203	1.5461	0.00888889	0.00784314	0	0.00793651	0	0.0045045	0	0.163636	0.00888889	0.00628931	0	0	0	0.0327381	0	0	0	0.00392157	0	0.0288462	0	0.0193798	0	0.027027	0	0.00647249	0	0.0268199	0	0.0348837	0	0.0116279	0	0.177305	0	0.117021	0	0.003003	0	0.078853	0.00840336	0.0289855	0.00564972	0.106383	0	1.15789	0.0310734	1.42908	0	0.0362319	0.0225989	0	0	0	0	0.0843882	0.148936	0.05	0.0866667	0.0193798	0	0.0779221	0.0190476	0.0348837	0.00358423	0.205479	0.00343643	0.175676	0.00343643	0	0	0.018018	0	0.130631	0	0.03125	0	1.3287	0.329932	0.883333	0.0253623	12.75	0.2	32.1875	0.527778	0.0377358	0	0.0215054	0	0	0	0.166667	0.0190476	0.047619	0	0.229167	0	0.328431	0	0.205128	0	0.00757576	0	0.233766	0	26.1038	0.170543	36.9203	43.4286	67.5031	2.28571	23.7292	0.476703	28.1744	0.0430108	4.64583	0.0215054	12.5098	0.914286	0.415584	0.15812	1.79915	0	6.05907	0.013468	0.0648148	0.119658	6	0.0104167	1.40084	0	0	0	4.70042	0	0.0421941	0.00732601	2.11392	0.0408163	0.393939	0.002849	0.705263	0	1.61702	0.00275482	4.25316	0.0373563	3.04215	0.0338983	7.10784	5.27519	15.7302	0.272031	10.188	0.0441176	60.3411	0.766026	78.9583	4.80392	13.1212	0.0177778	50.7519	4.42745	31.5797	1.86434	0.218254	0.016835	12.3768	0.678431	12.373	1.70155	12.5926	0.582375	17.9778	0.624521	34.876	3.36822	
3098.94	SFG_R_7_7	0.184524	0.15	0.0714286	0.00469484	125.085	182.75	0.0655738	0.0328639	0.00925926	0.184397	1.83704	27.5152	227.812	0	17.3741	0	0	0	54.4113	9.29412	0.134752	1.74359	0.14	0	0	0	74.6822	189.258	0.00641026	0	0.313726	0.272727	0.0196078	0	0.333333	2.33333	0.0196078	0.0909091	0	0	14.7674	53.4533	0	3.62821	5.3913	0.0833333	37.1318	85.3214	1.40351	1.17241	0.0992908	3.82667	0	0	0.015625	0.0149254	0.00854701	0.0298507	0	0.365079	0	0	0	0	0	0.0740741	0.0037037	0.166667	0.0107527	0.106996	0	0	0	0.00358423	0	0	0	0.0208333	0	0.00358423	0	0	0	0.0288066	0	0	0	0.00358423	0	0.138614	0	0	0.00394477	0.13253	0	0	0	0	0	0	0	0	0	0.272109	0.00680272	0.00311526	0	0	0	0.0340909	0	0.0431373	0	0.00392157	0	0.189394	0	0.0274914	0	0.151515	0	0	0	0	0.0824373	10.3519	0.00330033	0.113924	0.0022831	0	0.043956	0.726368	0	0	0.0031746	0.106667	0.00215054	0.0821918	0	0	0	0	0.00430108	0	0	0.0169492	0.164179	1.22388	0.0434783	0.132353	0.0592593	1.36923	0.166667	3.14359	0	0.0461538	0	0.0327869	0	0.010101	0.0185185	0.540404	0	0.243781	0	0.012987	0	0	0	0.0583333	0	0	0	0	0.0183486	0.0977011	22.2276	55.0732	0.409091	7.17576	0.0343643	2.04615	0.0311526	0.0952381	0.0289855	0.212766	3.78571	10.4545	0.0253623	0.279693	0.00358423	0	0	0.203463	0.0396825	0.012987	0.00358423	0.0113636	0	0.0598291	0	0	0	0.491228	0.0210526	0.0620155	0.0189394	0.65368	0.0151515	0.104418	0	0.0271318	0	0.1875	0.00456621	0.563786	0.0037037	0.982456	0.971014	44.9697	0.00456621	1.85417	0.824074	10.8272	0.0299145	11.2077	0.012012	83.0444	0	2.55224	0.0470085	36.5076	0.00215054	9.44231	0.0188679	3.90385	0.021097	16.4242	0.0420712	17.3478	0.00900901	18.6739	0.00900901	20.4928	0.0447154	21.6449	
5575.86	MFG_L_7_1	0.0113636	3.45	287.217	5.11628	194.468	174.811	4.48246	0.0727969	0	0.0045977	0.472222	37.8083	5.78481	17.3741	0	0.357143	3.35897	0	601.01	0.645833	172.842	0.0070922	381.333	0	4.55882	0	36.2857	1.31333	9.49275	0	80.1026	0	28.1026	0.00724638	84.0741	0.0136054	14.869	0	4.78205	0	0.0470085	0	0.0925926	0	0.09375	0	0.0811966	0.541667	0.0708333	0	18.2174	0	1.24	0	19.2195	0.124498	1.17576	0.120155	0.0740741	0.244186	0.757576	0	1.0068	0	0	0.160784	0	0.0042735	1.09048	0	0.228856	0.0188679	0.127273	0	0.0980392	0.0123457	0.267296	0	0.037415	0.0124611	0.0894309	0.00326797	0.164706	0	0.228571	0	0.054902	0.0125786	1.0756	0.00282486	0.831224	0	0.515152	0.015873	0.568421	0	1.3114	0.00320513	1.5679	0	0.857724	0	0.679612	0.00909091	0.0805861	0.0047619	0.194969	0.0057971	0	0	0	0	0.0430108	0	0	0	0.780952	0	0.011236	0	0.0190476	0.00387597	0.0307018	0	2.28718	0.883721	0.347418	0.10989	1.95402	0	6.54444	0.211765	0.614583	0.0299625	0.62963	0.03125	11.026	0.00680272	0.0166667	0	1.42077	0.0227273	7.20588	0.00396825	2.65497	0.0191571	0.149758	0.337209	0.00673401	0.534884	0.045045	0.047619	0.00546448	0.0962199	0.916667	0	2.02976	0.00340136	0.25	0	2.51786	0.271318	2.53672	0	0.0128205	0	16.2111	0	11.5657	0	1.10526	0	12.6557	0	0.00362319	0.00724638	0.225108	0.893333	0.0107527	0.350282	0.0058997	0.0680272	0	0	0	0.00444444	0.0311111	0.0849673	0.12987	1.81818	0.0912698	0	0.2875	0.00884956	0.199074	1.40351	0.333333	0	0.601732	0	0.0380952	0	0.623932	0.00574713	0.0909091	0.293173	1.4359	0.011396	0.0844444	0.00294985	0.294118	0	1.14286	0.015873	4.42157	0.481061	3.05128	0	0.218519	0.0133333	34.7816	0.697318	0.675799	0.0404984	0.948718	0.00266667	113.917	0.0751634	20.0298	0	30.7807	0.00680272	42.4872	0.00961538	0.200913	0.285185	26.3643	0.00340136	32.1579	0.166667	33.925	0.038835	62.9837	0.0555556	72.3162	0.313953	
2081.99	MFG_R_7_1	0.184211	0.5	1.10078	116.117	4.56589	120.982	0	3.69333	0	0.0111111	1.36752	0	0	0	0.357143	0	0	7.95652	0.02	154.632	0	39	0.641667	414.333	0	46.7556	0	18.0267	0	0.409091	0	1.08333	0	9.86957	0	11.9167	0	4	0	4.82051	0	0	0	0.0689655	0	0.0149813	0	0.0149813	0	0	0	7.02778	0	0.0761905	0	4.90805	0	0.430108	0	0.0909091	0	0.333333	0	0.696078	0	0	0	0	0	0.0588235	0	0.0320513	0	0.0820513	0	0	0	0.0497512	0	0.0348259	0	0.310345	0	0.0539216	0	0.362573	0	0.14359	0	0.287671	0	0.0185185	0	0.0772947	0	0.0833333	0	0.142857	0	0.186441	0	0.159817	0	0.0833333	0.00392157	0	0	0.0285714	0	0	0	0	0	0	0	0	0	0	0	0	0	0.05	0	0.00628931	0.0590717	1.22414	0	1.36232	0	0.466667	0.0337553	1.2	0.00378788	1.37209	0	0.848485	0.0114943	1.92199	0	0.00641026	0	0.263889	0	0.12963	0	0.081761	0	0.0410256	0	0.141243	0	0.0175439	0	0	0	0.0777778	0	0.0810811	0	0.036036	0.00766284	0.63964	0	0.2	0	0.0035461	0	0.346667	0	0.327869	0	0.33871	0	0.306667	0	0	0	0	0.0285714	0	0	0	0	0	0	0	0	0	0.0325203	0.0622222	0	0	0	0.0585586	0.00900901	0	0	0	0	0	0	0	0	0.0438596	0.0325203	0.004329	0	0.025974	0	0.0119048	0	0.269841	0	0.124378	0	1.13178	0	0.323077	0	0.0689655	0	4.66667	0	0.279412	0	0.0232558	0.0496454	16.0185	0	5.48148	0	2.41905	0.0153257	4.06	0.0285714	0.0952381	0	0.0307692	0.0681004	4.40741	0.0143369	3.05714	0.021645	2.44848	0.0179211	5.75238	
2056.75	MFG_L_7_2	0	0	3.14103	0	0.0641026	0.120567	0.678161	0	0	0	0	0.00694444	0.0238095	0	3.35897	0	0	0	5.10185	0	80	0	125.154	0	100.76	0	0.871795	0	70.6111	0	155.788	0	7.16	0	29.9778	0	0.392857	0	97.359	0	0	0	0.00766284	0	0.008	0	0	0	0	0	2.58889	0	42.1944	0	18.0725	0.00401606	0.309524	0.0121951	0	0.00401606	5.49383	0	79.3182	0	0	0	0	0	0.0147059	0	0.00724638	0	1.25287	0	0	0	0.00546448	0	0.0199005	0	0.00925926	0	0.0295359	0	1.19231	0	0.00564972	0	0.123288	0	0.643275	0	0.0787037	0	0.24537	0	2.06897	0	0.888889	0	0.276042	0	0.00843882	0.00396825	0.0119048	0	0	0	0	0	0	0	0	0	0	0	0.00980392	0	0	0	0	0	0.75	0	0.266667	0.0037037	0.0454545	0	24.9279	0	5.16667	0.0113636	1.60976	0.00378788	0.0187793	0	44.6818	0	4.92793	0	24.7442	0	17.922	0	0.00546448	0.00406504	0.00497512	0	0	0	0.00456621	0	0	0	8.60215	0	0	0	11.3542	0	1.30392	0	0.00952381	0	0.00793651	0	0.871795	0	0.111111	0	0	0	6.55952	0	0	0	0	0	0	0	0	0	0	0	0	0	0	0	0.0196078	0.30137	0.00724638	0	0.0135135	0	0.0294118	0.212963	0.021978	0	0.0299145	0	0	0	0.0299145	0	0.0130719	0.0632911	0.0613027	0	0.00456621	0	0.00529101	0	0.0245098	0	0.192308	0.0321285	0.0628931	0	0.0245098	0	8.62222	0.0321285	0.101852	0	0.0407407	0	0.371585	0	1.84722	0	1.48958	0	8.25185	0	0.0457516	0	0.0634921	0	3.62626	0	2.50505	0	1.14414	0	9.68687	0	
1510.99	MFG_R_7_2	0	0.728395	0	0.730769	0.00724638	0.597222	0	3.05556	0	0.0537634	0.00724638	0	0	0	0	7.95652	0	0	0	34.5833	0	113.817	0	227.333	0	20.284	0	15.7619	0	42.4409	0	4.92064	0	3.69231	0	2.12903	0	0.935897	0	7.33333	0	0	0	0.0813954	0	0.00387597	0	0	0	0	0	0.382114	0	11.3182	0	14.6061	0	4.91667	0	2.02083	0	7.08333	0	89.0897	0	0	0	0	0	0	0	0	0	0.186275	0	0.016129	0	0.409091	0	0.169231	0	0.925287	0	0.0757576	0	3.49057	0	0.596774	0	2.75132	0	0.37931	0	0.00462963	0	0.705882	0	1.2963	0	0.923977	0	2.19892	0	0.0140845	0	0	0	0.85	0	0	0	0	0	0	0	0	0	0	0	0	0	0.163743	0	0.0121212	0	0.0666667	0	0.507576	0.003663	1.61905	0.003663	0.299145	0.00350877	1.36752	0	21.9926	0.00350877	38.0518	0	4.42222	0	7.7037	0	31.4275	0	0.00694444	0	0	0	0	0	0	0	0	0	4.21111	0	0.00497512	0	1.14444	0.003663	3.4375	0	0	0	0.139535	0	0	0	0.333333	0	0	0	0.0533333	0	0	0	0	0	0	0	0	0	0	0	0	0	0	0.00406504	0.0137457	0	0	0	0.00333333	0	0	0	0	0	0	0	0	0	0.0106383	0.00406504	0.00347222	0	0.003663	0	0.0121212	0	1.59804	0	0	0	1.7549	0	0	0	0	0.003663	3.46078	0	0	0	0.0766283	0	0.45	0.003663	0.146667	0	0	0.00732601	0.047619	0.00350877	0	0	0	0.00350877	0.0155039	0	0.00833333	0	0.00833333	0	0.00595238	
4804.93	MFG_L_7_3	0.0113636	0.0457516	40.8952	0.108434	124.463	107.311	3.63636	0.124031	0.030303	0.00775194	0	9.76812	9.22511	54.4113	601.01	0.02	5.10185	0	0	3.54545	154.143	0.0070922	72.6933	0	7.84685	0	238.857	12.6028	0.393939	0	50.7024	0	10.7011	0.00724638	108.42	0.0212766	16.8214	0	1.04762	0	0.0470085	0.388128	26.5	0.00740741	0.208333	0.00444444	0.228916	2.30719	0.004329	0	117.46	0	3.0068	0	14.8074	0.113725	1.87273	0.0606061	0.0643275	0.210728	1.54717	0	2.36806	0	0	0.0222222	0	0.0042735	0.567568	0	0.333333	0.00600601	0.190476	0	0.119048	0.00925926	0.493711	0	0.0622711	0.0124611	0.186992	0.00326797	0.172285	0	0.5	0	0.0934959	0.0125786	1.78472	0.00546448	1.27917	0	0.914089	0.0119048	1.28369	0	2.45992	0	2.95062	0	1.51626	0	0.857605	0.00900901	0.113475	0	0.266667	0.0030303	0	0	0.00444444	0	0.0496454	0	0	0	0.324324	0	0.0149813	0	0.0380952	0	0.0921053	0	0.471429	0.202247	0.136986	0.0537634	4.98305	0	7.86885	0.0688406	1.32812	0.0222222	0.86385	0.00990099	16.796	0.00680272	0.0437158	0	3.58462	0.0037037	11.1111	0	4.4386	0.00628931	0.0704225	0.0512821	0.016129	0.0296296	0.021097	0.0446735	0	0.0962199	2.01923	0	2.92727	0	1.05455	0	4.21839	0.040293	3.56897	0	0.0206718	0	23.5367	0	16.8019	0	2.14035	0	21.6056	0	0.00362319	0.00724638	0.188034	0.714912	0.0107527	0.268817	0	0.0680272	0	0	0	0.00444444	0.0219298	0.0522876	0.463964	1.80342	0.493333	0.00865801	1.57333	0	0.155844	1.4026	1.69778	0	1.12554	0	0.025974	0	1.55702	0	0.136752	0.34127	2.58974	0	0.138528	0	0.127854	0	0.481982	0.0119048	4.5	0.224719	1.90686	0	0.0952381	0.0682731	53.5	0.643678	1.45455	0.0481481	4.97778	0.00533333	115.761	0.0387597	27.9483	0.00273224	37	0.0235294	37.8966	0.0113636	0.296804	0.106227	19.3488	0	18.3333	0.0392157	17.0233	0	41.9127	0	51.525	0.0804598	
2822.16	MFG_R_7_3	0	0.017094	0.0057971	1.7971	10.4815	194.079	0	0.0566038	0	0.00311526	0	0	6.20741	9.29412	0.645833	154.632	0	34.5833	3.54545	0	0	68	0.00740741	75.1667	0	1.70968	0.346405	287.447	0.00666667	0.166667	0.00666667	6.55556	0.0133333	0.583333	0.0425532	54.6111	0	2.40741	0	0.040404	0.0784314	0	0.00236407	24.2064	0.00236407	0.00374532	0.0204082	0.0203252	0	0	0.0212766	36.3636	0.00660066	0.310606	0.013468	0.837209	0.00740741	0.345029	0	0.241935	0	0.193798	0	2.51163	0	0.00505051	0	0.00537634	0	0.247863	0	0.129032	0	0.208835	0	0.0199005	0	0.419753	0	0.120482	0	0.725225	0	0.0823529	0	1.625	0	0.483333	0.0026455	3.20139	0	0.0726496	0	0.622449	0	0.436508	0	0.456621	0	0.603604	0	0.9875	0.0026455	2.24916	0.0193798	0.612613	0.00268817	0.472574	0	0	0	0	0	0	0	0	0	0.0123457	0	0.0035461	0	0.217593	0	0.00606061	0.0813954	2.92157	0.00980392	0.641414	0	0.0899471	0.0891473	0.328125	0.0117647	0.355556	0.00378788	4.03431	0.0105263	4.5625	0	0.0451977	0	0.373563	0.0105263	1.48259	0	0.982143	0.0030303	0.022831	0	0.139303	0	1.58772	0	0	0	0.206897	0	0.580247	0	0.0388889	0.00617284	0.666667	0	5.27861	0	15.5936	0	0.359477	0	11.9859	0	0.789216	0	0.540541	0	0	0	0	0	0	0	0	0	0	0	0	0	0	0.054902	11.2978	0	0.04	0.00823045	8.84	0.0995671	0.164609	0	0.012987	0	2.50228	0	0.0966184	0	10.7022	0.0348837	11.2877	0	10.5556	0	2.23684	0	0.128205	0	0.489177	0.00990099	0.782407	0.00280112	0.945205	0.00280112	18.3025	0.0185185	11.2246	0.00280112	12.8584	0.00438596	61.4475	0.00289855	52.3175	0.0107527	28.8647	0	37.6585	0.0421053	9.10204	0.0189394	0.380952	0	1.12057	0.0283019	21.3333	0.00289855	14.1628	0.0057971	7.59091	0.00289855	28.748	
3435.08	MFG_L_7_4	0	0.00555556	1.10256	0	29.2121	0.258621	0.340909	0.00813008	0	0	0	0.0246914	55.2609	0.134752	172.842	0	80	0	154.143	0	0	0	197.818	0.00330033	0.366667	0	155.391	0.120567	0.769231	0	289.87	0	1.38889	0	113.594	0	0.171429	0	0.108844	0	0	0	16.0278	0	0.230971	0	0.0208333	0.00740741	0	0	216.587	0	4.82051	0	3.43089	0.0123457	0.0792079	0	0.00628931	0.0401606	0.166667	0	0.269841	0	0	0	0	0.0035461	0.45045	0	0.0588235	0	0.0598291	0	0.0348259	0	0.501587	0	0.00952381	0	0.193548	0	0.112613	0	0.0995671	0	0.185792	0	0.206186	0	0.247863	0	0.140351	0.00308642	0.138577	0	0.279167	0	0.285714	0	0.145833	0	0.302721	0.00308642	0.175824	0	0.0588235	0	0.0045045	0	0	0	0.0695971	0	0	0	0.162037	0	0.00803213	0	0.00966184	0	0.0190476	0	0.0714286	0.121212	0.0438596	0.0289855	0.078125	0	0.248677	0.0153257	0.0619048	0.00766284	0.285024	0	7.1694	0.00374532	0	0	0.357488	0	6.83607	0	0.386905	0	0.0147059	0.0599251	0	0	0.025974	0	0.015625	0	0.285714	0	0.17284	0	0.0611111	0	0.125683	0.00740741	0.761905	0	0.0291005	0	2.82738	0	2.27027	0	0.574074	0	2.60452	0	0	0	0	0	0	0	0	0	0	0	0	0	0	0	0.972973	0.0900901	1.32	0	6.47111	0	0.0555556	0.0593607	6.79111	0	1.52444	0	0.00516796	0	4.64444	0	0.175926	0.0156863	1.96	0	0.31982	0.00374532	0.0516432	0	0.222222	0.00308642	1.71569	0.00330033	1.32323	0	0.0657895	0	8.88618	0.0691057	2.63596	0.0058997	12.5333	0	38.2456	0	4.07207	0.00294985	23.2703	0.00294985	10.7803	0	0.0547945	0.0306122	9.62698	0.00294985	7.46296	0.00673401	8.61905	0	18.3333	0	20.9352	0.0108696	
2295.13	MFG_R_7_4	0	1.19753	0.0114943	2.26389	0	19.3611	0	0.733333	0	0	0	0.00952381	0	1.74359	0.0070922	39	0	113.817	0.0070922	68	0	0	0.0192308	296.942	0	1.77143	0	23.4792	0	30.9848	0	137.625	0	2.11111	0	142.577	0	0.590476	0	1.00926	0	0	0	2.33333	0	0	0	0	0	0	0	31.1111	0	2.05691	0	4.83761	0	2.38298	0	0.652778	0	4.12698	0	30.4833	0	0	0	0	0	0.012945	0	0.275132	0	0.545455	0	0.0909091	0	0.654167	0	0.379747	0	2.28169	0	0.0781893	0	12.0152	0	1.22511	0	5.04701	0	0.420091	0	0.126316	0	1.02008	0	2.19324	0	2.10798	0	4.11404	0	0.354167	0	0.00273224	0	1.48198	0	0	0	0	0	0	0	0	0	0	0	0	0	0.70892	0	0.0913979	0.0105263	0.338235	0	0.432292	0	0.141414	0.00701754	0.273632	0	0.415385	0	4.87692	0	38.0769	0	6.07246	0	15.3333	0	34.5333	0	3.10303	0	0.00469484	0	0.00469484	0	0.0117647	0	0	0	1.7037	0	1.84667	0	0.73913	0	1.16026	0	2.32338	0	0.173333	0	1.27957	0	10.455	0	4.44118	0	1.71717	0	0	0	0	0	0	0	0	0	0	0	0	0	0	0	0.0196078	0	0	0	0.0539216	0.00456621	0	0	0	0	0.00546448	0	0	0	0.0966184	0	0.00617284	0	0.0628019	0	0.010582	0	0.0133333	0	0.0295359	0	0.0506329	0	0.0421941	0	0.242424	0	0.980392	0	0.0602837	0	0.725146	0	1.27407	0	15.7513	0	0.412698	0.00254453	0.204301	0.00268817	0.0187793	0	0.0107527	0.0103093	0.481481	0	0.377778	0	0.278539	0.00268817	0.386473	
