data	data	5.69163e+07	1.11873e+08	1.06418e+08	3.60118e+07	6.22698e+08	2.29054e+08	1.3823e+08	5.49704e+07	8.13757e+07	7.39268e+07	4.16016e+07	2.84122e+07	3.24624e+08	1.12443e+08	2.11798e+08	4.66296e+07	3.03973e+07	3.73424e+07	1.97344e+08	2.34347e+07	4.79984e+07	2.79055e+07	4.20992e+07	2.28803e+07	4.55251e+07	2.41982e+07	4.12286e+08	8.30886e+07	4.0392e+06	2.12279e+07	8.71651e+06	6.17639e+06	6.56679e+06	4.63883e+07	3.53574e+07	1.35551e+07	6.24365e+06	4.0324e+07	1.86267e+07	1.54185e+07	9.70682e+06	8.79185e+06	2.70984e+07	3.09202e+07	4.03004e+07	3.27138e+07	1.77051e+08	4.88088e+07	1.44235e+07	1.27869e+07	2.52881e+07	1.80122e+07	4.62587e+07	6.67464e+07	4.08674e+07	3.09732e+07	2.85117e+08	3.48808e+07	2.42229e+08	1.24242e+08	9.09182e+06	1.13323e+07	3.12715e+07	3.2868e+07	1.12606e+06	1.35684e+07	1.68669e+06	1.75509e+07	1.38313e+08	1.16377e+08	4.56429e+07	4.15523e+07	2.31885e+07	2.56009e+07	3.77465e+07	5.52187e+07	4.4577e+07	7.21099e+07	8.50151e+07	2.64493e+07	5.46427e+07	2.19557e+07	1.26879e+08	1.5456e+08	3.13113e+07	7.21524e+07	5.97958e+07	3.48221e+07	1.91722e+08	2.81034e+07	5.59705e+07	4.02062e+07	1.21762e+08	2.22823e+07	2.33874e+08	4.40879e+07	1.34112e+07	8.48716e+07	1.0717e+07	2.05451e+07	2.29041e+08	3.13245e+07	2.10006e+08	1.98607e+08	2.36144e+08	2.16034e+08	1.74442e+08	1.08697e+08	1.53082e+07	2.46918e+07	2.01464e+07	7.38319e+07	1.6694e+07	7.4921e+07	4.56286e+07	1.30213e+07	3.42831e+07	8.92949e+06	3.32899e+07	3.1019e+06	2.69567e+07	8.03624e+06	2.63143e+07	8.96234e+06	4.86607e+07	7.64e+07	2.11947e+07	1.01771e+08	1.5693e+07	4.79455e+06	2.98426e+07	3.52958e+07	3.95386e+07	2.79284e+07	6.7068e+07	1.47565e+08	9.88446e+07	1.14248e+08	2.65471e+07	3.44354e+07	1.10869e+08	4.13908e+07	1.1057e+08	4.11795e+07	1.85616e+07	1.79394e+07	1.84065e+07	6.95477e+07	2.23255e+06	1.85436e+07	4.64644e+07	1.1025e+08	4.06292e+06	1.01823e+07	4.5717e+07	6.86673e+07	5.10777e+06	2.91594e+06	2.37805e+07	4.47511e+07	9.46629e+07	1.07665e+08	1.66587e+07	1.39076e+07	2.11567e+07	9.82332e+06	6.28995e+07	2.31118e+06	1.67873e+08	6.81247e+07	1.04628e+07	1.15591e+06	6.99584e+07	2.12108e+06	871932	7.23988e+06	4.88414e+06	2.24343e+07	8.66027e+06	5.20047e+06	1.16228e+07	4.19792e+07	4.58978e+06	1.82434e+06	1.57796e+06	4.1923e+06	9.10721e+06	8.36683e+06	7.28265e+07	1.02439e+08	1.233e+09	1.95032e+08	8.93849e+08	2.2563e+08	5.91873e+07	7.44436e+07	1.71751e+09	3.73893e+08	3.33972e+08	7.12581e+07	6.41183e+07	5.65141e+07	8.75912e+08	2.99497e+08	1.63019e+08	1.98128e+08	4.34868e+08	1.76695e+08	2.30145e+07	1.13201e+08	4.48599e+07	2.46568e+07	7.32806e+07	1.4146e+08	3.67018e+08	3.70343e+08	3.34532e+08	2.2798e+08	1.56145e+08	1.35735e+08	2.14749e+08	5.64161e+08	2.70771e+08	3.24963e+08	4.51007e+08	1.98975e+08	1.23144e+08	1.20378e+08	1.43937e+08	4.90648e+08	1.28346e+08	1.28721e+08	4.83524e+08	1.03775e+08	2.46897e+08	5.65416e+07	1.62438e+08	6.4312e+07	2.46189e+08	8.21113e+07	2.15838e+08	1.15983e+08	2.25943e+08	8.21026e+07	3.11385e+08	1.47531e+08	
data	data	SFG_L_7_1	SFG_R_7_1	SFG_L_7_2	SFG_R_7_2	SFG_L_7_3	SFG_R_7_3	SFG_L_7_4	SFG_R_7_4	SFG_L_7_5	SFG_R_7_5	SFG_L_7_6	SFG_R_7_6	SFG_L_7_7	SFG_R_7_7	MFG_L_7_1	MFG_R_7_1	MFG_L_7_2	MFG_R_7_2	MFG_L_7_3	MFG_R_7_3	MFG_L_7_4	MFG_R_7_4	MFG_L_7_5	MFG_R_7_5	MFG_L_7_6	MFG_R_7_6	MFG_L_7_7	MFG_R_7_7	IFG_L_6_1	IFG_R_6_1	IFG_L_6_2	IFG_R_6_2	IFG_L_6_3	IFG_R_6_3	IFG_L_6_4	IFG_R_6_4	IFG_L_6_5	IFG_R_6_5	IFG_L_6_6	IFG_R_6_6	OrG_L_6_1	OrG_R_6_1	OrG_L_6_2	OrG_R_6_2	OrG_L_6_3	OrG_R_6_3	OrG_L_6_4	OrG_R_6_4	OrG_L_6_5	OrG_R_6_5	OrG_R_6_6	OrG_R_6_6	PrG_L_6_1	PrG_R_6_1	PrG_L_6_2	PrG_R_6_2	PrG_L_6_3	PrG_R_6_3	PrG_L_6_4	PrG_R_6_4	PrG_L_6_5	PrG_R_6_5	PrG_L_6_6	PrG_R_6_6	PCL_L_2_1	PCL_R_2_1	PCL_L_2_2	PCL_R_2_2	STG_L_6_1	STG_R_6_1	STG_L_6_2	STG_R_6_2	STG_L_6_3	STG_R_6_3	STG_L_6_4	STG_R_6_4	STG_L_6_5	STG_R_6_5	STG_L_6_6	STG_R_6_6	MTG_L_4_1	MTG_R_4_1	MTG_L_4_2	MTG_R_4_2	MTG_L_4_3	MTG_R_4_3	MTG_L_4_4	MTG_R_4_4	ITG_L_7_1	ITG_R_7_1	ITG_L_7_2	ITG_R_7_2	ITG_L_7_3	ITG_R_7_3	ITG_L_7_4	ITG_R_7_4	ITG_L_7_5	ITG_R_7_5	ITG_L_7_6	ITG_R_7_6	ITG_L_7_7	ITG_R_7_7	FuG_L_3_1	FuG_R_3_1	FuG_L_3_2	FuG_R_3_2	FuG_L_3_3	FuG_R_3_3	PhG_L_6_1	PhG_R_6_1	PhG_L_6_2	PhG_R_6_2	PhG_L_6_3	PhG_R_6_3	PhG_L_6_4	PhG_R_6_4	PhG_L_6_5	PhG_R_6_5	PhG_L_6_6	PhG_R_6_6	pSTS_L_2_1	pSTS_R_2_1	pSTS_L_2_2	pSTS_R_2_2	SPL_L_5_1	SPL_R_5_1	SPL_L_5_2	SPL_R_5_2	SPL_L_5_3	SPL_R_5_3	SPL_L_5_4	SPL_R_5_4	SPL_L_5_5	SPL_R_5_5	IPL_L_6_1	IPL_R_6_1	IPL_L_6_2	IPL_R_6_2	IPL_L_6_3	IPL_R_6_3	IPL_L_6_4	IPL_R_6_4	IPL_L_6_5	IPL_R_6_5	IPL_L_6_6	IPL_R_6_6	PCun_L_4_1	PCun_R_4_1	PCun_L_4_2	PCun_R_4_2	PCun_L_4_3	PCun_R_4_3	PCun_L_4_4	PCun_R_4_4	PoG_L_4_1	PoG_R_4_1	PoG_L_4_2	PoG_R_4_2	PoG_L_4_3	PoG_R_4_3	PoG_L_4_4	PoG_R_4_4	INS_L_6_1	INS_R_6_1	INS_L_6_2	INS_R_6_2	INS_L_6_3	INS_R_6_3	INS_L_6_4	INS_R_6_4	INS_L_6_5	INS_R_6_5	INS_L_6_6	INS_R_6_6	CG_L_7_1	CG_R_7_1	CG_L_7_2	CG_R_7_2	CG_L_7_3	CG_R_7_3	CG_L_7_4	CG_R_7_4	CG_L_7_5	CG_R_7_5	CG_L_7_6	CG_R_7_6	CG_L_7_7	CG_R_7_7	MVOcC	MVOcC	MVOcC	MVOcC	MVOcC	MVOcC	MVOcC	MVOcC	MVOcC	MVOcC	LOcC_L_4_1	LOcC_R_4_1	LOcC_L_4_2	LOcC_R_4_2	LOcC_L_4_3	LOcC_R_4_3	LOcC_L_4_4	LOcC_R_4_4	LOcC_L_2_1	LOcC_R_2_1	LOcC_L_2_2	LOcC_R_2_2	Amyg_L_2_1	Amyg_R_2_1	Amyg_L_2_2	Amyg_R_2_2	Hipp_L_2_1	Hipp_R_2_1	Hipp_L_2_2	Hipp_R_2_2	BG_L_6_1	BG_R_6_1	BG_L_6_2	BG_R_6_2	BG_L_6_3	BG_R_6_3	BG_L_6_4	BG_R_6_4	BG_L_6_5	BG_R_6_5	BG_L_6_6	BG_R_6_6	Tha_L_8_1	Tha_R_8_1	Tha_L_8_2	Tha_R_8_2	Tha_L_8_3	Tha_R_8_3	Tha_L_8_4	Tha_R_8_4	Tha_L_8_5	Tha_R_8_5	Tha_L_8_6	Tha_R_8_6	Tha_L_8_7	Tha_R_8_7	Tha_L_8_8	Tha_R_8_8	
5.69163e+07	SFG_L_7_1	0	3.77104e+06	1.27137e+07	105604	553766	96784.4	2.25249e+06	3628.02	172521	8630.31	287180	8997.74	25382.3	377.242	21.2113	1450.98	61.7205	0.481915	0.0201883	2.27863	2.10149	222.645	37596.1	1.91574	8126.5	918.536	886.194	19.5952	60.7415	0	0	0.0022831	0	0.100915	1.28875	0.012142	35.5579	0.143607	56788.1	0.14546	0	0	0	95.9671	2.42006	0	861.743	0	0.194691	0	0	3.2858	0.0852745	0.00396825	0.0293203	32.208	31.4384	7.7131	38.8008	667.091	10943.7	0	1053.16	0.0355877	27.9882	315.8	10.186	27.9878	621.017	0.0910807	0.00416667	0	582.862	0	0	0	0.910076	0	0.0423381	0	0	0	570.843	1.76783	0	0	0.0349719	0	310.049	0	0	0.0030581	1580.26	0.002331	2.41855	0	0	0	0	0	5.21806	0	55.8966	0.993594	21.9432	83.0566	23.5647	0.0485296	0	0.0302287	0	0.695939	0	0.788711	0	0.00456621	0.166371	0	0	0	0	0	0	0	21334.2	379.793	2484.09	22.6324	0.29531	0	271.472	157.274	249.027	0.695159	1660.43	1.12506	5005.89	0.682433	0	0	0	0	150.258	0	0.00505051	0	31908.7	106.42	717.466	377.964	44135.9	3.42951	2798.41	157.07	0	0	0	0	0	0	45.6087	200.97	3081.3	0	0	0	8.01633	0	26523.3	0	2933.47	0	110902	0	1.77011	0.661407	6727.82	1416.4	6.48377	0.137652	135.962	5.64054	8004.63	0.0381264	57496.7	52.2299	0.614726	0	622.751	1116.04	38.8341	0.00483092	1.75557	0.0125887	261.917	31.6936	2820.52	0.0109268	5429.01	0	0.00411523	0	192.627	0.0477303	12.8394	615.388	103.68	1.01656	17.6523	2.03549	0.00456621	5.74108	13.476	1.56124	203489	10316.2	60227.6	0.125595	150.049	0.684256	1.00795e+06	14287.4	240.262	8.92328	1104.85	1.50329	18639.3	39178.4	25110.4	71.5812	1759.57	1.16095	4.32083e+06	6.90747	10867.8	20.5643	12364.8	0.0675084	547370	1.0382	352671	0.00374532	326477	0.00555556	1.03997e+06	2.16074	
1.11873e+08	SFG_R_7_1	3.77104e+06	0	784544	1.13977e+06	392613	3.82544e+06	1.32441e+06	7.0595e+06	691558	1.41978e+06	17234.1	2.38181e+06	743.319	4210.63	140.432	6990.47	853.972	6508.54	27.689	0.27669	0.266172	32.2661	25491.1	12.603	284061	211769	92.1843	4.02374	0	64081.6	0	0.00775194	0.0980681	2486.87	0.145026	0	0.457399	977.609	11.7419	219260	0	0	0.467055	23.9187	0.0279508	0	46.8755	0.0153718	0.0138889	0	3.97874	0.63033	2.59511	13.266	4666.58	38.036	906.88	1.85328	3319.92	114.64	1.5164	14.6233	0.15183	28844.2	0.0943701	117.308	8.82104	8.33826	44.4437	1.51181	0.0342395	120.435	0.0731303	9.52146	0	200.926	0.0113527	31.3312	0.00277778	56.0023	0	1027.08	43.7553	85.7652	0	105.41	0	3108.74	3.21433	4.00509	0.00243309	11.4298	96.3123	2.21721	0.098829	351.826	0	1.31917	0.00243309	110.106	0.273804	1070.53	0.895036	51.7344	29.1647	3.20086	0.337702	25.4944	0	2.85977	0	18.8451	0	20.9866	0	14.154	0.0343581	1.97883	0	0.00606061	0	2154.34	0	74.7922	195.634	1433.07	3.46819	519.336	0.0144945	0.176679	131.149	63.0639	93.3705	483.937	50.3084	3317.67	42.4845	3653.21	0	1.02285	0	1.95626	8.42898	11.5884	0.194221	6.83722	34.2836	2114.34	4.457	131.067	89.4356	135.605	3.62993	24698.6	0	0.00740741	0	0	0.0209987	3.90937	295.48	96.5773	2.75627	12.855	0	0	7.551	0.842042	106.521	4690.57	0.946625	22.9098	96.3608	891.868	0.705094	125.853	18487	19895.8	0.0306554	435.561	0.316741	190.696	0.135314	38059.9	12.4073	79.159	0	0.161586	1150.9	3435.47	26.8417	0.102734	1.24771	2.51916	46.8155	93.9481	154.651	0.458434	85.2303	0	0	0	61.09	8.95165	182.881	422.863	6.68005	6.44631	1.05182	2009.81	64.4308	6680.49	5.0569	7.19614	100651	3.01671e+06	1226.72	140.397	7.48484	187.428	141822	2.51971e+07	62.2291	1380.04	523.476	436.41	452.174	245629	966.857	617083	245.227	174020	336096	1.41782e+06	1519.54	1204.06	420.69	1.13056	15302.4	122523	6827.4	12058.4	4518.25	198.236	61450.4	640415	
1.06418e+08	SFG_L_7_2	1.27137e+07	784544	0	26262.1	1.41696e+07	79952	9.00569e+06	883.658	4.48307	2772.78	291.877	29443.9	0.0866125	11.6972	321890	393.136	21835.6	0.774589	146.36	0.00383142	880.559	0.0612476	2.43033e+06	0.654073	525825	180.724	363.899	0.012459	500.788	0	123.112	0.0022831	4974.63	0.100915	117.948	0.0508068	39674.5	0.099837	846416	0.689029	0	0	0	0.0133227	1.31376	0	367.191	0	0.156738	0	0.33132	0	22.703	0.100174	0.321692	221.103	31.0448	49.719	30.1037	1117.98	59185.7	0	7334.75	0.194492	0.273805	15.2675	0.0527662	1.05814	367.142	0.168699	35.928	0	4804.38	0	1.61276	0	77.3534	0.00392157	83.3437	0	0.171355	0	797.409	0.965838	0	0	8.37018	0	4058.19	0	0.00333333	0.0276928	7067.79	0.002331	438.358	0	0.00333333	0	0.0157841	0	109.054	0	514.145	1.23285	284.777	251.717	605.407	0.146602	0	0.0112536	0	0.707988	0	0.801513	0	0	0.164577	0	0	0	0.438902	0	0.00641026	0	3401.99	473.733	1453.45	23.9147	23.5033	0	476.598	148.132	351.589	1.14781	9082.5	1.28126	24635.8	0.90744	0.0047619	0	0.00246914	0	1559.61	0	3.43114	0	218.667	35.6481	30.2773	13.4327	0.433087	1.41212	0	1.76363	0.0466652	0	4.15987	0	145.796	0	698.436	381.589	23078.9	0	0.212926	0	23502.4	0	593596	0	29292.7	0	1.82572e+06	0	0	0	61.2712	155.958	0	0.310532	0.046875	0	0.015873	0.00877193	0	1.4601	0	0	2128.13	2077.01	11617.8	0.0193237	1727.6	0.0130084	788.816	77.3981	174915	0.002849	153582	0	0.00411523	0	25712.4	0.111717	58.6257	1322.12	554.163	0.0517037	42.8646	2.35339	0.16216	10.0863	9.35504	1.46468	293146	36256.1	14084.5	0	57.7403	0.327014	3.28595e+06	45479.4	2074.63	6.35975	16809.1	0.868529	11179.1	7207.82	228326	99.463	3579.47	0.443202	4.10854e+06	2.92658	6484.13	9.19571	4167.08	0.0335788	233172	0.582653	137164	0	112845	0	654340	1.22156	
3.60118e+07	SFG_R_7_2	105604	1.13977e+06	26262.1	0	28495.6	2.26244e+06	1714.76	84166.2	49.1006	22.7096	81.2795	0.0303093	3.63144	0.107667	1.84112	1.09907e+07	14.5964	17635.2	2.28405	2.09707	0.0400202	109.504	21416.9	14057.6	3020.89	232415	1.49368	0.472835	0	308129	0	14525.5	0	302615	0.0696205	1470.87	0.0247253	143933	0.316533	26688.4	0	0	0	9.48923	0	0	0.426754	0	0.014737	0.00775194	0.183061	1.43064	0.00396825	0.294193	21.2835	19.2185	15.0734	4.68018	87.2007	45.12	0.0259119	0.18355	0	27.5431	0	21.7764	0.00505051	11.4962	0.702296	2.94769	0.00387597	0.198833	0.0253991	0.419319	0	0.195928	0.0189278	10.1545	0.0031746	0.408393	0	4.02425	0.743891	69.5573	0	0.168585	0	20.1262	0.999195	35.1632	0	0.996584	3.36842	6.60651	0.00280112	116.033	0	0.757164	0	3.97982	0.0453942	80.4587	0.06798	22.2978	1.28523	0.0185221	0.070867	0.990606	0	0.00207039	0	0.105418	0	0.137481	0	0.00564972	0	0.00207039	0	0	0	2.45802	0	0.14864	1.23021	6264.62	0.162735	780.208	0.00383142	0.0549303	3.3885	939.096	1.61749	910.756	2.54564	2268.27	4.36836	4341.07	0	0.00606061	0	0.00606061	0.735283	0.150707	0.00387597	0.290398	0.0277615	0.169226	0.0030581	20.6277	0.00268817	0.011396	0.00277778	0.011396	0.00396825	1.39381	0	0	0	1.01358	6.72323	55.0241	0.267403	25.8307	0	0	0.018648	236.761	11.3794	14484.9	0.0852609	48.623	18.9256	3537.13	0	0	0	0	0	0	0.003663	0	0	0	0.00529101	0	0	0	28.0451	473.617	0.608511	0.0656972	0.0780949	0.0164609	1.22989	1.62856	5.21469	0.0381618	5.79685	0	0	0	1.18122	0.103402	3.01122	11.3396	0.160149	0.0673433	0.0145828	1718.85	1.58446	11.126	0.109509	1.45166	2067.86	35426.7	6.79905	164.879	0.104128	4.49768	2669.67	1.02805e+06	0.633922	149.455	9.61829	65.731	0.429734	125883	43.1242	171108	0.539111	105595	3897.89	352410	19.4609	169.67	0.963765	3.98208	81.3999	83371.9	37.5118	52404.5	17.0357	5715.78	379.792	273953	
6.22698e+08	SFG_L_7_3	553766	392613	1.41696e+07	28495.6	0	8.6222e+06	171.196	175.598	50.1004	199.484	1.72593e+07	696955	9.58024e+07	3.56068e+06	4.57907e+07	19.9155	19332.3	0	2.84893e+07	3727.91	636952	1525.75	261831	0.00387597	62.9517	0.0351573	1.39976e+06	33863.4	21.9227	0	13352.2	0	175394	0.0160979	1.73126e+06	3.32255	249985	0.156168	385542	0.10317	0.0703302	0	18034.5	1569.76	7.87841	4.55421	1670.16	109.556	1.47727	0.0118588	1.23313e+06	92.9637	39.148	0	7.59921	1.95825	100.494	0.126998	71.1067	46.808	558.229	0	49.9995	0	1.56125	19.0825	1.08224	0.657596	6340.2	6.97799	2393.52	0	5871.88	0	123.55	0	1747.76	0.0248136	7101.7	0	19.9845	0	4665.75	13.3	0	0.00250627	445.817	0	5712.04	0.00980392	0.0139927	0	9045.15	0.436959	8199.49	0.00245098	0.0139927	0	2.28876	0	738.827	0	181.304	0.040431	797.604	0.134779	5062.21	0.0112512	0	0	0	0.00275482	0	0.00275482	0	0	0.969979	0	0	0	51.7395	0	0	0	25251.1	634.126	39298.4	183.091	2574.98	0.00273224	4716.22	92.4044	12514.3	0.111261	211948	0.143586	99866.6	0.0518317	3.1514	0	5.00569	0	9809.54	0	371.764	0.00297619	13217	1247.13	123.415	173.514	2191.79	253.952	5954.27	49.7285	16.0282	0	112.172	0	7880.96	0.0108845	19688	36.7385	6119.15	0.00245098	236.976	0.00275482	1.59524e+06	0	2.37358e+06	0.0977441	43396.3	0	766155	0.00469484	595.778	0.00606061	510003	1.37928e+06	100056	0.274015	51901	3.41489	3612.38	0	7.17787	0.0529881	104180	468.463	16283.6	47.7954	538984	0.1058	416505	0.440278	1397.96	0.111194	4.31565e+06	0.111825	1.35461e+06	0.0259436	0.0380851	0	1.98738e+06	0.426994	3326.49	129.694	121650	23.8718	2630.57	1.28995	1.90856	1.40514	624.314	21.4291	283887	4228.17	408849	2.35539	2200.94	11.0982	1.04648e+07	7028.98	460961	94.9325	6.56469e+06	11.5907	8.97634e+06	52.5194	5.02576e+06	71.7038	8.4399e+06	4.70587	8.52508e+06	6.3184	13147.3	59.6453	1.19611e+06	2.21143	3.04712e+06	12.8532	5.82703e+06	0.869804	6.24546e+06	1.43948	8.11065e+06	12.9887	
2.29054e+08	SFG_R_7_3	96784.4	3.82544e+06	79952	2.26244e+06	8.6222e+06	0	1612.37	2225.12	428.837	2070.74	1.03227e+06	9.29906e+06	537283	3.62995e+07	127335	239743	17461.9	7.13933	750.704	5.22198e+06	562.183	245639	258991	12336	4.65215	17.4254	597.113	404227	0.160958	91659.3	0.168366	133719	83.5462	1.05445e+06	2.46465	225389	83.8425	571988	143.455	6747.63	0.0239153	0.015873	0.00401606	1003.67	0.00520833	0.0830072	3.86796	10.7493	0.029919	0	0.401562	5261.91	3.51883	10.0646	97.492	5297.98	203.87	1658.59	669.886	694.793	2.09985	345.499	42.1934	82.8968	0	657.245	0.0144928	107.986	110.744	89.8737	0	4255.15	0.00282486	311.791	0	7485.85	0.0147821	2474.13	0.00456621	832.343	0.257608	166.294	6.04981	8035.35	0	121.804	0	2239.56	0.571547	10523	0.012333	1197.56	9.06986	839.644	34.0145	8826.14	0	952.98	0.837199	481.272	17.9773	5626.82	0.00983784	40826.2	22.2193	42.9044	3.13416	2780.38	0	11.1476	0	8685.6	0	9501.94	0	0.191058	0.126931	0.0292271	0	0.00362319	0	31.0008	0	15.6566	141.488	273145	16.5821	38340.5	0.0890981	28248	17.4063	90788.2	16.4856	96590.3	250.394	24945.6	11.5565	73509.8	0.709936	0.565541	0.802334	1.68245	1.89018	0.36243	0	9749.57	18.1385	69.5156	0.112114	1949.09	2.11479	30.5308	0.753124	357.426	0.0687628	20804.2	0	138.913	9.63307	38548.3	72.4328	200502	0.6234	791.001	0	0.460959	2358.66	23735.6	4305.47	2.03001e+06	1.12338	3994.34	118.331	177938	0	0.0871121	112949	86674.6	61.2206	0.0380247	3.68804	15.0664	1.79712	0.00574713	0.175987	0.0740631	464.179	15.357	325.054	3078.25	2199.86	6.66705	194.625	4154.05	8.45848	20.2832	11979.6	250.768	1632.26	3.42727	0.00289855	8.87193	8640.42	28731.5	34.2018	108.199	106.514	25538.7	0.164312	26303.6	20.5651	537.467	25.3983	53.7584	19860.2	217274	3835.89	21466	7.95734	29500.9	98504	7.18472e+06	1476.39	7017.93	5499.88	745110	33781.9	5.12912e+06	5659.42	1.57953e+07	15650.8	3.37148e+06	57941.4	1.52112e+06	245.225	1662.07	9733.26	78269.1	11313.7	926198	28014.6	1.877e+06	28888	774534	29678.8	2.23346e+06	
1.3823e+08	SFG_L_7_4	2.25249e+06	1.32441e+06	9.00569e+06	1714.76	171.196	1612.37	0	100038	2.71388e+07	528512	10.5066	185.913	0.614324	10.7984	5.57577	808.417	66.4779	373.061	1.35006	1.15804	32.9572	10.2007	9320.74	0.962806	486835	31941.3	489.924	1.09359	18.2392	0.00416667	0.140869	0.05408	0	6.11015	10.543	0.607324	940.304	7.86528	28026.4	9.12352	0	0	0	4.655	1.62266	0	366.875	0.00215054	0.154516	0.00330033	0.0126522	0.203708	261.674	1.79658	279972	671.815	3604.59	240.608	10890.9	2886.92	6908.49	0	4121.15	51.1276	23.0668	1048.6	0.138324	2032.36	184.074	0.956466	62.3719	0	171.72	0.00383142	6.30407	0	0.236854	0.00392157	25.7685	0.0155993	0.0189211	0.0165945	986.559	25.008	0	0.384166	4.2255	0.004329	6932.08	0	0.013213	0.085296	13987.9	0.0116795	162.429	0.898391	0	0.230722	0.00401606	0.394283	137.441	3.65723	1145.79	3.62744	62.9796	2673.46	600.836	0.103796	0	0.0304424	0	2.69416	0	3.06051	0	0.00456621	0.0418837	0	0.00529101	0	0.624344	0.004329	0.00641026	0.00483092	1726.42	476.993	23.1539	13.4256	0.310251	0	658.564	299.563	82.8263	1.87509	2804.58	2.31096	7246.42	4.89275	0.00694444	0	0	0	1079.64	0.307747	4.55042	0	9.51074	52.3531	59.6541	1333.65	2.00139	12.2614	0.034188	422.176	0.100074	0.0200976	0	0	0.897534	0	1586.36	756.316	33586.4	0	0.0227937	0.00330033	126.706	0	78425.5	0.0321486	30429.4	0.00289855	394003	0.0866	1.16205	591.269	7.54565	1.89525	0	0	3.72638	457.387	1.27207	279.08	0.0151515	1336.44	0	0	15945.7	11550.5	59.3545	0.499818	0.768296	0.0450064	3750.16	768.72	4972.87	0.0412249	7630.73	0.023848	0.00411523	0	463.772	1.6811	764.517	7430.15	30.6613	0.54261	7.08204	5.13485	513.773	6.17329	12.454	23.7344	3.33065e+06	76562.6	2477.34	0.0335817	129.359	39.2146	3.15653e+06	103552	641.46	241.35	1604.16	167.712	2288.4	10160.9	663795	611.407	25.6706	7.70153	1.81051e+07	321.016	48283.5	144.224	203.443	0.761064	166747	4.83514	14409.2	0	13728.7	0.0514519	1.55198e+06	157.485	
5.49704e+07	SFG_R_7_4	3628.02	7.0595e+06	883.658	84166.2	175.598	2225.12	100038	0	273516	7.4359e+06	2.06629	1.17646	1.75718	22.5563	0.411908	193.87	3.81126	7678.87	1.26881	36.7793	0.00396825	26.2049	6.89722	89.4556	1429.72	1.648e+06	0.384816	2.75008	0	2113.69	0	0.602251	0.00406504	2568.95	0.0159732	0.0908118	0.00314465	1493.91	0	170596	0	0	0.0616633	54.2209	0	0	0	0.0047619	0	0	0.188682	3.63486	6.60323	250.983	1758	1.34243e+06	280.275	0.234439	2680.64	51.1314	0	93.5321	0.00641026	35740	0.532481	0	8622.38	0.105287	0.0449043	0.0129156	0.00378788	207.431	0	7.94782	0	352.543	0	17.9558	0	98.6546	0	620.887	0.0125713	58.9375	0	163.488	0	2914.08	0.00258398	1.73206	0	136.48	0.0446109	1.13034	0	320.676	0	14.4155	0	110.193	0	1018.27	0	477.268	2.68597	2.15394	0	316.895	0	0.457234	0	282.494	0	300.505	0	0	0	0.00287356	0	0	0	1932.33	0	93.662	5.78042	325.854	0.134465	311.251	0.0142705	0.107948	10.4844	1.93611	6.37563	161.186	2.19108	16914.1	0.6014	10875.2	0	0.873792	0	1.61736	0.222866	152.156	0.00378788	8.28002	0.12647	0.134972	0.385586	0.0466767	0.334362	0	0.0642923	0.0113477	0	0.0296443	0	0	0	4.04086	31.5262	3.90039	0.00258398	1.70003	0	0	0	11.0598	0	4347.69	0	4.30643	0.00258398	20311	0	0	0	0	0	0	0	0	0	0	0.406639	0	0	0	94.5439	65.7846	0	0.00396825	0.00194932	32.6186	10.1178	3.41114	0.00194932	1.10296	0.587457	0	0	0	0	114.036	15.3172	21.5598	0.01116	182.733	0.0112302	6304.83	14.8404	8810.23	0.0229255	0.133129	13920	962982	0.020202	0.0743928	0	1.64193	13254.4	7.4401e+06	0.0510802	64.9987	5.86205	1854.66	5.58297	14.245	27.4487	778817	0.00483092	0.010101	7268.41	1122.09	18.489	185.325	0.017505	0	26.8679	31.4859	0.74781	0.541578	1.11933	0	9.23167	595.522	
8.13757e+07	SFG_L_7_5	172521	691558	4.48307	49.1006	50.1004	428.837	2.71388e+07	273516	0	1.4951e+06	3.02098	0.344195	0.389559	2.97512	0.241574	33.4929	0.0868485	550.536	0.057202	0.603835	0.0489159	5.55484	0.332198	0.113676	31.2108	58945.3	94.1048	0.502722	0.0361416	0.0234206	0.00546448	0.0337107	0	5.26107	0.0216816	0.183321	0.210526	2.38699	4.19849	7.91589	0	0	0	1.88985	0.240428	0	38.0662	0.003367	0.00740741	0	0.0030581	0.0251903	3.47323	7.26942	238668	653.936	1415.01	34.9423	322442	788.053	0.595521	0	16.3962	94.4232	45.2727	1075.29	146456	36143	21.6405	0.251142	0.637144	0	0.176812	0	0.00483092	0	0	0.00392157	0.338709	0	0	0.0165945	76.4235	7.91245	0	0.795648	0.0813594	0.004329	78.8795	0	0.00320513	0.0558911	413.956	0.00350877	2.41013	0.789051	0	0.24978	0	0.397557	3.10351	3.92205	19.6946	0.412779	16.067	569.536	10.4773	0.025201	0	0.0181414	0	0.352658	0	0.352658	0	0.0181414	0	0	0	0.00456621	0.00483092	0.004329	0	0	2285.27	89.5357	1.72529	4.08731	0.00320513	0	397.836	53.5683	28.7549	0.584998	100.144	1.13297	95.9067	4.95031	0	0	0	0	39.6528	0.488953	0.0215054	0	442.859	72.1923	797.01	1741	584.601	15.2728	61.3356	623.164	0	0	0	0	0.0293359	0.00392157	735.624	187.957	287.79	0	0	0	0.0863852	0	260.19	0.35702	220.304	0.00289855	1314.26	0.115753	3.93182	1350.88	4.8704	2.70197	0	0	4.06198	1045.75	628.439	235.002	7448.22	2304.93	0	0	10426.2	3103.2	4.19866	0.605583	0.0342296	0.0331479	2348.7	208.257	33.4169	0.0710939	98.3173	0.0108096	0	0	7.89604	0.438651	577.493	2043.79	6.87563	0.194745	1.02267	2.10615	2217.35	1.52855	5.47561	5.78187	1.72192e+06	16348.8	366.342	0.565065	43.0508	18.9084	1.19867e+06	23580.3	174.236	86.7132	287.775	70.3642	4238.87	12.6443	58406.4	248.586	1.72483	5.25527	6.55115e+06	146.161	35401.6	43.5259	93.1459	0.563409	66004.3	1.04471	2632.62	0.0156207	3834.28	0.023399	378478	120.517	
7.39268e+07	SFG_R_7_5	8630.31	1.41978e+06	2772.78	22.7096	199.484	2070.74	528512	7.4359e+06	1.4951e+06	0	2.01828	1.91595	0.175996	21.5895	0.0843225	13.7721	18.6257	1603.3	0.0497916	43.8352	0.00396825	56.0883	23.6193	1.35615	2897.56	34409.8	0.0775622	5.92424	0	22.1223	0	0.112222	0	147.272	0	0.284888	0	39.5219	0.002331	2112.9	0	0	0	58.2329	0	0	0	0.0045045	0	0	0	6.95696	317.364	18429.9	30571.4	1.63365e+06	7746.34	0.179879	125293	697979	0.0179953	2.37264	0.00641026	8449.18	85.0997	43245.1	229868	1.34211e+06	0.243957	1.2168	0.00392157	1.75824	0	0.077342	0	6.7564	0	0.222528	0	1.92362	0	19.8648	0.0887253	8.46697	0	5.7529	0	74.1386	0	0.256187	0	106.257	0.0100341	0.370473	0	6.56461	0	2.17207	0	1.45308	0.00243309	11.6117	0	388.217	4.17077	13.1138	0	237.027	0	0.387044	0	245.935	0	253.903	0	0	0	0.00287356	0	0	0	39.4256	0	0.389387	473.796	188.541	9.10604	139.305	0.129552	0	63.5429	40.6927	29.9981	30.0182	6.22612	7120.89	2.05517	4577.19	0	0.0293076	0	0.0661836	0.689931	3.81661	0.00392157	0.0268384	1311.24	112.598	747.155	34881	2035.6	0.00952381	316.886	14491.8	0.63997	3.64567	0	0	0.0258924	0.609444	800.752	68.2159	0.0262913	0.00584795	0	0	0	6.5093	0.048523	1502.44	0.0262913	0	0.0262913	14876.3	0.503391	0.0107527	1.46492	4.11597	0	0.0777778	1.15834	0.226614	2.90277	12819	818.84	24753.5	0	0.0351108	525.484	5517.15	0.003367	0.0643792	0	36.3225	135.333	221.655	0.003367	1.03865	0.284434	0	0	0	0.003367	114.634	76.3835	174.461	0.176495	197.962	0.0114495	2874.91	48.193	16446.8	0.156373	4.06613	60873	4.40798e+06	0.00505051	0.400733	0.0106902	103.382	67202.6	1.61429e+07	0.54067	1584.04	0.314767	2519.09	18.789	2344.72	79.7515	330609	2.82363	106.426	28774.5	446397	701.838	52692.3	4.95862	0.718859	509.286	9507.42	0.768557	15.7116	8.4165	0.00574713	1078.48	185104	
4.16016e+07	SFG_L_7_6	287180	17234.1	291.877	81.2795	1.72593e+07	1.03227e+06	10.5066	2.06629	3.02098	2.01828	0	236960	368222	20363.5	15012.8	0.573457	2490.28	0	33.7888	479.364	79.4495	290.046	12732.6	0	6.18807	0	120.714	350.845	0.00775194	0	26.8332	0	6689.33	0	2.28419	0.055401	1240.01	0	4288.42	0	0.00813008	0	0	253.878	0.905364	0	121.051	0.15109	0.239495	0	0.223058	4.24062	0.581948	0	0.0412518	0.00392157	5.60478	0	2.89127	0.157216	9.91728	0	3.26572	0	0.689393	0.128752	0.702065	0	407.352	0.150842	128.461	0	175.997	0	8.46047	0	23.9935	0.00323625	266.065	0	2.05951	0	241.426	0.28894	0	0	13.2219	0	94.8877	0.00245098	0.003663	0	223.775	0.00275482	218.138	0	0.003663	0	0.136857	0	20.4699	0	1.35978	0.00956397	0.0141117	0.00217865	101.812	0.002331	0	0	0	0	0	0	0	0	0.106426	0	0	0	4.89716	0	0	0	2386.36	172.377	4150.24	15.4904	31.505	0	134.461	0.722772	72.3001	0.0031746	2496.8	0.0031746	497.225	0	0.623596	0	0.472389	0	121.064	0	0.131002	0	3471.69	206.637	2.831	74.1757	3661.28	5.1627	2935.2	40.5464	0.196728	0	2.49191	0	235.683	0	568.027	0.0888219	19.8704	0	0	0	1416.52	0.0045045	4696.8	0.00956397	2055.6	0	6980.05	0.00469484	1.16526	1.68609	22849.8	5489.69	3203.92	315.182	5113.12	8.07882	2479.83	6.73629	7.0474	0.0529881	207.141	0.349372	19.5946	0.705086	3202.44	0.033576	430.02	0.229062	0.0777805	0.00347222	17362.5	0.0949277	13127.4	0	0.00444444	0	5026.33	0	0.198553	0.569246	1042.84	10.5092	48.3093	0.87077	0.17755	0.003003	33.2764	0.499984	8465.15	19.9101	15117.3	0.0642581	40.9948	0.177233	127949	44.1399	2198.46	1.73345	15962.1	0.347942	49682.4	0.291039	76039.1	2.55102	198018	0.099396	91512.4	0.1153	44.387	4.13182	28193.3	0.0158981	197158	1.32585	167614	0.0543591	214583	0.0297878	223584	0.980685	
2.84122e+07	SFG_R_7_6	8997.74	2.38181e+06	29443.9	0.0303093	696955	9.29906e+06	185.913	1.17646	0.344195	1.91595	236960	0	18427.7	1.36083e+06	5847.52	0.0499184	466.491	0	16.3652	0.0533451	50.4565	2.39616	20397.9	0	280.226	0	10.3287	14.9982	0	0	0.391933	0	17.0585	0	0.569161	0	14.3226	0.73718	39.4464	0	0	0	0	1.21431	0	0	0.0405455	0	0.00462963	0	0	8.32082	0	0	0	0.00350877	0.0197009	0	0.0398606	0.0819839	0.026614	0	0.00546448	0	0	0.0277301	0.025641	0.0133387	24.1893	0.0364966	0	0	0.0070922	0	0	0	0	0.00383142	0	0	0.003367	0	0.386721	0.544923	0	0	0	0	1.14182	0	0	0.003663	3.09237	0.0150664	0.0125311	0	0	0	0	0	0.0125311	0	0.229056	0.0770968	0.00378788	0	0.026012	0.0821367	0	0.063918	0	0.0274897	0	0.0274897	0	0.489419	0.0584574	0.0158462	0	0	0	0	0	0	0.8923	0.266582	0.201717	0.21989	0	0	0.0647851	0.00456621	0	0.0135877	27.7239	0.0371095	1.95481	0.0637253	0	0	0	0	1.41051	0	0.00383142	0	2.40599	155.532	0.0425619	10.2569	5.33896	143.657	0.134179	5281.92	0	0	0	0	0	0	0.0350941	0.0130769	0.268475	0	0	0	342.443	0.00952381	708.399	0.0644878	0.118962	0	38.2198	0.00617284	0	9.39361	32651.9	53001	31.0945	3072.35	0.0444444	275.246	0.00282486	4.18546	0.447926	0.344553	0.0952036	88.4081	3.33495	1.40033	333.932	0.0868477	29.124	0.777611	0.143388	0.00396825	2112.15	0.814996	378.132	0	0	0	1341.63	1.84738	0.00374532	0.166789	16.1579	0.692792	0.0951135	0.00421941	0	0.0722155	3.35722	0.143426	468.679	46.2148	486.688	143.703	0.0369358	2.611	16128.3	292.198	244.371	4.20978	949.147	88.8916	135.194	2094.83	1295.81	261.769	834.001	774.701	7367.05	522.04	7.94706	0.100224	1029.84	4.35201	906.462	432.531	3160.66	238.411	2456.09	16.2633	4537.94	1205.04	
3.24624e+08	SFG_L_7_7	25382.3	743.319	0.0866125	3.63144	9.58024e+07	537283	0.614324	1.75718	0.389559	0.175996	368222	18427.7	0	4.71027e+06	3.44922e+06	0.448884	0.092744	0	1.86941e+07	12989.7	33922.5	13343.8	0.00584795	0	0.163918	0	2.05018e+07	2.21788e+06	0	0	53.9976	0	38.3561	0.246966	479665	6.30429	1570.56	0.932854	0.0196078	0.00271003	1.73623e+06	1844.42	28882.5	17385	0.299227	15539.2	2053.18	289686	37179.3	65.5159	1.08181e+06	315.623	0.413099	0	0.330495	0	0.682445	0	0.29326	0.0212078	0.13337	0	0.0793182	0	0.0246998	0.427759	0.134463	0	244.346	1193.25	0.401715	0	1.01643	0	0.0344201	0	1646.42	32.7324	162.258	0	0.0031746	0	103.921	581.227	0	0.00250627	0.285164	0	4.60317	0.0401401	0	0.00243309	52.052	0.273119	1.77155	0.00987709	0	0.00243309	0.013174	0	0.386459	0	1.09645	0.246373	0	0	0.944108	0.0216452	0	0	0	0.0392812	0	0.0392812	0	0	0.0650751	0	0.0030581	0	0.00406504	0	0	0	181.611	1.38026	415.12	23.8463	15.4931	0.00273224	4.36229	2.09469	141.604	0.0120159	1212.97	0.0251234	213.446	0.071496	0	0	0.00456621	0	10.2805	0	2.3129	0.00297619	261.563	81.9702	0.494691	0.727563	2485.23	99.7092	30839.3	77.1576	0.176083	0	0.0780432	0	7.1972	0.0108845	30.2727	0.022025	0.143259	0.010193	1317.99	1.60825	48.0934	0.0185328	19700.4	1.56343	0.00292398	0	0.187717	0.0353688	2071.84	3.83799	192448	1.61349e+06	1.24055e+06	69.6595	174587	74.3466	108528	0.367927	381.705	0.00628931	1.13142e+06	19650.7	3147.87	0.0830041	6795.31	0.0300702	53845.7	2.19347	0.0378283	0	83175.6	1.20376	6224.71	0	0	0	18970.4	0.531977	0.0627668	0.530376	3558.01	111.113	88.6504	13.5476	0.00469484	0.167506	26.5726	8.92095	10207.4	50.3147	24308.9	3.42599	150157	3208.95	216502	120.902	67452.8	18367.3	1.62119e+06	34.2689	1.8024e+06	145.797	48032.5	117.042	1.3655e+06	38.3794	540211	5.13741	1259.55	1.81453	93754.6	16.1639	39973.3	8.96603	354171	7.99558	322178	8.15949	833860	17.1582	
1.12443e+08	SFG_R_7_7	377.242	4210.63	11.6972	0.107667	3.56068e+06	3.62995e+07	10.7984	22.5563	2.97512	21.5895	20363.5	1.36083e+06	4.71027e+06	0	169017	8.42205	0.661755	0.0783443	27653.1	16207.3	0.465554	23905.1	2.29629	0.00555556	0.0514079	0.563564	1.28052e+06	394341	0	0.227818	0	161.018	0.0566038	79.3379	0.248717	469.46	0.442497	1960.32	0.409109	4.31703	80.4137	319878	0.00653595	7564.89	0.325373	0.0542736	172771	5674.22	20.2834	253.83	0.208666	14134.6	0	0.155422	0.383984	82.7623	1.51912	88.7645	3.70944	33.8114	0	11.5454	0	1.81448	0	18.9635	0	0.682431	5.67567	48.6583	0	668.819	0	39.2841	0	1481.79	0	590.923	0	198.864	0	25.1087	0.0134804	1087.66	0	23.1933	0	529.618	0	1273.31	0	66.6013	0.00347222	91.3471	0	1204.74	0	169.062	0	64.327	0	619.69	0	3215.97	0	2.33722	0	216.276	0	0.555768	0	337.019	0	392.618	0	0.0688783	0.00340136	0.00421941	0	0.00505051	0	8.49888	0	5.46841	1.1314	19091.9	0.271215	9443.42	0	4011.51	0.341097	6920.22	0.209411	10455.1	3.91661	2581.45	0.0472122	18566.3	0	0.371975	0	0.451929	0.0037037	0.0620454	0.00383142	1540.81	0.408475	78.1883	0	81.4536	0.548544	725.986	1.41931	4475.08	0	5940.51	0	16.8637	0	7353.26	0.732286	39688.8	0.00383142	51.5245	0.00326797	0.365174	15.0414	119.462	24.7398	208630	0	677.543	0.306711	1589.58	0.004329	287.507	46074.7	1.43752e+06	1586.31	4106.94	6.5521	3743.87	2.48045	19.9684	0.0159962	0.43971	35815.1	692725	2.25961	382.885	66.2314	268.36	18.6879	2711.62	0.0861652	1.63321	229.301	3268.64	35.3958	2.78616	0	13.1926	122.848	19095.9	0.0112177	2.85131	20.5408	7194.49	1.32686	7102.13	0.0111119	0.00469484	1.9752	5.17607	456.684	1611.54	884.606	3247.61	485.89	31423.7	130.458	116155	630.91	18057.9	155.619	655918	11399.7	667094	94.6661	3.2304e+06	11313.8	183839	393.636	33403	20.2296	52.6339	1499.71	28110.7	1245.15	11385.6	4572.26	77446.6	4050.66	87752.8	5672.94	24608.4	
2.11798e+08	MFG_L_7_1	21.2113	140.432	321890	1.84112	4.57907e+07	127335	5.57577	0.411908	0.241574	0.0843225	15012.8	5847.52	3.44922e+06	169017	0	0.0538738	3686.43	0	2.81644e+07	2.78806	5.88141e+06	21.982	7.35843e+06	0	5.67621	0	251792	48.8358	0.281609	0	16640.4	0	53473.3	0	1.88978e+06	0.178108	56784.4	0.00444444	6734.44	0	0	0	388.013	0.955211	0.0507021	0	15.9892	1.16836	0.0131745	0	80663.3	2.04099	7.40493	0	0.0724635	0	1.15554	0	0.0835259	0.0566716	106.898	0	24.5784	0	0.00628931	0.174874	0	0.0035461	68.332	0.473523	30.7313	0	154.548	0	0.950942	0	1469.18	0.0212017	670.196	0	0.815358	0	633.762	1.13582	0	0	23.1119	0	3073.93	0	0	0	3523.36	0.0413103	1744.14	0	0	0	0.0523548	0	100.703	0	140.643	0	0	0	1274.3	0	0	0	0	0	0	0	0	0	0.00396825	0	0	0	0.43823	0	0.00246914	0	124.693	1.45798	444.828	3.91236	436.353	0	66.1922	1.01824	6404.81	0.0110182	70753	0.00236407	53241.2	0	0.0132023	0	0.25948	0	3160.47	0	424.774	0	152.302	23.7987	0.0487863	0.301235	18.0316	21.655	67.901	10.1032	1.07016	0	31.6894	0	154.913	0	470.324	0.013209	14764.6	0	0.590206	0	2.91196e+06	0	1.37622e+06	0.00245098	2108.54	0	138886	0	0.32669	0	891.694	31301.7	1852.94	0.00877193	955.976	0.0515169	20.3539	0	0.00740741	0	1612.49	0.0737805	554.033	0.0323987	219359	0	114688	0.00231481	0.0373613	0	1.59277e+06	0.0541624	550500	0	0.0715313	0	698399	0.0231366	329.757	0.0987795	114721	1.47881	2181.83	0.077381	0	0.0119133	2.92276	2.11805	1867.81	5.31009	4267.19	0.0887994	11.8096	0.259434	614627	10.4955	95483.1	5.21673	2.10332e+06	0.408404	272249	0.81291	372034	2.6142	193254	0.141158	331476	0.257652	427.168	0.532817	22328.4	0.0611062	14057.7	0.0446794	81778.9	0.0750407	91181.8	0.0278315	134039	0.214321	
4.66296e+07	MFG_R_7_1	1450.98	6990.47	393.136	1.09907e+07	19.9155	239743	808.417	193.87	33.4929	13.7721	0.573457	0.0499184	0.448884	8.42205	0.0538738	0	1.38765	114615	0.448884	326422	0.0165791	559335	26.9189	5.98642e+06	856.857	337927	0.129633	0.3827	0	1.14856e+06	0	168002	0	1.30256e+06	0.0370638	40593.6	0.00595238	647263	0.00595238	42502.4	0	0	0	0.113724	0	0	0.0282204	0	0	0.00775194	0.0577212	0	0	0.198441	11.1123	30.0465	9.11279	4.5796	49.4748	0.82232	0	0.0715076	0	5.80489	0	0.271987	0.00537634	0.25224	0.0219585	0.319922	0.00387597	0.272732	0	0.273551	0	0.442406	0	1.42528	0	0.510528	0	2.51446	0.0316176	8.56716	0	0.126245	0	7.77499	0.0110261	156.063	0	84.4815	0.0283038	5.79543	0.00268817	164.076	0	4.74218	0	8.00167	0	86.5032	0	1584.51	0.450678	0.0609623	0.0110261	192.516	0	0.423171	0	619.182	0	635.023	0	0.00564972	0	0	0	0	0	1.64127	0	0.153059	0.437023	7024.68	0.119552	985.044	0.00383142	0.0560196	1.65954	1143.98	0.833348	913.302	0.0579779	1951.54	0.23453	3791.08	0	0.00606061	0	0.00606061	0.0145082	0.153594	0.00387597	0.169067	0.00268817	0.011462	0.0030581	0.135702	0.00268817	0	0	0	0	1.05855	0	0	0	0.444879	4.43993	6.27087	0.00282486	11.3477	0	0	0.0042735	798.097	0	19269.2	0.00282486	27.9073	0.0141967	4762.08	0	0	0	0	0	0	0	0	0	0	0	0	0	0	7.18957	225.917	0.0688002	0.0037037	0.002849	0	0.601031	0.325134	0.0688002	0.00378788	0.00387597	0	0	0	0.0688002	0.0133587	0.502421	4.52066	0.0268852	1.32319	0	1464.5	0.0751715	5.51952	0.00966387	1.60555	833.14	17152	0.0644218	1.48116	0.024453	0.43901	658.571	942069	0.142242	27.1135	1.78294	980.764	0.0919712	7538.46	0.853099	194190	0.0366989	16737.8	1228.42	105258	3.67409	67.229	0	14.6288	5.50213	5699.26	0.470725	3485.8	0.606221	112.461	18.3387	57217.6	
3.03973e+07	MFG_L_7_2	61.7205	853.972	21835.6	14.5964	19332.3	17461.9	66.4779	3.81126	0.0868485	18.6257	2490.28	466.491	0.092744	0.661755	3686.43	1.38765	0	0	16917	0.00724638	977473	0	5.08787e+06	0	2.22624e+06	0.0284203	13.2175	0	801035	0	194121	0	405101	0	2063.29	0	11146.1	0	831717	0.00584795	0	0	0	0	0	0	0.91437	0	0	0	16.3575	0	105846	0	6005.82	0.0635326	3752.55	0.0347806	10.3628	4.02455	10459.9	0	2.28303e+06	0	0	0	0	0	14.1294	0.00333333	0.868576	0	156.684	0	0.416564	0	14.2891	0	27.7222	0	108.153	0	1265.17	0.015	0.0635692	0	2.14625	0	7348.22	0	1.7644	0	3190.94	0	594970	0	0.365272	0	6455.95	0	521677	0	70.8672	0	0.00505051	0.209961	31568.8	0	0	0	0	0	0	0	0	0	0.00505051	0	0	0	0.0256505	0	0.00724638	0	0	1.46634	0	0.003663	647.519	0	182.929	0.134191	156.948	0	1619.89	0.0306704	60222.2	0.0124547	6767.98	0	40245.4	0	1330.55	0	0.0471536	0	0	0.0130084	0	0	0.0045045	0.0130084	0	0	15283.7	0	0	0	144722	0	57234.1	0.659908	2113.61	0	0	0	1863.44	0	52947.1	0	2755.53	0	153788	0	0	0	0.0864577	0	0	0.00877193	0	0	0	0	0	0	0	0	4.75138	3.56271	2899.78	0	300.61	0	0.493448	0.0700282	24008.8	0	17469.4	0	0.00653595	0	4511.6	0	0.00421941	2.64683	140.751	0	0.163894	0.00260417	0.800921	0	0.115351	0	926.769	122.243	83.1136	0	0.294024	0	345602	193.486	333.374	0.0303125	3428.5	0.00273224	14.699	8.22565	44868.3	0.292095	8.7719	0	13592.9	0	2.00261	0.0230453	37.6321	0	241.862	0	317.851	0	228.986	0	1421.44	0	
3.73424e+07	MFG_R_7_2	0.481915	6508.54	0.774589	17635.2	0	7.13933	373.061	7678.87	550.536	1603.3	0	0	0	0.0783443	0	114615	0	0	0	0.0663654	0	0.923581	0	748309	75.8587	5.76956e+06	0	0.00520833	0	3.31088e+06	0	19.1638	0	24554.7	0	3.68932	0	1107.59	0	815712	0	0	0	0.207239	0	0	0	0.00520833	0	0	0	0.0203539	0.0272109	25716.9	11.6548	66714.2	0.197258	1492.48	1.53336	4.42072	0	143.584	0	5.57928e+06	0	0	0.696966	0	0	0	0	38.3615	0	113.463	0	62.1455	0	26.1999	0	460.785	0	61571.9	0.00392157	236.422	0	47877.1	0	10802.1	0	85.2351	0	130.209	0.0648682	5.72198	0	13968.6	0	50106.6	0	39664.2	0	78472.6	0	26.604	0.00483092	0.0571371	0	1.10373	0	0.00330033	0	0.770056	0	0.492649	0	0	0	0	0	0	0	6757.05	0	332.471	0.452178	231.924	0	112.201	0	519.341	0.00438596	10.2226	0.0141573	1182.77	0	874.294	0	595680	0	37532.4	0	208741	0	912740	0	1.98621	0	0	0.0478915	0	0	0	0	0	0	6833.21	0	0.00641026	0	7744.17	0.0187406	3200.2	0	1.0945	0	0	0	0.0950888	0	864.956	0	6.08225	0	348.045	0	0	0	0	0	0	0	0	0	0	0	0	0	0	0.250702	0.0880625	0	0	0	0.0384658	0.0167082	0	0	0.0509275	0	0	0	1.19671	0	0.306907	0.0163605	0	0	0.153863	0	221.182	0	8.52779	0	0	12.9037	530.334	0.0160736	0	0	0.00350877	11.8666	62344.7	0	0.00617284	0	2.83952	0.447434	0.357143	0.0338942	28127.9	0	0.010101	7.29737	0.0755519	0.0434337	0.00294985	0.00406504	0	1.8199	0	0.121542	0	0.342876	0	1.63826	0.037296	
1.97344e+08	MFG_L_7_3	0.0201883	27.689	146.36	2.28405	2.84893e+07	750.704	1.35006	1.26881	0.057202	0.0497916	33.7888	16.3652	1.86941e+07	27653.1	2.81644e+07	0.448884	16917	0	0	139.57	6.45501e+06	100.194	40547.2	0	1.42443	0	9.29687e+06	2471.33	0.0123457	0	2159.11	0	5463.35	0.0371429	2.94659e+06	0.0389744	10264.6	0.0666178	18.6563	0	1.48797	0	14290.4	230.439	0.696294	0.225466	225.129	5.92095	0	0	1.43978e+06	4.09266	1.72363	0	0.150323	0	0.70136	0	0.0925393	0.0116402	6.83829	0	3.99626	0	0	0	0	0	26.9711	0.145618	6.74746	0	17.8672	0	0.401915	0	975.703	0.00248756	346.531	0	0.0822642	0	138.655	0.213682	0	0.00250627	4.01443	0	186.119	0	0	0	303.141	0.0234639	115.802	0	0	0	0.0312552	0	10.0072	0	9.55224	0.020743	0	0	68.5479	0.00245098	0	0	0	0.00892671	0	0.00892671	0	0	0.0165689	0	0	0	0.157903	0	0	0	1.6767	0.15968	37.8909	4.8752	22.5148	0.00273224	5.04096	0.0410183	376.858	0.00294985	4946.16	0	1984.33	0.0119777	0	0	0.035825	0	128.493	0	54.978	0.00297619	11.7988	28.9353	0	0	0.00392157	18.3385	0	3.77866	0.411685	0	1.7879	0	27.2747	0.0108845	83.678	0.022025	1214.1	0	268.082	0	228860	0	167914	0.0243362	72.7579	0	13479.8	0	0	0	0	22.5177	0	0	0	0.0030303	0	0	0	0	0.00347222	0.00462963	837.248	0.0355742	29685.1	0	50459	0	0.0360351	0	247254	0	63709.6	0	0.0045045	0	91711.1	0.00280112	43.6786	0.249945	17166.3	0.151496	289.149	0.00311526	0	0.0252185	2.10463	0.40874	828.512	35.3211	1171.9	0.0420855	2872.19	0.425413	91970.2	64.7288	27230.1	2.75747	1.3862e+06	0.430666	87896.2	0.238478	67351.8	3.22747	124739	0.737194	189303	0.384254	393.122	0.299845	5745.81	0.169034	3567.02	0.82119	23626.1	0.0788504	18323	0.0605736	110489	0.684843	
2.34347e+07	MFG_R_7_3	2.27863	0.27669	0.00383142	2.09707	3727.91	5.22198e+06	1.15804	36.7793	0.603835	43.8352	479.364	0.0533451	12989.7	16207.3	2.78806	326422	0.00724638	0.0663654	139.57	0	0.00236407	3.84849e+06	0.103903	5.34858	0.0911159	0.37666	108.292	1.54551e+06	0	0.926132	0	1206.28	0	22379.9	0.00236407	38298.2	0	45636.9	0	897.422	0	0	0	9880.03	0.0015949	0.00343643	0.266153	0.553611	0	0	0.083609	22410.6	0	0.378829	0.301566	90.0814	0.447583	16.1255	0.907417	0.981023	0	9.38844	0	1.52923	0	1.9569	0	0.0771416	2.20702	38.3167	0	69.0112	0	2.53367	0	97.7692	0	91.0949	0	4.26751	0	1.13841	0.0148148	151.379	0	1.29839	0	16.6746	0	109.666	0	36.8502	0.136137	14.9846	0	77.7673	0	16.3174	0	7.54457	0	65.0889	0	1585.6	0.0164709	6.75329	0	82.4541	0	1.63884	0	594.538	0	637.93	0	0	0	0	0	0	0	0.0705149	0	0.00537634	0.406816	2120.78	0.0355742	276.242	0	352.716	0.0145828	556.514	0.00326797	743.444	0.182518	169.015	0.0325312	415.048	0	0.00456621	0	0.0143238	0	0	0	208.884	0.00347222	33.7316	0	2.73568	0	93.2043	0.0548878	0.003003	0	5.12956	0	3.47242	0	120.231	0.0562636	515.358	0	21.2153	0	0.123965	0.0272255	1932.01	0.172452	35333.9	0	11.2713	0	4184.42	0	0	0.0623462	19.1589	0.672163	0	0.164176	0.259006	0.0839002	0	0	0	0.0737813	0.0151515	0.125355	47.6991	16.6044	124.373	3.19416	905.488	0.0037037	0.488661	27.0497	2462.57	1.05414	1.20859	0	0.00401606	14.6478	3980.2	0.0037037	1.43378	5.02957	2016.48	0.0717944	189.468	0.0120725	0.219995	0.907462	0.743832	25.9238	449.018	39.6133	631.184	0.593945	9578.53	247.427	10994	1.92199	6759.23	4.36866	65565.4	161.091	69610.8	7.39897	264652	70.2782	43456.6	101.849	2453.07	1.80106	11.8858	86.8282	11789.1	53.4442	2555.6	155.515	20441.1	173.502	24682	96.9787	4897.6	
