data	data	1.40798e+07	3.97406e+07	2.17868e+08	8.25842e+06	2.95434e+08	1.18793e+08	1.02951e+08	2.64879e+07	1.89074e+07	2.62795e+07	1.66869e+07	2.74733e+07	1.11097e+08	5.08613e+07	7.75939e+07	2.6972e+07	1.8366e+07	2.14079e+07	3.47092e+07	3.35697e+07	2.07386e+08	4.71315e+07	3.5208e+07	3.06533e+07	7.99831e+06	1.53165e+07	2.56195e+08	1.86853e+08	3.42817e+06	4.35482e+06	3.555e+06	4.66091e+06	9.70301e+06	2.63946e+07	1.74921e+08	1.02749e+07	1.93611e+07	1.97118e+07	4.63177e+07	9.07736e+06	6.56093e+06	8.82352e+06	2.16883e+07	5.28353e+07	2.80589e+08	2.65451e+07	9.21811e+07	8.67232e+07	9.22518e+06	1.04584e+07	3.03919e+07	2.71852e+07	2.97226e+07	2.7142e+07	3.4745e+07	2.52177e+07	1.6792e+08	5.74064e+07	2.97226e+07	1.20263e+08	2.23204e+07	1.04407e+07	5.15004e+07	2.93682e+07	3.02341e+06	1.19896e+07	3.1753e+06	9.33929e+06	7.25255e+07	1.40855e+08	5.15448e+06	2.21169e+07	4.07075e+07	3.14763e+07	1.67842e+07	2.50186e+07	3.09609e+07	1.011e+08	6.50005e+07	1.13757e+07	8.49073e+07	6.96362e+07	4.6735e+07	1.08666e+08	4.96103e+07	4.0225e+07	3.77943e+07	5.33375e+07	1.37085e+08	4.752e+07	2.50518e+07	1.22465e+07	2.86889e+07	4.6776e+07	5.52155e+07	2.07254e+07	3.7289e+07	1.02994e+07	2.245e+07	1.70324e+07	1.41414e+08	4.15665e+07	2.37037e+08	1.82983e+08	4.64821e+08	3.44503e+08	2.1147e+08	1.07597e+08	1.16771e+07	8.58563e+06	9.21074e+06	1.92509e+07	4.48051e+06	4.16221e+07	3.53021e+07	4.71434e+07	2.84008e+07	3.87484e+07	7.12053e+06	6.56099e+06	7.46079e+07	3.04247e+07	4.90741e+07	1.23406e+07	1.02223e+08	2.78798e+07	3.79756e+07	5.08475e+07	1.62612e+07	1.53684e+07	3.29715e+07	3.59722e+07	1.17331e+08	1.54537e+07	7.20923e+07	1.48206e+08	1.54059e+08	1.08282e+08	6.44976e+07	5.54233e+07	9.20083e+07	5.91561e+07	1.05838e+08	3.21186e+07	1.29885e+07	2.35125e+07	1.73108e+07	3.65998e+07	1.82956e+07	2.22329e+07	2.22635e+07	9.69166e+07	3.35751e+06	1.96468e+07	5.07307e+07	6.15215e+07	1.33769e+07	7.14483e+06	4.82734e+07	4.02001e+07	7.80201e+07	9.88254e+07	1.22604e+07	1.48882e+07	6.29456e+07	1.67073e+07	1.10286e+07	3.88817e+06	4.32581e+07	3.12483e+07	2.73096e+06	6.53528e+06	2.23328e+07	4.32683e+06	721492	1.2714e+06	8.22558e+06	3.6547e+07	1.70331e+07	2.63831e+06	6.35811e+06	1.11517e+07	1.04686e+07	3.1215e+06	9.09775e+06	8.14099e+06	1.52732e+07	8.92209e+06	1.45711e+08	2.15952e+08	1.96001e+08	5.3007e+07	3.83323e+08	2.50001e+08	1.50871e+08	1.44792e+08	4.94235e+08	3.13288e+08	1.06376e+08	1.08702e+08	1.08961e+08	2.66069e+07	3.57279e+08	2.32937e+08	2.11063e+08	2.04954e+08	5.26346e+07	1.12281e+08	2.26602e+07	8.1732e+07	3.95434e+07	2.10078e+07	7.06018e+07	1.85996e+08	2.78094e+08	3.27277e+08	2.61354e+08	2.87113e+08	1.24885e+08	2.53991e+08	1.41594e+08	4.07417e+08	3.0782e+08	6.41505e+08	4.5719e+08	1.14286e+08	1.48057e+08	2.47679e+08	5.74089e+07	5.91817e+08	8.92282e+07	1.39443e+08	3.27435e+08	7.18587e+07	1.19948e+08	4.15557e+07	1.2453e+08	1.63704e+08	1.64822e+08	1.06595e+08	1.67294e+08	1.13221e+08	1.62251e+08	1.40089e+08	1.58976e+08	1.24939e+08	
data	data	SFG_L_7_1	SFG_R_7_1	SFG_L_7_2	SFG_R_7_2	SFG_L_7_3	SFG_R_7_3	SFG_L_7_4	SFG_R_7_4	SFG_L_7_5	SFG_R_7_5	SFG_L_7_6	SFG_R_7_6	SFG_L_7_7	SFG_R_7_7	MFG_L_7_1	MFG_R_7_1	MFG_L_7_2	MFG_R_7_2	MFG_L_7_3	MFG_R_7_3	MFG_L_7_4	MFG_R_7_4	MFG_L_7_5	MFG_R_7_5	MFG_L_7_6	MFG_R_7_6	MFG_L_7_7	MFG_R_7_7	IFG_L_6_1	IFG_R_6_1	IFG_L_6_2	IFG_R_6_2	IFG_L_6_3	IFG_R_6_3	IFG_L_6_4	IFG_R_6_4	IFG_L_6_5	IFG_R_6_5	IFG_L_6_6	IFG_R_6_6	OrG_L_6_1	OrG_R_6_1	OrG_L_6_2	OrG_R_6_2	OrG_L_6_3	OrG_R_6_3	OrG_L_6_4	OrG_R_6_4	OrG_L_6_5	OrG_R_6_5	OrG_R_6_6	OrG_R_6_6	PrG_L_6_1	PrG_R_6_1	PrG_L_6_2	PrG_R_6_2	PrG_L_6_3	PrG_R_6_3	PrG_L_6_4	PrG_R_6_4	PrG_L_6_5	PrG_R_6_5	PrG_L_6_6	PrG_R_6_6	PCL_L_2_1	PCL_R_2_1	PCL_L_2_2	PCL_R_2_2	STG_L_6_1	STG_R_6_1	STG_L_6_2	STG_R_6_2	STG_L_6_3	STG_R_6_3	STG_L_6_4	STG_R_6_4	STG_L_6_5	STG_R_6_5	STG_L_6_6	STG_R_6_6	MTG_L_4_1	MTG_R_4_1	MTG_L_4_2	MTG_R_4_2	MTG_L_4_3	MTG_R_4_3	MTG_L_4_4	MTG_R_4_4	ITG_L_7_1	ITG_R_7_1	ITG_L_7_2	ITG_R_7_2	ITG_L_7_3	ITG_R_7_3	ITG_L_7_4	ITG_R_7_4	ITG_L_7_5	ITG_R_7_5	ITG_L_7_6	ITG_R_7_6	ITG_L_7_7	ITG_R_7_7	FuG_L_3_1	FuG_R_3_1	FuG_L_3_2	FuG_R_3_2	FuG_L_3_3	FuG_R_3_3	PhG_L_6_1	PhG_R_6_1	PhG_L_6_2	PhG_R_6_2	PhG_L_6_3	PhG_R_6_3	PhG_L_6_4	PhG_R_6_4	PhG_L_6_5	PhG_R_6_5	PhG_L_6_6	PhG_R_6_6	pSTS_L_2_1	pSTS_R_2_1	pSTS_L_2_2	pSTS_R_2_2	SPL_L_5_1	SPL_R_5_1	SPL_L_5_2	SPL_R_5_2	SPL_L_5_3	SPL_R_5_3	SPL_L_5_4	SPL_R_5_4	SPL_L_5_5	SPL_R_5_5	IPL_L_6_1	IPL_R_6_1	IPL_L_6_2	IPL_R_6_2	IPL_L_6_3	IPL_R_6_3	IPL_L_6_4	IPL_R_6_4	IPL_L_6_5	IPL_R_6_5	IPL_L_6_6	IPL_R_6_6	PCun_L_4_1	PCun_R_4_1	PCun_L_4_2	PCun_R_4_2	PCun_L_4_3	PCun_R_4_3	PCun_L_4_4	PCun_R_4_4	PoG_L_4_1	PoG_R_4_1	PoG_L_4_2	PoG_R_4_2	PoG_L_4_3	PoG_R_4_3	PoG_L_4_4	PoG_R_4_4	INS_L_6_1	INS_R_6_1	INS_L_6_2	INS_R_6_2	INS_L_6_3	INS_R_6_3	INS_L_6_4	INS_R_6_4	INS_L_6_5	INS_R_6_5	INS_L_6_6	INS_R_6_6	CG_L_7_1	CG_R_7_1	CG_L_7_2	CG_R_7_2	CG_L_7_3	CG_R_7_3	CG_L_7_4	CG_R_7_4	CG_L_7_5	CG_R_7_5	CG_L_7_6	CG_R_7_6	CG_L_7_7	CG_R_7_7	MVOcC	MVOcC	MVOcC	MVOcC	MVOcC	MVOcC	MVOcC	MVOcC	MVOcC	MVOcC	LOcC_L_4_1	LOcC_R_4_1	LOcC_L_4_2	LOcC_R_4_2	LOcC_L_4_3	LOcC_R_4_3	LOcC_L_4_4	LOcC_R_4_4	LOcC_L_2_1	LOcC_R_2_1	LOcC_L_2_2	LOcC_R_2_2	Amyg_L_2_1	Amyg_R_2_1	Amyg_L_2_2	Amyg_R_2_2	Hipp_L_2_1	Hipp_R_2_1	Hipp_L_2_2	Hipp_R_2_2	BG_L_6_1	BG_R_6_1	BG_L_6_2	BG_R_6_2	BG_L_6_3	BG_R_6_3	BG_L_6_4	BG_R_6_4	BG_L_6_5	BG_R_6_5	BG_L_6_6	BG_R_6_6	Tha_L_8_1	Tha_R_8_1	Tha_L_8_2	Tha_R_8_2	Tha_L_8_3	Tha_R_8_3	Tha_L_8_4	Tha_R_8_4	Tha_L_8_5	Tha_R_8_5	Tha_L_8_6	Tha_R_8_6	Tha_L_8_7	Tha_R_8_7	Tha_L_8_8	Tha_R_8_8	
1.40798e+07	SFG_L_7_1	0	1.3507e+06	408459	1.83801	255348	47.8211	3.8135e+06	117251	47359.1	61.3285	9520.42	24247.7	0.179022	0.279305	10.0705	0.735363	0	12167.6	0	0	0.836585	13.5005	0	18946.9	0	194360	4.72528	1.33562	0	26.2317	0.530595	9.86243	22.4354	3745.93	11.5188	696.27	87.7146	8742.84	24566.4	275.123	0.0047619	0	0	0.0169587	2.02901	0.0240071	0.791142	0.828174	0.0232042	0	0.0246416	0.00505051	0	0.0592949	0	9.86481	72.2568	0.00246914	1.94921	0.155568	746.868	14110	13739	11114.9	164.523	13.0773	6.04497	1.79093	5.07845	0.244025	0	0	68.1936	11.1588	0	0	0.239494	0.15339	0.00854701	0	0	0	2.75192	0.15339	0	0	0	0	0	0	0	0	49.2009	0.392157	0.115083	0	0.0179824	0	0	0	0.00387597	0	16.1042	0.0479439	0.60223	0.00497512	0	0.0030581	0	0	0	0	0	0	0.00584795	0.127569	1.04806	0.32911	0	0	0	0	0	0	1351.84	12.6911	412.725	1.51991	0	0	296.728	18.3724	155.199	0.0399293	24.1675	0.0116795	0.0472316	0.0407746	0	0.0364813	0.00444444	0.067421	0.207382	0	0	0.00387597	244.523	333.623	893.381	109.025	3.0385	0.0865133	1.11059	791.993	0.00505051	0	0.00462963	0	0.0200513	0	1020.64	1.30924	2.11636	0.00387597	0.127181	0	65.4826	0.647267	1542.61	0.0357243	0.00401606	0.0363343	5763.85	2.28601	0	1.26389	171.228	245.529	0.105882	15.8546	0.00574713	1.99396	1076.59	35.1902	132.507	65.6755	0	0.026426	1.72429	19.2676	8.16735	0	52.4375	3.46118	0.00378788	0.0212121	33.5989	0.388322	62.9128	0	0.0432483	0	119.955	4.14707	0.114256	0.585564	18.0726	0.66846	9.53959	0.1229	0.0242745	0.167395	0.138449	1.19126	386.686	1.86158	444.89	3.7238	21.8297	0.391958	6904.82	91.0628	60.6044	3.11028	47.5517	0.0105443	113506	20723.1	564.756	96.1846	0.222918	0.0288986	382495	0.859362	11.3095	0.344155	6261.69	0.00254453	11174.1	2.92635	13356.9	0.23547	20419.1	0.121506	117863	1.12512	
3.97406e+07	SFG_R_7_1	1.3507e+06	0	846526	762626	700854	3.48806e+06	1.44566e+06	898850	66975.5	194160	56804.9	709520	56.8388	16.7159	34.2442	256572	4562.65	52.1274	0	4.95968	16698	8526.24	43642.1	49468.7	1971.94	42876.9	0.0507434	11.0029	0.00775194	16414.6	4.10787	3327.79	13.5113	132579	0.0783833	28.5255	6.31433	446230	29.3328	34947.5	0.0120265	0	0	0.482146	28.4692	0.103332	24.9696	7.51049	0.0045045	0.236266	0	0.388277	3.6722	0.388987	365.411	0.0311471	101.64	0.0718325	22.2859	14.4785	0	32752	1.84248	1442.86	22.9994	73156.1	166.385	761.073	0	53.4855	0	0	0.0277778	371.6	0	0	0.00595238	0.384526	0	0	0	1.00419	0	1.1605	0	0.131143	0.00421941	0	0.00275482	0	0	0	0	13.4661	0.00378788	0.0030303	0.0164634	0.00456621	0	0.117283	0.0130854	0.0150696	0	1.65966	1.10916	0.522775	0.0037037	0.00462963	0	17.5412	0	7.30972	0	0	0.00584795	2651.3	0	1231.65	0	401.81	0	0.0200714	0	0.00564972	24.9529	150.339	0.906984	1.02648	0	2.89279	0.589148	2765.15	0.183957	10.7445	1.76003	1.66477	0.0045045	234.065	0.0135357	308.919	0.033817	2431.64	0.014857	31.3683	0	0.296064	6851.14	28281.2	134.558	69004.7	22.9869	14.9909	45.3233	133381	0	1.14568	0	0	0	1.31902	5.65348	1447.67	0.103176	0.131	0	0.00680272	0	198.536	1.50469	261.548	0	86.5495	0.797271	4073.79	0.0343259	55.78	161.621	3837.36	0.528001	1320.04	1.19078	4172.16	1.63206	455.824	0.878705	9592.33	0.439938	5.42602	93.8878	68.2834	0.0030581	0.017205	0.0280574	0.433411	0.0194658	0.270254	0.290022	1.01649	0.469637	0.0164609	0	0	0.0928235	1.93986	20.8398	17.1078	1.0433	0.125324	1.43179	0.125324	0	1933.25	0	23.9437	261.543	169665	0.017871	8370.13	0	1.95293	851.67	3.21719e+06	0.237088	17.2029	0.0117845	1.89119	746.362	473181	0.122507	216140	0.190385	22345.6	1448.53	2.40027e+06	15.4202	1524.18	0.266988	12944.1	8.69259	312818	3.23291	204869	0.0377747	128820	0.545512	734829	
2.17868e+08	SFG_L_7_2	408459	846526	0	15.3173	7.37452e+07	139153	1.68871e+06	2572.42	0.0962407	0.133201	404370	158004	0.0208537	0.0342429	3.15714e+06	1529.74	23798.3	2642.72	0	0.00546448	2.24959e+06	6060.43	6.94339e+06	83282.9	2043.8	5982.41	8.94054	0.0973847	26333.3	1702.83	63851.3	1181.85	1.42236e+06	13383.4	528.262	12.2414	1.15581e+06	2861.64	7.11535e+06	1153.92	0	0	0.0295935	0.062997	6.28191	0.162594	3.33872	0.494639	0.0786529	0	3.42393	0.0141483	838.58	0.00330033	19.4877	0.292808	53.6486	0.105052	1.04295	2.19665	433194	259.54	2.10306e+06	56.1153	0	2.25406	0.0192412	0.329497	66.8148	1.99276	68.2532	0	2418.26	0.331466	26.3135	0	210.609	1.60917	55.483	0	1.71541	0.0168885	29.852	2.04853	3.04372	0	3.26957	0	385.209	0.0256571	2.23138	0	531.624	5.00789	20.1305	0	141.526	0.0122334	14.6699	0.00362319	728.617	0.00287356	410.583	0.422557	39.1596	0.0047619	84.3829	0	0	0	0	0	0	0.00262467	4.94419	0	15.0851	0.0114451	0	0	13.0867	0	0	0	5288.31	119.698	1626.18	10.4852	0.358581	0	120.285	66.1075	3111.33	0.0161765	73257.4	0.427793	427.572	1.51028	104.566	20.6314	534.641	82.402	242.043	0.118244	122.314	0.017274	36.729	158.134	0.0173262	103.218	3.13811	0.752793	0.207655	27.3919	1487.59	0	49.6103	0	14229.3	0	11139.6	21.9105	8972.22	0.00387597	7.84809	0	117370	0	501790	0.442356	101.09	0.286751	729197	1.05914	0	0.00740741	0.0367064	732.169	0	43.2068	0	0.00724638	0	0	0	0	0	0	75.4508	681.914	77.7867	0.0286767	477.217	25.5785	0.568564	0.184049	559.597	5.54249	49465.3	0.216918	18.6947	0.0125831	11413	23.3339	3.14816	53.2325	8556.15	5.16348	49.473	0.933503	16.7526	0.76079	0.523189	3.20357	7817.04	7.02409	47118.5	17.1595	27.5139	2.05564	283483	594.986	3452.15	13.7239	157.404	0.162502	690872	14584.1	386985	449.143	6.91306	2.57977	1.76645e+06	3.95614	332.434	3.51363	116842	2.09253	228784	22.8146	451333	16.3212	414404	14.4465	762504	11.8676	
8.25842e+06	SFG_R_7_2	1.83801	762626	15.3173	0	508.185	807881	0.161135	77855.8	0	0	174.142	1.83967	0	0	1.69288	2.03777e+06	36.3346	29.0621	0	121.172	941.326	7206.04	170.311	67197.2	39.3165	115826	0	0.0135395	0	967.037	0.113448	3829.24	0.162984	141895	0.003367	2.97908	0.107232	66020.9	0.167374	9171.68	0	0	0	0.00628931	0	0	0	0	0	0	0	0.0192453	0.0168803	0.182788	0.489268	0	0.255324	0	0	0	0	5319.66	0	10.1234	0	0	0	0	0	0.00520833	0	0	0.00308642	33.2177	0	0	0.00308642	0	0	0	0	0.0401992	0	0	0	0.00490196	0	0	0	0	0	0	0	0.00520833	0	0	0	0.00456621	0	0.041611	0	0.00497512	0	0	0	0	0	0	0	0	0	0	0	0	0	0	0	0	0	0	0	0.0451685	0	0.0211034	0.0037037	8.40349	0	0.0200513	0	0.202436	0	173.473	0.0037037	1.68425	0.0322011	0.505519	0	7.25406	0	27.1451	0	111.391	0	0.841759	0	0.103513	0	0	0	0	0	0	0	0	0	0.27266	0	0	0	0.464058	0.0342199	132.756	0	0.0045045	0	0	0	0.339879	0.0803257	6.08783	0	57.9135	0.0480979	110.225	0	0	0	0	0	0	0	0	0.00900901	0	0	0	0	0	0.148212	0	0	0	0	0	0	0	0	0	0.0131173	0	0	0	0.0131173	0	0.101872	0	0.0131173	0	0	0.0047619	0	94.5581	0	0.00520833	0.442369	1085.43	0	0	0	0	2.64173	16257.5	0	0.00520833	0.003367	0	2.21728	10.0999	0.0222222	5332.14	0	16.6649	3.29624	65.3084	0.0963851	0	0	0.608587	0	20.2147	0	8.70556	0	0.010101	0.015743	15.6483	
2.95434e+08	SFG_L_7_3	255348	700854	7.37452e+07	508.185	0	6.53226e+06	3415.23	53.5306	64.3093	0.841496	6.14459e+06	1.75274e+06	8.61988e+06	288429	2.15013e+07	34688.7	743.447	22587	1.75314e+06	38625	6.47329e+06	687634	70163.5	318913	0.149918	1354.73	49011.4	11648.7	0.789792	3966.73	40311.3	19425	545906	65163.4	308846	56.0423	544785	8813.71	403538	2398.53	0.048913	0.132187	0.00813008	598.961	23.1282	0.771677	7.86695	21.5084	0.36148	1.39084	0.51131	67.7796	2053.36	0.00330033	37.2394	0.340934	138.384	0.307488	1.01995	1.56732	50.2204	120.841	4530.03	4.99322	194.77	7.10106	15.9917	0.943131	258.217	4.95403	48.1794	0	631.203	2.45891	8.5921	0	287.775	2.16429	94.6229	0	2.06066	0.0668935	101.538	2.66953	2.78934	0.0150195	3.47117	0	800.866	0.0256571	6.51682	0	1388.58	10.8211	20.8809	0	207.074	0.0125331	30.8082	0	1374.78	0.00287356	1026.97	0.731737	26.8457	0.0121788	174.445	0.00343643	0.00343643	0.350305	1.6357	0.0141097	0	0.00262467	369.404	14.1619	143.163	4.31614	1.60427	2.39301	0.231147	0	0	0	22570.5	207.055	2457.33	12.6486	6.87816	0.0375039	467.015	150.254	7575.75	0.015506	149920	0.785077	865.898	3.92838	324.949	78.9111	1317.13	285.706	655.145	0.69529	914.482	0.0758941	34912	685.888	2671.1	264.048	4632.21	1.45084	28849.8	2824.84	2671.04	0	100.996	0	29566.8	0.0376621	42969.8	49.6071	15491.6	0.00387597	13.5786	0	378602	0	828152	0.627437	411.701	1.20789	400653	3.47656	13.9552	3.59244	9418.89	970086	1262.21	982.139	273.697	63.5471	1106	2.72744	5378.16	45.7496	43.6491	20.1241	48.3905	1126.43	372.494	0.0126453	3020.09	24.4315	1.67619	0.0171293	3450.02	4.38283	182129	0.822242	62.7138	0.00320513	68203.9	22.6586	10.9659	170.349	39008.1	8.24714	85.7775	1.27485	250.818	1.50241	24.4179	5.63656	24599.5	56.1938	248590	111.611	22.3041	3.48653	490048	1215.14	13813.1	38.4568	8469.86	0.149344	2.35144e+06	130548	1.70328e+06	1055.64	21649.4	1.64889	1.88582e+06	0.185466	509.245	6.08295	380895	1.24239	719704	26.4359	1.75843e+06	12.4633	1.74866e+06	6.10531	2.01524e+06	6.82201	
1.18793e+08	SFG_R_7_3	47.8211	3.48806e+06	139153	807881	6.53226e+06	0	40.5011	185.88	3.23551	35.9957	485687	8.28975e+06	243127	3.86582e+06	205387	2.64308e+06	3145.99	1.3063	1235.9	5.48178e+06	4.23565e+06	4.99502e+06	1410.21	302264	0.0562918	1.91538	606.063	395784	0	34516.9	163.907	81496.8	39.7504	1.81708e+06	176535	296937	11.3739	115466	6.19684	76944.2	1.58053	2.12264	0	1396.17	0.257266	0.0564898	2.80389	2.2895	0.703978	45.5777	0.0293076	17289.1	7.50334	0.400836	90.3081	20.9516	172.67	2.9236	0.240844	77.2121	0	130.07	0.170273	2.26894	0.822978	19.0857	0.324433	3.19442	0.0122365	1214.04	0	0.0447828	0.0502515	5.82338	0	0.0823092	0	53.7735	0	0	0.0031746	3.40007	0.0275291	99.5092	0.00294985	0.214081	0.014788	0.155327	0.0738275	0.0949728	0	0	0.148074	1670.55	0.0133729	1.28211	0.0164634	0.0116451	0	0.746879	0.195639	0.737683	0	446.095	0.140498	0.145665	0.00320513	0.00462963	0	0.992463	0	0	0	0.0280016	0	132.741	0	75.6301	0	13.5567	0	1.51464	0	0.181204	44.1887	2423.72	3.62451	456.118	0.0031746	96.4557	1.26093	27617	1.99362	77.3479	14.2307	316.204	0.0291427	1281.94	0.0164502	1165.68	0.0045045	8869.98	0.0301254	108.78	0	4.82117	79.7183	277.903	6.22252	152.961	3.50269	8.71163	29.7282	9762.75	0.00347222	0.00617284	0	0	0.00392157	33.2689	2.46404	27742.8	1.0112	0.304307	0.0025641	0.337822	0.0457082	84.3509	5.89836	2253.11	0	5876.39	1.46964	1683.1	0.00641026	55.7555	10996.3	825228	2216.24	10.4011	0.0466667	4101.58	0.963937	1.84314	0.654804	177.818	582.02	1588.82	136.922	34.0917	0.0449107	0.969738	0.237634	43.3196	0.0187943	0.179528	0.347347	62.8916	1.97766	7.68412	0	0.467989	0.751307	297.564	50.6894	0.955547	0.788126	13.7327	0.144102	10.5632	0.00323625	43.1917	0	177.494	187.473	5676.89	1.66254	64990.6	0.141155	1956.35	738.636	2.15344e+06	4.01824	1009.46	0.516383	365.715	6.40772	4.56251e+06	11.3148	300088	0.0122911	1.72562e+06	760.766	937387	12.9187	103.103	1.11525	676326	18.037	1.04929e+06	7.07086	785557	3.31667	550397	0.113808	904288	
1.02951e+08	SFG_L_7_4	3.8135e+06	1.44566e+06	1.68871e+06	0.161135	3415.23	40.5011	0	282970	5.33284e+06	1.2969e+06	1.47096	233.892	18.5864	0.0222469	19.1439	0.0193539	28.743	2401.95	0	0.004329	405.657	2.50597	4605.6	6.04718	753028	59955.7	233.237	259.553	13249.5	0.00546448	240.493	0.470452	40.2034	281.295	1635.7	66.0184	2695.64	388.913	40151.2	20.0642	402.061	0.295758	1.8164	11.4229	490.316	6.80672	954.486	992.488	1063.03	0.00505051	77.8359	0.0640205	356986	242.792	4.82665e+06	24954.8	3133.95	110.965	693447	175.067	391750	2566.58	2.07054e+06	14033.6	0.0762527	3.58813	725.629	4622.72	215.505	0.748933	0.411714	0	1200.53	0.785544	3.11015	0	24.7705	0.110073	6.91642	0	28.6916	0	1.13028	0.221881	159.96	0	3.82617	0	447.186	0	12.5894	0	61.9485	1.49833	131.501	0	2202.99	0.00308642	178.528	0	1549.19	0	6.54908	0.0479439	73.8423	0.567879	149.661	0.0444679	0	0	0	0	0	0	0.147243	0	41.9835	0	0	0	5.70914	0	0.00641026	0	1793.5	10.4454	664.338	2.16247	16.7803	0	413.238	6.69587	883.78	0.00374532	2222.39	0.0138889	602.812	0.05438	3573.43	0	7677.27	0.00406504	22.1	0	4.38509	0	6.871	11.9512	0.965905	24.6595	0.734048	0.160059	0	4.02894	2577.82	0	0.403361	0	3545	0	1399.49	7.43187	299.15	0	2.52031	0.0217354	5876.07	0.215885	316527	0.00401606	47.0787	0	666596	0.0944996	0	0	0	0.467902	1.13708	0	0.0511445	0.00724638	0.104266	0.0392157	0.0658687	0	0.306921	0	988.488	656.264	6.72991	0.00323625	64.2569	3.2223	0.410187	6.56	42.3617	0.458463	6618.81	0.0291667	0.169113	0.00308642	2865.83	3.63028	71.5315	7.68218	2223.32	0.393655	15.1734	0.0281322	28.3254	2.76952	421.986	1.47873	730146	77.9378	303.893	1.37512	1373.56	55.8284	2.18048e+06	648.809	4872.26	86.1579	1336.67	0.089726	120104	247.147	77013.8	11.1642	8.32524	0.264524	2.26507e+07	5.04103	254.071	0.429173	5715.62	0.341448	30670.1	3.90703	28281	0.770673	32747.5	1.11326	1.43734e+06	4.14886	
2.64879e+07	SFG_R_7_4	117251	898850	2572.42	77855.8	53.5306	185.88	282970	0	89902.8	1.68510e+06	1097.17	0.010101	0.00362319	0.00314465	0.00347222	227.798	4.64038	3842.94	0	2.60263	18.2784	1379.72	459.953	6433.86	121.159	292247	0.152255	17.1042	0	5726.93	0.0984382	2150.96	0.413815	34768.9	0.0140366	836.78	0.238526	88537.5	0.236347	52942.3	0.506865	0	0	17.379	54.6033	0.287216	61.9943	13.4733	1.35159	0	0	37.0767	2.37636	5635.3	353.456	270212	31.543	258.509	4.63832	3791.92	0.0258924	587778	0.133358	2.29527e+06	0.00724638	2.73951	2.45255	1.42029	0.0920028	17.2023	0	0	0.0189934	15.1468	0	0	0.00308642	1.63865	0	0	0	0.0177809	0	3.82914	0	0.0045045	0	0	0	0	0	0	0	26.7765	0	0	0	0	0	0.0402047	0	0.00462963	0	1.52612	0.358837	0.693555	0.0037037	0	0	0	0	0	0	0.0608509	0	0	0	0	0	0	0	0	0	0	4.44231	237.019	0.031119	4.8579	0	0.774791	0.662239	838.889	0.242203	22.855	0.238481	2.39539	0	14.2553	0	21.1707	0.004329	19.963	0.00362319	0.716332	0	0.926372	0.596521	0.216468	0.751891	1.94847	0	0	0	0.00617284	0	0.0259042	0	0	0.0037037	1.72608	2.21415	1139.67	0.0152426	0.635086	0	0.0193024	0	2.38037	0.00350877	43.9035	0	10.9107	0.0189934	1541.95	0	0	0.00641026	0.00469484	0.00641026	0	0	0	0.623549	0	0.00362319	0	0.00641026	0	164.582	64.4635	0.0030303	0.0178979	0.0030303	1.21663	0	0.562132	0.0030303	0.69518	0.0303119	0.0047619	0	0	0.0288765	4.27088	45.2453	32.3801	0.00308642	0.0432752	0	0.577189	0.00740741	24861.1	0.0959914	12.8306	128.498	850010	0.0128024	232.609	2.05433	40.1015	356.676	3.23146e+06	1.17997	75.7596	0.00252525	7.4316	2.10895	223310	0.432167	35813.7	0.0204737	152.748	782.406	1.7135e+06	18.3154	157.637	0.0204737	627.438	12.3651	93678.4	6.86221	68561.1	0	94405.6	0.196417	92356.2	
1.89074e+07	SFG_L_7_5	47359.1	66975.5	0.0962407	0	64.3093	3.23551	5.33284e+06	89902.8	0	1.34981e+06	634.665	24.5616	137.773	1.04395	0	0	0.123475	2129.9	0	0	12.8164	0.493514	0.0655791	1.67146	0.0442992	51975.6	49.965	281.188	0	0.0259511	0	0	0	0.815664	30.3958	0.0881603	0	1.02005	0	0.0963094	528.922	0.0981561	0.00584795	41.2585	57.0038	80.182	90.822	1676.73	561.435	0	0.746391	0	3398.99	1114.73	182123	149347	3.5668	408.697	952514	593.878	0.00574713	88.0584	550.421	18751.1	418.587	40.719	304412	11840.8	3.29034	0.0743495	0	0	0	0.00666667	0	0	0	0	0	0	0.0213347	0	0.00483092	0.0418676	0.289525	0	0	0	0.00564972	0	0	0	0.0856384	0.813874	0.0478751	0	1.51773	0	0.0218814	0	0.138509	0	0	0	0	0.013962	0	0	0	0	0	0	0	0	0.00595238	0	0.494649	0	0	0	0	0	0	0	1.45478	0.00358423	0.0199264	0.0030581	0.0677709	0	211.638	0.0900162	0.00416667	0	0.0405664	0	2.30158	0	17.5636	0	11.6819	0	0.0070922	0	0	0	0.258921	0.677936	1831.4	46.0151	0.00877193	0.00308642	0	1.40974	2.35281	0	0	0	5.04692	0	5.45435	0.057846	0.00497512	0	0	0	0	0	0	0	0	0	0	0	0	0.073538	0.342912	19.875	6262.64	0.0365365	0.00617284	1.31133	12152	3.95427	48518.1	0.936945	251.605	0	29.2448	1.25744	0	0	0.00396825	0	0	0	0.0358646	0	0.015506	0	0	0	0.0157796	0	6.75746	0.0575175	0.00378788	0.00308642	0	0	0.142928	0	9.73835	0.0821486	5336.29	0.00358423	1.38254	0.0226232	56.5092	92.8403	391.027	4.22203	90.9545	157.398	92.2322	0	52.5419	1.76231	17.5703	0.00308642	0.204808	0	749904	0.00340136	16.6487	0	2.41389	0	425.9	0	176.959	0.00421941	66.2707	0	56540.4	0	
2.62795e+07	SFG_R_7_5	61.3285	194160	0.133201	0	0.841496	35.9957	1.2969e+06	1.68510e+06	1.34981e+06	0	131.394	2.53548	0	0.00326797	0	0.00724638	0	186.188	0	0.221802	0.003003	4.1053	0.192959	0.452822	0.0692389	7754.89	0.151055	13.2293	0	0.0418301	0	0.00833333	0	0.827035	0.0035461	0.181726	0	0.513032	0	0.700994	0.779674	0.00574713	0	2.9466	31.3357	0.536179	28.858	15.3514	1586.3	0.00490196	0	0.25006	1.94269	4812.67	227684	1.06989e+06	234832	0	810809	1.5844e+06	0	90.8118	0.0538853	57401.1	285.997	651.513	189226	746136	136.975	25.9413	0	0	0	0	0	0	0	1.67027	0	0	0	0	0	2.36468	0	0	0	0	0	0	0	0	0	39.1917	0	0.0030303	0	0	0	0	0	0.0030303	0	1.66986	0.0154199	0.0369048	0	0.00520833	0	0	0.0226249	0	0	0.183008	5.62678	0	4.98972	0	0.021511	0	0	0	0	0	64.2238	52.7014	0.0607748	2.85938	0	0	1.10817	536.969	0.157493	0.00512821	0.00401606	0.150316	0.012289	0.592642	0	1.14086	0.012289	1.14086	0	0.00497512	0	0	60.7555	1.37174	1143.97	2823.54	5.28784	0	11.3083	0.600129	0	0	0	0	0	0	1.84026	209.128	0.00401606	0	0	0.00311526	0	0	0	0.00311526	0	0	0.00680272	0.141669	0	0	0.00641026	0.394108	0.00641026	0.0517943	9.16579	0	0.99537	137.306	1.58963	105.632	0.00641026	0	116.212	135.611	0	0.0407357	0.0168776	1.19182	0.0447964	0.0894749	0.0850373	1.90401	0	0.0404735	0	0.00416667	0.0168776	8.36316	61.1536	20.1004	0	0.0168303	0	0.0271923	23.4736	738.178	414.601	40.8293	293.24	159612	31.441	48.4769	1514.85	332.302	36.4333	1.51286e+06	664.846	365.68	0.0035461	92.0334	0.129228	461914	0.0968299	46.8327	0.0332976	330.318	172.93	901362	9.83927	4725.84	0.184864	188.636	36.4254	196411	27.966	140616	0	226308	0.0973784	62720.7	
1.66869e+07	SFG_L_7_6	9520.42	56804.9	404370	174.142	6.14459e+06	485687	1.47096	1097.17	634.665	131.394	0	428520	231154	8465.99	2047.1	3385.36	6.32252	219.794	0.106085	180.384	2767.5	17627.6	562.575	22279.3	0.00505051	9.00218	3.52477	5565.92	0	334.509	9.72527	1449.77	103.847	3887.84	0.300678	0	130.663	10.1034	29.2645	162.894	20.4946	1.97619	0	0.0165621	0.378519	0.746683	0.221726	149.177	0.301122	0.302028	0.0128205	0.0270049	0.122622	0	0	0.00222222	1.81658	0	0	0.0201544	0	0.101786	0	0	3611.88	0.0368687	68	0.00628931	3.42683	0.0959832	0	0	0	0	0	0	0	0.0030581	0	0	0.00490196	0	2.73342	0.0176105	0	0	0	0	0.0386323	0	0	0	24.1864	0.0471274	0.00490196	0	0	0	0	0	0.0386323	0	8.9834	0.0118142	0	0	0.0386323	0	0	0	0.760072	0	0	0	48.5539	0.499684	4.90077	0.225571	0.081247	0.00490196	0	0	0	0	38622	3.37521	24.7509	0.275091	0	0.0165638	2.83894	3.57957	8.44177	0.00416667	352.654	0	0.123062	0.0185221	0.0199049	0.714046	0.175768	2.37569	0.0771223	0.00469484	0	0	116678	31.5987	133470	3.19099	1669.47	0.149442	13542.8	1739.94	0.0213347	0	0	0	0.542097	0.0166693	1.49753	0.937796	15.9685	0	0	0	0.0574315	0	24.5162	0.0170968	0	0.167648	0.813267	0.00462963	9.08015	10.3994	3361.31	16551.3	6352.7	12.3171	25.3119	618.302	33811.3	0.118948	82397.3	34.4791	955.766	241.429	0	0.878608	2.30725	0.00308642	14.8616	0.0725076	0	0	40.5793	0.0197783	67.1816	0	0.0781638	0	86.5451	0.105027	0	0.320288	14.394	0.0277888	0.65068	0.0125198	10.2133	0.0196078	0	0.0852372	512.92	1.10812	3485.7	6.20489	1.02981	0.0323619	2991.97	3.30128	70.9364	0.769794	2.10815	0.0111854	20676.4	20.3954	3227.97	3.39154	0.102439	0	1145.7	0.0192095	0.0510603	0.107351	3079.41	0.00462963	2466.73	0.154285	6828.33	0.00490196	9538.97	0.0107138	2704.84	0.0153199	
2.74733e+07	SFG_R_7_6	24247.7	709520	158004	1.83967	1.75274e+06	8.28975e+06	233.892	0.010101	24.5616	2.53548	428520	0	29899.7	947882	91501.1	188.962	1151.52	0.11442	124.954	2.8063	479170	5695.26	1595.61	1572.98	0	0	262.93	5.34946	0	1692.79	55.9629	543.641	5.80475	5427.42	469.329	10.1695	3.26868	123.367	1.26329	754.598	0.790266	3.04481	0	0	0.00167504	0.0253991	0.461875	0.307255	0.600003	21.655	0	0.010101	0.157354	0	1.19901	0.0035461	0.754371	0.003367	0	0.140735	0	0.281746	0	0	0	165.917	0.21655	6.15171	0	19.4743	0	0	0	0.0444444	0	0	0	0.0026455	0	0	0	0.0400047	0	0.0143	0.00294985	0.00444444	0	0	0.00396825	0	0	0	0	0.613956	0	0.0172395	0	0	0	0.00438596	0.00396825	0.00411523	0	0.0736088	0	0	0.00396825	0	0	31.2394	0	10.2067	0	0	0	2734.51	0	1210.36	0	345.552	0	0	0	0	1.0008	1.00908	0.289285	0.017836	0	0.665308	0	144.637	0.404347	0.128217	2.98244	0.04393	0	0.885577	0	1.96746	0	17.938	0	0.0519261	0	0	630.934	5741.92	0.1374	808.455	1.87823	15.637	20.0765	204578	0	0	0	0	0	0.552978	0	240.948	0.408304	0	0	0.00724638	0.0213347	0.406011	1.1564	17.9181	0	90.415	0.176246	2.26948	0.135564	415.093	984.909	351432	58.9883	48071	0.196981	26172.1	0	119.137	0.00584795	3748.5	32.809	38944.8	0.321124	0.153159	0	0.00411523	0	0	0	0	0.00438596	0.520313	0.350649	0	0	0	0.0830939	0.0160736	0.0947175	0.105976	0.523831	0.00340136	0.337571	0.00401606	0	26.8789	0	22.4259	1.41282	3687	0.00362319	6984.35	0.0842391	0	15.9474	11252.2	0.730937	26.8475	0.00167504	0	0.0223979	18186	4.40474	1716.18	0	16123.5	5.64555	14351.4	0	1.95751	0.00362319	1957.41	0.0740976	20547.6	0.0740976	7909.72	0.035779	1483.82	0.00483092	14285.1	
1.11097e+08	SFG_L_7_7	0.179022	56.8388	0.0208537	0	8.61988e+06	243127	18.5864	0.00362319	137.773	0	231154	29899.7	0	7.07509e+06	4735.61	0.00775194	0	0.00374532	4.86416e+06	4492.53	140899	1239.17	0	5.73495	0	0	2.15057e+07	7.32165e+06	0	0.0591747	0	0	0	0.207904	26447.3	15.4169	0	0.0617712	0	0.0251572	819531	667.965	691.763	3959.46	1.81721	8095.73	35.7716	707971	12288.7	3.92614	34967.7	17.8909	0.0802881	0.00529101	19.2687	0.813406	18.2946	0.147315	19.3754	0.0454757	0	0	0	0	12.928	0	0.181256	0	35.7681	0.387491	0.00462963	0	0.00512821	0	0	0	0.0070922	0.0467583	0.0070922	0	0	0	31.4982	0.0830837	0	0	0	0	0.0042735	0	0.0680357	0	100.797	2.17076	0.226795	0	0.00444444	0	0	0	0.0383822	0	38.7378	0	1.34329	0	0.0673519	0	0	0	0	0	0	0	3.53182	0	10.8404	0	0	0	0	0	0	0	1244.85	0.0302361	18.3139	0.0855672	0.12552	0	2.26038	0.0497323	142.612	0	2357.64	0	19.4694	0	0.021164	0	0.0187121	0	35.8701	0	0.0864082	0	47207.6	5.42713	2369.17	0.152905	796.38	0.983732	36912.3	6.01162	0.0185221	0	0.0193888	0	0	0	0.631685	0.0640745	332.191	0	0.0296443	0.0615659	0	0	0	0	0	0	0	0	15.8792	0.00628931	942926	1.34576e+06	644443	0.136444	18.0291	0	80490.1	0	118076	120.292	374265	126.069	133.965	0.0300144	208.009	0.00411523	1274.84	0.0756834	0.003367	0	1621.6	0.0564801	1696.2	0.00383142	15.1919	0	1016.49	0.0511789	59.8152	0	1200.18	0.340612	757.985	0.013468	25.0095	0.0030581	14.1562	4.79499	202.779	0.0104346	1432.87	0.322527	57373.4	147.408	252.14	0.122553	14135.1	198.417	118574	0	53129.9	7.11778	1141.97	0.548193	14362.1	2.12638	7862.23	0.376569	1.54401	0.00347222	2827.21	2.14223	809.837	0.552832	1975.96	0.585759	5895.68	0.736699	5130.41	1.27058	
5.08613e+07	SFG_R_7_7	0.279305	16.7159	0.0342429	0	288429	3.86582e+06	0.0222469	0.00314465	1.04395	0.00326797	8465.99	947882	7.07509e+06	0	12.1695	0.0114943	0	0	6239.68	13864.1	251105	135.372	0	0.150453	0	0	868548	5.40199e+06	0	0.00392157	0	0	0	0	186052	21460.6	0	789.06	0	0.00392157	2562.98	748889	0	7026.61	145.216	1.36699	10295.3	61449.4	170.674	30504.9	1.10419	6170.53	0.00347222	0	0.0145372	0.0128852	0.348153	0.00320513	0.0404762	0.00529101	0	0.00326797	0	0.00326797	0.222167	1.8189	0.0216816	0	0.0160021	1776.78	0	0	0	0	0	0	0	4.41661	0	0	0	0	0.00271003	0.281059	0	0	0	0	0	0	0	0	0.0105483	9.13319	0	0.0222222	0	0	0	0	0	0	0	0.414263	0.0107676	0	0.00320513	0	0	0	0	0	0	0.0141844	0	0.0158641	0	0	0	0.00438596	0	0	0	0	3.26955	0.225407	0	0.242292	0	0	0.00411523	0.778403	0	0.0208333	0	2.21236	0	1.55188	0	0.0205128	0	0.0205128	0	0	0	0.00512821	191.7	781.653	16.3766	61.6293	0.0174603	0.00387597	4.52782	16357.1	0	0	0	0	0	0	0.0205177	0.015409	0	0	0	1675.44	0	0.410302	0	0.0199182	0	0	0	0	0	39.5255	630519	4.39557e+06	1987.44	1669.97	0	1361.2	402.024	37.2078	443.952	3178.05	71666.5	455367	0.238105	0.834673	0	0	0	1.29576	0	0	0	2.45657	0	0.455414	0	0.0199182	0	23.6471	0.0527947	0.0697469	0.003003	0.617954	0.003003	0.290793	0.0247678	0.00314465	0.0554809	20.3995	0.237445	0.984153	0.279858	4.30249	3.86439	906.587	0.0872125	311.462	4.58172	33404.4	0.00894855	201.308	0.0140567	4332.81	0	115.279	0	2254.99	0.0524195	204.044	0	0.146881	0.0173189	1195.45	0.0464796	187.685	0.014569	54.7422	0.0173189	788.838	0	363.751	
7.75939e+07	MFG_L_7_1	10.0705	34.2442	3.15714e+06	1.69288	2.15013e+07	205387	19.1439	0.00347222	0	0	2047.1	91501.1	4735.61	12.1695	0	2286.86	1.50311	0	1.74471e+06	859.521	8.88004e+06	71478.2	2.83284e+06	49.2547	80.5353	0	1154.99	0	0	680.978	6428.55	1421.88	218.427	2078.98	166763	0.575174	299.295	0.11796	133.997	13.1068	0	0	0	0	0.313325	0	0.062567	0	0	0	0	0.00653595	10.1029	0	0.427575	0	0.411279	0	0.00311526	0	0.0418301	0	3.16995	0	0	0.0185221	0	0	4.33363	0.0804989	2.59873	0	0.388167	0	1.01407	0	0.13027	0.00973288	0.171877	0	0.267921	0	0.122494	0.00973288	0.0200348	0	0.294699	0	2.60134	0	0.231955	0	2.50819	0.0113968	1.54487	0	4.54314	0	0.509583	0	7.16787	0	2.28802	0	0	0	0.174451	0	0	0.129088	0	0	0	0	0.45699	5.05483	2.88301	1.63987	0	0.812132	0.721021	0	0.00520833	0	20.1883	0.0515635	1.10232	0	0.144834	0	0.521086	0	13.0845	0.00383142	54.2297	0	0.344877	0	0.657792	0	1.66799	0	0.17955	0	0.388597	0	0.889291	3.02233	0	0.404565	0	0.0734041	0	59.0045	0.675693	0	0.0306878	0	11.1218	0	6.89339	0	3.89894	0	0.0739943	0	339.391	0	926.422	0.0218472	0.0544071	0.0218472	336.329	0.0218472	0	0.0443371	0	27.4856	0.00900901	8.97256	0.00347222	7.20628	0	0.154382	0	0.870566	0	0	0.0400338	1.32011	3.10152	0	16.4493	0.00292398	0	0	11.2863	0	484.771	0	0.0445566	0	101.762	0	0.0390923	0.402224	108.346	0	0.0188129	0	4.18528	0.0523684	3.82936	0.0469965	76.44	6.13374	2234.11	7.78698	0.0688347	0	818.757	0.0837855	21.6986	0.0252474	32.7584	0	33024.2	0.167359	1356.42	0.0130392	7144.44	0	6579.13	0	0.137767	0	4428.13	0.00653595	5925.52	0.0579562	18386.3	0.0548159	22186.8	0.00653595	18393.5	0	
2.6972e+07	MFG_R_7_1	0.735363	256572	1529.74	2.03777e+06	34688.7	2.64308e+06	0.0193539	227.798	0	0.00724638	3385.36	188.962	0.00775194	0.0114943	2286.86	0	1586.9	0	0.483694	544792	93297.4	795478	2589.49	7.02316e+06	75.9921	39928.5	0	0	0	22.3314	18.1851	643.261	0.36435	3188.09	26.3651	5.07158	0.486693	9.55302	4.21892	25.899	0	0	0	0	0	0	0	0	0	0	0	0	0	0.0631174	0.003663	0.00724638	0	0	0	0	0	0.168801	0.862345	0	0	0.00606061	0	0	0	0.021511	0	0	0.110618	0	0	0	0	0	0	0	0	0.0190515	0	0	0	0.00490196	0	0	0	0	0	0	0	0.021511	0	0	0.0045045	0	0.00456621	0.0424662	0.00456621	0	0	0.021511	0	0	0	0	0	0	0	0	0	0	0	0	0	0	0	0	0	0.0194658	0	0.0221496	0	0.0224105	0	0.00497512	0	0	0	3.5053	0	0.00555556	0.719531	0.0500371	0	3.78079	0	0.739643	0.00462963	8.00904	0.0168521	1.82373	0	0.0303187	0	0	0	0	0	0	0	0.00813008	0	0.0284728	0	0	0.00520833	0.00546448	0	5.58977	0.0323457	0	0	0	0.00383142	0.00628931	4.21446	0.236245	0	0.882092	4.35485	2.07356	0	0	0	0.00813008	0.00775194	0	0	0	0.0909648	0	0	0.00813008	0	0	0.00387597	0	0	0	0	0	0	0	0.00383142	0	0.565323	0	0	0	0.0587482	0	0.00387597	0	0.0030581	0	0	0	0	0	0	0	0	0.202764	0	0.214119	0	0	0.623684	49.369	0.00392157	0	0.00383142	0	1032.82	48.5128	0.463695	95.3933	0	50.7585	0.0160979	5.34095	0	0	0	1.41006	0	49.5398	0	30.1303	0	1.10157	0	37.3572	
1.8366e+07	MFG_L_7_2	0	4562.65	23798.3	36.3346	743.447	3145.99	28.743	4.64038	0.123475	0	6.32252	1151.52	0	0	1.50311	1586.9	0	959.366	0	0	1.11839e+06	23.8225	3.53444e+06	24232.6	505494	9092.13	0.0681834	0	327868	235.37	151.728	315.108	1473.69	12171.3	0.0361416	0.00641026	253.975	1104.61	304609	1698.28	0	0	0	0	0.0864922	0	0.0326575	0	0	0	0	0	265760	0	51314.2	0	574.552	0	0.0783091	0	22487.7	97.1439	1.93743e+06	0.444999	0	0	0	0	0.0453869	0	0.519867	0	32.8167	0.98497	58.3434	0	0.0634615	0	9.57188	0	41786.1	0.00416667	215.624	0	16501.4	0.00416667	1260.85	0	797.204	0	162.334	0	3.65823	0	74139.4	0	170446	0	11613.9	0	13347	0	0.247121	0	0	0	24.1038	0	0	0	0	0	0	0	0.0228337	0	0.0228337	0	0	0	723.414	0	0.595968	0	17.371	0.0165638	1.25804	0	59.8661	0	1.25565	1.99906	6.23059	0.00416667	39.0242	0	4636.52	23.6752	80007	22.3045	79714.6	70.5294	61.1794	0.177	41.8905	0.0191886	0.0238095	0.00401606	0	0	0	0	0	0.00401606	290773	0	0.388628	0	40826	0	31.1589	0.700448	5.99345	0.00438596	0	0	1.82564	0	528.387	0.234689	0	0.00396825	1138.78	0.301819	0	0	0	0	0	0	0	0	0.00595238	0	0.00595238	0	0	0	0.0161321	0.74145	0.00462963	0	0.120895	0.0037037	0	0	0.0765143	0.0144996	152.209	0	0.046439	0	8.85551	0.0037037	0.00343643	0.0375175	8.78299	0	0.377915	0	0.0517944	0	0	0	5.63499	0	18.4285	0.198523	0.31546	0	116.999	131.577	1.97116	0.00343643	0.65784	0	173273	23597.5	74.5607	59.7622	0	9.06544	304.947	0.814715	0.0339052	0.00584795	28.3175	2.91474	113.19	13.054	247.793	28.5243	217.45	9.96095	183.193	2.04735	
2.14079e+07	MFG_R_7_2	12167.6	52.1274	2642.72	29.0621	22587	1.3063	2401.95	3842.94	2129.9	186.188	219.794	0.11442	0.00374532	0	0	0	959.366	0	0	0	0.561258	38845.6	394.332	1.56976e+06	34.4993	2.21429e+06	0.491244	0.138156	0	233376	0.178412	419.981	1.3835	4056.45	0	9.55732	7.82546	20778.6	304.833	11907.1	0	0	0	0.00653595	3.82322	0	4.46626	0.201501	0.113869	0.00900901	0	0.0580694	0.0909362	286.335	0.0966705	46108.3	0.0675157	17121.7	0.0286772	496.983	0	12966.8	4.24527	6.42739e+06	0	0	0	0.0070922	0.00595238	0.138682	0	0	0.170777	1.76231	0	0	0.00537634	0.00555556	0.00537634	0	0	0	0	0.00555556	0	0	0	0	0.0955202	0.00555556	0.00411523	0	0.0185047	0.0213456	0	0	0.00411523	0.00248756	0	0.0170963	0.137613	0.0222222	0	0.0205177	0	0	0.00392157	0	0	0	0	0	0	0	0	0	0	0	0	0	0	0	0	0	0.00396825	10.459	0	3524.15	0	346.284	0	37.9816	0	696.923	0.0996845	0.0286772	0.00444444	4926.54	0	37.6317	0	31.7816	0.0176608	1.03335	0	0	0.00374532	0.00606061	0.0156207	0	0	0	0	0	0	5590.15	0	0	0.0200513	1141.47	0.042734	12577.9	0.00396825	0.00574713	0	0	0	0.046798	8.35303	0.0517241	0	0.0229885	4.53391	1.08179	0	0	0	0	0.00374532	0	0	0	0.0156207	0	0.0156207	0	0	0	0.016921	0	0	0	0	0	0	0	0.00374532	0.00469484	0.464877	0.0047619	0	0	0.0589481	0.00469484	0.016921	0	0.0333415	0	0	0	0.00724638	0.0275956	0.00724638	0.0230502	0.0445089	1.68664	0.00628931	0.772608	0	0.00401606	0.0634956	851.166	0.0998102	0.119905	0	0	22615.6	5395.94	0.0985698	321.673	0	0.175099	0.339444	24.3596	0.014737	0.0610048	0	0.959699	0.00490196	1.10289	0	10.8755	0.00490196	11.1812	0.0045045	2.19779	
3.47092e+07	MFG_L_7_3	0	0	0	0	1.75314e+06	1235.9	0	0	0	0	0.106085	124.954	4.86416e+06	6239.68	1.74471e+06	0.483694	0	0	0	17.5389	5.35248e+06	6353.36	0	0.00757576	0	0	3.43833e+06	3219.58	0	0	0.0111111	0.00724638	0	0	157211	0.846247	0	0	0	0	0	0.00813008	0	154.115	0	0	0	17.5597	0.0185328	0	12854.8	3.13458	0	0	0	0	0.0124034	0	0	0	0	0	0	0	0	0	0	0	10.2427	0	0	0	0	0	0	0	0	0	0	0	0	0	0.854256	0	0	0	0	0	0.00411523	0	0	0	4.28841	0	0	0	0	0	0	0	0.00411523	0	6.63773	0	0	0	0	0	0	0	0	0	0	0	2.17057	0	9.59397	0	0	0	0	0	0	0	0.0466786	0	0.0194741	0.00311526	0.00520833	0	0.00520833	0	0.123789	0	0.0047619	0	0	0	0	0	0	0	0	0	0	0	0.00529101	0	0	0	0	0.00311526	0	0	0	0	0	0	0	0	0.00537634	0	0.00505051	0	0	0	0	0	0.04189	0	0	0	0	0	0	0	0.0621909	0.0296296	0	0	0	0	0.00653595	0	0.0236539	0	0	0	0	0.10888	0.015882	0	0.337619	0	0	0	0.269098	0	0.164546	0	0	0	0.280419	0	0	0.0132673	0.0400875	0	0	0	10.0234	0	8.75662	0	100.13	0	756.728	0	0.816204	0	35.8747	0.00456621	0.0905024	0	30.8593	0	10393.6	0	1.26789	0	514.823	0	229.985	0	0.00833333	0	354.251	0	101.249	0	224.281	0	1300.22	0	278.422	0	
3.35697e+07	MFG_R_7_3	0	4.95968	0.00546448	121.172	38625	5.48178e+06	0.004329	2.60263	0	0.221802	180.384	2.8063	4492.53	13864.1	859.521	544792	0	0	17.5389	0	36070.7	6.93485e+06	0	158.231	0	0.0903242	0	3.35188e+06	0	0	77.7815	1.14999	0	1.06547	9410.72	12358	0	39.0571	0	0	0	0	0	69939	0.00243309	0	0	0.00383142	0	0	0	23284	0.0393117	0	0.036342	0.373699	0.132816	0	0	0.3987	0	0	0	0	0	0.0503196	0	0	0.00289855	38.9644	0	0.00584795	0	0	0	0	0	1.1074	0	0	0	0.657523	0.00289855	1.41933	0	0.296463	0	0.0409951	0.00340136	0.0151243	0	0	0	32.8456	0	0.00401606	0	0	0	0.0179043	0	0.0151243	0	27.8889	0.00340136	0	0.00340136	0	0	0	0	0	0	0.0323849	0	0	0	0.115759	0	0.00392157	0	0.480861	0	0.0459073	0.23265	26.0425	0.003663	6.53872	0	0.00574713	0	13.7021	0.00378788	4.19148	0	38.1875	0	20.0053	0	0	0	0.783845	0	5.30156	0	0.0571828	0.0364476	0.303071	0.00378788	0.333908	0	0.0181481	0	0	0	0	0	0	0	0.00574713	0	5.04318	0	0	0	0	0	0	0	0	0	0	0	0.274056	0	0	0	0.0306878	0.00925926	0	0	0	0	0	0	0	0	0	0.600638	1.96179	0.00282486	0	0.00282486	0.105475	0	0	0.00282486	4.75695	0	3.13653	0	0.0469296	0	6.6107	0.257426	0.64298	0	0.0400427	0	0.726096	0	0.265953	0	4.61805	0.0984656	96.1284	0.0106633	982.741	0	1659.57	0.632399	796.465	0	29.0705	0.00243309	35.6366	0	170273	0	1119.57	0	26510.4	0.595543	299.952	0.003367	0.0481475	0	29002.3	0.0111142	876.24	0.00273224	5927.37	0	23663.1	0	542.951	
2.07386e+08	MFG_L_7_4	0.836585	16698	2.24959e+06	941.326	6.47329e+06	4.23565e+06	405.657	18.2784	12.8164	0.003003	2767.5	479170	140899	251105	8.88004e+06	93297.4	1.11839e+06	0.561258	5.35248e+06	36070.7	0	592122	1.856e+06	4109.91	139.883	0.567733	106653	20549.6	205.887	14697.5	980390	71214	28338.2	267020	6.44536e+07	2268.34	959.452	292.555	957.462	8338.05	0	0	1.97498	2919.5	5.42894	0.00248756	2.93504	0.143274	0.0128205	0	188956	657.829	407.347	0	69.5215	0.026323	413.012	0.0321186	3.78687	0.015392	4.23451	0.809347	1291.64	0.0466651	0	0	0.0202067	0	464.382	0.00280112	90.3749	0	877.152	0.241731	120.846	0	3555.56	0	371.693	0	103.276	0	255.707	0.00311526	51.1522	0	309.627	0	116.061	0	10.1593	0	757.708	0.193652	417.755	0	2002.97	0	55.5645	0	505.379	0	271.197	0.00280112	6670.28	0.0343162	9.41471	0.00462963	0	0	0.00323625	0	0.00323625	0	86.6873	0.00347222	382.277	0.00347222	0.00323625	0.00347222	118.176	0	0.00520833	0	11659	3.00978	210.521	1.10764	14.0724	0.0165638	568.003	4.90284	13341.3	0.0159686	38969.5	0.0843754	331.33	15.5769	60.1041	14.4563	60.2476	45.614	839.104	0.232368	99.9711	0.00438596	4.10504	14.4075	0	8.02669	0.122162	1.37673	0	1.52993	18.105	0.00497512	6.52314	0	130.657	0.00416667	1815.16	1.84417	6637.82	0.00438596	0.314387	0	7800.78	0	330711	0.29753	19.9848	0.652771	3545.48	0.25386	0	0	0.113285	3.16167	0.00653595	0.615133	0	0.0216049	0.0570728	0	0.147618	0	0	0	5844.06	131.941	480.604	0	92050.8	1.0996	0.980356	0	232565	0.0791073	102703	0.0518141	190.948	0.0123016	152626	1.60824	35741.6	10.7983	20547.9	0.459365	2539.26	0.0806507	379.437	0.0120915	355.769	0.219214	6524.62	0.123469	92882.6	5.66325	171.21	0.0958692	77191.6	49.4208	20000.8	0.378866	231315	0.00529101	2.22902e+06	955.73	46008.7	33.3878	359543	106.556	485604	6.2015	242.618	0.232787	96307.2	40.6173	103102	127.448	169921	195.364	397371	75.9555	362297	21.8758	
