data	data	5.97705e+07	4.02596e+07	3.86761e+08	3.59969e+07	5.5754e+08	8.48794e+07	1.626e+08	3.80768e+07	5.62057e+07	5.68148e+07	7.62523e+07	3.79479e+07	1.91067e+08	4.47313e+07	6.95996e+07	1.06579e+08	7.22703e+07	4.04828e+07	4.63265e+07	2.5344e+07	4.95265e+07	7.5495e+07	6.93709e+07	9.46497e+07	1.03394e+07	3.24109e+07	1.63643e+08	1.57514e+08	2.52216e+07	1.17595e+07	1.92746e+07	2.90054e+07	4.93834e+07	2.2478e+07	1.70779e+07	1.04501e+07	3.76678e+07	2.16943e+07	6.67775e+07	2.15244e+07	9.93456e+06	4.26841e+06	1.8857e+07	2.12855e+08	2.45244e+07	2.83479e+07	7.5712e+07	7.46269e+07	1.03757e+07	4.53934e+06	1.89132e+07	8.39274e+07	8.55042e+07	3.34249e+07	3.70581e+07	5.94753e+07	2.46666e+08	2.59785e+07	2.43779e+08	2.27292e+08	2.44306e+07	1.20861e+07	5.60748e+07	1.60113e+07	3.65881e+06	9.20149e+06	4.25543e+06	1.89117e+07	1.63371e+08	1.74705e+07	1.78204e+07	5.34924e+07	4.12933e+07	4.31632e+07	2.31191e+07	6.10236e+07	5.58028e+07	1.75267e+07	7.53073e+07	7.00492e+07	4.65315e+07	4.6932e+07	1.15908e+08	6.77011e+07	5.8953e+07	8.52385e+07	8.21958e+07	9.98981e+07	7.52801e+07	4.07097e+07	5.73507e+07	2.45373e+07	7.62345e+07	3.92051e+07	1.1779e+08	3.86148e+07	6.24357e+07	4.41313e+07	8.93061e+07	2.52876e+07	2.28368e+07	2.38987e+07	1.05556e+08	1.31281e+08	3.09259e+08	3.79301e+08	2.05088e+08	1.50344e+08	3.3192e+07	2.09351e+07	6.02545e+06	1.65063e+07	1.42787e+06	1.08329e+07	1.38595e+07	3.31788e+07	2.16009e+07	3.86434e+06	8.78968e+06	6.78902e+06	1.35546e+07	2.31931e+07	1.73438e+07	1.4151e+07	2.8584e+07	5.71934e+07	1.32543e+08	8.47707e+07	3.55672e+06	5.89758e+06	1.90503e+07	5.62725e+07	1.32886e+07	5.2517e+06	3.15505e+08	1.37019e+08	7.52196e+07	1.17892e+08	5.68318e+07	5.72105e+07	1.05036e+08	4.75616e+07	5.29566e+07	3.59191e+07	1.28375e+07	4.29694e+07	2.4688e+07	7.25334e+07	8.2656e+06	1.37429e+07	9.80123e+07	1.64904e+08	6.2326e+06	1.27289e+07	8.07498e+07	3.9992e+07	1.36283e+07	5.3133e+06	7.73609e+07	2.18183e+07	7.36035e+07	4.31167e+07	1.62019e+07	2.13494e+07	9.60669e+06	1.29784e+06	4.03241e+07	2.36314e+06	1.99327e+08	4.50376e+07	3.45147e+06	4.93083e+06	7.97171e+07	4.73917e+06	1.76544e+06	2.51056e+06	1.15972e+07	3.09823e+07	2.78419e+07	8.3539e+06	3.79624e+06	1.34045e+07	1.11925e+07	2.90403e+06	1.41206e+07	9.18922e+06	9.53957e+06	5.05193e+06	1.11483e+08	2.16441e+08	7.25416e+08	3.08764e+08	7.03468e+08	4.36042e+08	8.58854e+07	1.86786e+08	8.06794e+08	3.95621e+08	2.59132e+08	7.00268e+07	1.95746e+07	4.55938e+07	4.06633e+08	2.23099e+08	1.75494e+08	1.76351e+08	5.12638e+08	2.14758e+08	3.87523e+08	1.22198e+08	1.99255e+07	1.10598e+07	5.05869e+07	6.46284e+07	1.45724e+08	4.42975e+08	1.16478e+08	1.49298e+08	1.00055e+08	1.05851e+08	1.89166e+08	4.86936e+08	2.19934e+08	3.04553e+08	2.21604e+08	3.81028e+08	8.20242e+07	1.5936e+08	1.99162e+08	5.91079e+08	9.27051e+07	9.0778e+07	1.9592e+08	3.96199e+07	6.25034e+07	1.53752e+07	9.67609e+07	7.85478e+07	8.82266e+07	6.75102e+07	6.62148e+07	8.98638e+07	7.37986e+07	1.34922e+08	1.083e+08	7.66238e+07	
data	data	SFG_L_7_1	SFG_R_7_1	SFG_L_7_2	SFG_R_7_2	SFG_L_7_3	SFG_R_7_3	SFG_L_7_4	SFG_R_7_4	SFG_L_7_5	SFG_R_7_5	SFG_L_7_6	SFG_R_7_6	SFG_L_7_7	SFG_R_7_7	MFG_L_7_1	MFG_R_7_1	MFG_L_7_2	MFG_R_7_2	MFG_L_7_3	MFG_R_7_3	MFG_L_7_4	MFG_R_7_4	MFG_L_7_5	MFG_R_7_5	MFG_L_7_6	MFG_R_7_6	MFG_L_7_7	MFG_R_7_7	IFG_L_6_1	IFG_R_6_1	IFG_L_6_2	IFG_R_6_2	IFG_L_6_3	IFG_R_6_3	IFG_L_6_4	IFG_R_6_4	IFG_L_6_5	IFG_R_6_5	IFG_L_6_6	IFG_R_6_6	OrG_L_6_1	OrG_R_6_1	OrG_L_6_2	OrG_R_6_2	OrG_L_6_3	OrG_R_6_3	OrG_L_6_4	OrG_R_6_4	OrG_L_6_5	OrG_R_6_5	OrG_R_6_6	OrG_R_6_6	PrG_L_6_1	PrG_R_6_1	PrG_L_6_2	PrG_R_6_2	PrG_L_6_3	PrG_R_6_3	PrG_L_6_4	PrG_R_6_4	PrG_L_6_5	PrG_R_6_5	PrG_L_6_6	PrG_R_6_6	PCL_L_2_1	PCL_R_2_1	PCL_L_2_2	PCL_R_2_2	STG_L_6_1	STG_R_6_1	STG_L_6_2	STG_R_6_2	STG_L_6_3	STG_R_6_3	STG_L_6_4	STG_R_6_4	STG_L_6_5	STG_R_6_5	STG_L_6_6	STG_R_6_6	MTG_L_4_1	MTG_R_4_1	MTG_L_4_2	MTG_R_4_2	MTG_L_4_3	MTG_R_4_3	MTG_L_4_4	MTG_R_4_4	ITG_L_7_1	ITG_R_7_1	ITG_L_7_2	ITG_R_7_2	ITG_L_7_3	ITG_R_7_3	ITG_L_7_4	ITG_R_7_4	ITG_L_7_5	ITG_R_7_5	ITG_L_7_6	ITG_R_7_6	ITG_L_7_7	ITG_R_7_7	FuG_L_3_1	FuG_R_3_1	FuG_L_3_2	FuG_R_3_2	FuG_L_3_3	FuG_R_3_3	PhG_L_6_1	PhG_R_6_1	PhG_L_6_2	PhG_R_6_2	PhG_L_6_3	PhG_R_6_3	PhG_L_6_4	PhG_R_6_4	PhG_L_6_5	PhG_R_6_5	PhG_L_6_6	PhG_R_6_6	pSTS_L_2_1	pSTS_R_2_1	pSTS_L_2_2	pSTS_R_2_2	SPL_L_5_1	SPL_R_5_1	SPL_L_5_2	SPL_R_5_2	SPL_L_5_3	SPL_R_5_3	SPL_L_5_4	SPL_R_5_4	SPL_L_5_5	SPL_R_5_5	IPL_L_6_1	IPL_R_6_1	IPL_L_6_2	IPL_R_6_2	IPL_L_6_3	IPL_R_6_3	IPL_L_6_4	IPL_R_6_4	IPL_L_6_5	IPL_R_6_5	IPL_L_6_6	IPL_R_6_6	PCun_L_4_1	PCun_R_4_1	PCun_L_4_2	PCun_R_4_2	PCun_L_4_3	PCun_R_4_3	PCun_L_4_4	PCun_R_4_4	PoG_L_4_1	PoG_R_4_1	PoG_L_4_2	PoG_R_4_2	PoG_L_4_3	PoG_R_4_3	PoG_L_4_4	PoG_R_4_4	INS_L_6_1	INS_R_6_1	INS_L_6_2	INS_R_6_2	INS_L_6_3	INS_R_6_3	INS_L_6_4	INS_R_6_4	INS_L_6_5	INS_R_6_5	INS_L_6_6	INS_R_6_6	CG_L_7_1	CG_R_7_1	CG_L_7_2	CG_R_7_2	CG_L_7_3	CG_R_7_3	CG_L_7_4	CG_R_7_4	CG_L_7_5	CG_R_7_5	CG_L_7_6	CG_R_7_6	CG_L_7_7	CG_R_7_7	MVOcC	MVOcC	MVOcC	MVOcC	MVOcC	MVOcC	MVOcC	MVOcC	MVOcC	MVOcC	LOcC_L_4_1	LOcC_R_4_1	LOcC_L_4_2	LOcC_R_4_2	LOcC_L_4_3	LOcC_R_4_3	LOcC_L_4_4	LOcC_R_4_4	LOcC_L_2_1	LOcC_R_2_1	LOcC_L_2_2	LOcC_R_2_2	Amyg_L_2_1	Amyg_R_2_1	Amyg_L_2_2	Amyg_R_2_2	Hipp_L_2_1	Hipp_R_2_1	Hipp_L_2_2	Hipp_R_2_2	BG_L_6_1	BG_R_6_1	BG_L_6_2	BG_R_6_2	BG_L_6_3	BG_R_6_3	BG_L_6_4	BG_R_6_4	BG_L_6_5	BG_R_6_5	BG_L_6_6	BG_R_6_6	Tha_L_8_1	Tha_R_8_1	Tha_L_8_2	Tha_R_8_2	Tha_L_8_3	Tha_R_8_3	Tha_L_8_4	Tha_R_8_4	Tha_L_8_5	Tha_R_8_5	Tha_L_8_6	Tha_R_8_6	Tha_L_8_7	Tha_R_8_7	Tha_L_8_8	Tha_R_8_8	
5.97705e+07	SFG_L_7_1	0	3.13847e+06	1.07509e+07	73096.1	2.88472e+06	22327.9	4.74238e+06	6924.84	197777	1754.53	133619	94198.6	1.42358	4.0473	2.82447	298874	18577.2	414915	0.0236676	0	7.82736	3.24593	293.037	573346	0.0220275	149847	383.42	0.0605831	19089.1	51.7211	44.067	0.148195	3203.55	343.271	6.28136	4.50749	29399.7	531.032	718761	924.193	0	0	2.77596	0.251177	0.0930959	0	10.0917	0	0.0138262	0.003367	3.75014	0.126471	0.00833333	0	0.00833333	49.9196	35.563	1.10138	14.1676	1574.39	3.72221	9.95435	1.32437	0.229405	28.8261	1599.63	6.57867	193.774	69.2761	0.00268817	0	0	29557.4	0	0	0	13435.5	0	0.603332	0	0	0.692444	51.5735	0.0609583	0	6.04762	14.8312	0.00294985	4.46975	0.00993103	0.00401606	0	20.7251	0.130425	3.10039	0.00266667	0.324866	4.83437	0.42493	1.51832	0	0	1.61239	0.095118	15.9229	152.39	0.131785	0.0637764	0.188429	0.00268817	0	0	0	0	0.185591	0.00606061	0.0531107	0.00268817	0	0	0	0.00294985	0	0	104.881	0.910589	299.974	2.42306	0	0	187.576	8.31411	60.0635	0.0556765	775.111	0.45758	5.73681	1.0544	1.62441	0.00505051	5.22593	0.00505051	0.00392157	0	0.00497512	0.00416667	341.235	0.974571	81.9611	2107.48	67.1301	0.128932	358.984	166.549	0.0430601	0	0.00505051	0	0.114509	0	104.8	34.3035	1872.33	0	4.5957	0	66635.3	0.0283688	619636	0.0196226	7.1294	0	998835	0.00666667	0.369955	1.45019	4811.71	30011.1	0	7.16433	0.107105	2.79437	21753.3	1004.63	2320.24	1505.07	0	0.610637	144.631	201.892	82.9821	0	993.802	0.0126385	1.16813	8.74799	1024.55	0	166.301	0.0313597	0	0	904.653	0.0286665	614.09	144.264	1114.71	0.835259	1640.29	0.129973	1.12318	1.03504	0.0362171	0.110234	2213.75	1532.41	13.1632	0.00564972	1.29055	0	116531	1830.08	256.394	1.75699	1500.73	0.662428	207789	81245	1763.58	46.0909	9387.68	0	2.41524e+06	0.0498464	13196.8	0.2069	35746.1	0	80638.9	0.013847	99618.4	0.0238171	132173	0.0238171	602707	0.0303859	
4.02596e+07	SFG_R_7_1	3.13847e+06	0	687903	362812	47044	835508	1.54335e+06	1.3407e+06	660023	127604	9213.68	4.19919e+06	0.391329	0.974988	0.0906035	16665.5	20.6384	843.6	0.00236407	0.6538	1.74986	1039.76	6836.22	32935.2	14470.6	256.306	0.0930063	7.44435	0.835901	3810.98	1.68668	1783.12	86.5609	462095	0.920358	40448.6	243.928	698890	558.716	514651	0	0	0.00320513	3.86201	0	0.00757576	0.00320513	0.00287356	0.00294985	0	0	37.7739	1807.32	0.030303	379.606	16.2468	50.4436	0.400902	55.548	63.7769	0.394607	44.1081	101.154	5.07043	10.6503	24.6538	10.4942	35.8802	19.034	0.107421	0	0	18.2824	50.9487	0	0	11.6846	2.21764	0	1.75912	0	0.705026	0	195.76	0	2.02773	0	0.795487	0.752471	0	13.7677	0	0	43.1189	0	3.67672	0.0880691	2.41497	0.00258398	2.06928	0.0045045	0	0	13.3898	50.0612	35.8157	7.36162	0.00323625	0	0.780159	0.0387945	0.003663	0	0	2.97046	0.0391804	0.0136516	0.792604	4.12924	0	0	0.203587	0	0.023399	0.529338	232.172	17.503	2104.65	0.00529101	0	1.10065	91.8956	0.127741	29.6293	8.11977	181.599	0.0418416	98.4148	0	0.163524	0	0.00666667	0	0	0	0.30433	499.963	78.4504	104.999	67.1432	3.74402	137.439	220.277	455.986	0.105641	0.00537634	0	0	0.0167609	0	15.5229	122.238	0.00258398	2350.23	0	0.00952381	428.342	5143.23	532.708	86518.4	0	43507.6	657.777	285303	4.32064	6.36262	4089.39	9040.61	0.80458	64.2539	40.4603	31.9533	752.023	6319.88	511.016	506.402	0	0.253739	6.5693	2756.29	0.0122911	100.07	0.147208	273.734	0.40781	13.4941	0.057648	47.9833	0	18.1515	0	0	0.0773475	171.562	93.4325	14773.6	0.0775206	1869.2	36.2395	279.837	0.00294985	43.5159	0.0617133	5.29348	65.9172	125416	0.215463	190.463	0.0778105	2.26573	183.161	1.85766e+06	30.7926	405.724	0.827478	377.434	632.063	416339	16.7287	158657	0.369017	250701	196.679	1.43937e+06	11.2843	46.7477	0.0562713	4618.83	0.781186	35837.8	0.192753	57454.9	0.232065	45346.8	1.63884	514851	
3.86761e+08	SFG_L_7_2	1.07509e+07	687903	0	11242.4	1.01236e+08	110558	2.18318e+07	828.777	0.179133	22.458	2.15365e+06	57970.4	1.99632	31.9084	7.67505e+06	104210	1.25096e+06	49122	1012.29	7.4529	3.07833e+06	2634.72	1.57209e+07	259711	7861.1	34981	85.9708	0.52432	299342	124.397	353937	63.2405	6.11617e+06	2131.81	7214.29	8.93413	1.7385e+06	424.561	9.32376e+06	318.457	0	0	0.931032	0.178876	0.00374532	0	2.00284	0.0487272	0.0785347	0	4.49432	0.0762618	21.2781	0	47.9194	60.0889	196.718	0.721394	139.566	2399.8	10617.7	1.54606	36811.7	0.0070922	0.37064	5.31157	0.00724638	1.01086	15.7261	0	0.276149	0	107704	0.0164325	0.0538851	0	41271.1	0	5.65895	0.0095679	0.672827	0.101387	209.819	0.214733	7.48924	1.34612	70.8387	0.00231481	7.81295	0.00993103	2.4317	0	100.67	0.214733	56.3434	0.0126593	766.173	0.806461	241.099	0.199994	0.0110806	0	1.16675	0.201534	90.1093	381.112	1.07277	0.0613066	0.0442389	0.00268817	0	0	0	0	0.362362	0	0.0733308	0	0	0	0	0.00358423	0.0149353	0.00421941	109.732	3.09428	1368.02	5.79658	0.685785	0	146.218	8.30018	56.3656	0.73128	2729.15	0.358468	688.279	0.870919	8.02372	0.00529101	74.4516	0.00512821	0.897958	0	78.2775	0.00512821	1.11022	1.04083	1.14531	6.7848	71.4623	0.0540227	0.0037037	0.167968	238.515	0	31.6189	0	508.538	0	1289.69	18.9037	5478.9	1.73171	104.927	0	848139	0.320875	2.61086e+06	21.9055	12.6529	1.54463	3.51868e+06	1.81154	0	0.0153338	759.089	14057.2	0	0.65293	0	0.0338648	2.03262	0.186886	0.0220521	12.7747	0	0	1277.02	389.013	1260.59	0	30749.7	0.0811823	4.40501	31.3462	3814.29	0	191.416	0.0563398	0	0	6304.21	0.079682	302.201	311.14	1170.65	2.96185	4306.68	0.683718	0.550806	3.25427	0.0880927	0.0793308	6812.91	3259.19	0.0602559	0.003663	0.919511	0	249110	5426.49	63.9008	1.98633	4431.26	0.504782	146844	19756.1	68668.5	131.315	5560	165.406	2.21176e+06	180.588	19377.2	0.375933	15614.3	0.819366	47506.6	0.346773	54910.3	6.79149	56517.1	3.44569	340196	65.5507	
3.59969e+07	SFG_R_7_2	73096.1	362812	11242.4	0	82.0857	754304	68829.5	846406	111033	28378.4	30.4623	3.58028	0	0.02103	0	1.25784e+07	0.684569	116.237	0	1.23842	0.43432	202.152	36.9206	920732	804.353	1.03859e+06	0.0162172	0.99548	0.00564972	168.826	0.297989	83.8733	294.627	355344	0.0220443	692.168	8.32837	211756	15.209	500031	0	0.00584795	0	0.00877193	0	0	0.00537634	0.436135	0	0.00584795	0	1.15464	29.5678	0.0104167	1.67142	62163.3	0.301037	160.497	0.180188	229.113	0.0231902	790.202	0.822066	4.11225	0.00555556	0	0.505654	0.149931	0.308442	0	0	0	0.105118	27.1049	0	0	8.87731	0	0.00537634	0.00606061	0	2.24071	0	0.167066	0	140.081	0	0.281443	0.0159091	0.0406799	0.237611	0	0	0.004329	0	0.0191936	0	293.031	0	0.568319	0	0	0	0.017316	1.62395	0.289879	0.391602	0	0	0	0	0	0	0	0.184143	0	0	0	0	0	0	0.489722	0	0.0566434	0	1.69977	0.692914	41.2163	0	0.00900901	0	1.89442	0	1.41328	0.124624	37.3768	0.0193277	881.864	0	0.88825	0.0047619	0.177873	0	0.00617284	0	2.14217	0	0.175753	0.541968	0	0	0.868786	0	0	0.987657	8.3841	0	0	0.0045045	0.0968414	0.135786	1.90603	0	16.4347	0	0	133.173	160.039	185.713	524.092	0	211.611	188.694	779.529	0	0	0	0.0251323	0	0	0	0	2.94327	0	0	0	0	0	0.578813	10.0544	0.003663	0.867778	0.0911814	6.77606	0.004329	0.0406061	0.003663	0.531667	0.003663	0.230306	0	0	0	6.08327	6.63027	13.0078	0.003663	10.269	1.87862	7.7902	0	6.09088	0	0.00505051	0.0640704	6562.6	0.00277778	0	0.00378788	0.00497512	0.621333	24834.9	0.484965	1.03532	0.0911649	3.57351	400.959	33315.2	1.11204	689.095	0.719603	123.727	7.00852	1371.95	0.309436	0	0.00277778	0.197861	0.457745	47.9475	0.500086	3.27356	0.366078	37.0266	1.58216	465.586	
5.5754e+08	SFG_L_7_3	2.88472e+06	47044	1.01236e+08	82.0857	0	4.57333e+06	542.452	0.296956	73.5929	2.26932	3.16173e+07	369422	5.04249e+07	3.88742e+06	1.90282e+07	119112	859543	13562.6	7.71733e+06	157987	7.1816e+06	816403	814361	576762	8.89415	207.888	2.25121e+06	2.25342e+06	78844.6	80.7435	221445	55123.9	4.44653e+06	2489.3	672976	16153	1.25506e+06	212.171	1.41371e+06	23.7473	2088.2	1.8349	3463.22	5798.1	0.243483	0.184799	1307.58	132595	2.55035	0.0613545	128455	3544.37	10.5417	0.00387597	142.474	145.871	945.237	1.34367	341.683	3527.82	223.2	0	43.8354	0	0.00358423	0.477189	0	0.0722682	4751.72	0.00268817	35.3753	1.29776	22116.7	2.55787	5.19544	1.29115	34105.6	21.5967	35.5063	9.49733	13.6588	0.18158	1959.55	35.3048	82.9009	0.102906	390.246	0.494211	111.216	0.0030303	35.624	0	1070.26	15.5057	491.214	0.228681	5620.78	0.144634	1833.51	0.00411523	1.19958	0	48.0039	3.42546	102.139	368.874	14.4727	0.0297777	48.197	0.00266667	66.7278	0	0	0	489.071	0	3.26347	0.0107097	611.966	0	0.0186489	0.607867	0.142683	0.0147281	4991.95	8166.5	31282.3	3916.78	1.29836	0	19.2771	61.1341	3166.97	34.9575	65863.8	0.49848	14958.4	1.2204	50.0435	0.0374083	2800.83	0.004329	17.6397	0	2908.73	2.60406	25172.2	56902.6	89.5582	325.935	25212.9	24.9552	34818.6	221.374	13250.3	0	221.494	0	19555.2	0	19991.8	7.31265	25327.5	32.3486	118.911	0	1.89215e+06	0.308266	1.13498e+07	250.323	45.701	16.3053	2.36441e+06	14.4901	194.338	0.119933	1.21225e+06	4.49093e+06	235915	0.736399	2637.49	0.0860167	49943.3	0.049594	315707	2.05003	75312.5	20.0583	21804.3	549.574	96279.5	0.00333333	362544	0.0491417	6.07046	70.9275	114588	0.026547	641.92	0.0143526	0	0	27929.1	0.0110313	1289.57	232.359	75372.2	2.76412	143093	0.162045	0.218833	34.3355	403.414	24.2661	11803.8	4988.61	5763.75	282.063	29396.1	127.719	183592	7021.58	103.062	12055.6	3.23596e+06	24185	898607	220.674	2.31591e+06	34845.8	1.09405e+06	111.964	1.56724e+06	63.676	420.405	57.7499	122981	23.8557	6062.62	264.609	11411.6	141.39	145192	149.166	512891	110.988	
8.48794e+07	SFG_R_7_3	22327.9	835508	110558	754304	4.57333e+06	0	117.853	124.878	45.0059	854.914	744934	1.23667e+07	96347	5.68517e+06	233957	1.7098e+06	9.444	122.448	9651.74	4.40609e+06	574858	1.35026e+06	18.9186	687012	6.64301	10.47	7.3771	1.24169e+06	0	3539.83	6373.46	268318	317101	1.31397e+06	31555	109255	18062.8	252166	7130.33	214124	0.535577	0.00628931	0.0199128	429.273	0	0	0.174365	0.220938	0.00260417	0.00628931	1.6127	1028.16	0.222362	0.0131366	3.77548	16.0927	21.237	307.977	25.0705	9.78875	0.00358423	22.8234	0.00358423	1.07225	0.341833	54.0969	5.75233	15.4276	0.506566	3.69846	0	4.43791	26.2143	11.9837	0	5.30584	57.2294	0.0686568	0.12321	0.0878572	0	134.662	1.54409	18.9556	0.0328302	89.7176	0.304298	113.2	0.126842	0.849037	0.117446	0.682428	0.922331	16.7089	0.0728074	9.31901	14.3249	125.346	2.40662	19.8309	0	0.186935	0.062985	0.818505	0.0849516	0.928164	0.00213675	0.0042735	0.968078	1.81863	6.25062	0	0	0	33.6056	24.9587	0.0118346	2.71615	42.6846	0	0	249.743	0	9.16783	0.927804	1244.66	24.6525	3745.07	0	0	0.764604	1067.23	0	1197.12	43.6663	987.314	1.57211	525.212	0	1.27212	0.0155797	1.92843	0	0	0	98.9292	619.838	240.336	10.7159	289.617	51.2795	819.068	888.388	61577.1	0.0335837	295.336	0	259.484	0.323987	18.9912	10.806	5890.38	196.399	8115.53	0.299045	0.493521	7240.7	898.564	27140.1	287142	1.50129	15377.8	5776.8	35443.3	56.821	2359.89	392595	1.57357e+06	3121.2	192513	214.225	30185.7	49.1453	3725.75	1104.47	81542.5	10162.4	11599.2	344.124	427.14	456.626	1.2395	3274.44	50.7837	0	0.114904	107.651	1.59718	4.17018	98.4725	0	0	261.69	422.13	19.8919	3384.45	33.6005	7546.6	73.9078	981.517	0.0147742	3.92305	0.00260417	34.3076	103.994	11790.5	19.5094	1943.43	0.0439597	4134.17	158.7	160401	1.41687	19.8299	581.4	3714.55	1004.59	225638	1728.47	288864	2236.66	533522	3312.07	168183	1.52654	6.25737	0.514439	52835.3	73.4181	361.648	52.8574	40214.7	32.3853	74540.7	3394.6	124903	
1.626e+08	SFG_L_7_4	4.74238e+06	1.54335e+06	2.18318e+07	68829.5	542.452	117.853	0	29780	1.21772e+07	484184	2.01636	50.0444	1.739	0.0209987	0.73388	36759.4	6867.47	24492.7	1.28656	0.00297619	255.565	0.622766	19945.3	9446.36	551321	52086.6	38.8213	0.600608	27576.5	8.14884	4470.41	0.00401606	9848.27	157.493	1131.29	6.29504	42444.2	452.136	2.33831e+06	649.725	0.00512821	0	2.82713	0.23078	0.075518	0.203011	2.77639	2.94831	0.137431	0	78.9639	0.0391515	1839.25	0	1.77954e+06	4476.14	1231.21	2.04552	98375.6	3063.19	147985	47.1831	288043	14.1231	0.870156	1310.56	1.17267	9307.45	6.56298	0	0.00490196	0	30191.6	0.00574713	0	0	9684.67	0	0.754474	0.00231481	0.0175198	0.330702	18.6389	0.0340996	0.00483092	1.33277	6.01191	0.00231481	0.830359	0.00993103	0.252758	0	3.00114	0.0607918	0.756942	0.0306054	6.70028	1.34929	3.48793	0.495292	0.00396825	0	0.289605	2.38737	383.457	513.427	0.903636	4.03066	0.072291	0.00268817	0	0	0	0	0.176268	0	0.0435038	0.00320513	0.00483092	0	0	0	0	0	127.565	60.8027	125.06	81.7561	0.00564972	0	4868.97	248.48	57.812	2.33284	362.234	4.51947	2.52395	2.98496	0.977919	0	1.63439	0.00512821	0	0.00362319	0.0191936	0.00512821	1.2185	14.3842	313.388	1459.09	18.7159	0.567798	0	46.3218	0.0697691	0	0.00694444	0	0.270936	0	516.4	108.177	304.752	0.0281557	566.814	0	36734	0	452422	1.59514	7.93713	0.599784	1.03991e+06	0.0245661	0.0174299	0.0221053	0.00757576	72.6976	0	0	0	0.221336	2.87799	4.68223	0	581.871	0	0.00833333	1264.06	512.755	25.9812	0.0035461	400.014	0.0830398	10.3829	33.1713	190.379	0	17.2919	0.666437	0	0	175.998	0.211398	1913.63	755.946	199.357	11.7026	823.126	5.74055	34.5706	2.64738	0.0884391	0.217228	36220.9	1482.14	0.004329	0	0.788102	0.0150195	2.60828e+06	5927.09	677.482	8.99558	2137.25	0.626735	158993	51971.1	39322.8	503.332	1301.34	0.0367868	2.91763e+07	3.94974	23786.2	1.20063	11494.5	0	84170.5	0.335433	45739.6	0.00362319	44208.7	0.00271003	1.08145e+06	0.286526	
3.80768e+07	SFG_R_7_4	6924.84	1.3407e+06	828.777	846406	0.296956	124.878	29780	0	144548	7.39681e+06	0.00383142	0.416989	0.0107527	0	0	63945.3	0.147802	6267.24	0	0.0539195	0.00456621	295.378	0.15751	1965.79	38.4387	2.00073e+06	0.00297619	0.138713	0	86.7048	0	152.239	0.0193539	1506.07	0.0387025	1884.42	0.0765936	5948.96	0.168699	57184.5	0	0	0	0.00392157	0	0	0	0	0	0	0	0.777451	1331.87	14.3572	123.528	485217	77.0484	226.554	177.267	163.289	0.0238171	146535	2.77713	21145.7	22.8686	16.8931	67.1899	5.07889	12.6969	0	0	0	0	6473.7	0	0.00628931	0.0497449	21.5494	0	12.2183	0	0.370459	0	63.7573	0	0.476803	0	0.213934	0.0349311	0.0467034	0.79186	0.00438596	0.00248756	0.0204518	0	0.192474	0	28.2732	0	0.0172107	0.00416667	0	0	0.018648	9.10509	30.3459	3.06445	0.0180726	0	0	0	0	0	0	4.83872	0	0	0	0	0	0	0.282215	0	0.00421941	1.65242	16.8013	423.535	346.354	0	0	18.1	34.616	0.565403	3.15796	116.942	84.6451	0	503.23	0	1.41878	0	0.00833333	0	0	0	3.20821	0.0047619	22.1403	154.895	3.3974	0.11045	29.8117	0.00595238	0	11.1955	11.8595	0	0	0.00606061	0.241359	87.7018	121.761	0	313.636	0.134825	0	0.1075	2.35667	1.36015	17398	0	2071.56	1.40249	2920.67	34.0686	0	0	0	0	0	0	0	5.10393	0	35.0425	0	0	0	37.685	1770.13	0	114.138	0.0126385	296.544	2.60478	16.9441	0.0277056	65.773	0	12.5507	0	0	0	161.078	59.2153	2596.94	0.438123	543.199	718.603	119.256	0.0387081	162.234	0.00392157	0.0212121	29.0459	1.56711e+06	0	0.00595238	0.0312591	0.180636	108.279	4.69694e+06	31.9171	7.70604	1.44899	212.868	87.7071	29112.8	159.38	32117	0	5761.27	490.828	81409.6	125.127	6.99872	0	0.796451	14.0669	1218.54	0.00483092	16.9591	0.00483092	169.066	0.0639741	23922.1	
5.62057e+07	SFG_L_7_5	197777	660023	0.179133	111033	73.5929	45.0059	1.21772e+07	144548	0	3.82774e+06	1.08557	171.067	0.124535	0.00952381	0.0498539	53553	0.817198	131.554	0.615046	0	4.52858	0.01753	0.0380952	581.39	16.1084	66402.2	0.386268	0	0.637369	0	0.18463	0.00574713	0.435552	3.69053	26.9293	1.14687	1.31659	3.4281	1.00134	26.4642	0.00512821	0.0542442	0.0187793	0.0218814	0.0836849	0.140441	0.187066	0.957874	0	0	0.403392	0	1049.84	0.0261887	933302	698238	2.29632	379.588	2.18792e+06	88445.9	0.0664376	189.32	129.548	82.4194	2602	4259.1	1.17228e+06	121776	0.00262467	0.0379909	0	0.0167775	0.258923	0.294684	0	0.0383241	0.190513	0	0.00392157	0.00438596	0.004329	0.150224	0.0595149	0	0	0.0047619	0	0.102596	0	0.0327077	0.0157058	0.00340136	0.0143386	0	0.0143386	0.128635	0	4.16545	0	0.00340136	0	0	0.0105827	0.0879175	25.7254	5.59114	0.04303	0.177163	0	0.0191856	0	0	0	0	0.00469484	0.0775955	0.00262467	0	0	0	0	0.0171053	0	0	7.58732	7.0137	0.434966	9.50342	0	0.0222284	422.365	74.2745	0.0494716	0.0541821	2.18006	2.82828	0	4.77109	0	0.0451145	0	0.0197542	0	0	0	0.401465	5.10866	1.99539	5880.04	5324.21	0.510188	0.398914	17.6443	5292.11	5.73364	0.233149	0	0	0	0.153905	3.75788	119.292	0	0.0144182	0.115285	0	0.851362	0	9.43607	2.61829	0	0.329741	9.8144	0.00724638	34.4927	79.4396	913.656	1234.7	0	0.802523	0.0219002	436.295	120626	3634.32	92809.5	13023.5	0	0.0776258	123.62	65.6638	0	0.0035461	0.0498243	0.129855	1.80878	0.649171	0.386394	0.0487647	0.0042735	0.0576734	0	0	0.0290349	0.0888954	514.048	38.266	3.38823	2.57499	7.11475	0.357789	223.57	0.0675491	0	0.0686726	4818.77	51.9949	0.0141516	7.48101	0	0.00406504	416364	1155.28	90.9061	1.40992	398.052	0.127928	1414.6	782.601	94.3048	25.9248	89.8078	0	4.77242e+06	0.113345	484.38	0.156679	0.128093	0	4511.32	0.43418	126.37	0.496973	40.4718	0	198924	0.0128961	
5.68148e+07	SFG_R_7_5	1754.53	127604	22.458	28378.4	2.26932	854.914	484184	7.39681e+06	3.82774e+06	0	8.55385	5777.55	0	0.00740741	0	9388.58	1.79789	6209.79	0	0.00584795	0.0200614	160.399	0.0504459	776.982	0.077266	25708.8	0.0108186	0.044347	0.00641026	266.122	0	80.116	0.0226608	582.153	0.111804	379.301	2.29732	1952.87	6.1919	23505	0	0	0	0.0825355	0	0	0	0	0	0	0	0.319816	129846	100.968	55821.7	1.45444e+06	53729.1	0.00456621	286115	145020	1.87509	127278	105.239	48552.8	145.445	7358.07	27702.8	4.80484e+06	4.90971	0	0	0	0.0573437	5280.24	0	0	0.709375	5.25789	0	0.75235	0	0	0.00243309	13.1482	0	0.0176638	0	0	0.0354864	0.0030581	0.699043	0	0.00243309	0.018021	0	0.023399	0	0.0150526	0	0.013235	0	0	0	0	4.22363	39.6913	1.60706	0.200283	0	0	0.00505051	0	0	0	4.08592	0	0	0	0.02103	0	0	0	0	0	2.09873	1.56949	439.516	25.6591	0.0977664	0	35.7451	12.7222	1.8172	0.296385	143.392	5.01932	0.00490196	2.02594	0	0.0284203	0	0	0	0	0	0.00347222	45.1755	2.34602	633.982	7267.56	0.0276173	1.87483	143.233	247.64	753.383	0	0	0	0.0251931	0.00546448	368.14	22.6082	0.00234742	37.9287	0.686385	0.0355619	1.4838	4.01702	23.79	3036.93	0.0542689	575.133	41.3127	1452.34	53.9823	0	26.866	411.721	0	15.7145	0.00505051	0	1062.11	3658.54	7097.09	58337.7	0	0	21.1604	1234.16	0	14.7408	0.0484002	45.2732	4.10935	22.1501	0.0750799	10.9938	0	2.75528	0	0	0.003003	28.5504	23.7591	1923.38	0.194862	52.1597	726.07	9.31504	20.2025	526.167	0	0.0184371	160.817	2.78876e+06	0.00546448	0.0236007	0.00326797	0.0543895	712.065	6.38592e+06	11.9895	2.30804	0.422922	50.7439	153.94	504.043	160.688	14128	0	488.1	992.31	32301.8	109.969	3.07426	0	0.00925926	14.1371	229.211	0.0488065	0.151529	0.309387	2.03613	0.762093	3465.36	
7.62523e+07	SFG_L_7_6	133619	9213.68	2.15365e+06	30.4623	3.16173e+07	744934	2.01636	0.00383142	1.08557	8.55385	0	90205.1	840387	13.4559	839.312	272771	25805.3	2442.72	1.53813	28.8701	688.449	59217.9	125.534	723570	0	0.623091	4.3177	543.143	6109.96	49.556	666.508	5336.75	100081	1976.14	22.6842	544.425	105282	110.875	127298	12.5025	2.57016	0.0323587	0.00980392	0.103687	0	0	0.002331	52.0398	0.00877193	0.0273934	0.458769	1.54606	0	0.00387597	0.537487	46.058	12.4264	0.185885	6.76535	1271.46	0.344546	0	0.00411523	0	0.186433	0.298096	0.037296	0.010101	0.0908715	0	0.0327581	0	313.131	0.00246914	0.0129499	0	1855.34	0	0.31319	0.00246914	0.0419056	0.133925	12.359	0.00340136	0.313326	0.00411523	1.63721	0.547747	0.260374	0	0.11564	0	6.91525	0	1.51801	0	20.4836	0	4.28665	0	0	0	0.150421	0	5.3455	73.2624	0.233603	0	0.0030303	0	0.0736685	0	0	0	0.219274	0	0	0	0.110007	0	0	0.547747	0	0	0.155115	0.136379	72.6927	0.421535	0	0	0.0487898	5.48747	0.041705	0.0951372	130.981	0.0312567	44.535	0.054054	0.100492	0.00396825	2.58149	0.017667	0.00287356	0	3.8777	0.76695	3107.39	0.158483	0.896262	1.09324	9.18352	0	2613.11	36.0769	3.90363	0	0.18906	0	8.59918	0	54.2069	2.15725	326.894	2.26649	5.08278	0	71198.6	0.0234025	215640	43.0095	0.117743	6.4432	178892	4.69308	0.324019	0.111467	103653	188983	191160	374.203	0.0736685	0.172798	2032.47	4.19515	15104.7	53.5358	12.7418	61.1928	63.3802	110.793	66.7011	0	2322.93	0	0.231413	16.1481	555.714	0	18.6495	0	0	0	728.944	0	34.3238	33.5216	94.9172	0.00229885	181.638	0.05586	0	0.113255	0.0146591	0	382.368	1362.02	0.136109	0.14886	0.783206	0.0217889	4425.14	1497.66	0.363154	1.34414	233.53	0.021971	180.68	22.2863	1510.12	7.38363	4854.86	0.581015	81524.9	0.413848	59.0487	0	5.30504	0.082492	632.318	0	995.075	0.137699	711.098	0.331332	23290	0.551302	
3.79479e+07	SFG_R_7_6	94198.6	4.19919e+06	57970.4	3.58028	369422	1.23667e+07	50.0444	0.416989	171.067	5777.55	90205.1	0	3214.5	121143	1171.82	8429.96	3.44314	20.1013	1.92772	0.572476	10929.7	88.6523	38.9612	13218.2	3.78575	0.0884398	0.0192652	0.538071	0.0287037	3504.94	311.682	1209.29	5818.94	83542.6	921.849	2373.82	2711.3	52989	1961.09	58205.8	0.19072	0	0	0.164836	0	0	0	0.00641026	0	0	0	10.9916	0.029703	0	1.88019	0.273719	12.5985	0.00520833	14.2992	0.481278	0	0.973987	0	0.721347	0.27495	146.193	21.1087	86.6532	0.620724	2.68272	0	0	33.1524	0.283163	0	0	47.5709	0.427787	0.0152486	0	0	0.252404	0.298274	17.7905	0.0160853	1.13407	0.0487113	0.0183198	0.0705121	0	0.123843	0	0.144582	10.2551	0.00294985	0.903693	1.27692	0.458458	0.171562	0.120882	0	0	0.0403454	1.02604	0.352805	1.88057	0.0141844	0.0042735	0.0279442	2.24227	0.154879	0	0	0	0.964416	25.9824	0.00258398	2.76495	3.74505	0	0	0.0867495	0	0.00595238	0.437125	70.9451	5.6205	221.233	0	0	0.0157648	35.6347	0	47.1398	4.372	30.6188	0.235909	16.6524	0	0	0	0	0	0	0	0.0233313	74.3992	12.5468	34.2734	1281.47	1.60678	55.4891	158.198	97644.6	0.0191856	0.00537634	0	0	0.0709352	0	9.51643	10.7567	11.4058	354.061	0.0264052	0.00952381	3303.66	655.983	5483.9	20711.9	0.0342269	6310.72	4108.12	70911.5	62.9257	4904.82	17635.9	105073	380.459	479278	23.6398	16329.4	18.7031	12151.1	75.1642	220203	0.0493827	47177	1.16439	106.504	2.57056	0.0377387	30.0177	0.598184	0	0.11817	5.37382	0.927733	0.21656	1.93212	0	0	6.83528	0.953242	2.07658	794.959	4.53132	41.3803	11.5031	24.2603	0	1.90486	0	18.4917	15.1922	7131.98	0.674259	1476	0.00287356	0.286146	40.4612	47028.1	0.621281	16.4902	1.38153	1.2029	0.0847124	32382.6	12.1726	23953.3	1.15816	41535.5	46.6048	84570.2	0.354866	14.2202	0	798.24	0.214077	1385.41	0.582781	12148	0.286502	9121.07	7.05057	40369	
1.91067e+08	SFG_L_7_7	1.42358	0.391329	1.99632	0	5.04249e+07	96347	1.739	0.0107527	0.124535	0	840387	3214.5	0	2.72201e+06	6.96584	0.00641026	0	0	3.00292e+06	7106.11	565.125	14906	0.0377459	0.116536	0.0210961	0	1.53816e+07	4.07505e+06	0	0	0.0360282	474.321	0.166805	0.00520833	2767.72	601.844	20.4054	0.722338	0.0291667	0	1.79627e+06	347.955	1895.23	2085.78	3.29005	9.70614	1.10461e+06	504800	751.174	21.096	9712.22	901.137	0.045981	0	0.0210037	0	1.19196	0	0.154776	0.0123085	0.0456429	0	0	0	0.00358423	0.0350217	0	0.0574691	3854.64	0.00268817	0.226338	2.95315	0.0708163	3.22841	0.0441631	2.93603	1.01887	14.2492	0.0764601	9.83337	0.00396825	0	1.92976	13.7928	0.0155993	0	0.132134	0.00287356	0.663615	0	0.00358423	0	1.22712	4.36492	0.521801	0.0670137	0.457716	0	0.414885	0	0	0	0.6647	1.55455	0.0117531	0.0855046	0.05561	0	33.4673	0.00266667	30.4711	0	0	0	372.628	0	0.562493	0.0107097	275.813	0	0	0.030713	0	0.00314465	5954.11	11713.6	1560.46	2871.03	0	0	4.10871	106.991	2398.21	27.1631	744.582	0.118482	21.6253	0.262425	0.0762216	0	9.35181	0	0	0	2.04187	0.413673	18184.4	49165.7	599.759	3389.06	8314.35	25.6292	86960.3	193.584	17.7975	0	0.458797	0	14.0308	0	34.4518	0	16.7376	3.28305	0	0.0030303	0	0	248795	2.31509	0	0	0	0.303708	411.402	0.641699	603737	753564	8.88031e+06	97.0724	1032.47	1.45464	384862	1.10329	853807	5.47346	1.28587e+06	8630.51	354.844	0.363948	7352.2	0	18017.7	0.0122062	0	0.0920498	15371.6	0.00266667	41.3305	0	0	0	1579.3	0.00266667	18.1148	0.569025	16922.9	1.58748	6270.72	0.00200803	0.2239	36.0582	218.312	9.40838	3403.7	50.1544	6413.86	166.278	96746.1	139.695	103.519	151.233	6020.39	11624.4	1.67929e+06	12344.8	123600	3.64769	3452.1	19610.6	143839	0.579148	15896.5	0.201107	1.10863	60.7366	64962.2	16.5262	566.382	310.117	1467.37	43.4889	28486.7	62.164	35966.3	35.8407	
4.47313e+07	SFG_R_7_7	4.0473	0.974988	31.9084	0.02103	3.88742e+06	5.68517e+06	0.0209987	0	0.00952381	0.00740741	13.4559	121143	2.72201e+06	0	63974.7	0.0469296	0.0940426	0.00490196	67342.7	38290.9	2116.24	21526.5	0	0.0685184	0	0.00529101	918132	4.7649e+06	0	0	0.00617284	50.9685	6.62866	0	17154.8	363.793	4.78447	0.0989989	2.60273	0	3792.36	225236	0.00724638	5008.25	391.993	0.0175439	73271.3	97740.8	37.9347	6.04167	12.9703	3951.73	0.383479	0	0	0	0	0	0	0.00469484	0	0	0.00374532	0	0	0	0.0386555	0.0242045	0.0894092	0.00392157	0	0	0.00606061	0	0	0	0.0108889	0.0037037	0	0	0	0	0	12.9781	0	0.00374532	0	0	0	0	0	0	0	15.325	0	0.489444	0.00347222	0.00374532	0.00347222	0	0	0	0	0.887127	0	0	0	0	0	0	0	0	0	0	0.0141844	0.00374532	0.0514319	0	0.0035461	0	0	0	0	0	0	0.0179043	0	0.016902	0	0	0	0.00438596	0	0.00421941	0	0.00438596	0	0	0	0	0	0	0	0	0	0	0.00416667	0.0393028	0	0.00584795	0.0219529	0.775226	0.801009	408.739	0.00505051	0	0	0	0	0	0.0181818	0	0	0.0917149	0	0	3.07451	0	3.56578	0.188036	0	0.0133347	3.62011	0	0.303902	261.875	476125	2.44142e+06	5706.1	3465.39	0	136.511	3.14031	32.8088	1.97524	315.791	534170	152224	0.00340136	0.811964	0.00340136	0.149276	0.00340136	2.0298	0	0	0	0.0160643	0	0	0	0	0	0.503001	0	0.14888	0	0.25235	0	0	0.283597	0	0.144489	4.40591	0.0451211	23.9311	0.0141844	183.354	48.3815	6518.52	0	1.77064	30.6527	2757.86	0.0220237	790.955	0.0070922	17489.9	0	71.8643	0	305.265	0	43.3661	0	0	0.0283244	884.729	0.0240729	7.047	0.208601	95.2419	0	2976.63	0	9.4087	
6.95996e+07	MFG_L_7_1	2.82447	0.0906035	7.67505e+06	0	1.90282e+07	233957	0.73388	0	0.0498539	0	839.312	1171.82	6.96584	63974.7	0	0.00793651	315.387	0.0572268	1.40415e+06	7772.29	4.00971e+06	122990	1.88465e+06	0.673568	0.00793651	0	243.042	11135.7	0.110554	0.00529101	1095.22	3233.03	32033.4	1.05167	181794	2479.11	21952.6	0.427292	1304.72	0.00628931	0	0	2.81588	52.6377	0	0	0.003663	0.153206	0	0	187.663	347.531	0.0215666	0	0.289307	0	13.1871	0	1.74848	0.0035461	0.152959	0	0.0444942	0	0	0.0037037	0	0	2.03639	0	0.0502331	0	13.8183	0.00236407	0	0	21.186	0	0.338771	0.00236407	0.0318001	0.00378788	2.04014	0.00893071	0.0585244	0	0.989545	0.0549108	0.3676	0	0.144263	0	0.949747	0.00215054	0.316557	0	34.7324	0	8.17388	0	0.0128087	0	0.193505	0	0.00392157	0.0335119	0.035759	0	0.0485209	0	0	0	0	0	0	0	0.0270449	0	0	0	0	0.0340909	0	0	2.66995	0.00383142	158.79	0.0322919	0.00546448	0	1.4945	0.471723	0.645366	0.00387597	654.398	0.00323625	38.5266	0.00323625	0.0830536	0	5.08302	0	0.0186562	0	2.58765	0	0.12961	0.0721771	0	0	11.7463	0	0.0548924	0	260.664	0	0.141983	0	365.622	0	427.963	0.0037037	335.362	0.57086	0.11072	0	2902.56	0	36791	6.00989	0.52044	0.807563	1013.02	0.112516	0	0	1.08455	1297.97	0.106422	0.00416667	0	0	0.0070922	0	0.382665	0.00416667	0	0	643.217	0.0163605	1257.53	0	4584.67	0	0.00392157	0	406.246	0	5.64461	0	0	0	278.709	0	23.8226	0.0151728	141.03	0.00358423	907.083	0.0316974	0	0	0.0278643	0	0.0777401	0.0343559	1.25457	0.00205761	0.101188	0.019129	3859.21	0.0138949	0.0892446	0.0526896	2761.96	0.281302	5934.59	0.676442	25789.9	1.47855	6166.47	0.0914694	10130.9	0	2.72016	0	83.0493	0.00529101	44.4165	0	96.3285	0.200231	613.416	0.364909	3011.61	0	
1.06579e+08	MFG_R_7_1	298874	16665.5	104210	1.25784e+07	119112	1.7098e+06	36759.4	63945.3	53553	9388.58	272771	8429.96	0.00641026	0.0469296	0.00793651	0	21.9549	584.164	0	615016	323.051	576535	1107.24	3.48377e+07	1339.59	1.20284e+06	0.16816	43.0116	0.252297	3214.77	792.309	1928.08	217849	136858	18.6489	340.424	14210.5	68110.5	5921.27	158656	0	0.0253013	0.00308642	0.0495842	0.00308642	0	0.0585424	1.05941	0.0244444	0.00584795	0	2.16806	5.91834	5.82447	2.89412	74020.5	0.506517	691.313	0.716602	617.117	0.0231902	1001.32	0.683685	318.56	0	0.0509143	0.00584795	0.0509607	0.45232	0	0	0.0555053	16.1617	25.9426	0	0.149997	213.992	0	0.0266792	0	0	584.555	0.639469	0.142858	0.00282486	13911.4	0.140832	99.2364	0.0761304	0.954777	0.22494	5.48869	0.180579	0.0180312	0.0248947	2.62177	0.724007	8303.03	0.0569592	172.664	0	0.403747	0.0106728	0.143884	0.946081	0.0584511	0.296322	0	0	0	0	0	0	0	0.0310352	0	0	0	0	0	0	346.77	0	339.705	0.0512736	1.42395	5.13786	6.51416	0	0	0.0045045	1.37902	0.0030303	0.407103	9.91825	232.973	0.330961	772.023	0	0.892032	0.0047619	0.174008	0	118.095	0.0146538	4.86251	0	0.228212	0.0499599	0.00320513	0.22074	0.281523	0	0	0.06	4.74406	0.003663	0.0070922	0.0159903	0.222506	2.32427	5.95949	18.6653	12.2079	0.0283688	0	5643.63	207.117	30825.3	360.968	0	103.304	7291.71	1068.66	0	0	0.031764	0.204788	0	0	0	0	0.331335	0	0.00512821	0	0	0	9.35257	1.58754	16.7743	0.11176	5177.78	1.45746	0.00362319	0.00362319	423.714	0.159429	4.1406	0.0792188	0	0.26107	767.29	0.873454	9.13399	1.08593	8.89211	3.8589	20.6098	0.984738	0	1.36014	0.00555556	0.00207039	0.0173629	1155.37	0.0586738	0.0207535	0.00308642	0.0357527	5.30514	3387.17	0.140913	3.93119	682.305	1.92034	1696.28	5919.53	1985.69	238.11	525.256	10.9175	1369.77	44.1973	3.78972	0.00595238	24.7313	0.640127	53.3976	6.86014	342.435	4.94833	763.063	11.4847	1986.51	16.0182	
7.22703e+07	MFG_L_7_2	18577.2	20.6384	1.25096e+06	0.684569	859543	9.444	6867.47	0.147802	0.817198	1.79789	25805.3	3.44314	0	0.0940426	315.387	21.9549	0	4.43328	0	0	483944	0.240506	1.27563e+07	21.9551	1.06628e+06	2.6749	0.0373835	0.003663	8.91512e+06	0.0283816	305150	0.229146	84892.3	0.649067	5.43257	0	307.926	0.00653595	19174.3	0.00628931	0	0	0	0.002331	0	0	0	0.003663	0.00512821	0	0.00252525	0.002331	109399	0	17756.2	0	14104.2	0	2020.05	0.0944891	1184.61	0	4.51589e+06	0	0	0	0	0	2.50467	0	6.84947	0	55.8571	0	14344.5	0	9.59927	0	25.6098	0	246786	0	151279	0	810310	0	267240	0	8.04886	0	1085.54	0	60317.8	0	148038	0	1.15947e+06	0	476857	0	51.6193	0	0.017556	0	0.0232595	0.004329	12.8241	0	0	0	0	0	0	0	0	0	0	0	0	0	52137.8	0	8490.58	0	0	0	214.961	0	2030.49	0	3.62924	0	227.551	0	161.831	0	935092	0	220874	0	602800	0	3763.77	0	16.329	0	0.00512821	0.00246914	0	0.00438596	0.0161044	0.00323625	0	0.0615522	393384	0	0.0677003	0	117240	0	7717.58	0.00358423	5.00193	0	0.0141829	0	76.7012	0	278.454	0.00641026	0.0206942	0.00641026	723.575	0	0	0	0.004329	0.0422818	0	0.0213347	0	0.0035461	0	0	0.00512821	0	0	0.0213347	0.453001	0.0295435	0.183596	0	12.3605	0	0	0	3.11203	0	1.52896	0	0.00595238	0	8.92795	0	0.0930326	0.014186	7.01694	0.0130084	187.392	0	0.00595238	0	0	0	0.166632	0.182737	0	0.0035461	0.08716	0	13.9829	0.890896	0.595999	0	1.11602	0.002331	25.4678	0.417677	74.5408	0.0174825	0.0270534	0.698715	7.76757	0.320665	0.0625	0.00350877	0.224336	0.0501063	0.0653236	0.00323625	0.0846688	0.0478434	0.0846688	0.0478434	0.544059	0.333855	
4.04828e+07	MFG_R_7_2	414915	843.6	49122	116.237	13562.6	122.448	24492.7	6267.24	131.554	6209.79	2442.72	20.1013	0	0.00490196	0.0572268	584.164	4.43328	0	0.00462963	0	0.172175	10243.1	302.086	5.43915e+06	1519.65	1.01169e+06	3.59403	0.658164	0.07936	4.13137e+06	0.0384788	8240.81	94.5784	119834	0	161.411	228.452	2068.74	254.047	35025.8	0	0.0208839	0.25253	0.657628	0.0278906	0.0227937	0.350322	1.37367	0.0462954	0.00469484	0	0.180409	1.88321	25287.8	3.24399	159667	0.459295	29250.3	1.14068	1815.68	0.0127618	3167.12	0.0543293	3.36429e+06	0	0.566399	0	2.59195	1.02165	0	0.0129499	0.661832	9.10145	1.54687	0.0129499	0.622143	31.9693	0.00411523	0.0535404	0.0566776	0	52864	0.538779	1.27463	0.0113027	1.17713e+06	0.188417	5399.32	0.028542	0.71353	0.148421	10.2163	0.317095	0.314396	0.0840077	6.05192	0.640302	196423	0.315589	8865.38	0	0.0450023	0.00268817	0	0.61608	0.516967	0.00387597	0	0	0	0	0	0	0	0.0327438	0	0	0	0	0	0	1656.43	0	10941.9	1.62942	26.5303	5.59679	965.738	0	2053.83	1.24285	289.493	0.403341	352.942	7.24532	23759	0.611723	3.10547e+06	0	26027.4	0.290643	58503.2	0.0138772	427224	0.89605	9.55147	0.0336788	1.23294	0.0423582	0.381167	0.0305299	1.01501	0	0	0.113168	26256.6	0.0586186	0.0239316	0.27824	782.704	3.10705	265.251	11.0795	67.1955	0	0.0224105	908.341	3.57416	2949.26	314.323	0.0037037	67.4927	1842.29	88.1057	0	0	0	0	0	0	0	0	0	0	0	0	0	0	7.68246	1.66207	0.272874	0.160713	25.0341	0.52712	0.0941576	0	12.5819	0.0700063	0.426012	0.045935	0	0	15.0135	0.354145	17.4386	1.168	2.15898	7.9823	11.1739	194.013	0.0253991	0.394351	0.0253991	0.00564972	0.0764441	53.704	0.872925	1.61689	0.01643	0.0217969	75.191	316.838	1.34717	6.13318	13.6787	1.83635	48415.9	130571	57.4196	240.316	3337.8	1016.66	4376.85	63.7538	11.2942	0.183887	85.0965	160.569	8811.94	1204.03	10294.4	1983.46	8320.13	2830.34	24214.9	510.599	
4.63265e+07	MFG_L_7_3	0.0236676	0.00236407	1012.29	0	7.71733e+06	9651.74	1.28656	0	0.615046	0	1.53813	1.92772	3.00292e+06	67342.7	1.40415e+06	0	0	0.00462963	0	370.344	3.08085e+06	71624.1	0.242445	0.013857	0.00680272	0	7.12488e+06	79371.7	0.0186562	0	16.1499	1391.02	6.9188	0.0192095	118824	1074.9	101.438	0.414096	1.24666	0	0.620699	10.1456	5818.3	1492.4	0	0.00254453	0.0722087	4255.38	0	0	91048.7	2825.62	0.024026	0	0.341024	0	3.38191	0	1.07643	0.0030303	0.214597	0	0.0849383	0	0	0	0	0	220.67	0	0.0820432	0.391042	0.456122	0.527581	0.0468265	0.387446	2.0431	3.31041	0.775563	1.45223	0.0159091	0	1.98692	4.22666	0.103045	0	0.387426	0	0.372437	0	0.015105	0	1.87527	1.69268	0.945094	0.0105403	1.61211	0	0.780409	0	0.003367	0	0.297427	0.609813	0.00287356	0.0530232	0.0130164	0	0.0724863	0.00266667	0	0	0	0	0.00287356	0	0.0245741	0.00266667	0	0	0	0	0	0	1010.59	1551.62	618.234	936.37	0	0	4.36631	1.81995	627.059	1.94658	507.439	0.029128	27.1821	0.0513578	0.0824126	0	10.0017	0	0	0	3.97978	0.0313214	4.78954	9344.26	0.0172107	23.4885	920.416	6.99274	0	31.6828	18.7264	0	0.0937158	0	19.4864	0	66.3112	0	20.4559	1.41338	0.0111111	0	22.0916	0	58325.3	0.375953	0.003367	0	2.6896	0.0270329	0	0	0.328139	20.8549	0	0	0	0	0	0	0	0	0	0.00833333	98.908	0.283129	1794.7	0	3962.12	0	0	0.0637883	2890.22	0	5.25216	0	0	0	411.792	0	3.2483	0.19712	1809.21	0.37799	1720.93	0	0.0565167	5.09	22.4057	3.20323	128.265	7.80937	171.632	24.2546	1374.19	14.0095	507.449	18.9873	45.3883	1494.29	226881	2945.49	19645.3	0.221051	3459.79	4318.28	12851.5	0.0684403	3249.43	0.0257897	1.50773	10.9121	5409.91	1.9836	51.9341	52.6404	275.313	7.46236	4288.55	6.08607	2512.24	6.33433	
