data	data	1.02874e+08	1.16742e+08	2.79974e+08	2.4138e+08	3.59151e+08	1.90621e+08	3.01194e+08	2.89298e+08	6.11348e+07	4.75162e+07	2.67867e+07	2.3028e+07	2.33386e+08	1.33811e+08	2.08498e+07	6.16436e+07	1.01876e+07	6.63586e+06	4.43008e+07	1.4068e+07	1.34528e+07	1.56824e+07	3.80326e+07	8.43484e+07	6.48533e+07	9.62681e+07	8.946e+07	1.58687e+08	2.96187e+06	1.90792e+06	7.15117e+06	6.18527e+06	9.60532e+06	2.81389e+07	2.04643e+07	4.87975e+06	1.24989e+07	4.17051e+07	3.15007e+07	1.07317e+07	8.39128e+06	3.07073e+06	2.39922e+07	3.90059e+07	9.3322e+07	1.89118e+07	6.0684e+07	5.6748e+07	9.47847e+06	3.03581e+06	2.98866e+07	3.79529e+07	1.2294e+08	1.6441e+07	8.74139e+07	8.97914e+07	3.71604e+07	3.30071e+07	4.73038e+07	4.16965e+07	3.04315e+07	1.05046e+07	7.61024e+07	3.00614e+07	1.44747e+07	7.70767e+07	6.22351e+06	6.94166e+06	2.42437e+07	3.28819e+08	2.30904e+07	5.39105e+07	3.04527e+07	3.39321e+07	2.46178e+07	4.78471e+07	6.32484e+07	7.09908e+07	7.93503e+07	6.18871e+06	1.17523e+07	4.61469e+07	9.45803e+06	5.3785e+07	5.32856e+07	3.53273e+07	1.62307e+07	4.46969e+07	2.0911e+07	4.93427e+07	1.56932e+07	5.17766e+07	1.16548e+07	3.11561e+07	1.83542e+07	2.14484e+07	1.77532e+07	2.71997e+07	2.02631e+07	3.03569e+07	2.60573e+07	1.1783e+07	4.45644e+07	2.25443e+08	2.03631e+08	4.11554e+08	1.16788e+08	1.67867e+08	4.1998e+07	7.51376e+07	1.85326e+07	2.1041e+07	2.11068e+07	2.95285e+07	1.16458e+07	3.37191e+07	7.10662e+06	1.2403e+08	2.40264e+07	4.17529e+07	1.35972e+07	1.50696e+07	1.50311e+07	2.87237e+07	6.90807e+07	7.10035e+07	1.12755e+08	1.37229e+08	9.08992e+06	3.26124e+06	6.15284e+07	8.93696e+06	2.49627e+07	4.34252e+07	1.28557e+08	1.62521e+08	2.81158e+07	6.82127e+07	1.06472e+08	8.59432e+07	7.85568e+07	7.87453e+07	6.29031e+07	7.31345e+07	1.64617e+07	3.05121e+07	3.97557e+07	5.3415e+07	2.95218e+07	8.02132e+07	3.37375e+08	1.01445e+09	3.08756e+06	3.60799e+07	6.35653e+07	4.98428e+07	1.01451e+07	5.33208e+06	6.82549e+07	5.89313e+07	5.39978e+07	4.12777e+07	2.24348e+07	3.79932e+07	3.26802e+07	7.11382e+06	1.30574e+07	6.81365e+06	9.06198e+07	7.18997e+07	1.84694e+07	6.78696e+06	5.0975e+07	1.18725e+07	557694	3.29373e+06	3.20582e+06	2.02305e+07	1.34358e+07	5.49255e+06	5.54048e+06	3.71831e+07	1.16022e+07	207097	1.19158e+07	6.62438e+06	5.2085e+06	4.64433e+06	1.52532e+08	4.45308e+08	5.82115e+07	3.86087e+07	2.65692e+08	1.36684e+08	1.00418e+08	1.65474e+08	4.75037e+08	3.52578e+08	8.20393e+07	1.04855e+08	5.04505e+07	1.14807e+08	2.57505e+08	1.341e+08	1.51031e+08	3.33613e+08	4.71741e+08	8.76908e+08	2.10964e+08	4.65352e+08	4.56446e+06	2.9762e+07	8.65055e+07	3.12543e+08	2.36185e+08	6.85481e+08	1.41407e+08	4.73245e+08	7.91173e+07	2.02328e+08	1.5941e+08	5.80194e+08	3.51913e+08	4.06679e+08	3.83422e+08	1.91499e+08	8.22043e+07	7.54717e+07	1.11126e+08	4.0416e+08	8.49158e+07	6.16002e+07	2.99444e+08	2.3035e+07	3.11132e+07	3.02700e+07	9.4671e+07	2.25195e+07	4.36983e+07	4.23636e+07	6.14288e+07	6.42206e+07	9.13741e+07	5.99271e+07	9.24509e+07	5.72018e+07	
data	data	SFG_L_7_1	SFG_R_7_1	SFG_L_7_2	SFG_R_7_2	SFG_L_7_3	SFG_R_7_3	SFG_L_7_4	SFG_R_7_4	SFG_L_7_5	SFG_R_7_5	SFG_L_7_6	SFG_R_7_6	SFG_L_7_7	SFG_R_7_7	MFG_L_7_1	MFG_R_7_1	MFG_L_7_2	MFG_R_7_2	MFG_L_7_3	MFG_R_7_3	MFG_L_7_4	MFG_R_7_4	MFG_L_7_5	MFG_R_7_5	MFG_L_7_6	MFG_R_7_6	MFG_L_7_7	MFG_R_7_7	IFG_L_6_1	IFG_R_6_1	IFG_L_6_2	IFG_R_6_2	IFG_L_6_3	IFG_R_6_3	IFG_L_6_4	IFG_R_6_4	IFG_L_6_5	IFG_R_6_5	IFG_L_6_6	IFG_R_6_6	OrG_L_6_1	OrG_R_6_1	OrG_L_6_2	OrG_R_6_2	OrG_L_6_3	OrG_R_6_3	OrG_L_6_4	OrG_R_6_4	OrG_L_6_5	OrG_R_6_5	OrG_R_6_6	OrG_R_6_6	PrG_L_6_1	PrG_R_6_1	PrG_L_6_2	PrG_R_6_2	PrG_L_6_3	PrG_R_6_3	PrG_L_6_4	PrG_R_6_4	PrG_L_6_5	PrG_R_6_5	PrG_L_6_6	PrG_R_6_6	PCL_L_2_1	PCL_R_2_1	PCL_L_2_2	PCL_R_2_2	STG_L_6_1	STG_R_6_1	STG_L_6_2	STG_R_6_2	STG_L_6_3	STG_R_6_3	STG_L_6_4	STG_R_6_4	STG_L_6_5	STG_R_6_5	STG_L_6_6	STG_R_6_6	MTG_L_4_1	MTG_R_4_1	MTG_L_4_2	MTG_R_4_2	MTG_L_4_3	MTG_R_4_3	MTG_L_4_4	MTG_R_4_4	ITG_L_7_1	ITG_R_7_1	ITG_L_7_2	ITG_R_7_2	ITG_L_7_3	ITG_R_7_3	ITG_L_7_4	ITG_R_7_4	ITG_L_7_5	ITG_R_7_5	ITG_L_7_6	ITG_R_7_6	ITG_L_7_7	ITG_R_7_7	FuG_L_3_1	FuG_R_3_1	FuG_L_3_2	FuG_R_3_2	FuG_L_3_3	FuG_R_3_3	PhG_L_6_1	PhG_R_6_1	PhG_L_6_2	PhG_R_6_2	PhG_L_6_3	PhG_R_6_3	PhG_L_6_4	PhG_R_6_4	PhG_L_6_5	PhG_R_6_5	PhG_L_6_6	PhG_R_6_6	pSTS_L_2_1	pSTS_R_2_1	pSTS_L_2_2	pSTS_R_2_2	SPL_L_5_1	SPL_R_5_1	SPL_L_5_2	SPL_R_5_2	SPL_L_5_3	SPL_R_5_3	SPL_L_5_4	SPL_R_5_4	SPL_L_5_5	SPL_R_5_5	IPL_L_6_1	IPL_R_6_1	IPL_L_6_2	IPL_R_6_2	IPL_L_6_3	IPL_R_6_3	IPL_L_6_4	IPL_R_6_4	IPL_L_6_5	IPL_R_6_5	IPL_L_6_6	IPL_R_6_6	PCun_L_4_1	PCun_R_4_1	PCun_L_4_2	PCun_R_4_2	PCun_L_4_3	PCun_R_4_3	PCun_L_4_4	PCun_R_4_4	PoG_L_4_1	PoG_R_4_1	PoG_L_4_2	PoG_R_4_2	PoG_L_4_3	PoG_R_4_3	PoG_L_4_4	PoG_R_4_4	INS_L_6_1	INS_R_6_1	INS_L_6_2	INS_R_6_2	INS_L_6_3	INS_R_6_3	INS_L_6_4	INS_R_6_4	INS_L_6_5	INS_R_6_5	INS_L_6_6	INS_R_6_6	CG_L_7_1	CG_R_7_1	CG_L_7_2	CG_R_7_2	CG_L_7_3	CG_R_7_3	CG_L_7_4	CG_R_7_4	CG_L_7_5	CG_R_7_5	CG_L_7_6	CG_R_7_6	CG_L_7_7	CG_R_7_7	MVOcC	MVOcC	MVOcC	MVOcC	MVOcC	MVOcC	MVOcC	MVOcC	MVOcC	MVOcC	LOcC_L_4_1	LOcC_R_4_1	LOcC_L_4_2	LOcC_R_4_2	LOcC_L_4_3	LOcC_R_4_3	LOcC_L_4_4	LOcC_R_4_4	LOcC_L_2_1	LOcC_R_2_1	LOcC_L_2_2	LOcC_R_2_2	Amyg_L_2_1	Amyg_R_2_1	Amyg_L_2_2	Amyg_R_2_2	Hipp_L_2_1	Hipp_R_2_1	Hipp_L_2_2	Hipp_R_2_2	BG_L_6_1	BG_R_6_1	BG_L_6_2	BG_R_6_2	BG_L_6_3	BG_R_6_3	BG_L_6_4	BG_R_6_4	BG_L_6_5	BG_R_6_5	BG_L_6_6	BG_R_6_6	Tha_L_8_1	Tha_R_8_1	Tha_L_8_2	Tha_R_8_2	Tha_L_8_3	Tha_R_8_3	Tha_L_8_4	Tha_R_8_4	Tha_L_8_5	Tha_R_8_5	Tha_L_8_6	Tha_R_8_6	Tha_L_8_7	Tha_R_8_7	Tha_L_8_8	Tha_R_8_8	
1.02874e+08	SFG_L_7_1	0	9.50158e+06	2.90825e+07	282303	99538.1	12056.3	2.94207e+06	233367	84902	2834.42	381.154	90.5814	0.256632	0.0729811	128.346	42.6058	0.0460317	0	2.66398	0.00574713	36.7446	33.5181	1.41538	26.2272	0.490633	0.173564	1.49357	0.00512821	133.106	0	25.5447	0.806651	72.6689	859.133	0.770536	11.4507	19.7104	880.216	2066.66	2042.23	0	0	0.00383142	0	0.828006	0	0.731305	0	0.0244767	0	0.0189017	1.67568	84.8733	0.829066	0.00952381	0.116205	1.64992	0	26.1114	3.90161	137.035	0.2622	510.808	534.505	12495.7	2710.8	60.2882	146.012	0.0208384	0.999369	0	0.00396825	0.0386555	0	0	0.00396825	0.980121	0.00537634	0.0196078	0	0.050584	0	0.0704908	0.00537634	40.9872	0	0	0	0.0724257	0	0.0868438	0.003367	0.0155298	0.00308642	0.0202438	0	0.835027	0	7.33933	0.003367	0.198267	0	0	1.9639	0	0.0125966	0.040585	0.0299128	0	4.55601	0.00555556	6.03348	0.00555556	0.0555058	0	8.97481	0	1.00445	0.0232323	8.40191	0.0226054	0	3.60469	0	246.038	0.495758	49.0121	1.09087	0	0	363.392	0.00497512	0.190668	0.00383142	3.67261	0.055316	0.00694444	0.156636	1.09175	0	0.919289	0.0175712	0.165965	0.0192095	0	0	150.749	176.791	18467.6	2069.01	24.5411	6.32089	7.53102	387.31	0.153194	0	0	0	0	0	60.4439	1.43751	1.55114	0.801639	5.15955	0	39.2106	0	209.559	0.517986	1.02863	0.003367	844.613	0.501129	0.00680272	0.354378	0.00775194	156.893	0.844031	48.2413	21.2847	395.986	7462.61	696.098	1262.83	11.7718	0.00537634	0	103.51	398.785	0	0	0.0796826	0.00320513	0.0814668	0	0.382284	0.166308	0.0147334	0	0	0.0131392	0.00347222	0.0104263	19.7432	1.26263	7.07059	1.09192	14.0909	4.00979	0.527884	6.14878	6.69972	0.49158	43174.9	296.136	0.123722	2.47245	0.113789	0.0030581	393672	4850.58	92.006	0.311448	2.64242	0.00564972	62414.5	895476	557.492	15.8487	3191.06	2.59344	7.00704e+06	56.0661	8.78461	0.0369048	216.671	0.284269	57834.1	65.1758	51581.2	5.87536	20178.2	1.06943	597439	34.1322	
1.16742e+08	SFG_R_7_1	9.50158e+06	0	8.64475e+06	1.56759e+07	868916	696081	1.80929e+06	9.6746e+06	29908.1	69880.9	4225.79	756612	53.183	3.0475	0.00564972	37.7237	0.24837	1570.9	0	0.00740741	0.00392157	0.966167	32.1997	28.771	146115	0.610242	0.0513015	0.260392	0	5090.81	0	2.37997	0	3489.45	0.0629407	1.36514	0.099252	1237.64	0.00641026	65978.4	0.0249417	0.00833333	0	0	0.0370356	0	0.10726	0.0443009	0.00362319	0	0.0629407	2.32785	26.6121	1955.57	629.513	74.4487	0.031932	0.124868	3.78275	24.1198	0.00641026	222.988	1424.67	187659	64.7241	243325	6.20145	4610.49	0	770.7	0	0	0	0.00925926	0	0	0	0.002849	0	0	0	0	0	0	0	9.6802	0	0	0	0	0	1.15501	0	0.19817	0	0	0	0.82097	0	0.164564	0	0	0	2.08144	0.00444444	0.535698	0	0.569093	0	0.114327	0	0.0124621	0	0.170404	0	0	0	1.99582	0	0	0	0	0	0	0.353659	6.05296	0.15198	0.806612	0.336104	0	1.85151	0.0555155	0.0141097	0.992845	0.807137	3.92784	0.225533	0.229826	0.00268817	4.33935	0.00268817	12.5828	18.0405	2.00418	0	3.34325	77.5735	11125.7	90.3459	240855	0.263974	25.296	0.625807	7492.97	0	1.39467	0	0	0.0833435	1.454	0.982358	20.3388	0	10.851	0	0	0	1.85694	0	9.41465	0	2.0868	0	42.2376	0.00757576	0.025641	546.432	5927.12	1.08686	11884.8	0.412343	18.4404	6.83962	15805.5	2.56941	11874.2	0	0	17.6574	201.143	0	0	0	0	1.48191	0.0198851	0.00273224	0.835408	0	0	0	1.42232	0	2.39456	1.96673	190.566	0.0243089	7.65692	0.0477597	23.2195	0.023756	912.925	0.00362319	798.95	40.7288	746707	0	7.21256	1.5735	125.767	147.943	7.91213e+06	0.490429	1533.31	1.51118	47.9318	4.93792	29163.4	0.00273224	283.436	0	1340.38	562.884	909695	0.233312	19.1619	0	3.13227	0.70236	13967.7	0.254653	2038.83	0.0489966	669.385	0.0622345	48256.3	
2.79974e+08	SFG_L_7_2	2.90825e+07	8.64475e+06	0	291046	3.06975e+07	193308	1.44125e+07	67410.4	654.988	47.1869	0.988147	124800	4.33995	0.0598737	370923	16.9815	51.2984	0.00680272	43916.1	0.00520833	13074.9	22.5039	1.11838e+07	5.9928	2.51772e+06	0.109084	4513.43	0.0350034	230966	0.170096	25657.6	2.72221	259491	18875.2	440.388	6.10293	42150.9	12572.9	3.03064e+06	535.052	0	0	0.0144996	0.0030581	1.70044	0	2.07469	0.0137534	0.0244767	0	19.5755	2.09287	10581	0.0517718	2266.02	0.0353357	138.069	0	238.764	2.52639	329202	0.446824	1.2377e+06	42.7348	9.6036	226.263	0	15.8636	0.0911752	0.361145	15.5469	0.0163753	56.7787	0	1.0314	0.00396825	399.396	0.0026455	43.2701	0	45.7671	0	26.7724	0.0026455	21862.9	0	52.5754	0	265.104	0	1692.82	0.003367	825.432	0.00308642	19.4217	0	3488.38	0	1306.1	0.003367	127.87	0	1966.04	0.637636	0.00308642	0.0483272	15096.7	0.08322	0.0406255	0.529921	0.003367	0.406028	0.0332492	0.0474282	0	0.492092	0	0.0935191	0.003367	0.485824	36.423	0	245.012	0	343.958	1.1635	308.316	1.64985	1707.44	0	9337.27	0.0920224	8.51084	0.0950743	13774.8	0.0125664	501920	0.00444444	543.946	0	28831.8	0.0373914	1.02805e+06	0	0.781827	0.0457634	40.307	0.984049	77.1325	135.647	1382.7	3.4015	0	3.48408	131.307	0	0	0	4679.36	0	7654.21	1.65224	1174.34	1.87874	1241.72	0	15700	0	118989	1.41813	812.29	0.0162578	476230	1.23471	0.00680272	0.0280982	0.00775194	60.2615	0.0307304	0	0.0424139	7.35145	0	0.230451	0	0.0768322	0	0	276.553	2322.5	0	0	0.407728	0.00320513	3.99117	0	2.22429	0.0884996	0.135939	0	11007.1	0	0.0146073	0.0104263	100.861	10.1511	212.21	2.10252	3265.85	4.44109	21.5769	22.2428	7.95302	0.188726	936306	366.224	1919.48	0.696375	0.49552	0.136336	5.41069e+06	3848.66	165.656	0.562449	14.2209	0.0698965	35884.3	278890	131651	29.8072	3332.34	10.1695	2.73223e+07	308.038	23.4992	0.266529	130.666	0.164807	28903.5	432.876	24312	72.1689	9278.67	21.694	669483	221.468	
2.4138e+08	SFG_R_7_2	282303	1.56759e+07	291046	0	46008	4.6419e+06	58639.1	3.06493e+07	19108.9	165.923	1118.05	0.0555556	62.1514	0.946925	0.402072	1.1736e+07	0.0272109	89828.8	0.0206976	1570.61	0.121946	115950	3.23382	1.5037e+07	2138.7	1.90797e+07	0.0228647	146.115	0	311674	0.00406504	11967.1	0.0226228	421271	0.256011	6625.71	0.280649	248448	0	1.2809e+06	0	0	0	35.1237	0.00219298	0.0941273	0.00219298	0.0493402	0.00282486	0.00680272	0.143199	1722.71	0.0283688	1563.28	20.7073	220639	0.420867	245100	2.17008	111128	0	13644.2	14.7996	1.59055e+06	1.50948	2.04183	0.0175469	0.342991	0	111.866	0	0.198416	0	0.253988	0	0.0514824	0	3.2232	0	0	0	3.67896	0	5.13988	0	2309.89	0	0.187905	0	29.4551	0	83432.2	0	27.6738	0	7.77585	0	41698.9	0	1287.63	0	6.83206	0	1186.92	0.00444444	28.3905	0	20767.9	0	5.04678	0	0.227172	0	5.80666	0	0	0	0.663283	0	0	0	0.202938	0	0.0232836	0.234782	5359.33	0.277183	12.1908	0.0220401	5513.02	0.674245	3059.76	0.0160266	15376.3	0.61663	123098	0.0168961	300485	0.00268817	74381.1	0.00268817	45644.7	6.29598	1272.05	0	1336.68	0.00387597	0	2.30445	0.340776	0.105251	120.629	0	0	0	21496.4	0	0.178349	0	161.709	0.356439	127634	0	287.748	0	0.727147	0	216.634	0.0358881	315.832	0	72.6329	0	801.972	0	0	0.0737662	1.49545	0.341363	0	0	0	0	0	0	0	0	0	41.0324	560.633	0	0	0	0	2.48456	0	0.0133347	11.8412	0	0.0970098	0	5065.93	0	0.0562989	13.9228	274.865	0.105251	111.833	0.080337	483.881	0.0267465	20325.5	0.00282486	98.0931	171.163	2.84239e+06	0.00282486	1169.53	7.69193	2.57528	637.223	1.46987e+07	0.0206641	219.518	14.2932	23.8104	18.717	6182.11	0.0118493	14437.3	0	359.22	2274.69	14828	0.0909102	5.50617	0.0141967	0.00877193	0.11672	2906.52	0.189554	285.071	0.104298	51.3261	0.719682	7744.85	
3.59151e+08	SFG_L_7_3	99538.1	868916	3.06975e+07	46008	0	1.07961e+07	550.435	593.925	47.8739	8.10765	1.10945e+07	3.05594e+06	5.4864e+07	1.0845e+06	3.74066e+06	5457.32	0.272118	0	4.18492e+06	696.605	23454.4	278.721	1369.58	66.0226	396.154	0.288379	10336.6	25470.6	23517.5	1.03688	862497	2.99465	1.54384e+06	156584	112261	21.3749	454183	131730	517673	810.94	0.362516	0.00653595	1.98921	3.24954	21.3801	0.981233	36.7072	334.554	0.0483448	0	6620.23	407.968	7.13694	0	1762.44	0.0330945	2752.5	0	8335.17	8.41408	2002.64	0.0884626	75.2191	0	265.172	108.417	5.71083	4.56679	9.53911	10.5538	10.9397	0	6.09892	0	0.993555	0.00330033	119.644	0.139909	9.65817	0	3.08677	0.0511935	88.0419	0.139909	145.858	0.171605	4.01458	0	162.841	0.0114468	94.1267	8.09577	644.062	1.14573	42.0804	0.00289855	247.616	1.50268	41.57	1.48138	101.896	0	44.9334	88.9658	0.578823	4.7377	208.015	29.2902	78.3024	7.28337	319.744	0.887767	45.4333	3.20691	986.937	0.387994	2.70895	2.36834	2288.77	0.816024	0.113004	0	0	0	3266.26	308.505	13828.3	383.856	185.74	0	14828.5	1.45604	126.193	94.4337	810687	13.2451	30.4041	5.01577	122.075	1.16778	219.064	39.2497	4637.68	0	0.585581	166.415	7980.72	9.98065	2013.42	114.92	311550	834.136	7211.3	42.6626	0.0437463	0	0.219677	0.00584795	540.214	0.0183917	21508.6	14.7924	230421	231.935	556.796	0	23922.7	6.85158	1.45972e+06	329.912	1088.8	27.9583	357753	166.023	1.29389	0.648695	90934.6	946434	996.437	0.0317089	6637.04	29.5857	222.319	0.00666667	1152.76	0.650329	362.377	0.511206	39.2788	1887.16	0	0	0.64024	0.235566	1.86325	0.0047619	11112.9	11.1883	16.7713	0.358727	3.11984	5.51029	13.1716	0.621505	25.6422	28.3015	45872.4	614.263	807303	436.079	0.287912	4.04581	92.184	16.0162	474124	3438.46	2414.21	160.841	282463	760.759	9.39816e+06	71626.6	4655.44	24.1148	3.17627e+06	805.257	6.80982e+06	105790	3.97048e+06	10826.9	4.34971e+06	4529.19	1.33833e+07	6666.91	152.006	4.8544	258895	118.248	383779	686.662	410997	2098.65	1.88511e+06	2454.35	4.94751e+06	5390.48	
1.90621e+08	SFG_R_7_3	12056.3	696081	193308	4.6419e+06	1.07961e+07	0	379.143	602.403	21.5949	0.269827	608454	5.69022e+06	2.81575e+06	1.40386e+07	2882.74	2.29213e+06	0	0.010101	19314	1.03019e+06	1907.66	69570.1	1.23	56311.8	25.2601	142.206	54335.8	3.29017e+06	0	5345.51	114.369	39832.2	26.0599	2.29883e+06	495.54	116188	74.4833	3.37295e+06	0.606117	14621.1	1439.46	1.04105	0.00245098	7994.82	0.431844	28.6556	1056.32	2519.88	1.54308	0	16.3084	164268	0.00497512	0.365272	10.255	12.2183	25.7016	45802	67.9767	478.34	0.0563187	9701.34	0.0202067	2.54359	0.159595	1564.25	0.275159	4.15586	0.169743	586.407	0	5672.23	0.0165344	185.036	0	2084.4	0.0397401	236.592	0.00231481	9.70346	0	12.7653	0.00343643	108.532	0	8734.12	0	106.754	0.00273224	389.818	0	7332.91	0.0270167	695.423	0	58.4027	0	4012.35	0	2117.44	0	11.3759	0.0125467	7201.59	0	919.404	0.00289855	3539.29	0	989.276	0	378.971	0.00326797	234.213	0	576.258	0.00280112	177.014	0.00326797	456.783	0	53.5857	0	770.686	87.9013	76143.1	100.954	72094.3	0.00320513	63.4943	54.8416	1240.03	2.05737	57076.3	1250.7	3322.73	0	3020.69	0	13327.5	0	260006	1.24041	4225.42	0	457289	256.97	4853.5	9.00463	1639.83	44.898	315147	13.3872	20066.1	0	6969.54	0	1636.12	0	1461.82	20.233	113163	130.347	92836.4	0.088172	10.4538	0.185571	18324.1	768.575	208487	0	30924.3	2.54838	155438	1.11206	20.0618	49826.5	377958	2059.29	771.755	2.59395	6173.76	0.00444444	0	0.0177778	81.3796	1945.19	3344.5	346.363	17614.2	0.00287356	22.332	1.19819	324.793	6.44378	66.436	41.2306	22786.1	0.768669	2490.12	0.0116451	537.063	4.57802	33323.4	11.2586	19843.9	113.995	266517	475.433	192144	0.314472	570.536	12.7373	467.361	105.352	405980	0.0224946	10438.8	2.69526	198921	594.218	1.65232e+07	49.2824	72063.9	700.361	1.99589e+06	21.6283	3.35657e+06	1149.62	1.44159e+07	128.683	841892	1896.78	1.20513e+06	0.734985	0.481212	28.3011	1273.94	10.3096	71315	28.7258	91911.8	17.3735	101225	96.8452	650948	
3.01194e+08	SFG_L_7_4	2.94207e+06	1.80929e+06	1.44125e+07	58639.1	550.435	379.143	0	1.62139e+06	2.31002e+07	3.82634e+06	2.37949	0.0595922	144.44	0.0437269	50.7178	55.8117	40.8528	0.165386	2.14488	0.00362319	108.008	1.03789	25319.4	211.966	1.77792e+07	3906.18	16.902	0.0256803	0.350483	0	0.172343	0.0486515	0.927217	0	4.7627	0	0.102655	0.00421941	16.6277	8.02751	0	0	0	0	0.588576	0	1.04646	0	0.0244767	0	2.51973	0	277.646	735.306	2.64464e+07	86564.8	53588	0.0246998	111548	433.868	14.3388	0.607497	589.379	258.513	946.524	18652.3	42.245	59603.3	0.00529101	0.181679	0.0613781	0	3.256	0.0169858	0.00606061	0	1.48399	0	0.129065	0	0.0236155	0	0.0190476	0	442.091	0.00320513	0.0205566	0	0.335444	0.00239808	79.322	0.0113287	0.0422591	0	0.0459635	0	348.839	0	14.4803	0.00297619	1.248	0.00239808	1.79604	0.249379	0.00483092	0	1283.82	0.00914282	0	0.20142	0.0544274	0.442477	0.0544274	0	0	0.441509	0	0.00406504	0.0865528	0.628591	0.00574713	0	0.606507	0	11.1892	2.5832	22.4196	0.258074	19780.3	0	159755	0.0861123	0.516003	0.129988	11.9507	0.0236152	39222.7	0	108.618	0.00340136	1982.35	0.0136054	19126.2	0	0	0	10.3073	37.476	1905.31	10455	24.2521	0.763294	0.00694444	47.0644	7814.76	0	0	0	58458.4	0	356954	3.3806	0.00314465	0	15.4935	0	416.834	0	989.114	0	678.825	0	1468.72	0	0.00694444	0.00694444	0	61.5251	0.0542928	0	0.238092	19.844	0	0	0	1.28727	0	0	823.099	333.19	0	0	2.8833	0.00320513	39.558	0.00198413	3.9897	0.055905	0.61649	0	1.95294	0	0.0477999	0.0105002	314.478	4.31143	45.9856	0.48465	8.63713	0.500129	114126	19.9573	35.1011	0.0160666	4.50562e+06	977.628	1.09845	0.107586	211.001	0	1.22298e+07	3646.13	1598.29	0.792816	153.858	0.0783073	124.723	14285.7	224281	0.953118	230.198	0	4.00836e+07	0.964013	30.156	0.25534	7.07269	0	1055.74	0.0031746	402.655	0	80.945	0	373694	0.149192	
2.89298e+08	SFG_R_7_4	233367	9.6746e+06	67410.4	3.06493e+07	593.925	602.403	1.62139e+06	0	1.19256e+06	5.3589e+06	0.633216	0	25.5597	0.0094224	0	219.178	0.0272109	26239.5	0.00215054	0.0322024	0.00392157	68.9571	74.7087	13717.2	69039.4	789872	0.0123495	0.385677	0	24202.4	0.00406504	3.929	0.0161622	484.686	0.39939	11.0898	0.321951	150.809	0.0213347	119867	0	0	0.00908559	0.115816	0.0357587	0	0.0795414	0.0108262	0.587677	0.0284203	0.242525	0.128607	9.07718	16176.3	14670.1	2.67493e+06	1.72745	12027	876.477	180995	0	3134.62	592.097	1.5351e+06	1329.24	13.5931	24956.7	8.42171	0.0283576	617.308	0	0	0	0.0403928	0	0	0.00995247	0.0145828	0.00995247	0	0	0	0	0	0	3.94513	0	0	0	0.0158117	0	8.14236	0	0.0355461	0	0	0	5.22423	0	0.351751	0	0	0	1.17583	0.0047619	0.465715	0.00292398	1.5137	0.0037037	0.115168	0.0161793	0.0131745	0.0037037	0.231956	0	0.003003	0.0135236	1.84646	0.0161793	0.015015	0	0	0	0	0.538486	26.728	0.829132	2.83171	0.134105	0.0291005	0.370554	4.2424	0.0129699	7.16566	0.471024	18.7402	0.0626286	81.4548	0	9.87329	0	16.7965	5.59575	1.87006	0	0.112987	0.079802	0.0254286	1687.07	10.8682	0.667594	24.1281	0.0547852	0	0	2.5422	0	0	0.00512821	1.40615	0.207311	29878.2	0	2.16765	0.00243309	0	0.00243309	1.64747	0.0225228	3.34807	0	0.445303	0.0107141	20.7714	0	0	0	0	0	0	0.00653595	0.0766868	0	0	23.4184	0	0	0	157.778	842.986	0	0	0.00226757	0.0552935	31.078	0.127578	0.0133347	0.974239	0	0.0143436	0	0.564427	0.00226757	25.9071	111.813	380.648	0.33532	20.7912	1.04242	19.4965	0.401603	19091.5	0.674177	673.617	579.531	2.44489e+07	1.23283	12.8425	9.36823	989.811	696.885	6.55283e+07	1.73723	2525.1	19.556	309.539	25.3036	1349.26	0.0116021	64643.2	0.0037037	2.42347	2764.7	227882	0.0276821	728.965	0.802293	0.337314	1.5057	1733.4	0.605186	107.381	0.0392237	4.59192	2.4918	5960.13	
6.11348e+07	SFG_L_7_5	84902	29908.1	654.988	19108.9	47.8739	21.5949	2.31002e+07	1.19256e+06	0	1.66587e+06	21.6072	0.0241573	60.0533	0.00340136	0	88.2317	0	0.0294785	0.0699755	0	0.0299663	1.57634	0	297.91	0.09375	6010.42	1.34796	0.00340136	0	0	0.0382712	0.0218638	0	0	0.394088	0	0.0047619	0	0	0.104676	0.00641026	0	0.00490196	0	0	0	0	0	0	0	0.39467	0	0	720.046	424.908	123113	1427.2	0.0549069	417242	2115.22	0	0.00628931	0	62.4457	21463.1	7774.39	476731	108908	0	0.100174	0	0	0	0	0	0	0	0	0	0	0	0	0	0	0	0	0	0	0	0	0	0	0	0	0	0	0	0	0	0	0	0	0	0.148255	0	0	0	0	0	0.277436	0	0.45527	0	0	0	0.654254	0	0.0167881	0	0.643944	0	0	0	0	0.116895	0.522756	0.380709	0.003663	0	0	18495.8	0	0	0.0575068	0	0	0	0	0	0	0	0	0.00813008	0	0	0	6.49217	34.193	14813.8	4552.76	0.296353	0.0272109	0	47.7755	0	0	0	0	0	0	47494.1	5.5445	0	0	0	0	0	0	0	0	0	0	0	0	0.0531046	0	0	95.0191	10.2364	0	0	13.8834	26917.6	7.90659	635.717	32.3137	0	0	179.268	5.25834	0	0	0.114016	0	11.3637	0	0.089928	0.055905	0.003663	0	0	0	0.0103676	0	38.9312	0.22067	0.817666	0	0.093652	0.00330033	1493.3	4.30533	0.423625	0.0360046	28911.1	230.049	0	0.109465	44.5762	0.0030581	15319.3	551.995	120.362	0.0836735	34.632	0.0351386	145.669	0.332323	1354.13	0.03084	10.8372	0	3.13685e+06	1.33757	88.8465	0.373437	0.0271089	0	2.3915	0.00617284	0.181059	0.004329	0.0993857	0	9159.36	0.0278261	
4.75162e+07	SFG_R_7_5	2834.42	69880.9	47.1869	165.923	8.10765	0.269827	3.82634e+06	5.3589e+06	1.66587e+06	0	0.33817	14.2682	0.0114478	0.0163605	0	0.00980392	0	0.00833333	0.00215054	0	0	0	2.76573	0.0392157	46009.7	8.15804	0	0.00537634	0	0.131862	0	0	0	0	0	0	0	0	0	0.0346847	0	0	0	0	0.00213675	0	0.00213675	0	0	0.254551	0	0	0.0070922	8.90374	68772.7	8.02843e+06	50.8059	0	46214.5	70110	0	0	1.60558	1.50774	11132.2	7563.6	188345	82138.2	0.0037037	61.8911	0	0	0	0	0	0	0	0	0	0	0	0	0	0	0	0.00277778	0	0	0	0	0	0.00262467	0	0.00282486	0	0	0	0	0	0	0	0	0	0	0	0	0	0.00262467	0.063065	0	0.288885	0	0.223327	0	0.122494	0	0.0346405	2.02385	1.43683	0	0	0	0	0	0.102997	11.8396	0.18878	0.0430104	0	0	0.0528541	1.26372	0	0	0	0.0246107	0	0	0	0	0	0	0	0	0	0	36.9943	0.77519	17699	5913.48	2.36714	4.71058	12.309	2.22607	0	0	0	0	0	0	0.0525047	141.413	0	0	0	0	0	0	0.00834148	0	0	0	0	0	0.00694444	0	0.490836	0.528309	0	0.732726	96.0568	0.652422	0.030303	195.327	439.603	16505.6	0	0	26.4109	21.7912	0	0	0	0.00343643	1.62342	0.0218638	0.0556064	0.0181287	0	0.0140366	0	0.00277778	0	1.03142	21.094	1.59751	0.0118031	4.65338	0.00289855	0.630269	0.00260417	39.0108	0.063065	82.2291	1.25299	1.01993e+06	0.0567972	0.374445	0	35.3849	0.734989	3.09163e+06	0.00275482	297.302	0.0305084	3.55493	0	650.628	0	27192.3	0.0037037	0.0697674	5.48553	96854	0.00250627	6890.31	0	0.003663	0.0229775	4.93092	0	0.834488	0	0.0439414	0.131298	436.141	
2.67867e+07	SFG_L_7_6	381.154	4225.79	0.988147	1118.05	1.10945e+07	608454	2.37949	0.633216	21.6072	0.33817	0	47573.8	1.21099e+06	81.0735	2.88692	12134.3	0	0	0.0923531	2.28427	0.876612	108.948	0	8.83538	0.218804	0.01112	0.0728755	40.5518	0	0.0666886	4.18334	0.378433	0.619728	11600.7	0.835798	7.08549	3.25706	15915.7	0.161616	18.8952	0.0804182	0.00653595	0	3.35513	0.0345589	0.00653595	0.0526669	0.266586	0	0.00793651	0	516.719	0	0	0.0413545	0.00374532	0.0697564	0	0.313236	0	0	0.00628931	0.00724638	0	13243.8	3.10182	6.59336	0	0.978739	0.0758644	0	0	0	0	0	0	0.0181414	0.068371	0	0	0	0	0.0694978	0.068371	0	0.630738	0	0	0	0.0267268	0	12.8166	1.55478	0.496018	0	0.0479815	0	3.31734	0	3.64236	0	0	0.0691381	47.5049	0	6.86337	0	27.6036	4.46999	6.90598	154.873	0.309569	44.801	4.50429	187.514	0.0394173	0.315218	0.525367	854.783	0.136914	0	0	0	0	23.747	107.24	48.049	186.504	0	0	0.0730182	0.00411523	0.00222222	72.7295	11.0874	18.0584	0	3.93163	0	0.952767	0	29.1961	0.0175439	0	0	72.2614	14389.1	109.85	71283.4	3.50235	16295	447.519	7347.3	293.127	0	0	0	0.00584795	0	0.00462963	0.0377831	0.139843	0.899878	194.527	0	0	0.010101	9.30513	9.40493	295.356	0	27.0181	0.341521	132.771	2.09362	0.866245	17088.3	127084	10567.4	2756.65	4576.01	1.60989	477.774	0	4281.98	18.6355	0.0373784	0.491645	1.35632	18.9768	0	0.0030303	0	0.003663	0	0	12.8124	9.53882	0	0.0288957	0	4.58277	0	0	0.00326797	2.38111	2.96549	313.09	55.7176	242.369	0	0.032702	4.52523	0.0955185	945.061	1010.28	24.6414	24.5531	0.0514173	0.38585	7023.85	22769.1	0.540118	0.0991226	3.79343	25.3711	11003	1003.32	105.429	8199.3	11057.4	13.1022	18073	138.495	0.17343	0.125574	181.611	0.233553	969.032	6.30457	431.804	5.9059	4887.5	7.4984	4116.25	48.8294	
2.3028e+07	SFG_R_7_6	90.5814	756612	124800	0.0555556	3.05594e+06	5.69022e+06	0.0595922	0	0.0241573	14.2682	47573.8	0	26921	62677.9	644.996	0.135965	0	0	209.329	0	450.609	0	0.102712	0.193487	0.121646	0	1098.35	0.00246914	0	0	5.83391	0	12.0986	0.0891266	12.0737	0	21.3342	4.15812	0.0642257	2.9489	1.35736	1.0666	0	0	0.0802152	0	17.2104	0.0335886	0.446136	0.699919	0.00694444	0	0	0	0	0.00505051	0.0385802	0	0.366608	20.0596	0.00641026	0	0.00641026	0	0.00401606	98383.6	0.0295935	34.8917	0.0127595	100.493	0	0	0	0	0	0	0.00595238	0	0	0	0	0	0.00289855	0	0	0.00438596	0	0	0	0	0	0.0042735	0.00280112	0.0183987	0	0	0	0.0156448	0	0	0	0	0.0121382	414.456	0	0.0319467	0	0.0146248	0	1243.63	0	1516.27	0	4.76255	0	3274.73	0	249.918	0	3146.77	0	0	0	0	3.25936	1.0378	0.373331	0.154142	0	0	15.5122	0	0.143465	0.23434	206.096	0	0	0.00456621	0	0.00694444	0	0.00564972	0.0949246	0	0	0.00564972	10031.2	373965	3.67349	106335	6.69403	4927.41	89.9232	493357	0	0	0	0	0	0.00694444	0.270152	51.6139	27.027	1.66119	0.00595238	0	0.0402514	0	139.301	1.17939	0	0.205221	0.184643	0.573347	13.1729	869.477	1679.5	83325.5	16.4032	328294	0.294858	18648.2	0	15.5648	0.0114943	51950.5	0.689357	18658.3	0.193798	0.122587	0	0.0030303	0.00181159	0.15258	0	0.003367	3.83762	19.8643	0	0	0.00358423	0.0350951	0	0.0675266	0.054176	0.485649	17.6096	0.0553927	77.7782	0.148802	0	1.11817	0.477645	179.206	0.256972	4695.51	0	1116.19	0.0248162	11.9291	0.459969	30065.5	2.44592	51.7707	101.909	0.0119558	0.00275482	54108.9	213.923	23.1543	0.173313	2517.1	0.403386	13417.3	0.0140313	0.135065	0.00275482	117.84	0.170218	7721.37	0.0183532	10702.5	0.0163753	11886.9	0.173313	8600.48	
2.33386e+08	SFG_L_7_7	0.256632	53.183	4.33995	62.1514	5.4864e+07	2.81575e+06	144.44	25.5597	60.0533	0.0114478	1.21099e+06	26921	0	1.28586e+07	34.6293	1461.21	0	0	3.25062e+06	1139.16	7741.51	24.1211	0.0971383	0.60085	1.81148	0.0139804	1.0179e+07	1.41834e+06	0	0	1282.05	0.0804458	0.219366	0.284466	92207.2	0.234826	1201.44	87.6264	0.136159	0.0070922	1.71697e+06	185.159	199.026	1.98549	121.678	1.79913	67400.6	27011.2	263.038	14.6494	55316.5	47.1269	0.114524	0	23.225	0	18.057	0	107.716	0.003663	0.300179	0	0.202007	0	41185.8	3.70661	109.646	0	199.525	84.7096	0.144385	0.00292398	0.8918	0.0466981	0.00444444	0.00292398	26.1438	105.762	8.79581	0	0.0626935	0.221713	25.3799	79.1174	3.55923	0.0560728	0.0323096	0	8.33211	0	9.72786	0.497005	570.211	0.002849	0.2149	0	11.1898	0.228876	0.934261	0.430077	1.91938	0	29.9471	0.193898	21.6818	0.0733398	107.837	0.336164	440.102	0.0278441	2945.18	0.0492466	397.104	0.0275276	14811.9	0.00289855	37.582	0.0731887	26421.4	0.0140276	0	0	0	0	5599.18	55.0913	11940.6	268.24	51.7349	0	846.484	0.227689	496.279	1.05872	70895.7	0.175786	211.828	0.365929	33.9667	0.17732	30.4912	0.954857	1920.34	0	0.00564972	4.45165	306918	68.4708	115683	4.46623	888503	447.825	121185	117.675	0	0	0.00564972	0.0261438	5.65984	0	243.753	0.722492	24277.3	4.81319	11.4198	0.46563	10.0755	0.665281	7985.34	58.9979	25.8924	1.27732	125.181	4.77488	22.655	2.33694	233792	855187	2.27015e+06	13.3973	28353.6	0.422931	346872	0.00666667	472334	17.2513	114679	591.173	2.07776	7.7225	6.84404	0.00277778	200.454	0.35575	2.50305	0	136313	0.570885	2103.21	0.0472892	81.6125	0.120248	8811.28	0.301659	5928.93	0.629328	152931	302.12	182847	98.4237	6.63295	0.197806	1369.89	9.21005	12580.7	72.4574	7489.03	14.3125	2.68268e+06	2040.91	33729.8	7055.27	591120	652.486	1.14748e+07	751.588	1.91953e+06	300.495	663985	1012.18	1.43909e+06	556.744	125918	136.189	164.724	15.2993	835055	18.0093	14943.6	21.2086	7862.36	0.312534	931746	3.94973	883482	281.908	
1.33811e+08	SFG_R_7_7	0.0729811	3.0475	0.0598737	0.946925	1.0845e+06	1.40386e+07	0.0437269	0.0094224	0.00340136	0.0163605	81.0735	62677.9	1.28586e+07	0	1.73422	0.419247	0	0	31846.4	16403.3	9.69674	3513.65	0	0.00350877	0	0.00350877	1.5808e+06	2.03327e+07	0	0	0.196255	0.00925926	0.178138	0	59.637	16.355	0.517001	19.1368	0	0.096305	23854.9	63277.3	61.2099	2733.63	3106.86	251.764	313038	1.19419e+06	1.58258	62.605	53.9558	2146.43	0	0.0280563	0.0110925	0.0193416	0.0485573	27.0853	0.0541237	0.762967	0	4.06897	0	0	0.00416667	10.3195	0	0	0.15763	722.72	0	1.72127	0.00231481	1.42623	0	0.725682	0.253794	117.939	0.0323726	0.0163901	0	18.3064	0.00606061	97.8181	0	6.74782	0	0.275088	0	2.00431	0	11.4044	0.00347222	11.8075	0	0.68471	0	1.78344	0	3.71368	0	0.0229341	0.00347222	304.318	0.00350877	534.568	0	122.717	0	39.2992	0.0145759	12.6103	0.0559693	5.48447	0	13.208	0	22.5917	0.0867967	19.8968	0	0.0820048	0	0.843378	270.362	5913.07	468.585	24984.8	0	0.0176539	0.669803	5.89121	11.0657	10244.4	2.83531	138.809	0	110.918	0	4.98875	0	124.503	0	2.45763	0	156.538	214.628	1774.86	1.47466	10.6225	7.44078	235245	1.32092	7426.69	0	2.78332	0	3.11002	0	0.0790918	0.0031746	49.1333	0.14501	50.1612	0.103897	6.62289	0	1.78718	1.48876	8509.48	0	3.02573	0.00311526	8.46712	0.0487239	7.34169	128515	914128	20.3357	1418.95	11.266	417.642	0.246945	0	0.168189	292.443	54926.5	19436.2	0.309351	107438	0	101.734	0.93971	2354.95	0.00343643	112.679	7.88695	132577	0.898019	6733.52	0.00292398	7.4592	5.41211	252559	0.555444	61886	5.4889	178216	30.2683	97867.5	0.223145	0.0779493	1.18775	171.571	1.04109	310.662	0.0426912	642.693	102.291	1.52886e+06	1.65861	47337.6	51.3625	621226	27.331	4.98686e+06	1.57148	195930	7.29248	4.21303e+06	96.4453	1.00871e+06	3.93713	56963.2	0	0.0312744	45.4277	3253.21	4.62076	975.135	13.7582	52810.3	0.819419	132818	35.9853	185385	
2.08498e+07	MFG_L_7_1	128.346	0.00564972	370923	0.402072	3.74066e+06	2882.74	50.7178	0	0	0	2.88692	644.996	34.6293	1.73422	0	28.6894	212.386	0	2.03064e+06	0.0769568	1.54651e+06	0.214349	2.51932e+06	0.00793651	292.711	0	48332.8	0.299272	195.449	0	56586.8	0	8737.27	0.0070922	4469.88	0.00757576	9637.76	1.68624	2436.78	0	0	0	0.00343643	0	0.00362319	0	0.0108894	0.00584795	0	0	22.4638	0.912464	165.282	0	309.221	0	38.6927	0	354.074	0	231.96	0	1257.14	0	0	0	0	0	0.0514618	0.00378788	7.52583	0	1.17375	0	7.33368	0	9.32314	0	7.23168	0	51.2534	0	8.64825	0	647.251	0	5.49565	0	12.8143	0	35.3915	0.0145724	4.03817	0.00311526	12.699	0	137.598	0	369.857	0.0145724	38.8922	0	5.84212	0.012703	0.0178063	0.00323625	59.8239	0.00340136	0.0752174	0	0	0	0.0164835	0.00323625	0	0	0.0047619	0	0	0	35.6161	0	11.0924	0	0.252045	0.003663	2.69841	0.0331053	0.261832	0	11.3731	0	0.0239899	0	9176.36	0.00340136	178.846	0	91.3158	0	24.428	0	384.194	0	0.0537302	0.00311526	0.131048	0	0	0	69.506	0.0333523	0	0	2.08557	0	0.119689	0	25.2897	0	11.4478	0	2328.21	0.122036	8.16683	0	2670.85	0.0665368	49906.1	0.222981	100.185	0.0312044	3094.51	0.164764	0	0	0	0	0	0	0	0	0	0	0	0	0	0	0	0.0132554	0	0	0	0	0	0	152.071	0.0271763	0.211438	0	0.046962	0	0.358443	0.00289855	0	0.00292398	748.705	0.0333523	1325.56	0.0325996	0.104375	0	0.00512821	0.00350877	5.69753	0.0989985	8.10889	0.0317909	0.0042735	0.0135535	22.8307	0.460386	0.608395	0.0290259	1240.13	0.0116451	59.9994	15.3	6559.21	0.817224	12.7163	5.65512	12.5291	4.8094	0	0	1.68555	0.0203509	2.16738	0.516416	12.949	0.30567	22.1744	0.190578	12.0302	5.54097	
6.16436e+07	MFG_R_7_1	42.6058	37.7237	16.9815	1.1736e+07	5457.32	2.29213e+06	55.8117	219.178	88.2317	0.00980392	12134.3	0.135965	1461.21	0.419247	28.6894	0	0	6629.71	0.252233	2.83152e+06	9.92855	2.70963e+06	0	1.01288e+07	0.709891	568452	0.169544	55958.8	0	465.463	0.336395	28568.6	0.386211	52831.2	0.070927	22835.5	0.636394	153646	0	2742.42	0	0	0	223.43	0	0.013862	0	0.0267503	0	0.0031746	0	12136.5	0	535.714	0.00641026	2596.32	0.724604	3818.24	2.11255	1791.62	0	5.20985	0	34375.1	0.00529101	0.026455	0.0704154	0.0333333	0	0.832347	0	5.86888	0	0.682353	0	1.36323	0	1.43875	0	0.0188828	0	0.493094	0	1.12128	0	3930.1	0	0.0450874	0	6.73261	0	17242.2	0	13.7368	0	2.20624	0.00383142	8086.81	0.00383142	654.463	0	1.84209	0	271.673	0	5.49685	0.00362319	3380.2	0	2.28769	0	0.0855566	0	0.625194	0	0	0	0.0133347	0	0	0	0.0828258	0	0.441646	0.0165791	32.3539	0.0139434	27.6061	0	66.3817	0.017205	38.8545	0.00401606	70.6798	5.51362	17039.5	0	10627.3	0	15367.8	0	34238.3	0	4404.55	0	7495.07	0.0042735	0	0.019129	0.0213347	0.058785	79.0512	0	0	0	2362.06	0	1.04555	0	362.613	0.0660744	7852.78	0.253442	331.955	0	0.0170411	0.00641026	734.487	6.28815	418.055	0.00724638	324.152	0.00641026	1831.5	0	0	0.00793651	0.0565891	182.917	0	0	0	0	0	0	0	0	0.0031746	0.0638883	4.00453	0	0	0	0	0	0	0.0324719	1.36964	0	0.0351169	0	1880.42	0	0.00378788	0.0589409	1.12869	0.442951	77.3608	1.23653	141.106	0	8.84186	0	0.0561776	13.9035	2186.46	0	284.043	0	0.0844699	28.7063	7727.03	0	0.130745	0.557922	0.78654	3.73059	270.722	2.03045	6177.97	0.540737	8.17728	58.3181	74.5201	0.00199601	0	0.0213675	0.00877193	0.00199601	4.8602	0.030303	0.775229	0.103341	0.626794	0.19828	23.343	
1.01876e+07	MFG_L_7_2	0.0460317	0.24837	51.2984	0.0272109	0.272118	0	40.8528	0.0272109	0	0	0	0	0	0	212.386	0	0	0	0.257063	0	512999	0	1.93994e+06	0	384232	0	0.158031	0	1295.66	0	946.98	0	653.651	0.0258924	1.14403	0	1.55602	0.0473132	1172.44	0	0	0	0	0	0	0	0	0	0	0	0.0833333	0.00282486	116442	0	33042.3	0	14.2892	0	291.755	0.00340136	607.524	0	2.08495e+06	0.00680272	0	0	0	0	0	0.00254453	0.00740741	0	0.0104167	0	0.0293076	0	0.623105	0	0	0	0.0942716	0	0	0	11692.7	0	0.00641026	0	0.492481	0	4.46565	0	0.147125	0	0	0	352.325	0	776.79	0	102.039	0	3.2859	0.00254453	0	0	20.438	0	0	0.00254453	0	0	0	0	0	0	0	0	0	0	0	0	61.6185	0	0.00584795	0	0.0178063	0	0	0	0.736444	0	0	0	0.0234127	0	0.00680272	0	2310.76	0	104.067	0	25.3893	0	0	0	0	0	0.00617284	0	0.0729542	0.00254453	0	0	83.225	0	0	0	699.132	0	1.04647	0	0.118825	0	2.08966	0	5.99762	0	19.8944	0	1.80943	0	29.6619	0	0	0	0	0	0	0	0	0	0	0	0	0	0	0	0	0	0	0	0	0	0	0	0	0	0	0	0	0	0	0	0	0	0.0182683	0	0.0729542	0	5.64746	0	0	0	56.0819	0.0118918	3.06059	0.00254453	0	0	259.152	0.0435993	0	0	0	0	0	0.603145	49.0583	0.00340136	0.0381264	0	237.952	0	0	0	0	0	0.0302144	0	0	0	0.00584795	0	0.17993	0	
6.63586e+06	MFG_R_7_2	0	1570.9	0.00680272	89828.8	0	0.010101	0.165386	26239.5	0.0294785	0.00833333	0	0	0	0	0	6629.71	0	0	0	0	0	339.518	0	533575	3.40487	221169	0	0	0	133871	0	2.14209	0	21.2381	0	0.0323587	0	0	0	1127.96	0	0	0	0	0	0	0	0	0	0	0	0	0.17438	10216.8	0.567873	222318	0	124.114	0	86.5129	0	0.0107527	1.19106	2.06392e+06	0	0	0	0	0	0	0	0	0	0	0	0	0	0	0	0	0	0	0	0	0	1.12003	0	0	0	0	0	234.814	0	0	0	0	0	45.0367	0	8.91781	0	0.00537634	0	0.00416667	0	0.00416667	0	50.0664	0	0	0	0	0	0	0	0	0	0	0	0	0	0	0	0	0	7.97506	0	0	0	7.37195	0	33.6952	0	35.6813	0	275.294	0	2264.09	0	64.6997	0	2851.2	0	310.7	0	0	0	0	0.00584795	0	0	0.0070922	0	0	0	249.741	0	0	0	43.8453	0	284.239	0	0	0	0	0	0	0	0	0	0	0	0	0	0	0	0	0	0	0	0	0	0	0	0	0	0	0	0.00383142	0	0	0	0	0	0	0	0	0	0	0	78.3026	0	0	0	0	0	0.00641026	0	0.0867407	0	0.148148	0	0	0.00564972	3.29356	0	0.0202067	0	0	0	36.9922	0	0	0	0	0	0	0	0.193333	0	0	0	0.0766639	0	0.00980392	0	0	0	0	0	0	0	0	0	0.00980392	
4.43008e+07	MFG_L_7_3	2.66398	0	43916.1	0.0206976	4.18492e+06	19314	2.14488	0.00215054	0.0699755	0.00215054	0.0923531	209.329	3.25062e+06	31846.4	2.03064e+06	0.252233	0.257063	0	0	14.1653	322219	0.986268	367.54	0.0209811	21.7905	0.0035461	1.11187e+07	842.264	0.867221	0	1286.24	0	194.596	0	216753	0.0604082	3346.74	2.64112	27.5196	0	0	0	49.2532	0.00653595	3.50047	0.0189593	6.77597	11.6736	0.004329	0	140141	1.89671	1.67917	0	8.68387	0	2.49454	0	25.294	0	1.11544	0	4.84713	0	0.0461358	0.136774	0.017556	0	2.09395	0.490763	1.01789	0	0.0489471	0	0.42361	0	2.71118	0.0126984	1.08452	0	7.35181	0.00333333	3.64611	0.0126984	20.7976	0.00347222	2.04038	0	8.9046	0	1.53304	0.00340136	65.7702	0	1.87583	0	19.6183	0.00347222	40.5052	0	24.7769	0	6.16635	0.00226757	1.3816	0	13.0637	0	2.73033	0.00226757	0	0.00226757	0.00396825	0	0	0	0.52486	0.0260547	0.0122669	0	3.16266	0	0.0197802	0	205.31	0.410448	730.338	0.529823	1.38603	0	44.5268	0	19.129	0	39180.4	0	11.5739	0	1.54779	0.0181818	3.54468	0	206.421	0	0.0846572	0.0136138	33.2998	0.664187	1.02809	0.131803	17996.6	0.745868	0	0	0	0	0.0243148	0	0.471532	0	12.9241	0	21470.4	0.031259	9.76749	0	541.979	0.0592949	41314.8	0.377816	40.5786	0.031259	812.666	0.341174	0	0	0	3.02524	0	0	0	0	0	0	0	0	0	0	0.0540985	0.0419653	0.0042735	0	1.40409	0.00273224	0.212725	0	8832.45	0.00273224	35.5378	0	4.92535	0	32.1561	0.0252254	12.7362	0.0719455	23463.9	0.31936	59637.5	0.161048	0.416393	0.00289855	8.41853	0.359142	95.2022	0.0936024	139.318	0.330501	8427.4	26.3406	15.1937	19.3027	3637.81	1.60337	394802	7.57767	39032.6	39.2061	95067	1.97408	3050.37	48.0915	34.4387	11.0602	0.142386	0.705179	10015.6	0.0125123	105.511	0.742887	214.418	0.0251931	14452.9	0.0953114	740.148	22.7789	
1.4068e+07	MFG_R_7_3	0.00574713	0.00740741	0.00520833	1570.61	696.605	1.03019e+06	0.00362319	0.0322024	0	0	2.28427	0	1139.16	16403.3	0.0769568	2.83152e+06	0	0	14.1653	0	0.458574	417338	0	701.063	0	0.044756	0.176768	2.50998e+06	0	0	0	22.0452	0	0.10625	0.348361	3944.3	0	67615.5	0	0.0393519	0.00833333	0	0	3089	0	2.60843	0	78.0766	0	0	0.0278867	33366.5	0	0	0.00362319	0	0	18.4727	0	0	0	3.41872	0	0	0.00416667	0	0	0	0	0.32742	0	2.69135	0	1.41987	0	1.56985	0	1.72699	0	0.0609115	0	0.0144945	0	0.643435	0	17.441	0	0.408495	0	7.5525	0	61.0299	0	10.1513	0	0.886029	0	17.7374	0	24.1251	0	0.270873	0	33.27	0	2.95977	0	26.7313	0	0.490692	0	0.0295757	0	0.514333	0	0	0	0	0	0	0	0.00520833	0	0.425898	0	81.2374	0.0136069	760.989	0	0	0.0155565	0.833156	0	40.3728	0.0135451	12.7509	0	3.59367	0	96.0716	0	462.041	0	4.56598	0	402.864	0	0	0.0154255	0	0.00362319	7993.66	0	0	0	1.1713	0	1.462	0	2.53508	0	92.8646	0	306.311	0	3.7645	0	243.262	0.0132673	4285.02	0	108.695	0	767.057	0	0	0	0	0	0	0	0	0	0	0	0	0	0	0.0291555	1.12311	0	0	0	0.34791	0	0.00406504	0.0302154	45.5016	0.00311526	4.22232	0.00311526	1.31525	0	188.268	0	20.4418	0.00333333	6821.47	0.003367	6783.15	0	0	0	0	0.00266667	2.13139	0	37.2508	0	159.622	0.00266667	621.786	0.00273224	56.5279	0.00273224	16884.8	0	86.013	0.0155655	68446.9	0	165.866	0.0272729	7.9453	0	0	0	0.0294643	0	1.16907	0	1.96616	0	6.13189	0	62.36	
1.34528e+07	MFG_L_7_4	36.7446	0.00392157	13074.9	0.121946	23454.4	1907.66	108.008	0.00392157	0.0299663	0	0.876612	450.609	7741.51	9.69674	1.54651e+06	9.92855	512999	0	322219	0.458574	0	0.294736	528442	0.00793651	13392.6	0	25624	8.26887	1559.23	0	625149	0	17956.8	0.00628931	1.33782e+06	0.00757576	13491.5	0.476848	2181.32	0	0	0	0.0595565	0	0.014737	0	0.00362319	0.207344	0	0.0030303	14004.5	0.476848	85916.9	0	23935.4	0	202.672	0	2054.36	0	170.216	0	993217	0	0	0	0	0	0.0256498	0.0302549	338.073	0	4.36067	0	695.387	0	114.598	0	65.296	0	3762.45	0	156.821	0	221591	0	245.222	0	649.509	0	1453.69	0.00362319	35.4662	0.00311526	400.62	0	8456.99	0	192415	0.00362319	9320.42	0	13.1152	0.0270545	0.104772	0.00323625	500.718	0	0.073327	0.00266667	0	0	0	0.00323625	0	0	0	0.00266667	0	0	12569.1	0	36200	0	1.28863	0.0035461	16.9703	0.0143386	1.50983	0	13.5844	0.00387597	0.858241	0	6117.44	0.00266667	41.0639	0	16649.5	0	1761.66	0	607.847	0	1.20059	0.00311526	0.0853836	0.0593308	0.00546448	0	889.293	0.0037037	0	0.0037037	72.2999	0	0.436668	0	1511.61	0	14.863	0	2506.14	0.0531001	509.497	0	20248.3	0.00793651	41394.5	0.0531001	638.459	0.0134769	13986.1	0.0685239	0	0	0.00724638	0	0	0	0	0	0	0	0	0	0	0	0.0042735	0	0	0	0.428614	0	0.0168776	0	518.707	0.0122696	0.459001	0	0.538175	0	0.649705	0.0121463	0.218227	0	1494.52	0	2055.45	0	23.7017	0.0030303	0	0.0537159	140.763	0.139631	59.5089	0.117364	0.002849	0.440483	545.913	0.970531	8.52825	0.155257	5283.26	0.259902	2319.62	10.9701	3249	0.202816	25.994	3.35775	5.55107	3.39008	0	0	326.917	0.00350877	2.16573	0.320968	15.2468	0.287284	639.548	0.24303	7.91846	4.03713	
