data	data	3.14851e+07	7.65367e+07	1.01082e+08	8.33906e+06	3.78589e+08	1.49644e+08	1.54767e+08	3.36079e+07	5.83583e+07	2.48234e+07	3.20474e+07	4.92143e+07	1.89551e+08	9.59376e+07	1.96405e+08	4.66878e+07	1.15383e+07	1.34276e+07	1.12791e+08	9.85182e+07	2.43049e+07	3.51712e+07	1.99862e+07	3.45052e+07	9.97951e+06	1.89996e+07	2.00761e+08	2.55709e+08	2.81401e+07	717974	1.04903e+07	1.69059e+07	1.80415e+07	8.52227e+06	2.03647e+07	9.51026e+06	2.75446e+07	1.70555e+07	9.58402e+07	9.42225e+06	1.91025e+07	9.68844e+06	7.42139e+07	1.80973e+07	3.17258e+07	3.66833e+07	5.57159e+07	1.0429e+08	1.0152e+07	1.71987e+07	4.80126e+07	1.59734e+07	3.27184e+07	4.14552e+07	2.00912e+07	3.19831e+07	2.925e+08	4.96439e+07	1.23699e+08	7.98401e+07	4.19857e+07	8.66935e+06	7.00442e+07	2.49191e+07	2.85934e+06	7.80605e+06	3.47696e+06	7.72932e+06	1.05738e+08	1.63815e+08	7.71961e+06	3.00686e+07	1.66427e+07	1.77131e+07	2.28113e+07	3.9964e+07	5.49143e+07	3.97304e+07	4.07663e+07	5.14175e+07	3.20307e+07	1.96282e+07	4.65939e+07	9.62883e+07	7.37295e+07	6.96365e+07	4.98642e+07	4.16685e+07	7.56979e+07	4.10809e+07	4.08159e+07	3.98452e+07	5.81946e+07	3.9362e+07	2.66279e+07	7.86323e+07	8.17922e+07	3.03453e+07	1.9972e+07	5.69531e+06	2.25573e+07	1.29836e+07	2.32683e+08	2.04462e+08	1.52864e+08	2.17531e+08	1.30015e+08	7.54766e+07	5.52282e+07	7.06449e+07	6.01135e+06	2.52945e+07	4.10805e+07	7.88907e+07	7.1564e+07	1.11878e+08	3.56763e+07	4.37435e+07	1.81434e+07	2.31344e+07	1.07788e+07	2.06099e+07	1.91117e+07	1.47838e+07	1.52429e+07	4.77679e+07	3.21171e+07	5.39381e+07	9.33078e+06	3.48904e+07	1.35143e+07	3.36343e+07	1.13969e+07	1.17476e+07	7.30198e+07	1.08182e+08	5.85924e+07	9.51923e+07	4.99131e+07	7.01318e+07	7.94931e+07	6.22042e+07	8.41156e+07	6.50675e+07	7.06776e+06	3.73335e+07	1.00336e+07	4.92428e+07	3.26592e+06	1.19983e+07	4.90033e+07	1.52189e+08	1.77597e+06	1.78765e+07	4.47762e+07	4.28711e+07	1.03537e+07	4.82178e+06	2.75976e+07	1.10862e+07	1.63979e+08	6.27882e+07	2.06423e+07	2.28118e+07	3.88734e+07	2.09889e+07	1.52304e+07	2.2419e+06	1.22371e+08	7.82014e+07	3.55595e+06	1.5392e+06	4.61798e+07	1.53195e+06	908113	4.93177e+06	2.36777e+06	1.66038e+07	1.47894e+07	3.67068e+06	1.40077e+07	2.58159e+07	4.65783e+06	1.67831e+06	944157	2.81661e+06	1.14735e+07	2.88394e+06	8.45741e+07	2.74265e+08	4.58968e+08	5.33343e+07	6.53561e+08	5.11003e+08	2.93616e+07	8.38048e+07	9.0689e+08	5.77031e+08	8.83582e+07	6.26505e+07	4.36736e+07	3.79731e+07	1.03582e+08	1.56911e+08	1.34992e+08	2.04761e+08	1.064e+08	2.7421e+08	4.74137e+07	1.13642e+08	1.97322e+07	7.19471e+07	1.12211e+08	1.46228e+08	4.03632e+08	6.8072e+08	3.70172e+08	5.83293e+08	1.57552e+08	2.08696e+08	2.21663e+08	4.18277e+08	2.88189e+08	2.00581e+08	4.909e+08	2.21841e+08	1.31766e+08	2.35646e+08	2.15538e+08	3.71033e+08	8.82001e+07	1.35546e+08	3.47732e+08	9.27017e+07	4.20694e+07	5.17242e+07	1.34447e+08	8.10831e+07	5.54149e+07	7.9333e+07	5.35711e+07	1.39599e+08	1.0114e+08	1.35141e+08	1.273e+08	1.39732e+08	
data	data	SFG_L_7_1	SFG_R_7_1	SFG_L_7_2	SFG_R_7_2	SFG_L_7_3	SFG_R_7_3	SFG_L_7_4	SFG_R_7_4	SFG_L_7_5	SFG_R_7_5	SFG_L_7_6	SFG_R_7_6	SFG_L_7_7	SFG_R_7_7	MFG_L_7_1	MFG_R_7_1	MFG_L_7_2	MFG_R_7_2	MFG_L_7_3	MFG_R_7_3	MFG_L_7_4	MFG_R_7_4	MFG_L_7_5	MFG_R_7_5	MFG_L_7_6	MFG_R_7_6	MFG_L_7_7	MFG_R_7_7	IFG_L_6_1	IFG_R_6_1	IFG_L_6_2	IFG_R_6_2	IFG_L_6_3	IFG_R_6_3	IFG_L_6_4	IFG_R_6_4	IFG_L_6_5	IFG_R_6_5	IFG_L_6_6	IFG_R_6_6	OrG_L_6_1	OrG_R_6_1	OrG_L_6_2	OrG_R_6_2	OrG_L_6_3	OrG_R_6_3	OrG_L_6_4	OrG_R_6_4	OrG_L_6_5	OrG_R_6_5	OrG_R_6_6	OrG_R_6_6	PrG_L_6_1	PrG_R_6_1	PrG_L_6_2	PrG_R_6_2	PrG_L_6_3	PrG_R_6_3	PrG_L_6_4	PrG_R_6_4	PrG_L_6_5	PrG_R_6_5	PrG_L_6_6	PrG_R_6_6	PCL_L_2_1	PCL_R_2_1	PCL_L_2_2	PCL_R_2_2	STG_L_6_1	STG_R_6_1	STG_L_6_2	STG_R_6_2	STG_L_6_3	STG_R_6_3	STG_L_6_4	STG_R_6_4	STG_L_6_5	STG_R_6_5	STG_L_6_6	STG_R_6_6	MTG_L_4_1	MTG_R_4_1	MTG_L_4_2	MTG_R_4_2	MTG_L_4_3	MTG_R_4_3	MTG_L_4_4	MTG_R_4_4	ITG_L_7_1	ITG_R_7_1	ITG_L_7_2	ITG_R_7_2	ITG_L_7_3	ITG_R_7_3	ITG_L_7_4	ITG_R_7_4	ITG_L_7_5	ITG_R_7_5	ITG_L_7_6	ITG_R_7_6	ITG_L_7_7	ITG_R_7_7	FuG_L_3_1	FuG_R_3_1	FuG_L_3_2	FuG_R_3_2	FuG_L_3_3	FuG_R_3_3	PhG_L_6_1	PhG_R_6_1	PhG_L_6_2	PhG_R_6_2	PhG_L_6_3	PhG_R_6_3	PhG_L_6_4	PhG_R_6_4	PhG_L_6_5	PhG_R_6_5	PhG_L_6_6	PhG_R_6_6	pSTS_L_2_1	pSTS_R_2_1	pSTS_L_2_2	pSTS_R_2_2	SPL_L_5_1	SPL_R_5_1	SPL_L_5_2	SPL_R_5_2	SPL_L_5_3	SPL_R_5_3	SPL_L_5_4	SPL_R_5_4	SPL_L_5_5	SPL_R_5_5	IPL_L_6_1	IPL_R_6_1	IPL_L_6_2	IPL_R_6_2	IPL_L_6_3	IPL_R_6_3	IPL_L_6_4	IPL_R_6_4	IPL_L_6_5	IPL_R_6_5	IPL_L_6_6	IPL_R_6_6	PCun_L_4_1	PCun_R_4_1	PCun_L_4_2	PCun_R_4_2	PCun_L_4_3	PCun_R_4_3	PCun_L_4_4	PCun_R_4_4	PoG_L_4_1	PoG_R_4_1	PoG_L_4_2	PoG_R_4_2	PoG_L_4_3	PoG_R_4_3	PoG_L_4_4	PoG_R_4_4	INS_L_6_1	INS_R_6_1	INS_L_6_2	INS_R_6_2	INS_L_6_3	INS_R_6_3	INS_L_6_4	INS_R_6_4	INS_L_6_5	INS_R_6_5	INS_L_6_6	INS_R_6_6	CG_L_7_1	CG_R_7_1	CG_L_7_2	CG_R_7_2	CG_L_7_3	CG_R_7_3	CG_L_7_4	CG_R_7_4	CG_L_7_5	CG_R_7_5	CG_L_7_6	CG_R_7_6	CG_L_7_7	CG_R_7_7	MVOcC	MVOcC	MVOcC	MVOcC	MVOcC	MVOcC	MVOcC	MVOcC	MVOcC	MVOcC	LOcC_L_4_1	LOcC_R_4_1	LOcC_L_4_2	LOcC_R_4_2	LOcC_L_4_3	LOcC_R_4_3	LOcC_L_4_4	LOcC_R_4_4	LOcC_L_2_1	LOcC_R_2_1	LOcC_L_2_2	LOcC_R_2_2	Amyg_L_2_1	Amyg_R_2_1	Amyg_L_2_2	Amyg_R_2_2	Hipp_L_2_1	Hipp_R_2_1	Hipp_L_2_2	Hipp_R_2_2	BG_L_6_1	BG_R_6_1	BG_L_6_2	BG_R_6_2	BG_L_6_3	BG_R_6_3	BG_L_6_4	BG_R_6_4	BG_L_6_5	BG_R_6_5	BG_L_6_6	BG_R_6_6	Tha_L_8_1	Tha_R_8_1	Tha_L_8_2	Tha_R_8_2	Tha_L_8_3	Tha_R_8_3	Tha_L_8_4	Tha_R_8_4	Tha_L_8_5	Tha_R_8_5	Tha_L_8_6	Tha_R_8_6	Tha_L_8_7	Tha_R_8_7	Tha_L_8_8	Tha_R_8_8	
3.14851e+07	SFG_L_7_1	0	5.04169e+06	5.08551e+06	100.139	697541	29109.9	1.70012e+06	34029.6	66820.1	5597.87	32403.6	26263.6	226.062	951.73	20.1945	3.66428	1.09287	0	2.3681	3.16091	0	0	47.1925	8.69683	28.7792	9.19532	51.8589	91.6773	0	0	0	0	802.843	0	0.00595238	0.00564972	862.865	0	63273.3	0	0.0540863	0	16.7759	0.0031746	52.8426	0	6.12711	0.0184986	0.398713	0	0.156153	0.0176486	0	0	0.654033	0.00641026	37.8376	0.0527541	62.9015	39.6572	0.720767	0	295.444	0	2930.35	64.5846	114.255	5.91662	1569.48	0	0	0	0.408282	0	0	0	514.267	0	0.252785	0.00314465	0	0	2.48377	0.318721	0.249387	0	0.13419	0	0.094969	0	5.84317	0	327.874	0	0.05829	0.269966	6.23323	0	0.222374	0	0.0167775	0	80.4728	0	0.586837	0.00350877	0.403687	0.00350877	60.0817	0	0.485512	0	0.1648	0	2.21126	0	14.7898	0	0.656794	0	0	0	0.0461611	0	879.821	4.21927	167.206	0.014652	0	0	9.51449	0.277364	0.0219109	0	225.364	0.0140413	0.0211694	0.0140413	0	0	0	0	133.128	0	0	0	17634.6	21.3703	30469.4	231.128	2702.4	20.5928	1693.43	736.944	0	0	0	0	0	0	14.6129	1.51065	771.591	0	0.894127	0	0.565391	0	959.683	0	0.0387989	0	8619.96	0	0.0364622	0.0575599	343.34	43680.7	66.7756	666.075	1224.69	164.539	39583.2	39.0875	5174.08	17.2138	0	0.1404	11.1465	0.263745	0.0873501	0	0.815728	0	2.78874	0.42741	3.80656	0	11.9227	0	0.419895	0	0.00347222	0	4.17423	0	0.085999	0	0.0402294	0	0.732633	0	299.205	0	68331.1	0.266218	6127.72	0.398461	105.153	0.253309	711683	0.125048	790.483	0.854892	585.869	0.123699	68476.6	259345	19647.7	1.33723	434.248	0	1.0261e+06	0	255.609	8.54187	6996.83	0.004329	120631	0.78175	44436.2	0.00396825	122975	0.00396825	337212	4.47947	
7.65367e+07	SFG_R_7_1	5.04169e+06	0	677208	437048	78668.8	258686	2.45181e+06	4.13548e+06	318370	1.90795e+06	26299.6	3.07173e+06	8124.52	184813	1141.11	11609.2	72.9001	0.773339	2.55214	1187.22	0	10205.6	45908.7	5212.81	285535	39.6461	29.4347	101.15	0.109574	13129.3	0.0197628	2335.84	0.511082	281697	0.00606061	0.710762	0.0203574	287439	6.59286	693465	0	0	0	0.0218188	0.00343643	0.00421941	0.0191865	6.81938	0	0	0.0236155	1.48536	0.0962289	0.351659	1505.59	0.919148	198.296	0.302819	92.3345	574.557	0	317.573	0	507.595	2.01587	609.009	7.35406	412.168	0.036589	129.461	0	0.133399	0	1.57691	0	0.554571	0.00401606	0.373238	0	0.475901	0	1.76123	0	53.2052	0.00378788	40.8325	0	2.14342	0	409.449	0	17.716	0.0163605	355.19	0	177.96	0.00378788	5.41367	0	1.06269	0	2.29915	0	475.376	0.0626742	0	0	28.4677	0	2.03977	0	0.00462963	0	0	0	0.650905	0	23.3471	0	0.0439313	0	2.4966	0	31.691	9.24621	739.306	0.0732636	0.410828	0	0.025679	1.31335	829.629	0.0343025	0	0.105613	9764.98	0.00421941	1938.34	0	0.0616497	0	45.0751	0.154871	6.67494	0	45.3313	1.46856	98.9402	2.51103	3535.98	0.430607	601.549	79.4997	11699.8	0	0.0606284	0	0.10421	0	0	48.5665	2212.1	0	14903.1	0	0.013641	0.00421941	1.93035	0	25344.4	0	866.532	0.32212	8446.32	0.00628931	0.418096	572.76	20351.8	41.9669	163336	0.0530114	1235.92	0.535731	32380.9	8.56563	731.451	0.0132065	0.229881	56.1423	11.2554	0	0.106196	0	3.38705	38.6032	3.71322	0	3.64114	0.100742	1.143	0	20.0681	0	0.0921099	89.6333	0.103599	0.0042735	3.24716	0.00378788	952.551	0	5453.18	0.00362319	1141.98	1.82365	215342	0.0392467	4727.66	0	13.9293	3.34208	5.75077e+06	0.00362319	16.5163	0.00343643	92.4818	375.335	4.83201e+06	0.367469	164019	0	228768	80.7469	3.52282e+06	8.06684	3767.61	0.00584795	1043.63	68.7691	700191	0.130279	275688	7.09962	361958	8.76316	1.6559e+06	
1.01082e+08	SFG_L_7_2	5.08551e+06	677208	0	1.4616	9.95378e+06	102718	1.39217e+07	147.35	0.391217	383.166	1076.12	48336.4	348.377	1488.87	3.41918e+06	0.108934	39.623	0	978.026	4.85824	377.665	0	2.27268e+06	1.02514	109626	1.02514	99.813	258.227	21936.3	0	69.9533	0.00628931	157436	0	114.014	0.00564972	100199	0	6.52966e+06	0	0.0337465	0	48.735	0	28.4177	0	4.2488	1.87398	0.291481	0	237.34	0.00564972	39.7505	0	324.362	0.0148148	11.0716	0.283675	2.90018	2.0219	18382.5	0	167154	0	0.0503247	1.18624	0	2.53578	1159.82	0	0	0	123.134	0.00273224	18.4979	0	756.668	0	40.6822	0.0124621	32.766	0	239.481	0.370384	12.9028	0	335.029	0	1.86452	0.00207039	484.283	0	252.438	0	0.561369	0.203766	994.962	0	25.1763	0	1.46684	0	207.05	0.00207039	32.463	0.00358423	24.2463	0	38.7814	0	0.855613	0	15.5595	0	3.12449	0	10.2069	0	0.580229	0	0.256842	0	0.314274	0	159.894	1.57584	0.788828	0.0327307	0.0190515	0	28.7365	0.203204	0.446808	0	15171.1	0.0313712	0.244738	0.0868509	0.167593	0	0.125759	0	7225.29	0	0.2872	0	0.125554	0.479648	0.0210091	8.29585	0.334716	0.628235	0.129859	12.5877	18.4089	0	2.72723	0	0.911786	0	248.133	0.585725	45140.6	0.0021645	64.8635	0	1177.69	0	64478.3	0.0021645	292.037	0	567167	0.00207039	0	0	0.00340136	7373.3	63.3263	3309.36	0.0843409	0.0491891	0.0137234	663.68	0	1.00976	0.00340136	0.00833333	56.2223	6.97539	0.0146538	0	72.4592	0	9.71162	5.20961	59.9933	0	1192.51	0	50.1222	0	0.00213675	0	98.8721	0.0153277	0.0270543	0	0.0176608	0.0302631	0.886733	0	187.353	0	221079	0.50352	3906.31	0.24512	111.196	0.231384	4.30086e+06	2.37597	397.119	0.47071	1036.22	0.0801557	66164.6	28418.8	403540	1.58633	1982.41	0.0035461	1.84937e+06	0.0322965	136.466	7.71893	3576.43	0	78729.1	1.64179	22596	0.0163753	63274.2	0.059552	185007	5.0197	
8.33906e+06	SFG_R_7_2	100.139	437048	1.4616	0	5.05571	1.09602e+06	0.123813	318264	0	0	3.08035	0	0	0	0.0284203	1.96622e+06	0.0274943	0.0166667	0	27057	0	18764.3	0.257452	3789.72	0.341	165044	0	30.6284	0	1072.02	0	8988.09	0	59369.2	0	1432.82	0	7816.87	0	2579.16	0	0	0	6.41319	0	0	0	0	0	0	0	226.046	0	0.0802696	0.00606061	1.73014	0	0.422415	0	0.632895	0	26.12	0	1.15767	0	0	0	0	0	0.286888	0	0.707751	0	1.03009	0	1.09801	0	0.0378492	0	0.0727136	0	0.367661	0	1.07663	0	12.1053	0	0.421104	0	91.0705	0	4.81408	0	0.735221	0	7.80972	0	3.26468	0	0.152501	0	0.937756	0	56.1342	0.00350877	0	0	7.1485	0	0.0841937	0	0	0	0	0	0	0	0.0550093	0	0	0	0.402606	0	14.9962	0	1.52649	0	0	0	0	0	2.79564	0	0	0	1129.17	0	136.442	0	0.00537634	0	5.46289	0	0.616983	0	4.88836	0	0	0	0	0	0	0	0	0	0.0581575	0	2.72276	0	0	0	3.28461	0	1730.72	0	0.00350877	0	0.0431905	0	2443.89	0	138.292	0	692.425	0	0	0	0	0	0	0	0	0	0	0	0	0	0	0.0363343	0.0872725	0	0.00444444	0	0.175043	0.0331846	0	0	0.0872725	0	4.46022	0	9.65787	0	0.0177778	0.0641353	0	0	4.96826	0	329.64	0.0035461	0.491688	0.0035461	0.407632	0.00215054	120.102	0	5.21705	0	0.117211	0.0115475	21814.2	0.0035461	0.255118	0	0.388075	0	319.717	0	26237.1	0	13.2351	0	168.63	0	0.724928	0	1.36016	0.022142	22.1784	0	33.204	0	22.6443	0	51.8745	
3.78589e+08	SFG_L_7_3	697541	78668.8	9.95378e+06	5.05571	0	1.46617e+07	1348.16	1175.36	12.0732	90.636	6.44663e+06	980723	3.93211e+07	1.97379e+07	4.19966e+07	0.552424	13.241	0	1.0981e+07	258281	34450.2	2.89944	842.315	0.116539	760.824	0.116539	1.9447e+06	2.77401e+06	1.59578	0	3522.17	0.0213505	66560.8	0	60563.7	0	37439.8	0	26351.9	0	432.539	465.354	273.135	9.00986	347.205	0.00680272	1917.74	58603.6	3.65118	8.25019	57048.4	6.68751	11.2337	0	31.1608	0.0130781	770.806	0.0777304	272.817	2.68855	75.9074	0	17.9181	0	12.5078	5.15503	0.698344	4.3507	28680.8	0.0835205	2.83782	0	178.242	0.00273224	3.07158	0	5915.66	0	55.5634	0.101619	4.14709	0	213.207	7.1419	91.9271	0	51.3044	0	2.28387	0.0398943	360.192	0	9850.65	0.104148	1.9702	3.50791	2605.38	0	22.2499	0	1.2455	0	3654.98	0.0100148	1242.33	0	82.2926	0	2334.24	0	13.5191	0	31.3864	0	676.701	0.0933222	512.042	0.0154148	84.9271	0	0.48222	0	0.119425	0	55.0345	3.83797	441.035	1.1271	0.00469484	0	0.319127	0.11607	7.74954	0	51106.5	0.15445	11.6038	0.163043	2.19198	0	3.30921	0	17242.8	0	36.9103	0	560.929	18.3939	299.517	20.9276	26394.5	45.1754	1495.37	90.6284	62.1715	0	5.22136	0	3.66507	0	602.226	0.343683	63083.2	0.0292875	523.454	0	2031.8	0	1.01605e+06	0.0788523	348.548	0	13100	0	55.1901	5.09375	35507.7	821164	144556	4943.71	269424	217.255	297897	2.44116	4180.39	8.94061	1021.49	1309.06	54754.8	16.2627	35629.2	0	566590	2.80323	10.5174	15.2182	800560	2.45982	78088.3	0.0272742	5298.43	0	18488.3	2.14317	98597.1	0.0887079	28.306	4.50539	26.992	2.48073	13.4072	0	11415.5	0.283003	373121	2.32862	290684	15.3364	26420.3	7.36228	2.62423e+06	3.822	15254.5	23.4197	3.53321e+06	4.22032	1.26506e+07	27195.3	2.01776e+06	13.1859	2.64234e+06	1.64759	3.24136e+06	4.44799	613.694	142.328	940065	0.390737	861984	25.8053	404629	6.85541	2.9314e+06	10.238	2.02723e+06	87.2663	
1.49644e+08	SFG_R_7_3	29109.9	258686	102718	1.09602e+06	1.46617e+07	0	2236.48	12994.8	55.0045	381.913	1.85929e+06	1.39528e+07	175503	3.23905e+06	1.8046e+06	17270.6	114.435	0.860459	18437	8.8399e+06	0.0213655	341973	1191.41	154.986	3788.79	125.229	371.451	71425.2	0.0259511	98.7635	0.322549	372685	16.9294	44875.7	0.00584795	221185	6.37878	18821.3	8.13813	132.361	0.0855138	0.123264	34.0583	3769.97	18.4063	0.0588808	5.20158	0.305264	0.0698715	0.0104167	0.0138292	73847.5	0.0222222	0.92944	262.046	158.097	33.7314	215.724	18.5716	176.122	0.050604	1142.32	0.0231902	2.15215	0.0203859	97.8151	0	20.0861	8.98295	529.153	0	62.0918	0	69.8054	0	76.0202	2.12983	155.727	0.00320513	10.8858	0	14.537	0.0242553	321.787	0	2402.59	0	15.3245	0	2946.6	0.0228568	146.631	0.230607	1441.78	0	693.981	0.0274086	479.048	0.0037037	32.4129	0	165.828	0.763634	1881.05	0.0847403	0.0767695	0.00245098	288.419	1.92404	3.90503	0.00215054	0.0255209	0	0.1687	0.0586012	1.05835	2.54994	19.9415	0.00292398	0.194457	0	8.2962	0	173.564	20.6391	930.987	191.005	1740.87	0	0.0335015	0.508639	1051	0.074941	3.93283	1.01158	28349.1	0	4688.93	0	0.0181578	0	68.6838	0.238345	4.80669	0	524.447	240.029	6101.16	0.147195	485.906	106.521	5147.25	83.327	7692.15	0.0197628	2.19348	0	947.837	0	0.0702489	3.73563	5860.85	0.151932	77026.5	0.022859	0.57057	0.0035461	6.08652	7.36489	110685	0	3290.5	0.295833	3701.5	0	8.98473	1309.17	120791	8.18896	29.1175	0.0673939	4693.97	0.0135862	3.39403	0.00268817	1793.6	13.8098	6.30986	23.7309	7403.52	0.838869	8.98951	13.4926	39210.3	41.245	3.0482	61.3684	14983.3	9.13014	12545.3	0.436101	146.236	5.89039	61462.7	51.9757	0.479457	13.0834	13904.6	6.20518	30143.7	0.650018	53.2815	13.9725	3224.82	99.8485	61927.7	30.0632	20670.4	56.1799	322620	285.706	5.44901e+06	895.908	156967	1179.98	1.81809e+06	13.2258	6.70707e+06	122.797	7.39375e+06	0.132034	1.91201e+06	308.819	649607	62.3715	189.745	1.11846	63079.1	130.128	336336	0.519276	512084	0.876539	681366	1.02849	923807	
1.54767e+08	SFG_L_7_4	1.70012e+06	2.45181e+06	1.39217e+07	0.123813	1348.16	2236.48	0	148942	2.19756e+07	767512	52.8509	3105.93	79.4874	997.709	69869.4	0.0203183	50.6002	0	781.289	3.8343	707.614	0.0915795	45170.5	1.60159	242831	1.81503	272.488	120.423	28150.8	0	7.975	1.07654	3510.51	0.056439	1009.33	1.44603	5434.57	1.29799	2.12817e+06	0	0.294017	0.311242	141.24	0	115.294	0.00564972	52.9312	51.0282	0.0447438	0.0580694	2809.25	0	838.306	0	307142	1.61143	2454.41	1.5721	10853	118.203	28646.6	0	182368	0	5341.04	133.641	0.371603	286.31	663.596	0	0.184664	0	77.3688	0	3.55153	0	548.285	0	16.1089	0	16.3989	0	92.0586	0.0114724	4.36004	0	97.747	0	1.31617	0	88.0493	0	124.698	0	2.00313	0.012612	122.042	0	7.00454	0	0.321784	0	64.5979	0	9.53384	0.0316957	4.7188	0	7.16206	0	0.0160053	0	3.89165	0	0.126925	0	7.88982	0	0	0	0.344637	0	0.471445	0	39223.1	10.9882	434.413	0.0852303	0.560358	0	44076.6	0.783168	47.8961	0	1961.47	0.116567	27.7133	0.0856327	0.269171	0	0.55614	0	1183.6	0	0	0	2.08142	12.5313	3183.55	115.441	0.0831872	3.28378	1.0742	77.7156	0.512802	0	0.0236539	0	0.0693711	0	22206.2	14.5708	3026.71	0	342.244	0	15935.3	0	5740.02	0	0.516783	0	906935	0	0.00421941	0.0291093	0.00340136	94.9977	2.96255	513.145	0.163021	238.142	2.42715	4228.65	0	1.73292	0.0958688	0	914.542	13.9638	0.0294746	0	3.48001	0	106.926	20.6302	2.57683	0	174.151	0	7.92127	0	0.0820031	0	1088.21	0.0622064	0.004329	0	0.0754463	0.0299405	116.624	0	432.222	0	559887	3.07377	1513.47	0.028722	696.281	2.36025	7.6871e+06	311.766	1994.53	1.97732	1851.08	9.73116	85506.6	3552.75	557266	0.591446	6.8004	0.00289855	2.02755e+07	0	2710.05	4.76369	517.6	0.00416667	248069	0.510819	32201.3	0	61689.2	0.0134007	2.76779e+06	1.50842	
3.36079e+07	SFG_R_7_4	34029.6	4.13548e+06	147.35	318264	1175.36	12994.8	148942	0	374343	3.38947e+06	8.62553	0.00584795	219.058	21.9936	8.82371	70978.2	0	735.937	0.257278	2891.85	0	15104.3	0.0987824	109414	132.821	892681	44.1681	79.9809	0	5328.9	0	1686.12	0	26314.7	0.00641026	1.67389	0	123079	0	1.00573e+06	0.0366981	0.0997865	0.223798	0.188809	0.280139	0.29329	1.3808	31.3619	0.116232	0.776802	0.00641026	0.878709	17.4281	929.941	286.602	955827	35.529	593.017	4.24635	73559.2	0	14654.6	0	391934	0.433929	0.207642	2.67699	0.205507	0.14675	2.98702	0	1.57801	0	20.5134	0	7.30965	0.0980189	0.803903	0.00308642	15.4976	0	21.4143	0	11.6966	0	201.72	0	26.7191	0	453.535	0.00262467	1.65149	0.00406504	6.18685	0	135.539	0	2.7713	0	0.949742	0	4.3534	0.00387597	27.708	0	0.189705	0	2.79191	0.00387597	0.0605702	0	0	0	0	0	0	0.00387597	0.0352236	0	0	0	23.9606	0	201.513	12.5567	1412.7	0.337311	167.318	0.115441	0.0208333	11.9915	771.803	0.65746	104.181	0.258557	20876.9	0.271374	15099.1	0	1.00058	0	512.215	1.70784	60.9346	0	532.62	0.0616481	3.44625	0.186923	0.88756	0.00362319	0.751699	0.00323625	0.0680935	0	0.142251	0	0.0441634	0	0.00680272	38.0968	32.8279	0	6720.11	0	0.310304	0	2.27881	0	7649.31	0	65.5828	0	1357.6	0	0	0	0.00724638	0	0	0	0	21.4582	0	0.00666667	0	0.0137516	0	13.6287	11.2591	0	0	0	0.23837	1.1894	11.8416	0	0.386387	0.00396825	0.48393	0	0.399868	0	1.55621	8.62255	0.151577	0.00362319	1.4407	0.013962	852.455	0	109211	0.0120809	2.74242	0.330758	303603	0.0380112	15.3151	5.81104	34.9999	0.963312	2.54864e+06	7.35734	35.2596	5.85918	94.6184	292.417	47044.5	0.830798	132656	0.175277	2046.99	866.444	1.21441e+06	128.542	3092.57	0.138063	0.399424	1120.34	50828	6.11502	3036.69	57.243	10975.6	2384.63	208605	
5.83583e+07	SFG_L_7_5	66820.1	318370	0.391217	0	12.0732	55.0045	2.19756e+07	374343	0	1.40205e+06	7.04872	69.5115	1.19273	13.8978	114.663	0	0.0375661	0	17.4861	0.0547314	10.0159	0.0587709	0	0	1.27732	0.0272222	93.4116	65.1187	0	0	0	0.234439	0.031746	0.0141097	7.93433	0.350644	2.33528	0.289009	149.881	0	0.00411523	29.1197	4.31209	0	5.64221	0.21458	45.5617	407.985	81.6401	298.994	23.6047	0	43.5038	0	141.405	417.557	13709.6	32.8339	171431	13351.3	0.0365365	0	131.696	0	42745.8	173.728	131611	122.203	2.21895	0.00347222	0.0479071	0.0176794	0.364218	0.00456621	0.00537634	0.0176794	1.22577	0	0.283707	0.0042735	0.0210614	0	0.0042735	0.0037037	0.0502825	0	0.181407	0	0.0035461	0	0.0045045	0	0.701316	0.00347222	0.0035461	0.0042735	0.0347087	0	0.00555556	0	0	0	0.105657	0	0.375589	0.00347222	0.00333333	0	0.0208537	0	0	0	0.0140741	0	0.0145639	0	0.0469055	0	0	0	0.00537634	0	0	0	46527.5	9.13339	946.319	0.034212	0.200037	0	17932.7	0.417305	13.0533	0	19.8903	2.46736	4.97997	0.0306537	0.00564972	0	0	0	55.345	0	0	0	6.41064	9.39772	52562	119.629	0.285373	4.89802	1.01223	93.6115	0	0	0	0	0	0	35132.6	28.5041	1.66583	0	2.00998	0	252.403	0	5.99668	0	0	0	3226.4	0	0.00421941	1.00387	2.26518	48.9113	0.524381	0.089899	0.302355	469.558	14509.4	156.418	5595.83	0.487559	0.109722	0.110517	294.347	1.81934	0.00311526	0	0.221072	0	28.0012	2.91439	0.089542	0	1.13212	0	0.0636429	0	0.0143369	0	358.593	0.0154148	0	0	0.003663	0.00333333	29.5851	0	65.6489	0	41728.5	0.363793	9.13029	0.0042735	15.53	3.03509	272405	57.4539	279.069	570.635	91.2295	2.344	8309.64	0.238763	18807.1	0.507618	0.338307	0.00289855	3.66089e+06	0	525.346	0.230725	3.19338	0	24210.4	0.0169858	1398.19	0	2146.88	0	456495	0.066175	
2.48234e+07	SFG_R_7_5	5597.87	1.90795e+06	383.166	0	90.636	381.913	767512	3.38947e+06	1.40205e+06	0	938.471	114330	574.628	6318.66	4.65264	0	0	0	0.0788427	0.354242	0	0.00401606	0.0552189	0	679.39	0.0548173	258.489	204.681	0	0	0	0	0	0	0	0	0	0.0037037	0	1.49186	0	0.630627	0.54241	0.015873	0.701088	0.358013	112.792	486.405	216.882	21.6968	0.00282486	0.0037037	15435.5	1.34303	267374	444361	19806.4	0.0738408	28106.9	879758	0	37.8273	0	34.6928	43.3914	8370.79	368.39	771154	0.200015	0.373367	0	0	0	0	0	0	0.142013	0	0.00308642	0	0	0	0.00383142	0.384097	0	0	0	0	0	0	0	0	0.00411523	0.226001	0	0.17073	0	0	0	0	0	0	0.00387597	0.00326797	0	0	0	0	0.00387597	0	0	0	0	0	0	0	0.00387597	0	0	0	0	0	0	0	136.521	21.7943	0.503742	0.0990192	0.165927	0	82.3254	4.37825	4.11403	0	0.953315	1.01786	3.08516	0.421335	0	0	0	0	23.2935	0	0	0	7.47034	147.52	21.3679	10933.9	0.604854	65.5573	6.55592	5491.03	0.425765	0	0	0	0	0	459.033	470.786	0	0	0.00282486	0	0	0	0.00282486	0	0	0	0	0	0	0.0331695	0.643195	112.381	101.365	932.494	0.00520833	24.4447	40.6442	9578.78	276.086	7805.13	1.7312	0.101207	1.25369	1.24327	0	0.00694444	0.00387597	0.0834893	0	0.00462963	0	0.00262467	0.00387597	0.00497512	0	0	0	0.0562928	0.564677	0.518408	0.0035461	0.0697891	0.0319149	2.02846	0.00438596	348.185	0.0312793	0.822284	0.58148	2218.52	0.108438	0.043307	3.075	46.6554	0.151074	69003	74.0885	47.9166	8.80999	53.1891	1584.36	10074	0.562704	3.33457	0.0844509	3.7614	2166.43	1.91641e+06	329.057	6747.32	0.0592925	0.0428845	4022.74	24713.7	14.0328	105.198	237.154	4530.79	6798.23	292964	
3.20474e+07	SFG_L_7_6	32403.6	26299.6	1076.12	3.08035	6.44663e+06	1.85929e+06	52.8509	8.62553	7.04872	938.471	0	406025	6.00947e+06	30673.4	3297.42	0.00641026	0.0405556	0	0.0350427	31240.2	0	0	0.372711	0.00392157	8.95671	0.00392157	1.39604	95139.4	0	0	0	0	0.0978495	0	0	0	0	0	0	0	60.896	0.131349	0	0	0.0135177	0	0.324352	0.300515	11.5144	1.46153	0	0.00724638	0	0	0.195878	0	4.17926	0	5.14911	2.30883	0	0	0	0	14.1595	1.75916	0.818495	26.1534	0.781378	0.0308689	0	0	0	0	0	0	0.0510157	0	0.0047619	0	0	0	0	0.0107534	0	0	0	0	0	0	0	0	0.0203669	0.0793661	0	0.0107534	0	0	0	0	0	0	0.0444035	0	0.00392157	0	0	0	0.0138249	0	0.00215054	0	0	0	167.259	0.267444	3.862	0.0981755	6.90941	0	0	0	0	0	13.0616	0.0214998	288.659	0.4438	0	0	0.159843	0	0	0	0	0	0	0	0	0	0	0	0	0	0	0	10344.6	13.5777	258.284	9.07217	59899.9	64.6295	6519.78	74.2824	0	0	0	0	0	0	0.047224	2.06789	0	0	0	0	0	0	0	0	0	0	0	0	3.96331	4.83664	959.297	9703.42	745350	1660.17	101824	283.208	134129	32.9229	5073.25	11.6357	508.227	3.68382	0	0	0	0.00595238	0	0.00314465	0	0	18.35	0.0200673	0	0	0	0	0	0	0	0	0.0414853	2.47398	0.00387597	2.28501	5.41074	0.00462963	0.146705	0.0510191	2135.16	2.04589	1.58728	3.6285	6.01707	0	0.919546	0.186075	15.0126	1.72821	0.182554	0.00350877	5.51906	692.677	0.050207	0	0.0842117	0.900254	3.21101	2.53952	0.152874	0	0.299614	0.0629425	11.2159	4.04375	825.608	4.6059	4.57568	4.59323	12.9904	2.92735	
4.92143e+07	SFG_R_7_6	26263.6	3.07173e+06	48336.4	0	980723	1.39528e+07	3105.93	0.00584795	69.5115	114330	406025	0	157890	3.75761e+06	392899	0.0555556	18.1806	0	190.631	2.93052	0	2.57996	293.294	0.0311493	782.488	0.0311493	0	33.0267	0.00617284	0	0.00387597	5.0602	0.377757	0	0	0.0741793	0.139346	0	3.40284	0	0.0166667	0.0329388	0	0	0	0	0	0.0853206	0	0	0	0	0.00555556	0	33.5566	0	310.287	0	394.109	808.082	0.00555556	0	0	0	0.794313	3040.3	0	2240.72	0	0.107427	0	0	0	0	0	0	0	0	0	0.0042735	0	0	0	0.106443	0	0	0	0	0	0	0	0	0	0.107719	0	0.0383869	0	0	0.0037037	0	0	0	0	0.00438596	0	0	0	0	0	0	0	0	0	0	0	0	0	0.00438596	0	0	0	0	0	0	0.11988	10.894	0.0185759	0	0	0	0.258245	0	0	0	0.319187	0	0	0	0	0	0	0	0.00358423	0	0	0	11.4779	224.172	0.00595238	14034.6	2.15889	3604.6	733.928	63449.7	0	0	0	0	0	0	3.37464	871.125	0.00358423	0	0	0	0	0	0	0	0	0	0.00358423	0	0.00555556	2.11929	61.1131	89024.5	5985.14	1.42382e+06	4.20486	13094.8	1.45164	660.96	0.00617284	16814.9	3.47897	44319.3	0	0.0343643	0	0.0972541	0	0.0343643	0	0	0	0.107442	0.399499	0.00406504	0	0	0	0.00406504	0.00246914	0	0.0160853	0.00406504	0.0160853	0	0	0	0	0.469484	0.0167881	3.04522	0	2.99544	0	0	2.19386	58.18	0.0142607	0.00362319	0	0.255013	0.519418	9874.4	0.138643	0.263613	0	67.4783	0.00323625	9.81421	0	0.0492682	0	1.43629	0.0106854	78.8317	0	113.073	0	186.426	0	49.0193	
1.89551e+08	SFG_L_7_7	226.062	8124.52	348.377	0	3.93211e+07	175503	79.4874	219.058	1.19273	574.628	6.00947e+06	157890	0	7.64314e+06	2232.61	0.0249417	0.106297	0	56328.3	90526	38.3707	0.00926105	45.3812	0	60.1479	0	2.68835e+07	4.36236e+06	0.00483092	0	0.269932	0	0	0	605.258	0	14.4946	0	0.0215666	0	1.71168e+06	47747.1	16.0193	0.0022831	4.76324	0.53654	1.09582e+06	1.65365e+06	66946.7	49.5572	2674.64	0.0356307	0	0	1.56041	0	14.2012	0.0187943	18.6654	21.0142	0	0	0	0	0.0997588	25.6459	0	10.2746	287	0.572492	0	0	0.0455861	0	0	0	76.253	0.010718	0.0249323	0.0242737	0.0150664	0	0.146199	1.07401	0.104285	0	0.0122436	0	0.00323625	0	1.782	0	42.5387	0.038643	0.00323625	0.247177	174.38	0	0.0632124	0	0.00456621	0	42.4395	0	104.695	0	0.0663023	0	4.62501	0	0.083019	0	0.0544304	0	145.356	0.00411523	9.79951	0	16.8316	0	0	0	0	0	0.159718	0.273137	5.97061	0.0609896	0	0	0	0.004329	0.222576	0	59.1663	0.00287356	0.0694978	0.00287356	0	0	0	0	16.129	0	0.00537634	0	29.4502	2.8902	2.21992	99.9575	51126.4	46.029	1430.4	587.174	0.00497512	0	0	0	0.00497512	0	0.505115	2.71112	50.4322	0	5.47404	0	0	0	243.705	0	0	0	0.00280112	0	543.931	5.89655	134042	316799	3.10563e+06	882.2	112708	197.487	643174	39.7368	10522	79.4495	508190	6260.03	3482.43	0.0121988	1261.13	0.00505051	2728.51	0.0705287	0.0407701	0.0164709	6000.22	0.0457212	192.346	0.00294985	186.011	0	61.8074	0.0116968	179.863	0	0.15507	0.275882	0.0375119	0.0852546	5.00429	0.00282486	19.2778	0.0636054	2164.9	0.0822088	1938.09	1.02744	81966.5	755.96	312.056	0.0127647	31473.3	297.402	123250	0.154023	213585	133.538	5601.66	0.386122	39451.7	0.0523275	3423.71	0.0037037	1.79639	0.291233	21412.6	0.00343643	83.0539	0.521816	4297.71	0.440671	35746.6	0.74914	10896.5	0.435367	
9.59376e+07	SFG_R_7_7	951.73	184813	1488.87	0	1.97379e+07	3.23905e+06	997.709	21.9936	13.8978	6318.66	30673.4	3.75761e+06	7.64314e+06	0	78745.3	0	0.407324	0	19022.7	40.4049	0.0253991	9.20853	12.0161	0.0642923	194.789	0.141966	206990	4.26051e+06	0	0	0	0	0	0	0	7.45427	0	0.107757	0	0	911.847	1.47789e+06	19.5046	51.6009	9.23136	0.530804	1608.4	1.86879e+06	266.931	2450.29	0.026426	416.902	0	0.00238095	2.20863	0.770862	33.1944	0.359641	58.3647	106.683	0	0	0	0.00238095	0.0153582	349.497	0	71.8276	0.69363	2118.32	0	0.00512821	0	0	0	0	0.0258942	825.538	0	0.0592761	0	0.00512821	0	298.428	0	0	0	0.00980445	0	0.00884698	0.00311526	2.44075	0.00266667	4.87916	0	62.3907	0.0125797	0.0188129	0	0	0	0	0.129778	0.00323625	0.011148	0.0383278	0	3.70519	0.385446	0.00280112	0	0.00275482	0	0	0.0423013	0.0145187	0.454603	0.0154148	0.00205761	0	0	0.00980445	0	0.135863	1.00784	4.51547	9.14618	159.483	0	0	0.075761	0.038628	0.0284112	0	2.76117	6.38789	0	1.07608	0	0	0	0	0	0.0840461	0	0.00512821	16.5389	647.472	0.0031746	2117.42	6.98621	7324.46	2265.74	110711	0	0	0	0	0	0	0.142939	77.5072	0	2.69088	0.00834213	0	0	0	3.60001	2342.24	0	0	0.00248756	0	9.48165	9186.21	27733.2	3.59252e+06	7119.62	63169.4	28.5813	135659	12.9693	2335.77	0.0540531	3500.21	21762	480855	0	7387.41	1.65234	107.332	6.42783	6809.64	0.0398246	1.27662	12.1017	13281.4	18.7718	482.717	0.0135177	1.13712	0.66526	1515.04	0.043793	5.46663	10.8643	73.4456	2.37037	78.2671	0.0253585	0.238629	1.63896	6.18877	2.65595	39.2486	14.0379	217.154	111.26	175709	2.23376	2112.86	378.747	14105.1	265.305	368628	3.01491	90231.1	8.49668	155953	0.0413597	90645.2	0.259213	2977.74	0.104001	0.224462	0.197338	4559.96	0.913454	383.676	0.0334318	13698.5	0.0211989	12670.5	0.0600942	11839.2	
1.96405e+08	MFG_L_7_1	20.1945	1141.11	3.41918e+06	0.0284203	4.19966e+07	1.8046e+06	69869.4	8.82371	114.663	4.65264	3297.42	392899	2232.61	78745.3	0	0.00653595	127659	0	1.90719e+07	4.38612	1.06024e+06	0.0351779	4.55617e+06	0.0775447	66696.1	0.133968	69264.6	35.6613	3709.15	0	40533.6	0	56102.4	0	306354	0	93811.7	0	83196.8	0	0.173082	0.00497512	587.556	0.0103801	205.431	0.00241546	12.1164	0.0365392	0.100628	0	73389	0.0103801	9696.49	0	35525.6	0	3912.05	0.0323456	201.147	0.495774	2598.05	0	1035.15	0	0	0.216975	0.00564972	0.260417	7992.45	0	185.287	0	1761.95	0	261.265	0	4731.07	0	1157.28	0.107239	339.386	0	2628.43	7.56678	2318.39	0.00262467	2203.57	0	43.9586	0.0593452	4952.18	0	3431.27	0.00277778	48.7419	3.52914	50908.7	0.00262467	907.767	0	52.7448	0	5371.03	0.00914798	4386.41	0.00358423	716.419	0	1421.1	0	9.79459	0	235.59	0	74.8187	0	239.342	0	19.5877	0	68.5323	0	21.0169	0	25.4612	4.68806	144.342	5.09062	0.959264	0	0.0832769	0.0899067	13.3347	0	207247	0.20731	25.6238	0.0545933	11.1153	0	15.4332	0.00241546	67049.5	0.00241546	1347.76	0	7.4218	17.1479	0.193821	3.29922	20.2464	37.3806	0.454707	12.846	8494.06	0	1807.47	0	209.705	0	13635.1	0.0382993	199569	0	1472.34	0	122425	0	4.45376e+06	0	14207.3	0	228338	0	0	0.00387597	0.421863	1191.9	25.0391	1423	117.865	3.45829	29.5161	0	0.00617284	0.494705	0.0293076	1.85302	1396.78	9.57204	744.303	0	686616	2.30772	6.29824	16.1853	924701	0.422345	409230	0.00308642	16217.9	0	75984.4	3.17458	242463	0.00387597	31.1201	2.53267	38.4522	0.8967	0.407876	0	6148.65	0.101532	75917.1	0.31619	76060.8	7.69613	153.251	0.218704	1.32229e+06	1.2405	4338.52	1.03925	1.28375e+06	2.18063	2.31963e+06	1536.44	7.91544e+06	6.14729	330750	0.254456	1.74554e+06	0.539986	355.077	11.1789	81706.6	0.105253	305362	2.48024	62185.9	0.556194	511839	0.721235	951220	7.91777	
4.66878e+07	MFG_R_7_1	3.66428	11609.2	0.108934	1.96622e+06	0.552424	17270.6	0.0203183	70978.2	0	0	0.00641026	0.0555556	0.0249417	0	0.00653595	0	0	1117.99	0	7.46356e+06	0	2.16951e+06	0.00724638	1.11183e+07	0.00724638	467175	0.00520833	4747.32	0	107.13	0	14496.7	0	1572.19	0	16903.5	0	334.599	0	103.576	0	0	0	215.618	0	0.265353	0	0	0	0	0	3652.41	0	3.88015	0.00606061	132.162	0	9.3804	0	16.9723	0	44.8883	0	944.155	0	0	0	0	0	0.625313	0	2.24436	0	9.47692	0	3.36312	0	0.544989	0	2.29151	0	34.3037	0	6.49117	0	699.554	0	122.572	0	297.047	0	9.2725	0	1.39351	0	111.422	0	5.10643	0	0.24181	0	29.0623	0	26.7692	0	0	0	9.18371	0	0.200591	0	0	0	0	0	0.0216816	0	0.137193	0	0	0	131.484	0	181.196	0	43.0029	0	0.108064	0	0.00740741	0	40.7572	0	0.0273133	0	1532.89	0	396.969	0	7.82147	0	380.892	0	194.041	0	248.522	0	0	0	0	0	0.00411523	0	0	0	0.0306554	0	2.16707	0	0.17974	0.00421941	3.5698	0	437.174	0	0.706764	0	3.316	0	1195.5	0	40.7511	0	186.82	0	0	0	0	0	0	0	0	0	0	0	0	0	0	0	0.0489805	0	0	0	0.0818018	0	0	0.0026455	0.0489805	0	7.1057	0	3.65291	0	0.344107	0.0165638	0.00273224	0	18.1617	0	209.872	0	0.259097	0	1.01756	0	37.7111	0	15.7136	0	0.0309501	0.00362319	1764.97	0	0.644554	0	0.139298	0	707.363	0	4772.76	0	62.4633	0	352.294	0	30.6433	0	4.27026	0	86.7768	0	117.301	0	117.125	0	197.532	
1.15383e+07	MFG_L_7_2	1.09287	72.9001	39.623	0.0274943	13.241	114.435	50.6002	0	0.0375661	0	0.0405556	18.1806	0.106297	0.407324	127659	0	0	0	274986	0.027972	2.57269e+06	0	525083	0	311235	0	1.27575	0.789483	1.31614e+06	0	106020	0	2939.13	0	0.0274972	0	1203.78	0	99683.2	0	0	0	0.111036	0	0.00411523	0	0	0.00584795	0	0	0.321565	0	124741	0	75.112	0	0.724724	0	0	0	57.7794	0	273605	0	0	0	0	0	0.536321	0	11.5593	0	0	0	129.595	0	15.4013	0	10.0127	0	34.6998	0	55.6379	0	4182.98	0	139.003	0	4.68556	0	286.575	0	5.73366	0	3.61453	0	20673.5	0	5802.96	0	46.0028	0	11.0956	0	0.191831	0	0.751404	0	0	0	0	0	0.033576	0	0	0	0	0	0	0	39.1974	0	135.198	0	0	0	0	0	0	0	0	0	0	0	23.6882	0	0.18942	0	18.4814	0	20.3166	0	8.2094	0	0.192999	0	0	0	0	0	0	0	0	0	15.9092	0	0	0	8.94369	0	355.846	0	10.6483	0	0.0367359	0	0.243892	0	107.117	0	0.0640571	0	246.832	0	0	0	0	0	0	0	0	0	0	0	0	0	0	0	0	0	0	0	0.559081	0	0	0	0.292789	0	9.58912	0	0.684463	0	0	0	0.221525	0	0	0	0	0	0	0	0	0	1.14198	0.00347222	0.28606	0	0	0	92.5059	0	0	0	1.37561	0	0.00680272	3.85992	192.662	0	0	0	3.52502	0	0	0	0	0	0.424278	0	0.0624037	0	0.203531	0	0.601348	0	
1.34276e+07	MFG_R_7_2	0	0.773339	0	0.0166667	0	0.860459	0	735.937	0	0	0	0	0	0	0	1117.99	0	0	0	165.341	0	6980.65	0	827768	0	131404	0	0.00421941	0	63195.6	0	2067.66	0	1371.35	0	0.0711238	0	391.831	0	3322.62	0	0	0	0.00396825	0	0	0	0	0	0	0	0	0	251.144	0	50824	0	1838.32	0	1.748	0	151.903	0	3.89942e+06	0	0	0	0	0	0.1121	0	0.870336	0	5.07471	0	8.94529	0	0.0759533	0	27.3091	0	19054.5	0	19.3555	0	1.29872e+06	0	95115.7	0	458.168	0	203.814	0	0.559996	0	471.277	0	5934.89	0	8.73915	0	394.742	0	13.0656	0	0	0	162.705	0	0	0	0	0	0	0	0	0	0	0	0	0	132882	0	9439.93	0	2.48049	0	0	0	12.8819	0	2.91309	0	0	0	160.057	0	0.55009	0	93.8633	0	10735.7	0	148579	0	0.610589	0	0	0	0	0	0	0	0	0	0.933829	0	0.0293321	0	1.4735	0	1.61396	0	31.6123	0	0	0	0.0107527	0	19.6765	0	0.336437	0	0.308625	0	0	0	0	0	0	0	0	0	0	0	0	0	0	0	0.003003	0	0	0	0.01274	0.00215054	0	0	0.003003	0	0.0030581	0	0.0266773	0	0.0030581	0	0	0	0.003367	0	0.112154	0	10.8819	0	0	0	21.4094	0	2.66819	0	0	0	140.404	0	0.0488416	0	0.00396825	0	0.0912099	0	45.4404	0	0	0	1.72765	0.00215054	0.192398	0	0.0460989	0.00215054	0.0111111	0	0.199644	0	0.206961	0	0.334668	
1.12791e+08	MFG_L_7_3	2.3681	2.55214	978.026	0	1.0981e+07	18437	781.289	0.257278	17.4861	0.0788427	0.0350427	190.631	56328.3	19022.7	1.90719e+07	0	274986	0	0	26.755	2.81257e+06	0	124392	0	383.135	0	6.74486e+06	294.741	6370.48	0	14165.3	0	2775.14	0	1.30507e+06	0	52433.5	0	13740	0	0.0983617	0.21882	269.408	0	24.965	0.00949292	1.24771	75.3201	0.0334025	0.0449705	527224	0	236.145	0	97.0092	0	107.761	0.00297619	29.7449	0	269.839	0	2623.83	0	0	0.0445394	0	0	897.522	0	9.0811	0	465.427	0	25.7922	0	874.547	0	169.498	0	63.1457	0	450.757	0.0263887	715.852	0	280.428	0	3.84167	0	984.961	0	464.542	0	7.72782	0.0263887	10634.1	0	211.902	0	5.412	0	930.299	0	6439.49	0	639.914	0	41.5189	0	0.677705	0	102.551	0	7.30627	0	8.78348	0	3.95054	0	76.5661	0	9.95398	0	3.50467	0.0563193	97.3565	3.51997	0.0767504	0	0.00343643	0.0527089	3.60378	0	60609.6	0.0129068	8.7213	0.003367	9.2006	0	8.78677	0	14244.8	0	17.647	0	0.0042735	5.89437	0	0.0278478	0.184	30.4737	0	0.683067	34.5981	0	1.65694	0	1.91813	0	86.3505	0.0111119	34489.3	0	4251.26	0	29182.6	0	3.08706e+06	0	35.4505	0	33668.6	0	0	0.0130235	0	0.108936	0	0	0.353545	0.638988	0	0.003003	0	0	0.0160643	0	48199.8	0.613973	32255.5	0	1.10826e+06	4.02516	0.681475	0.143852	1.7256e+06	2.01762	183443	0.00287356	15338.9	0	110194	6.68541	344001	0.00378788	29.886	3.91831	28.2345	2.46532	0.0333393	0	192.802	0.00275482	2824.65	0	8528.11	0.0271908	88.9455	0.0580678	54957.1	0.0270771	809.28	0.303889	4.03254e+06	0.559071	841384	0.567011	1.41057e+06	0.844512	327455	0	292946	0	77.0849	0.336136	45004.4	0.0149495	66094.7	0.0904079	34135.4	0.0150696	109923	0.0030303	280673	0.276918	
9.85182e+07	MFG_R_7_3	3.16091	1187.22	4.85824	27057	258281	8.8399e+06	3.8343	2891.85	0.0547314	0.354242	31240.2	2.93052	90526	40.4049	4.38612	7.46356e+06	0.027972	165.341	26.755	0	0	5.44342e+06	3.25613	589897	5.09172	148.06	1701.18	1.7135e+07	0	14.2425	0	7887.23	0.00617284	262.036	0	367851	0.00617284	7003.83	0.00617284	68.5003	0.0885698	0.125166	239.999	5181.08	94.7374	23.8035	21.5452	1.23832	0.58678	0.00406504	0	110644	0	0.945417	0.226547	25.4148	2.06302	28.9358	1.49201	23.1299	0	236.103	0	125.975	0.00287356	0.0557199	0	0	41.7017	1990.63	0	22.8796	0.00248756	55.4345	0	29.6402	2.3107	1860.05	0	23.6502	0	20.6905	0.0260184	917.599	0	846.24	0.00282486	86.3887	0.00245098	1049.19	0.00273224	101.667	0.230345	52.9964	0	487.615	0.0292517	80.655	0	1.14245	0	66.8235	6.18079	661.605	0.0412634	0.798963	0.00260417	179.228	20.411	1.04194	0.00222222	0.00320513	0.010322	0.442958	0.330948	0.16788	28.6799	0.705939	0.0248726	0.110367	0	52.6195	0	281.449	24.6723	671.293	304.336	4853.12	0	0.00653595	0.0290061	406.553	0.0419379	5.75704	0.948703	13009.9	0	3440.6	0	0.525506	0	214.904	0.00925147	69.4805	0	357.053	369.133	10233.4	0.109728	3.63976	371.461	5402.83	0.260321	151.93	0	0.245861	0	113.736	0	0.28796	0.310406	775.795	0.0025641	30527.8	0.0215055	10.6181	0	19.6563	59.4881	66062.9	0	263.847	0	562.839	0	0	0	0.0420238	0	0	0.0248726	5.00818	0.0308356	0	0.012043	0.003663	0	0	0.0546754	62170.7	62.2659	242.027	239.689	119175	0.743007	17.0802	649.513	122754	61.8659	13661.8	0.30949	81.7543	64.9299	98587.7	4.43381	59.6929	211.112	10593.4	56.9201	24611.7	1.15802	1.68223	149.905	45.8238	76.0754	644.504	157.003	1712.51	346.693	188832	139.641	13412.7	5326.04	116315	7575.14	2.81952e+06	2.01072	364145	310.715	4.37784e+06	0.266866	179315	3.63695	9986.86	12.5678	39.9214	4.04734	24340.4	75.4396	18935.9	0.265897	50690	0.423888	48979.3	0.380423	44824.7	
2.43049e+07	MFG_L_7_4	0	0	377.665	0	34450.2	0.0213655	707.614	0	10.0159	0	0	0	38.3707	0.0253991	1.06024e+06	0	2.57269e+06	0	2.81257e+06	0	0	0	930150	0	1480.6	0	581082	0.0253991	26864.4	0	2.72524e+06	0	3120.4	0	112675	0	1843.15	0	39816.9	0	0	0	233.704	0	8.33197	0	0	0	0	0	847296	0	90.6419	0	111.731	0	0.338533	0	0.00546448	0	870.905	0	638.549	0	0	0	0	0	13.8872	0	0.351357	0	251.342	0	6.46131	0	238.617	0	62.5412	0	19.5256	0	203.305	0	12.541	0	100.063	0	0.644736	0	470.064	0	5.02806	0	1.56485	0	868.033	0	31.2093	0	2.03447	0	274.26	0	270.308	0	20.7331	0	0.0316851	0	0.121467	0	76.4876	0	0.0303662	0	0.004329	0	0	0	1.70718	0	0.546012	0	0.0139907	0	0	0	0	0	0	0	0	0	10358.2	0	0.0374486	0	1.66317	0	0.34651	0	1948.17	0	8.12715	0	0	0	0	0	0	0.00374532	0	0.00374532	23.9302	0	1.97254	0	0.0557369	0	16.4085	0	5510.54	0	26.1352	0	32840	0	168106	0	102.173	0	87721.4	0	0	0	0	0	0	0	0	0	0	0	0	0	0	0	0.109732	0	0.0045045	0	1711.51	0	0	0	1585.88	0	24883.6	0	371.194	0	0.155388	0	455.281	0	0	0	0	0	0	0	0.0320346	0	0.583732	0	149.286	0	0.00378788	0	476.28	0	0.738526	0	3613.93	0	3433.8	0	53515.1	0	0.0750313	0	1.94396	0	0	0.00362319	2.12196	0	1.76343	0	1.30187	0	9.36176	0	0.855808	0.00362319	
3.51712e+07	MFG_R_7_4	0	10205.6	0	18764.3	2.89944	341973	0.0915795	15104.3	0.0587709	0.00401606	0	2.57996	0.00926105	9.20853	0.0351779	2.16951e+06	0	6980.65	0	5.44342e+06	0	0	0.00653595	876466	0.103123	353.172	1.42358	292024	0	2512.3	0	7.60998e+06	0	42836.2	0	39432.5	0	158.845	0	115.622	0.0214673	0	0.439849	150216	0.375938	0.759664	0.20662	0.00378788	0.00234742	0	0	474604	0	24.6152	0.0157407	17.8918	0.0124486	1.27351	0.00205761	0.641107	0	83.1507	0	5763.67	0	0	0	0	0.0250747	5.52809	0	2.23882	0	17.7163	0	16.2938	0	1.6286	0	12.4014	0	126.522	0	24.4067	0	3079.01	0	314.734	0	2598.5	0.00260417	3.87417	0.00282486	9.68785	0	535.373	0.00260417	3.28775	0	0.116809	0	206.08	0.00273224	212.991	0.00323625	0.00374532	0	6.79218	0.0110667	0.945804	0	0.00374532	0	0.183277	0	0.00497512	0.0110667	0.715179	0	0.00497512	0	332.727	0	732.091	0.644228	2.43009	1.66247	8.11024	0	0.00653595	0.0346536	3.66267	0	0	0.0561618	702.737	0	91.0934	0	3.70042	0	1221.11	0	855.212	0	652.491	1.86299	31.5543	0.00383142	0.0751634	2.63445	11.2709	0.00401606	1.06416	0	0.00775194	0	0.577333	0	0.173284	0.00416667	0.278992	0	3784.35	0	4.43242	0	266.583	0.36562	6311.64	0	59.054	0	2285.1	0	0.00378788	0	0	0	0	0	0	0	0	0	0	0	0	0.03362	70.8613	0.113186	0.108151	1.0726	315.97	0.0322044	0.00444444	2.79303	168.355	0.650356	67.1737	0.00326797	4.43519	0.45579	554.271	0.160658	0	0.166588	217.318	0.0870801	730.597	0.00308642	0.00584795	0.0700457	7.93198	0.201365	86.3072	0.157209	183.575	2.06139	93.8031	0.303514	2188.02	19.1917	1301.32	17.0611	5831.17	0.0226123	19094.5	1.74777	25064.9	0	1061.94	0.132655	239.671	1.41576	2.06127	0.063878	302.078	2.82868	183.308	0	929.889	0.00254453	1194.68	0.00252525	537.013	
