data	data	6.09643e+07	9.27714e+07	1.59328e+08	1.41128e+07	1.83034e+08	2.54521e+08	8.41052e+07	5.45719e+07	6.66188e+06	2.01829e+07	1.78896e+07	1.29845e+07	1.25694e+08	2.07323e+08	4.08743e+07	2.17643e+07	2.47404e+07	3.66817e+07	2.85489e+07	3.30253e+07	2.55172e+07	4.76707e+07	3.14265e+07	4.9422e+07	3.35509e+07	2.04488e+07	2.16011e+08	2.23418e+08	1.77299e+07	1.57935e+06	1.00609e+07	2.10674e+07	9.46422e+06	9.97582e+06	1.93256e+07	3.59581e+06	6.80591e+06	6.94259e+06	2.77344e+07	8.57456e+06	5.80641e+06	8.49265e+06	2.71055e+07	1.36997e+07	2.82041e+07	6.64972e+06	9.68035e+07	1.31766e+08	2.46326e+07	4.4757e+06	8.2347e+07	8.2025e+06	3.86584e+07	2.80398e+07	3.91344e+07	2.88269e+07	1.02661e+08	2.29615e+07	7.54684e+07	1.16387e+08	6.0918e+06	1.22824e+07	2.13186e+07	1.64831e+07	1.47911e+06	4.32927e+07	520290	5.15414e+06	6.70203e+07	1.39711e+08	3.49501e+07	8.15471e+07	4.37565e+07	1.99304e+07	2.10683e+07	7.06147e+07	5.87691e+07	6.19624e+07	5.73674e+07	2.55172e+07	3.21988e+07	2.32125e+07	5.91818e+07	8.37948e+07	3.76074e+07	8.23356e+07	1.64375e+07	5.59105e+07	1.40823e+08	8.30284e+07	7.56899e+07	5.37588e+07	1.14685e+08	8.58509e+07	3.64728e+07	2.41544e+07	1.54678e+07	7.38434e+07	9.07762e+07	2.3706e+07	7.83548e+07	3.88182e+07	2.85538e+08	3.43911e+08	1.61246e+08	1.65556e+08	2.01622e+08	9.90572e+07	5.33653e+06	1.73681e+07	2.59453e+06	8.15221e+06	5.99895e+06	1.02086e+08	1.14999e+06	1.29381e+07	1.50652e+07	2.87429e+07	4.55953e+06	1.53498e+07	7.86835e+06	1.83145e+07	2.47674e+07	2.48559e+07	3.752e+07	5.22118e+07	6.54212e+07	4.01836e+07	1.75009e+07	3.69541e+07	3.38685e+07	4.14296e+07	9.12807e+07	9.94184e+07	3.14864e+07	2.62121e+08	1.0104e+08	4.02397e+08	3.35118e+07	1.282e+08	9.21675e+07	7.61127e+07	5.12069e+07	6.41195e+07	2.33525e+07	4.57775e+07	1.68528e+07	3.47981e+07	1.92058e+06	4.58157e+07	1.03965e+07	1.43423e+08	2.53326e+06	6.32214e+06	5.70546e+07	4.36845e+07	1.00193e+07	4.62585e+06	3.78225e+07	3.61483e+07	5.57064e+07	2.87579e+07	7.37401e+06	2.53564e+07	1.96299e+07	3.83875e+06	4.4373e+07	7.72983e+06	1.09459e+08	5.83422e+07	1.20224e+07	7.10398e+06	4.70463e+07	1.32431e+07	898732	4.01313e+06	7.36253e+06	2.05861e+07	6.67702e+06	990724	3.32738e+06	2.68234e+07	4.18992e+06	911544	3.3818e+06	1.6767e+06	7.682e+06	1.18613e+06	5.42684e+07	1.60794e+08	4.65033e+08	1.57531e+08	4.43511e+08	2.07383e+08	4.64192e+07	5.79233e+07	5.16999e+08	1.45129e+08	2.38055e+07	9.50355e+07	3.31282e+07	5.38067e+07	1.39355e+08	1.24845e+08	1.11046e+08	1.52229e+08	6.20375e+07	1.27067e+08	1.92503e+07	2.39473e+08	7.04924e+06	2.01374e+07	7.71652e+07	3.38073e+08	2.75e+08	4.63842e+08	2.24067e+08	4.54519e+08	1.38933e+08	2.24143e+08	2.4513e+08	4.00349e+08	3.42719e+08	4.28831e+08	3.29952e+08	2.85926e+08	9.27893e+07	1.31575e+08	2.24147e+08	3.32313e+08	9.93169e+07	7.97569e+07	2.29259e+08	5.17516e+07	3.30039e+07	2.50513e+07	1.80018e+08	9.53425e+07	5.1951e+07	4.44504e+07	1.06237e+08	7.74965e+07	1.09242e+08	1.24247e+08	1.29605e+08	7.43028e+07	
data	data	SFG_L_7_1	SFG_R_7_1	SFG_L_7_2	SFG_R_7_2	SFG_L_7_3	SFG_R_7_3	SFG_L_7_4	SFG_R_7_4	SFG_L_7_5	SFG_R_7_5	SFG_L_7_6	SFG_R_7_6	SFG_L_7_7	SFG_R_7_7	MFG_L_7_1	MFG_R_7_1	MFG_L_7_2	MFG_R_7_2	MFG_L_7_3	MFG_R_7_3	MFG_L_7_4	MFG_R_7_4	MFG_L_7_5	MFG_R_7_5	MFG_L_7_6	MFG_R_7_6	MFG_L_7_7	MFG_R_7_7	IFG_L_6_1	IFG_R_6_1	IFG_L_6_2	IFG_R_6_2	IFG_L_6_3	IFG_R_6_3	IFG_L_6_4	IFG_R_6_4	IFG_L_6_5	IFG_R_6_5	IFG_L_6_6	IFG_R_6_6	OrG_L_6_1	OrG_R_6_1	OrG_L_6_2	OrG_R_6_2	OrG_L_6_3	OrG_R_6_3	OrG_L_6_4	OrG_R_6_4	OrG_L_6_5	OrG_R_6_5	OrG_R_6_6	OrG_R_6_6	PrG_L_6_1	PrG_R_6_1	PrG_L_6_2	PrG_R_6_2	PrG_L_6_3	PrG_R_6_3	PrG_L_6_4	PrG_R_6_4	PrG_L_6_5	PrG_R_6_5	PrG_L_6_6	PrG_R_6_6	PCL_L_2_1	PCL_R_2_1	PCL_L_2_2	PCL_R_2_2	STG_L_6_1	STG_R_6_1	STG_L_6_2	STG_R_6_2	STG_L_6_3	STG_R_6_3	STG_L_6_4	STG_R_6_4	STG_L_6_5	STG_R_6_5	STG_L_6_6	STG_R_6_6	MTG_L_4_1	MTG_R_4_1	MTG_L_4_2	MTG_R_4_2	MTG_L_4_3	MTG_R_4_3	MTG_L_4_4	MTG_R_4_4	ITG_L_7_1	ITG_R_7_1	ITG_L_7_2	ITG_R_7_2	ITG_L_7_3	ITG_R_7_3	ITG_L_7_4	ITG_R_7_4	ITG_L_7_5	ITG_R_7_5	ITG_L_7_6	ITG_R_7_6	ITG_L_7_7	ITG_R_7_7	FuG_L_3_1	FuG_R_3_1	FuG_L_3_2	FuG_R_3_2	FuG_L_3_3	FuG_R_3_3	PhG_L_6_1	PhG_R_6_1	PhG_L_6_2	PhG_R_6_2	PhG_L_6_3	PhG_R_6_3	PhG_L_6_4	PhG_R_6_4	PhG_L_6_5	PhG_R_6_5	PhG_L_6_6	PhG_R_6_6	pSTS_L_2_1	pSTS_R_2_1	pSTS_L_2_2	pSTS_R_2_2	SPL_L_5_1	SPL_R_5_1	SPL_L_5_2	SPL_R_5_2	SPL_L_5_3	SPL_R_5_3	SPL_L_5_4	SPL_R_5_4	SPL_L_5_5	SPL_R_5_5	IPL_L_6_1	IPL_R_6_1	IPL_L_6_2	IPL_R_6_2	IPL_L_6_3	IPL_R_6_3	IPL_L_6_4	IPL_R_6_4	IPL_L_6_5	IPL_R_6_5	IPL_L_6_6	IPL_R_6_6	PCun_L_4_1	PCun_R_4_1	PCun_L_4_2	PCun_R_4_2	PCun_L_4_3	PCun_R_4_3	PCun_L_4_4	PCun_R_4_4	PoG_L_4_1	PoG_R_4_1	PoG_L_4_2	PoG_R_4_2	PoG_L_4_3	PoG_R_4_3	PoG_L_4_4	PoG_R_4_4	INS_L_6_1	INS_R_6_1	INS_L_6_2	INS_R_6_2	INS_L_6_3	INS_R_6_3	INS_L_6_4	INS_R_6_4	INS_L_6_5	INS_R_6_5	INS_L_6_6	INS_R_6_6	CG_L_7_1	CG_R_7_1	CG_L_7_2	CG_R_7_2	CG_L_7_3	CG_R_7_3	CG_L_7_4	CG_R_7_4	CG_L_7_5	CG_R_7_5	CG_L_7_6	CG_R_7_6	CG_L_7_7	CG_R_7_7	MVOcC	MVOcC	MVOcC	MVOcC	MVOcC	MVOcC	MVOcC	MVOcC	MVOcC	MVOcC	LOcC_L_4_1	LOcC_R_4_1	LOcC_L_4_2	LOcC_R_4_2	LOcC_L_4_3	LOcC_R_4_3	LOcC_L_4_4	LOcC_R_4_4	LOcC_L_2_1	LOcC_R_2_1	LOcC_L_2_2	LOcC_R_2_2	Amyg_L_2_1	Amyg_R_2_1	Amyg_L_2_2	Amyg_R_2_2	Hipp_L_2_1	Hipp_R_2_1	Hipp_L_2_2	Hipp_R_2_2	BG_L_6_1	BG_R_6_1	BG_L_6_2	BG_R_6_2	BG_L_6_3	BG_R_6_3	BG_L_6_4	BG_R_6_4	BG_L_6_5	BG_R_6_5	BG_L_6_6	BG_R_6_6	Tha_L_8_1	Tha_R_8_1	Tha_L_8_2	Tha_R_8_2	Tha_L_8_3	Tha_R_8_3	Tha_L_8_4	Tha_R_8_4	Tha_L_8_5	Tha_R_8_5	Tha_L_8_6	Tha_R_8_6	Tha_L_8_7	Tha_R_8_7	Tha_L_8_8	Tha_R_8_8	
6.09643e+07	SFG_L_7_1	0	2.13905e+06	2.00835e+07	39.1127	706586	766.191	3.96679e+06	290742	292930	102159	191117	25.8124	35424.1	104.163	0.609984	3.88002	22.5157	7985.88	31.2189	173.563	3053.3	54.2046	20.4541	5162.61	8.21632	59.6532	1747.37	212.702	3952.75	1.09468	317.516	0.125012	2054.26	582.85	3006.31	0.0220401	114.43	28.592	85654.3	340.889	0	0	0.372101	0.749488	0.00225225	0	0.234199	0.00628931	0.00694444	0	25310.5	0.388544	0.0285883	0.0622465	1.78823	524.924	1.2823	0.232609	6.41233	674.693	0.246846	8.90879	1.00227	0	1580.72	108.162	1001.96	61.5214	0.00396825	1.55667	0.0208384	0.00537634	0.00564972	0	0	0.004329	6.44245	0.0042735	0.0841373	0	0.135589	0.107005	4.3513	0.394221	0.0264675	2.50509	0.0830827	0.0155309	1.45185	0.00374532	0.786577	0.433157	15.4897	0.146157	2.10739	0	0.00564972	9.41268	4.8248	0.285229	6.96074	0.016167	5.30015	1.13944	0.376017	1.17307	1.13905	0.00350877	0	0.0747782	0.0203574	35.3176	0	0.324244	0.00537634	177.464	0.0428973	0.821725	0	201.989	0	0.0184619	0	0.0194107	674.632	14.0853	193.908	18.0237	0	0.128198	104.24	14.0234	17.4426	2.2578	149.395	6.10398	0.983971	28.2991	0	45.4288	0.43513	21.3138	0.221571	4.67976	0	136.987	4235.75	563.422	13851.8	307.649	535.445	284.672	748.239	1204.56	0.0684257	0.102844	0	0.155009	0.004329	0	1.27091	2.52338	0.644717	1.70463	39.3222	1.60668	14250.7	8.84631	5718.87	41.5202	0.200881	0.0619827	98658.7	73.8387	15.6069	393.243	512.551	1662.5	5.6213	1191.3	21.9472	9402.06	71731.5	9230.97	102.099	11.5701	0	0.00694444	10.8895	657.705	0.0356947	3.20409	10.7784	3.52279	3.90692	4.82522	0.112285	332.09	368.036	0.178182	12.9425	0	169.484	0.00340136	4.44952	71.0431	279.766	3.09419	47.0125	10.341	261.232	11.4747	0.414533	1.77603	80962.6	694.948	2.86028	98.4853	0.0122564	0.00350877	470695	250.272	160.085	0.00275482	1981.92	0.279773	197.891	88454.7	158178	181.012	36.1941	0	1.33787e+06	3.69544	78.3324	5.872	12.4332	0.00275482	2491.16	6.80692	374.052	2.39943	92.6658	0.466035	147234	4.57808	
9.27714e+07	SFG_R_7_1	2.13905e+06	0	3.41732e+06	54144.8	1.07307e+06	1.70701e+07	447228	8.04163e+06	1557.89	97962.4	19018.2	115907	416.118	1182.28	0.00724638	890.264	0	3191.2	1.43113	1481.02	5.31847	14580	0.0517739	46841.8	56.5851	15.3986	421.985	141.174	0.0070922	119391	0.0274086	1279.56	5.56159	2.29391e+06	0.978076	14.8085	0.798895	115870	96.7466	167961	0.0286935	0	0.146308	13.8533	0	0	0.135528	0.666879	0	0	47.7789	24.4571	0.118548	1.48711	22.2309	313.327	0.958319	12.0265	3.70336	122.089	0	499.364	1.63388	1135.26	2.44092	2418.71	1.54234	139.158	0.00292398	8.08898	0	96.5933	0	6.06503	0	26.9493	0.147956	6.24183	0	0.303655	0	1470.49	0.205823	202.06	0	14366.5	0.0177809	170.409	1.53583	3.11995	20.5397	152.891	15.5592	5.59107	3.3759	10.1545	0	1009.04	24.0834	101.131	7.178	5.41199	15.2749	105.51	0.757144	43.3572	3.16572	2.39826	0	0.825795	0	0.0147334	0	38.2349	0	0.00724638	0.00387597	1.35409	0	0	0	1647.47	0	1092.09	0.4445	57.5061	3.22183	74.1071	0.00555556	1.05231	4.94664	225.185	7.72178	108.941	24.3209	157.046	6.61522	467.262	0	779.273	0.135346	1128.5	16.0812	32.8526	0	9301.21	68.3767	812.754	33.1267	3876.01	3.84678	2.31794	29.4434	1409.52	0	1.4175	0	22.6979	0.00574713	0.00740741	14.6058	30.9509	0.00308642	265.256	0.0248276	17.2526	29.6582	453.69	4.87996	2710.93	0.332841	17.9107	72.3879	8565.22	7.00833	3.43092	1249.03	7336.78	5.48559	23123.2	0.146743	261.206	1513.5	218309	0.357948	1216.65	0.887267	0.0785347	23.7883	232.253	0	0.00469484	0.0259502	0.618174	13.4306	0.311703	0	0.0770578	0.314398	1.51698	0.0928283	4.44283	0.135832	0.775005	29.5371	40.4478	0.106618	3.22992	0.0124138	71.1141	0.00387597	30096.2	0.0455958	32.0584	44.649	1.16911e+06	0.00387597	180.904	0.0430254	3.22832	67.4484	6.4059e+06	1.94504	31.5033	1.1422	6.83775	0.213259	111225	23.3872	82105.6	0	33036.6	59.0484	2.25849e+06	2.53513	6147.64	0.158143	1292.85	3.53522	149151	0.29147	18968.7	0.0370606	11175.9	21.2332	554078	
1.59328e+08	SFG_L_7_2	2.00835e+07	3.41732e+06	0	21.3879	2.84527e+07	2844.24	1.42498e+07	125676	8.23659	16687.6	0.0291731	75.5629	2348.98	2.93478	2.13123e+06	9.76735	734.509	41209.5	118570	76.1681	20514.3	17.7792	1.4246e+06	22000	27981.6	54.268	70949.9	7.77794	113462	0.876069	5418.57	0.00666667	436590	325.313	24479.9	0.00546448	1217.44	4.96394	3.18258e+06	49.0875	0	0	2580.22	0.0194658	0.545834	0	14.4375	0	0.293311	0	195684	0.0197628	1.54741	0.00584795	60.9936	1.0517	7.82391	0.00694444	4.49222	5.03467	157.607	2.56188	9417.16	0.00740741	0	18.5673	0	1.72202	1.13289	0.0155039	10.518	0.120697	3.20889	0.0739129	0.0272109	0.0185221	186.629	0.00287356	1.84248	0	7.96044	0.0163901	199.184	0.190752	2.8108	0.77975	16.5824	0	45.3271	0.00374532	7.78285	0.144503	351.043	0.00275482	34.8464	0	0.147391	0.76122	59.8819	0.0648931	65.2352	0.00411523	156.959	0.201023	1.10523	0.376716	32.6056	0	0.00333333	0	0	0.0399292	0	0.149678	0	0.0474216	0.00505051	0	0	0.0832578	0	0	0.153061	0.125965	20.3991	7.82353	192.912	4.054	0.130105	0.00462963	24.5289	39.6635	581.701	0.631418	1278.68	0.288636	110.433	1.61082	0	2.56427	5.74548	3.27799	154.175	0.423347	0	7.04889	5.06225	1.62063	0.0233245	7.28008	0.0496955	0.181063	0	0.488211	15.2547	0.0244669	0	0.274702	2.16731	0	398.144	4.60072	41.1155	1.49079	532.939	0.0620929	177959	0.323356	50874.4	4.55484	25.5905	0	766577	2.42877	0	0.0612452	0	0.0342105	0	0	0	2.79027	0.23545	1872.3	0	0	0	0	20.8811	1132.81	28.939	0.0241332	149.69	0.136516	11.9859	2.28786	57.0559	0.0832578	1407.91	0.163749	88.8402	0.003663	319.114	0.0240645	6.28313	58.3246	558.268	0.0563117	69.2083	0.350445	157.793	15.0893	1.45553	0.195692	62681.8	335.137	169.185	2.0727	41.6569	1.14003	1.43133e+06	528.943	558.164	3.48053	5985.71	1.91523	11856.6	7363.93	197991	193.675	194.785	232.774	2.3227e+06	2637.8	218.363	10.1477	3448.15	2.6432	17882.6	1765.46	14701.2	227.061	6331.16	80.3732	383052	4247.35	
1.41128e+07	SFG_R_7_2	39.1127	54144.8	21.3879	0	13.0927	2.99911e+06	0.522552	357503	0.374007	0.0128205	0.0317283	0	0.00606061	31.9635	0	3.01612e+06	0	8549.77	0	13625.4	0	7656.69	0	80861.4	0.00653595	458896	0	516.625	0	799.042	0	501.023	0	24653.4	0	1.83823	0	434.667	0	7302.75	0	0	0	0.481323	0	0.00401606	0	0	0	0	0	0.586973	0	0.0104167	0.0550088	11702.2	0	311.808	0	109.526	0	2.76915	0	0.697345	0	641.725	0.00564972	0	0	1.655	0	0.0692389	0	0	0	0	0	0.0163605	0	0	0	0.314731	0	0.694728	0	13.2085	0	0.106719	0	0.0373737	0	10.2499	0	0.146841	0	0.0145503	0	16.0664	0	4.69711	0	0.189594	0	15.2346	0	0.140432	0	0.139015	0	0.700249	0	0	0	5.88315	0	0	0	0.847443	0	0	0	0.0282234	0	0.334098	0	419.303	0	655.449	0	0.16672	0	1163.34	0	6.54424	0	1968.2	0	3683.53	0	15.4772	0	13.9985	0	1.73687	0	107.108	0.197868	133.329	0	0	0	0.00340136	0.0549069	0	0	6.71973	0	0.0346847	0	0	0.00555556	103.795	0	1.55869	0	0.0444444	0	0.159515	0	11.1561	0	0.153817	0	13.5904	0	0	0	0	0	0	0	0	0.619379	0	0	0	0	0	0.00462963	0	0	0	0	0.00416667	0.00462963	0	0	0	0	0.0863948	0	0.781949	0	0.00340136	0.004329	0.167522	0	0.130582	0	4220.28	0	0.717511	0	1.25694	0	17.9825	0	9.00331	0	0	0.00416667	15.0317	0	0	0	0.00340136	0	0.00416667	0	215.824	0	0.00444444	0.00416667	0.144444	0	0.0107527	0	0	0	0.490251	0	0.019086	0	0.00416667	0	0.512204	
1.83034e+08	SFG_L_7_3	706586	1.07307e+06	2.84527e+07	13.0927	0	5.43067e+06	4522.36	13.7909	7.29216	9.46333	5.61685e+06	642661	3.05940e+07	430548	2.92865e+06	7.73971	3307.02	67518.3	874787	397.039	4415.16	52456.4	25734.5	58964.9	680.239	13.56	923482	1111.88	52366.2	9789.56	53163.2	11386.8	1.06439e+06	132562	28996.3	13.4201	1643.78	2492.36	975372	141.891	0.0223145	0.0165581	8016.45	2.07967	14.2172	0	673.301	48.5491	5.72728	0	210771	0.487695	2.19833	0.439329	42.4094	1.22054	76.045	0	121.125	25.8457	1.01563	103.9	92.2197	0.0821459	3.46173	125.59	4.00969	6.85464	260.949	33.9736	24.5747	5.82743	10.1865	2.24413	0.0993953	1.31263	378.491	4.19553	1.17085	0.00292398	103.561	1.26868	2812.46	69.9297	50.1025	2.53684	17.5983	0.0763348	46.3918	0.00392157	3.87722	0.0333056	6235.94	187.604	56.3168	0.0294193	0.0361998	2.88711	182.685	0.0610742	68.051	0	823.76	771.639	0.966378	78.8054	22.9728	0.0831064	0	1.10388	0.0753492	0.0120666	0	257.274	0.108715	0	0.543674	6.6777	0	0.00383142	3.13165	0.0363055	0.0529478	0.232609	615.933	223.5	1127.94	64.1691	0.0154564	1.79209	959.1	1122.33	323.638	271.387	4300.94	15.7794	3.47183	242.88	0	744.083	7.53157	27.2594	42.4144	0.225145	0	1571.19	630.807	145.25	97.7508	127.814	178.511	1.92796	108.929	2.92176	25.3072	0.376292	0	7.47172	6.44903	0	850.182	17.5333	4.0999	429.232	18.8732	2.87534	2208.41	25.3108	36672.6	1516.99	3.17171	1.57098	20602.7	288.44	97.3614	3.21577	56772.3	184154	8.73784	6.53297	125.593	18.5154	5.66612	1.21634	2.88677	0.173489	2.40569	5.68226	19.046	478.93	603.253	0.536213	1790.54	7.25787	10.8489	0.808174	1151.34	0.0887344	2799.43	3.50117	136.707	0.361989	449.971	2.25415	2.19952	35.5662	746.43	1.73886	49.6041	31.1999	9.57676	49.4866	33.156	493.418	50912.5	4802.22	32933.8	5152.32	967.342	127.483	2.7727e+06	25064.6	3473.36	1239.27	52572.2	271.391	1.18224e+06	117099	126831	10828.8	21428.3	7853.02	2.75155e+06	27308.1	2846.16	32.4129	281309	2606.32	201935	40547.6	702634	49171.6	474753	45250.9	1.7026e+06	34076.9	
2.54521e+08	SFG_R_7_3	766.191	1.70701e+07	2844.24	2.99911e+06	5.43067e+06	0	129.867	6748.39	38.9602	240.922	61710	4.7923e+06	1.85635e+06	6.79914e+07	29.1146	3.29782e+06	0	3843.71	15064.7	857209	1.51063	113877	0	137816	0.123553	988.3	2.27676e+06	3.53909e+06	0	38920.2	0.767493	23597.3	1.48461	800797	1.28643	8277.97	0.00469484	93337.2	0.0224359	4008.62	5.98271	41.7831	1430.92	2340.95	0.347309	0.0554654	41418.2	147.451	0.00340136	1.72063	923.809	15950.5	0	278.127	17.136	14298.9	56.0231	1652.13	28.8219	2423.71	0	9643.03	0	9224.68	0.0424661	5286.81	0.191145	89.5646	0.0149614	657.608	0	2129.41	0	256.664	0	1233.76	0.00297619	100.507	0	74.7378	0	2259.42	0.0279762	1586.62	0	43817.4	0	1027.06	0	336.503	0	12720	0.0266228	3130.63	0.00323625	75.8794	0	17459.2	0	706.64	0	2548.19	0.025646	18216.2	0.358494	1713.67	0.0132481	1646.49	0	58.9624	0	13.6438	0	4556.41	0	0	0.0045045	147.421	0	0	0	1307.52	0	722.428	2.88804	580.161	5.88336	2762.47	0	49.9435	8.60257	5693.95	7.50429	5169.65	0.0135108	94507.3	0.0155123	143937	0	15725.9	0	2053	0.0143968	1954.82	0	88452.6	13.9093	7634.88	19.6949	2662.48	0.981436	29.7779	0.737212	19694.9	0	131.402	0	2749.89	0.00392157	32.9453	4.15784	2971.49	0	16445.8	0	127.53	0	8326.29	0.00212314	65018.9	0	1468.89	0.00694444	34215.6	124.913	253.749	231419	276919	1366.67	3791.53	0.0824952	3508.03	2.46505	21.7742	0.298428	99.3611	389.978	391.473	13.977	153.466	0	0.101331	0	10.3276	13.8345	0.455885	0	0.00444444	0	98.8604	0.00362319	2642.47	0	7.39609	5.59531	525.246	0.0241819	1330.91	0	11380.7	0	8324.04	0.0045045	2538.19	173.489	416622	1.89298	13694.6	8.54409	4018.15	204.815	7.27268e+06	7.1282	2736.88	0.206101	41563	19.2365	996592	74.1372	626652	1.57022	1.72361e+06	303.193	1.45231e+06	1.75121	571.795	3.39303	20565.7	3.5553	397290	4.10136	271718	2.33859	134787	86.2619	1.16897e+06	
8.41052e+07	SFG_L_7_4	3.96679e+06	447228	1.42498e+07	0.522552	4522.36	129.867	0	167100	1.25627e+06	1.9126e+06	0.00213675	0.354165	18.5085	6.52571	2025.65	0.118459	115.64	0.00813008	2514.48	0.139284	27106.7	0.0819744	180692	2.38549	466572	2.94031	6856.51	0.392826	1918.67	0.00444444	3450.14	0	6191.76	0.00617284	26916.4	0.00421941	260.883	0.00421941	290859	0.318648	0	0	65.5008	0.00280112	0.0193603	0	0.0655817	0.0787399	109.631	0.00854701	163997	0.00280112	204.008	4.10872	5.1139e+06	19841.6	878.331	15.6224	22091.8	5886.89	708.696	0	42955.1	1.81496	6.14649	2617.31	0.427573	3587.5	0.139978	0.0351461	0.610795	0.26737	3.46788	0	0.00438596	0.341785	570.584	0.00537634	0.31142	0.0222779	27.1171	0.0047619	71.7498	0.105836	0.826912	0.223525	124.221	0.327055	13.2188	0	14.8981	0.281295	94.7899	0.0357044	18.8908	0.00396825	3.49276	0.120479	7.16711	0.159765	7.99594	0.0170689	53.6376	0.0140411	0.460975	2.29658	22.5068	0.0122669	0.00333333	0.00421941	0	0.33931	0	0.00280112	0	0.351029	0	0.0140411	0	0.544268	0	1.152	0	0.604719	617518	261.134	266483	19.3403	146.329	0	142805	143.204	345209	0.0161765	6285.5	5.52935	12971.5	13.1173	0	0	0.84403	0.00546448	2206.23	0.00546448	0	1.40757	18151.3	96.096	226.09	3501.09	0.0313049	0.235417	0.00320513	18.6064	190.963	0	0.209402	0	9.35304	0	2363.58	37.8483	45.5581	0.17412	10218.2	0	972827	0	528082	0.428658	103.255	0	3.31797e+06	0	0.0266667	3.89932	0	0.00238095	0	0.00833333	0	12.8562	461.023	4179.74	0.00628931	0.0301225	0.00666667	0	13.9545	413.315	0.745256	0.0802413	66.2204	0.103406	2.06567	3.96701	0.853638	1.14354	1223.37	0.0573535	204.096	0	539.815	0	23.9388	156.147	658.804	0.0975337	97.5866	11.4935	1057	23.8186	3.12151	0.184087	1.63981e+06	465.987	0.153762	0.161505	12.5553	4.05712	2.72425e+06	699.8	2321.09	6.99567	8874.87	1.11788	298.717	21.9368	772125	94.3864	28.0038	0	2.13347e+06	14.7591	4913.8	14.2594	4.02518	0	1156.55	10.9781	214.119	0.757018	95.6392	1.60386	108712	21.3134	
5.45719e+07	SFG_R_7_4	290742	8.04163e+06	125676	357503	13.7909	6748.39	167100	0	3821.67	1.31101e+06	0.0408511	1.08937	0	223.108	0.00297619	253.39	0	814.197	0	4483.77	0.447816	1317.04	0	1317.45	245.884	413488	1.6516	198.438	0.00641026	3793.27	0.0176608	12.3144	0.0578464	1291.62	0.446342	0.308167	0.428513	70.5127	9.22594	142952	0	0	0.0170968	3.45705	0	0	0.333373	0.102379	0.0166231	0.00813008	4.23765	5.74371	0.0293359	59.5188	504.741	343113	0.646352	4.34363	0.888434	166.664	0	1255.09	0.0555556	3011.1	5.09273	15936.7	0.379559	0.974772	0	3.56814	0	0.0944165	0	0.165404	0	0.0259119	0.289629	6.85778	0	0.757336	0	47.3608	0.00416667	38.6941	0	404.839	0	16.7174	0.521547	1.89496	3.23215	109.157	20.4727	4.53957	0.570261	2.31973	0	133.911	3.83768	33.9627	1.20765	15.6793	22.8111	141.355	0.69617	47.5365	1.48458	8.21684	0	0.210068	0	0.012219	0	70.9264	0.00694444	0.0307529	0.00181159	0.678137	0	0	0	10.4703	0	7.63035	0.470988	1191.33	6.8293	90.2422	0	0.962161	5.02577	5630.53	16.9886	16.9837	55.3659	16.1311	11.761	53.5595	0	32.1631	0.0494536	2.7124	49.7933	1.58749	0	73.9856	1.13906	487.359	7.24008	4838.93	0.0192334	0.419003	0	0	0	0.031746	0	0.00900901	0.00574713	0.00793651	60.9095	2268.32	0	485.844	0.0499159	0	2.33623	0.253787	2.19815	1286.08	0.122942	0.0509737	12.5825	4.59495	0	0	0	110.413	0	1.52505	0	0	34.2885	0	0.0275177	0	0	0	77.2339	69.7796	0	0	0.046912	2.50727	7.33353	0.023399	0	0	0.031155	22.1941	0	25.8079	0.299549	1.03623	210.714	22.553	0.0854926	53.3192	0.0298997	41.7802	0.0184196	79884.3	0.332176	21.2235	38.1151	3.4041e+06	0	137.275	0.060318	7.65246	82.198	1.1841e+07	3.3045	31.9979	2.27138	25.7471	0.00456621	5160.17	35.0871	147580	0	0.0173277	100.091	493063	2.62168	6211.9	0.064132	81.1206	3.34824	7442.75	0.142312	852.283	0.00456621	1558.88	18.132	41120.2	
6.66188e+06	SFG_L_7_5	292930	1557.89	8.23659	0.374007	7.29216	38.9602	1.25627e+06	3821.67	0	279153	3.85108	19.0234	0.00584795	0.552954	0	0.172815	0	1.47733	0	0.218151	0.0175089	0.199557	0	3.85063	0	1.88619	0.0422497	0.135733	0	0.00833333	0.00529101	0.0216049	0.00833333	0.38162	0.0192897	0	0.00520833	0.00740741	0.0709596	0.00666667	0	0	0.0437663	0.00505051	0.00462963	0	0	0	456.222	0.88774	0.272671	0.00505051	0	5.58248	49543.9	44428	33.1813	237.188	473575	36581.8	0.00925926	0.00666667	0	1.27724	363.786	2883.26	5860.54	26362.8	0	0.0179626	0	0	0	0	0	0	0	0.00490196	0	0	0	0.0181007	0.040625	0.202108	0	0.399309	0	0.00505051	0	0	0	0.0730662	1.93845	0.0544246	0	0.00421941	0	0.288157	0	0.041101	0	0.00456621	0.343853	0.0313563	0.0449654	0.143254	0.0352764	0	0	0.00421941	0	0.425199	0	0.0124654	0	0.91628	0	0.0412297	0	2.51058	0	0.00505051	0	0.00505051	72306.6	2.8772	20603.6	1.46996	0	0	27039.2	2.0673	426.284	0	25.4474	1.50653	0	4.70886	0	0	0	0.00617284	0.00813008	0.00617284	0	0.00505051	7374.3	29.5149	1472.52	1649.96	3.71321	2.93933	7.4764	48.9749	0	0.00740741	0	0	0	0	3.99865	14.5876	0	0.05736	0	0	0	0	96.2597	0.142812	0	0	594.749	0	0.196537	22.7456	0.284104	0.122946	0.0905525	15.5491	0	104.484	188970	985.842	55.366	4.77275	0.0233313	0	0.495755	10.229	0.0174409	0.127314	8.93412	0.179144	0.00529101	0.344108	0	8.58119	15.5034	0.00378788	0.305895	0	126.104	0	0.196751	8.51166	18.117	0.242879	2.1494	3.79742	31.4709	0.380919	0.458894	0.0190476	56076.6	26.7616	0	1.15366	6.42361	0.168919	113401	48.4152	1796.89	21.1574	648.624	0.00512821	172.151	2.20946	5451.72	20.3789	1.163	0	315988	0.666678	266.366	1.44481	0.172577	0	19.7003	0.0554277	7.65659	0.115969	4.88221	0	40709.5	0.0554277	
2.01829e+07	SFG_R_7_5	102159	97962.4	16687.6	0.0128205	9.46333	240.922	1.9126e+06	1.31101e+06	279153	0	41.4871	408.771	0.0889994	4.0689	0	0	0	0.0423387	0	0	0.004329	0.0740187	0	0.00537634	1554.51	0.300999	0.19247	1.9794	0	0.0329749	0	0.0153277	0	0.0282965	0.226166	0	0.00617284	0	0.230294	0	0	0	0.0176981	0	0	0	0	0.0163605	2.12627	0.00813008	0.546181	0	0.0668252	79.6026	109603	550702	0.840068	0	122.885	394786	0	0	0.00641026	248.374	33.2434	155641	383.737	487021	0.0398805	0.216416	0	0	0	0	0	0	0.0527056	0.193667	0	0	0	0	0	0.529509	0	0	0	0	0.569205	0.00234742	0.0719398	0	19.7903	0	0	0	0	0	0.0727012	0	0.00469484	0	33.8001	0.113521	0.569047	0.15097	0.522052	0	0	0	0	0	0	0.0118346	0.040436	0	0.0332126	0.0307304	0	0	0	0	0	0	0.457644	25.6566	3.23981	1.34378	0	0	4.28185	236.066	40.2227	0.01736	223.092	0.0160535	59.4632	0.0392318	0	0	0	0.004329	202.424	0	0	0.014506	2.65933	433.629	254.377	53392.7	0.175272	0.433375	0.597172	10.1644	0	0	0	0	0	0	316.877	8806.99	0	0.0379074	0.131618	0	0.244706	0	2.38205	0.0641376	0.0500447	0	3.24785	0	0.12702	0.00980392	0.156757	176.65	0	596.159	0.766204	103.854	12114	117879	0.037037	29207.3	0	0	13.1307	19.5282	0.00347222	0	0.0274383	0.18864	1.76729	0.0224232	0.00347222	0.0957501	0.0160183	0.0771996	0	0	0.0785307	0.0436105	34.4133	0.990061	0.0883183	0.002849	0.014186	0.0392318	0.0417874	3105.26	0.236883	10.1942	3.91896	863064	0.169195	13.0893	0.821892	16.354	12.7575	3.03843e+06	6.75696	20.0216	0.769019	18.8938	0	2054.87	15.2853	184.857	0	0.0209987	11.6716	408729	2.92715	96674.8	0.143185	18.6401	1.51461	2443	0.003663	253.986	0	899.682	2.15897	30753.8	
1.78896e+07	SFG_L_7_6	191117	19018.2	0.0291731	0.0317283	5.61685e+06	61710	0.00213675	0.0408511	3.85108	41.4871	0	37595.3	2.87078e+06	1155.76	0	0.00740741	11.0266	373.342	0.0392496	18.849	0.453057	2244.31	0.0119048	611.151	0	0.0138904	34.2884	881.181	28.4036	560.153	236.471	477.568	1338.94	32717.4	1.11307	0.34267	0	530.873	0.0296053	25.9615	0	0	0.0107527	0.0840909	0.0921902	0	2.6755	0.04941	0.0208333	0	0.40484	0.0243581	0	0.00595238	0.020683	0.222891	0.0450159	0	0.178306	0.11971	0	19.8485	0	0.00584795	1.97177	4.36776	2.62109	0.16664	13.6519	0.288916	0	0.0723974	0	0.0170965	0	0.0707714	1.53641	0.0357245	0	0	0	0.0150702	18.2728	0.829383	0	0.0179043	0	0.0384658	0	0	0	0	52.3062	0.0146248	0	0.0136069	0	0.155978	0	0	0	0	0.674646	7.95812	0.00282486	2.36692	0	0	0.0723452	0.190012	1.45683	0.0289395	0.00546448	5.6877	3.98483	0	32.3387	0.234147	0.00546448	0	0	0.109561	0	0.0677486	7.75769	0.505516	4.98763	0.820416	0	0.120802	1.87816	0.225759	0.0400599	36.3107	0.0753857	0.337579	0	16.4354	0	77.7968	0	4.26386	0	0.0439658	0	210.208	849.987	4.14761	46.3769	7.30465	22697.1	0.82366	3807.2	12.5544	0	0.318581	0	1.78308	0	0	0.192728	0.00584795	0	31.4388	0	0.859935	0	8.70005	0.0697029	226.121	0	1.7458	0	108.069	1954.17	5.04049	4975.62	12314	784.345	3018.64	14470.8	20.3609	860.533	9.54391	4898.33	43.2003	0.00793651	0.0316963	0.0464589	0.622914	4.84797	0.0150116	12.8408	0.0150116	0.012198	0	34.7005	0.0458618	0.0753857	0.00392157	0	0.00392157	2.65325	0	0	0.0358611	0.161816	0.0369484	0.0425397	0.33548	2.7893	0.0604707	46.0481	0.393527	1045.04	16.3946	2043.62	12.3849	9.5059	0.0458356	5922.68	736.302	26.1778	0.862319	33.484	0.380999	8192.44	176.061	14.23	173.816	9.57247	155.804	3968.88	826.724	8.48896	0.114111	2641.44	12.64	290.402	219.294	3220.51	41.6308	2578.94	32.0832	1832.64	411.982	
1.29845e+07	SFG_R_7_6	25.8124	115907	75.5629	0	642661	4.7923e+06	0.354165	1.08937	19.0234	408.771	37595.3	0	26179.6	524703	0.0216816	0.121667	0	0.177976	1.62458	0.0214036	0	33.3006	0	18.4936	0	0	13363.7	1.19013	0	27.6279	0.0207029	3.52823	0.00497512	83.7939	0.0910416	0.0104167	0	12.4571	0	0	1.55732	18.1187	0.0621473	0	0.0483871	0	508.164	0	0.0104167	1.74982	0.0625181	0	0	0.00740741	0.0167775	0.045478	0.0163655	0.00694444	0	0.109673	0	0.0296296	0	0.02577	0	303.163	0	22.5284	0	0.156221	0	0.00595238	0	0	0	0.00595238	0	0	0	0	0	0	0	0.0143791	0	0.00529101	0	0	0	0	0	0	0.00289855	0.233428	0	0.0155951	0	0	0	0	0	0	0.00289855	2.32197	0.00438596	0.306157	0	0	0	0.0128827	0	0	0	1.01364	0	0	0	0.079221	0	0	0	0.00606061	0	0.00606061	0	0.0491986	0.00378788	0.237133	0	0	0.0755685	0.052381	0.00378788	0.603144	0	0.00456621	0	0.0442295	0	0.0867336	0	0.0277778	0	0	0	0.643712	3.84709	2114.57	17.2084	1061.22	0	1.86201	0.560734	26741.6	0	0	0	0.0296296	0	0	0.00401606	0.00564972	0	4.32664	0	0	0	0	0	10.9327	0	0	0	0.0114943	642.575	690.919	4070.9	51811.7	4.42193	235535	0	4998.52	22.2942	630.439	0.06	3088.5	2.4906	2488.52	0	0.0170411	0	0	0	0	0.00411523	0	0	0	0	0.0045045	0	0.00456621	0.00271003	0	0.00438596	0.215195	0	0	0	0.00456621	0	0.762578	0	0.395522	0.134963	25.9585	0.0479549	1.65655	0.247222	0.0670787	0.0690634	1662.33	0.0498188	0.780198	0	0.00387597	1.42866	339.607	0.0156079	56.3951	0.0583967	226.15	0.0602871	635.594	0.00378788	0.242512	0.0479549	9.55726	0.0132632	236.011	0.122706	197.117	0.088705	61.6589	0.0132632	572.355	
1.25694e+08	SFG_L_7_7	35424.1	416.118	2348.98	0.00606061	3.05940e+07	1.85635e+06	18.5085	0	0.00584795	0.0889994	2.87078e+06	26179.6	0	5.61773e+06	292811	0.0308511	0.0114943	0.274624	1.61639e+06	3211.78	1692.04	4288.79	617.317	230.721	0.0314117	0.0272433	1.35485e+07	3.64236e+06	0.15295	153.46	1267.43	1151.74	57.0005	3187.96	14301.7	7.70834	105.242	134.549	15.7895	1.90317	128535	29.6167	17157.9	0.30073	0	0	1923.35	51802.4	481.023	0.16685	312491	0.0307529	0	0.0255102	0.37752	0.087767	0.0699776	0	0.281249	0.0425996	0	7.92094	0	0	0.00529101	0.0365565	0	0.00323625	3.50495	2.66282	0	0.105195	0	0.00628931	0	0.0382722	0	0.00555556	0	0	0	0.0882811	0.349533	0.213316	0	0.0312861	0.00444444	0.0139671	0.00340136	0	0.00271003	0	3.23654	3.52352	0	0.0135535	0	0.122045	0.0182683	0	0	0	2.465	85.3151	0	18.0655	0.0018622	0.0134804	0.108957	0.233124	0.995879	0.0811699	0	48.0957	2.08932	0.153953	30.4909	0.743211	0.00546448	0.165956	0	0.0184973	0	0.0042735	0.212043	0.226017	0.568691	1.16658	0	0.0444751	1.02147	0.263462	0.564454	25.204	3.19467	0.624697	0.0385757	9.60772	0	31.3669	0	0.78181	1.26344	0.0165056	0	44.6229	167.797	1.60837	1.32802	0.100918	19416.7	0.715988	3988.74	5.2302	0	0	0	0.0258924	0.00584795	0	2.87123	0	0	79.5881	0.176987	0.00793651	3.16337	0.302494	3.30477	226.279	0	0.325149	1.10454	3.54036	3036.42	4.72446	781543	1.00757e+06	153519	3.62657	11674.1	24.1532	1604.51	0.00775194	20519.9	0.176646	169118	8.54188	0.0136785	0	0.0356222	0.00392157	0.140309	0.0873662	0.0149888	0.00546448	5.43376	0.160135	0.44052	0.935541	0.0697317	0.00392157	0.253766	0.0143369	0	4.1279	0.00406504	1.44542	0	1.48251	1.71163	28.7745	31.4671	7.53653	623.981	526.884	1487.71	59.5284	1154.4	18.5059	62.5972	13417.9	32.9273	13.0878	277.432	10.7827	5166.86	204.982	6.14699	1122.65	352.48	448.776	76.7544	1080.63	2.04298	0.266958	83.7113	17.5183	5.8493	153.869	46.5497	38.9067	443.491	50.6362	94.4683	554.953	
2.07323e+08	SFG_R_7_7	104.163	1182.28	2.93478	31.9635	430548	6.79914e+07	6.52571	223.108	0.552954	4.0689	1155.76	524703	5.61773e+06	0	21.6324	59.7928	0	9.02525	11434.5	10483.6	1.49284	1390.6	0	18.3144	0.00383142	0.978146	1.17118e+07	1.15228e+07	0	11.7678	0.20096	120.681	0.0497656	191.412	0.974647	3121.99	0	1650.87	0.00273224	12.0322	31545.8	628377	1991.79	1991.56	58.0693	0.307938	342664	85666.3	8.4138	1546.82	1159.11	8806.68	0	0.0297619	2.30321	43.8464	8.54055	48.1175	4.94756	41.9679	0	75.8489	0	5.03532	0	43.4393	0	12.6773	0.0149614	248.381	0	260.081	0	8.6419	0	135.725	0.00297619	0.859565	0	0.00421941	0	40.4505	0.0271938	52.4666	0	393.33	0	15.0226	0	0.766963	0	49.9709	0.0442698	1187.51	0	2.72397	0	171.65	0	11.6817	0	8.32056	0.00797068	2506.58	0.0129919	144.87	0.0018622	6.00531	0	4.73869	0.002849	4.32371	0	367.534	0	1.04169	0.0319502	37.1446	0	1.14312	0	41.7562	0	11.6492	0.814633	124.256	2.58149	374.775	0	0.209579	1.33789	482.058	2.58943	58.3551	0.0130943	322.056	0.00378788	632.013	0	55.2018	0	2.01631	0	0.453866	0	1156.52	6.82892	1228.03	0.058886	21.4418	14.0752	25.8233	5.9899	3038.17	0	0.340875	0	103.093	0	0.409436	0.784228	304.773	0	2615.69	0	11.1538	0	470.562	0.00971077	11563	0	324.615	0	443.247	32.9655	430.955	414467	1.88811e+06	6692.21	7803.6	5.95437	3915.65	0.245648	0.0728467	5.46038	26.4479	42563.1	15616.1	1.04489	10.0147	0	0.226846	0.0037037	7.71314	1.08024	0.0283371	0	1.49055	0.00362319	11.1346	0.00347222	5.37772	0.0037037	1.90336	0.324994	34.0771	0.00212314	1033.62	0.0259615	372.945	0.0499198	237.287	0.154219	1596.69	12.5228	39779.8	0.840577	5313.58	1129.56	49874.2	15.6076	483375	74.3198	9815.59	0.633376	100629	0.179505	354959	20.3397	119626	0.0234171	697072	34.1196	106773	0.436247	74.3977	0.694054	14048.5	0.31853	47441	0.183744	79939.5	0.0452605	62980.5	3.19797	141942	
4.08743e+07	MFG_L_7_1	0.609984	0.00724638	2.13123e+06	0	2.92865e+06	29.1146	2025.65	0.00297619	0	0	0	0.0216816	292811	21.6324	0	0	6187.24	0	2.49207e+06	0.0455439	2.30344e+06	0.14638	9.99766e+06	0.0047619	1181.62	0	99318.3	5.68863	0	0	5588.94	0.0296883	66883.4	0.00490196	1937.26	0	27.2018	0	1118.04	0	0	0	3808.1	0	0	0	0.374158	0	0	0	26423.4	0	2.29242	0	54.6401	0	924.726	0	14.0638	0	0.0390492	0	96.3284	0	0.0251931	0	0	0	0	0	0.496652	0	0.525556	0	4.83175	0	0.821237	0	1.53778	0	42.1239	0	6.32014	0	1612.91	0	3.21971	0	5197.66	0	3319.96	0	551.466	0.00294985	448.633	0	86.5499	0	22791.9	0	17471.3	0	972.813	0.00294985	0	0.0025641	2369.19	0	0	0	0	0	0	0	0	0	0	0	0	0	0	0	105.105	0	0.0482179	0	1.92755	0	2.27798	0	82.5964	0	8.93301	0	1510.27	0	112.75	0	0.0269608	0	604.417	0	1929.38	0	0	0	0.00421941	0	0	0	0	0	0	0	145.107	0	0	0	53.8227	0	14878.1	0	0.0540345	0	0.967449	0	5.26689	0	222.15	0	11.3043	0	19.8918	0	0	0	0	0	0	0	0	0	0	0	0	0	0	0	0	0.0025641	0	0	0.00282486	0	0	0.00362319	0	0	11.1806	0	0.606897	0	0.162606	0	0.0195491	0.0025641	0.765397	0	0.157597	0	0.0333443	0	0	0.00294985	3.0236	0.00294985	1.11396	0.00294985	0	0	19.1778	0.0425439	0	0.00294985	152.232	0	11.7046	0.0265025	808.566	0	2.09301	0	13.9755	0	0.203351	0	0.252715	0.0125004	0.116521	0.00330033	1.42973	0.0125004	3.04896	0.0265025	11.8324	0	
2.17643e+07	MFG_R_7_1	3.88002	890.264	9.76735	3.01612e+06	7.73971	3.29782e+06	0.118459	253.39	0.172815	0	0.00740741	0.121667	0.0308511	59.7928	0	0	0	91422.6	0.0070922	420775	0	165327	0	3.48174e+06	0.00680272	277824	0.00469484	8556.52	0.00724638	1.60588	0	1.88057	0	122.757	0	0.112944	0	0.59658	0.0638491	0.0420361	0	0	0	0.260157	0	0	0	0	0	0	0.0187793	0.0444444	0	1.1846	0.0253013	2129.95	0	241.937	0	453.236	0	0.308487	0	475.111	0.0224105	648.728	0.0232042	0	0	0.140706	0	0.0234568	0	0.0242504	0	0.0530423	0	0.0177904	0	0.00456621	0	0.00546448	0	0.102988	0	3036.43	0	0.0910081	0.0030581	1.25672	0	1042.85	0.0030581	2.78419	0	0	0	41666.9	0	191.55	0	48.1338	0.0030581	9.17215	0	0.0326416	0	15.4937	0	0.03466	0	0.003663	0	0.607594	0	0	0	0.0978753	0	0	0	0.022807	0	0.738661	0	67.7525	0	274.116	0	0.871861	0	1531.34	0	166.435	0	13365.2	0	48796.3	0	2153.53	0	78.7038	0	669.049	0	4.22818	0.00490196	7.56578	0.0490004	0	0	0	0.0213456	0	0	15.0702	0	0.00813008	0	0.0825826	0	263.53	0	1.17833	0	0	0.00606061	0	0	2.42302	0	0.00555556	0.0215109	0.30218	0	0	0.00833333	0	0	0	0	0	0.00833333	0	0	0	0	0	0	0	0	0	0	0.0042735	0	0	0	0	0	0.0189611	0	1.41373	0	0.00401606	0	0.0436056	0	0.0920998	0	3816.27	0	0	0	0.255292	0	0.689303	0	1.50319	0	0	0	0.346764	0	0	0	0	0	0.260803	0	2.61076	0	0.245718	0	0.234883	0	0	0	0	0	0.00925926	0	0.00925926	0	0	0	0.245718	
2.47404e+07	MFG_L_7_2	22.5157	0	734.509	0	3307.02	0	115.64	0	0	0	11.0266	0	0.0114943	0	6187.24	0	0	0	14878.4	0	1.34318e+06	0	2.01416e+06	0	3.10345e+06	0	126.834	0	3.9144e+06	0	20185.6	0	645.232	0	5.84692	0	1.52517	0	12453.9	0	0	0	1.74383	0	0	0	0	0	0	0	51.5732	0	5030.44	0	238.995	0	685.345	0	1.4453	0	0.0948192	0	403311	0	0	0	0	0	0	0	115.462	0	9.63595	0	862.889	0	3.66248	0	43.4844	0	1346.21	0	99.2585	0	73382.3	0	540.684	0	22475.5	0	286883	0	121.265	0	318.734	0	5428.39	0	684604	0	251407	0	910.91	0	0	0	9794.09	0	0	0	0	0	0	0	0	0	0	0	0	0	441.358	0	17656.1	0	0	0	0.470599	0	0.294804	0	15.9368	0	1.28439	0.0045045	35.4951	0	13115.9	0.0045045	643.124	0	100340	0	4774.17	0	75.2736	0	0	0	0	0	0	0	0	0	36191.7	0	0	0	13051.2	0	1846.44	0	0.290771	0	0.436579	0	100.697	0	43.344	0.00680272	6.89618	0	273.896	0.00680272	0	0	0	0	0	0	0	0	0	0	0	0	0	0	0	0	0.00311526	0	0.0152395	0	0	0	0.00311526	0	0.0714605	0	1.36176	0	0.0545562	0	0	0	0.00595238	0	0	0	0.365327	0	0	0	1.62783	0	0	0	0	0	4.08717	0	0.0148441	0	0.213999	0	2.28745	0.0154271	37.6655	0	0.0148441	0	0.0327806	0	0.0270185	0	0.0148441	0.00387597	0.00320513	0.00374532	0	0	0	0	0.0525692	0	
3.66817e+07	MFG_R_7_2	7985.88	3191.2	41209.5	8549.77	67518.3	3843.71	0.00813008	814.197	1.47733	0.0423387	373.342	0.177976	0.274624	9.02525	0	91422.6	0	0	0	6933.95	0	87619	0	1.21832e+07	0	107164	0	63.5939	0	99343.3	0	77.7018	0.113069	606.518	0	0.0452107	0	1.76435	0.696043	156.597	0	0	0	0.0262346	0	0	0	0.00537634	0	0	0	0.0214646	0	7662.03	0	67255	0	323.363	0	298.329	0	0.167315	0	1.27925e+06	2.78334	19.3125	1.09274	0	0	0.0147281	0	0.00529101	0	0.119826	0	0.0461403	0	0.00421941	0	0.0045045	0	0.244235	0.00396825	0.622138	0	56423.8	0.004329	0.463849	0	72.8156	0	4545.47	0.00396825	400.417	0	0.0362294	0	89607.7	0	116.942	0	302.207	0	610.834	0	0	0	162.384	0	0.004329	0	0	0	0.0905883	0	0	0	0.00314465	0	0	0	0.785491	0	9.57377	0	1409.03	0	788.824	0	1203.16	0	305.645	0.00411523	253851	0.0338384	459896	0	3.3336e+06	0	30437.9	0	163.447	0	39037.1	0	1.77514	29.1274	2.70263	32.4478	0.0275177	0.0208537	0	0.147247	0	0	194.875	0	0.0376259	0	2.80878	0	211.85	0	1.17896	0	0.00462963	0.0151515	0.0223312	0.0948946	1.809	0	0.00925926	0.0743181	0.0476799	0.00595238	0	0	0	0	0	0.00606061	0	0.456334	0	0.314063	0	0	0	0	0	0.003663	0	0.003663	0	0	0	0.003663	0	0.0037037	0.004329	0	1462.19	0.0144945	0	0	0.0042735	0	0.154055	0	907.091	0	0	0	0.101934	0.00396825	0.280235	0.00396825	0.196016	0	0.0030581	0.190261	0.583362	0	0.0030581	0	0.00555556	0.0446329	110.379	0.00793651	5.92828	0	0.003003	0.0242967	2.0458	0	0	0.0152625	0.0104167	0.0224293	0.621859	0.00396825	0.389799	0.0152625	0.244971	0.00653595	1.06447	
2.85489e+07	MFG_L_7_3	31.2189	1.43113	118570	0	874787	15064.7	2514.48	0	0	0	0.0392496	1.62458	1.61639e+06	11434.5	2.49207e+06	0.0070922	14878.4	0	0	12.1882	2.14617e+06	177.938	643480	10.3798	9033.76	0.00260417	6.23206e+06	7334.66	93.8352	0.321676	3743.88	44.4355	1815.62	5.33755	213.498	0.0618611	1.35038	0.991413	2634.16	0.00628931	0	0	215.563	0	0	0	13.2482	0.00617284	0.00490196	0	4851.14	0.00740741	36.8862	0	137.557	0	875.54	0	19.1894	0	0.64408	0.0522105	928.388	0	0.0251931	0.00456621	0	0	0.004329	0	0.143848	0	0.003663	0	21.7086	0	1.45433	0	2.33867	0	11833.3	0.0037037	7.52503	0.00387597	6370.85	0	632.726	0	1400.54	0	215.272	0	295.205	0.136935	189.064	0	1.67664	0	20478.1	0	4280.72	0	499.803	0.905519	0	0.200262	252.883	0.00326797	0	0	0	0	0	0.424518	0	0	0	0	0	0	349.055	0	17.087	0	0.173476	0	9.41253	0	1.38721	0	148.895	0.104081	33.8225	0.0386323	3051.84	0.003663	61.0816	0.0366343	0.00378788	0.354734	73.1239	0	3226.54	0	0.0209091	0.393168	0.00462963	0.00387597	0	0.0174658	0	0	0	0.00383142	57.665	0	0	0	28.6353	0	19285.5	0	0.512562	0.314815	4.14094	0	216.055	0.00462963	328.377	1.75053	14.4832	0	399.308	0.138451	0	0	0	0.0592633	0.00411523	0.00584795	0	0.00383142	0	0	0	0	0	0	0.00330033	0.0137579	0.00387597	0	0.032258	0	0	0	0.00387597	0	4.69788	0.0144928	0.886469	0	0.172413	0	0	0.124425	0.956147	0.0145724	0.106672	0.003663	0	0.0342985	0.0194658	0.0867475	14.1021	3.04007	14.0551	2.76252	0.0142639	0.103727	192.322	49.4075	0.245275	0.189602	45.217	0.0337131	415.514	10.1562	129.096	12.7648	10.7326	8.03648	6.5889	9.42071	0.158925	0	7.98396	0.471128	0.975654	1.73428	3.9643	2.41907	21.3149	5.08848	5.71095	5.66941	
3.30253e+07	MFG_R_7_3	173.563	1481.02	76.1681	13625.4	397.039	857209	0.139284	4483.77	0.218151	0	18.849	0.0214036	3211.78	10483.6	0.0455439	420775	0	6933.95	12.1882	0	0	6.70285e+06	0	9683.86	0	45.965	4843.69	7.50858e+06	0	5.88578	0.0194658	85.8223	0.00456621	76.7681	0.00483092	95.6435	0.00584795	102.154	0.197998	127.575	3.13085	0	0.0306554	84.3911	0	4.12745	19.1806	0.38613	0	0	0.180567	563.303	0	156.929	0.00490196	891.54	0.00490196	91.7361	0	284.726	0	344.574	0	59175.4	0.00444444	159.034	0	0	0	23.5329	0	1.97845	0	2.70335	0	1.44761	0	1.87136	0	1.21877	0	1457.48	0	24.9127	0	487371	0	338.351	0	10.2741	0.00333333	6571.87	0	121.23	0	3.64298	0	243647	0.0312766	2389.14	0.0137589	133.828	0	210.207	0	4.03296	0	62.4211	0	0.410137	0	0.0885437	0	8.56578	0	0	0	6.36479	0	0	0	1882.61	0	47222.3	0.0927246	62.2992	0.666599	709.465	0	0.75099	0.00387597	254.514	0.254065	403.459	0	7563.43	0	47966.9	0	4182.59	0	1759.35	0	27377.6	0	1962.6	0.488645	12.6051	0.164448	0.0215558	0.063524	0.216979	0.33708	0	0	4.59033	0	1.466	0	114.05	0	324.276	0.00268817	134.451	0	8.748	0	142.552	0.0109319	668.012	0	1.45691	0.0037037	206.756	0	0	0.0663268	0.0619481	0.311506	0	0.00416667	0	0.00666667	0	0.0743291	0	0	0	0	0	0	0	0.00271003	0.19765	0	0	0	0	0	0.462598	0	31.862	0.00271003	0.189606	0	0.56194	0	41.6093	0	1300.45	0.00333333	0	0	99.9694	0	139.745	0	196.581	0.0026455	2136.88	0.0748357	0.716833	0.106469	104.431	0.0726763	3994.85	0.0145357	3883.55	0.0485691	1416.2	0	4538.96	0.0199182	69.1219	0	0.182305	0.110421	204.511	0.0422705	13.3992	0.0207729	677.05	0.017984	1207.63	0.0425356	79.6377	
