data	data	8.43927e+07	8.55481e+07	6.94116e+07	3.80528e+06	1.72376e+08	1.42963e+08	1.47422e+08	3.35119e+07	3.21541e+07	9.37913e+07	1.25938e+07	6.81191e+07	1.14021e+08	7.78925e+07	1.97907e+07	3.12082e+07	2.68521e+07	2.14677e+07	1.07276e+07	1.99237e+07	8.13678e+06	9.98831e+06	3.15086e+07	2.72748e+07	1.36267e+07	1.51293e+07	3.75893e+08	5.40813e+08	7.64174e+06	1.46363e+07	4.23228e+06	9.77157e+06	1.86236e+07	2.27822e+07	1.73e+07	4.99719e+06	1.77974e+07	4.57366e+07	2.37316e+07	3.4154e+07	5.17779e+06	3.81595e+06	2.07536e+07	4.33687e+07	9.32856e+06	1.35851e+07	1.71132e+08	3.74587e+08	1.06771e+07	2.11559e+06	3.04906e+07	8.73750e+06	3.55366e+07	2.73323e+07	5.78636e+07	1.06675e+08	3.03173e+08	8.25323e+07	2.85264e+08	4.47718e+08	1.27619e+07	2.99585e+07	3.63056e+07	6.10883e+07	8.93955e+06	4.50317e+07	7.84055e+06	8.70746e+06	1.75059e+08	3.41755e+08	1.77668e+07	8.82964e+07	5.3296e+07	7.8512e+07	3.51626e+07	9.97434e+07	4.49991e+07	9.30657e+07	5.82667e+07	4.73994e+07	9.71414e+07	8.98311e+07	3.88869e+07	6.47027e+07	7.52558e+07	8.15188e+07	3.62539e+07	6.33695e+07	2.46196e+08	1.44803e+07	2.86679e+07	2.45268e+07	4.22537e+06	1.67705e+07	1.09066e+08	4.3976e+07	3.46809e+07	9.16798e+06	5.18407e+07	2.599e+07	1.41855e+08	4.59033e+06	1.01257e+08	7.79688e+07	1.31049e+08	1.69835e+08	2.44255e+08	5.64013e+07	5.7082e+06	7.63605e+06	3.17365e+06	2.3398e+06	1.30006e+06	7.46297e+06	1.02905e+07	3.47855e+07	1.14129e+07	1.05814e+07	5.52702e+06	3.78539e+06	3.12118e+07	3.08194e+07	9.64864e+06	2.5292e+07	6.99499e+07	5.76623e+07	3.87974e+07	5.40383e+07	6.46184e+07	4.92510e+06	4.07109e+07	2.5636e+07	1.23015e+07	4.0784e+07	1.63809e+08	8.87912e+07	8.45195e+07	6.82667e+07	3.0265e+07	3.54436e+07	6.82254e+07	2.57014e+07	1.16665e+08	9.09154e+07	1.48505e+07	4.22571e+07	2.4787e+07	1.06681e+08	1.85248e+07	4.92288e+07	3.71514e+07	6.75516e+08	8.67808e+06	1.0587e+08	2.76585e+07	4.5688e+07	5.49221e+06	1.08924e+07	1.55592e+07	1.87441e+07	2.3656e+08	1.54281e+08	7.46615e+06	4.08778e+07	2.34999e+07	5.81217e+06	2.70243e+07	2.22694e+06	7.32996e+07	5.6968e+07	1.36651e+07	5.82681e+06	4.71454e+07	4.43521e+06	400398	4.15816e+06	2.2763e+06	1.51217e+07	6.91887e+06	1.04496e+07	1.92544e+06	7.52222e+06	1.82453e+06	1.36829e+06	4.16969e+06	6.60289e+06	4.18115e+06	7.30405e+06	9.48705e+07	9.93179e+07	1.17355e+08	6.93469e+08	5.60484e+07	7.27102e+08	2.36603e+07	1.00734e+08	2.42722e+08	6.85057e+08	4.15542e+07	1.11663e+08	5.4803e+07	8.77382e+07	5.12426e+07	8.73381e+07	7.63467e+07	1.13384e+08	1.87368e+08	7.46812e+08	1.31333e+08	1.51151e+08	2.48051e+06	1.43683e+08	3.32695e+07	1.80608e+08	2.4648e+08	6.53355e+08	1.55038e+08	2.4605e+08	9.86332e+07	1.32712e+08	3.19683e+08	9.57841e+08	1.94312e+08	4.53447e+08	3.53058e+08	4.57656e+08	7.37311e+07	6.59749e+07	1.61612e+08	5.88744e+08	1.57418e+08	1.0933e+08	7.53726e+08	1.04943e+08	2.21034e+08	8.79762e+07	8.63386e+07	8.10336e+07	1.7202e+08	8.29523e+07	1.12772e+08	7.4028e+07	8.71602e+07	8.58376e+07	4.79173e+08	9.05114e+07	
data	data	SFG_L_7_1	SFG_R_7_1	SFG_L_7_2	SFG_R_7_2	SFG_L_7_3	SFG_R_7_3	SFG_L_7_4	SFG_R_7_4	SFG_L_7_5	SFG_R_7_5	SFG_L_7_6	SFG_R_7_6	SFG_L_7_7	SFG_R_7_7	MFG_L_7_1	MFG_R_7_1	MFG_L_7_2	MFG_R_7_2	MFG_L_7_3	MFG_R_7_3	MFG_L_7_4	MFG_R_7_4	MFG_L_7_5	MFG_R_7_5	MFG_L_7_6	MFG_R_7_6	MFG_L_7_7	MFG_R_7_7	IFG_L_6_1	IFG_R_6_1	IFG_L_6_2	IFG_R_6_2	IFG_L_6_3	IFG_R_6_3	IFG_L_6_4	IFG_R_6_4	IFG_L_6_5	IFG_R_6_5	IFG_L_6_6	IFG_R_6_6	OrG_L_6_1	OrG_R_6_1	OrG_L_6_2	OrG_R_6_2	OrG_L_6_3	OrG_R_6_3	OrG_L_6_4	OrG_R_6_4	OrG_L_6_5	OrG_R_6_5	OrG_R_6_6	OrG_R_6_6	PrG_L_6_1	PrG_R_6_1	PrG_L_6_2	PrG_R_6_2	PrG_L_6_3	PrG_R_6_3	PrG_L_6_4	PrG_R_6_4	PrG_L_6_5	PrG_R_6_5	PrG_L_6_6	PrG_R_6_6	PCL_L_2_1	PCL_R_2_1	PCL_L_2_2	PCL_R_2_2	STG_L_6_1	STG_R_6_1	STG_L_6_2	STG_R_6_2	STG_L_6_3	STG_R_6_3	STG_L_6_4	STG_R_6_4	STG_L_6_5	STG_R_6_5	STG_L_6_6	STG_R_6_6	MTG_L_4_1	MTG_R_4_1	MTG_L_4_2	MTG_R_4_2	MTG_L_4_3	MTG_R_4_3	MTG_L_4_4	MTG_R_4_4	ITG_L_7_1	ITG_R_7_1	ITG_L_7_2	ITG_R_7_2	ITG_L_7_3	ITG_R_7_3	ITG_L_7_4	ITG_R_7_4	ITG_L_7_5	ITG_R_7_5	ITG_L_7_6	ITG_R_7_6	ITG_L_7_7	ITG_R_7_7	FuG_L_3_1	FuG_R_3_1	FuG_L_3_2	FuG_R_3_2	FuG_L_3_3	FuG_R_3_3	PhG_L_6_1	PhG_R_6_1	PhG_L_6_2	PhG_R_6_2	PhG_L_6_3	PhG_R_6_3	PhG_L_6_4	PhG_R_6_4	PhG_L_6_5	PhG_R_6_5	PhG_L_6_6	PhG_R_6_6	pSTS_L_2_1	pSTS_R_2_1	pSTS_L_2_2	pSTS_R_2_2	SPL_L_5_1	SPL_R_5_1	SPL_L_5_2	SPL_R_5_2	SPL_L_5_3	SPL_R_5_3	SPL_L_5_4	SPL_R_5_4	SPL_L_5_5	SPL_R_5_5	IPL_L_6_1	IPL_R_6_1	IPL_L_6_2	IPL_R_6_2	IPL_L_6_3	IPL_R_6_3	IPL_L_6_4	IPL_R_6_4	IPL_L_6_5	IPL_R_6_5	IPL_L_6_6	IPL_R_6_6	PCun_L_4_1	PCun_R_4_1	PCun_L_4_2	PCun_R_4_2	PCun_L_4_3	PCun_R_4_3	PCun_L_4_4	PCun_R_4_4	PoG_L_4_1	PoG_R_4_1	PoG_L_4_2	PoG_R_4_2	PoG_L_4_3	PoG_R_4_3	PoG_L_4_4	PoG_R_4_4	INS_L_6_1	INS_R_6_1	INS_L_6_2	INS_R_6_2	INS_L_6_3	INS_R_6_3	INS_L_6_4	INS_R_6_4	INS_L_6_5	INS_R_6_5	INS_L_6_6	INS_R_6_6	CG_L_7_1	CG_R_7_1	CG_L_7_2	CG_R_7_2	CG_L_7_3	CG_R_7_3	CG_L_7_4	CG_R_7_4	CG_L_7_5	CG_R_7_5	CG_L_7_6	CG_R_7_6	CG_L_7_7	CG_R_7_7	MVOcC	MVOcC	MVOcC	MVOcC	MVOcC	MVOcC	MVOcC	MVOcC	MVOcC	MVOcC	LOcC_L_4_1	LOcC_R_4_1	LOcC_L_4_2	LOcC_R_4_2	LOcC_L_4_3	LOcC_R_4_3	LOcC_L_4_4	LOcC_R_4_4	LOcC_L_2_1	LOcC_R_2_1	LOcC_L_2_2	LOcC_R_2_2	Amyg_L_2_1	Amyg_R_2_1	Amyg_L_2_2	Amyg_R_2_2	Hipp_L_2_1	Hipp_R_2_1	Hipp_L_2_2	Hipp_R_2_2	BG_L_6_1	BG_R_6_1	BG_L_6_2	BG_R_6_2	BG_L_6_3	BG_R_6_3	BG_L_6_4	BG_R_6_4	BG_L_6_5	BG_R_6_5	BG_L_6_6	BG_R_6_6	Tha_L_8_1	Tha_R_8_1	Tha_L_8_2	Tha_R_8_2	Tha_L_8_3	Tha_R_8_3	Tha_L_8_4	Tha_R_8_4	Tha_L_8_5	Tha_R_8_5	Tha_L_8_6	Tha_R_8_6	Tha_L_8_7	Tha_R_8_7	Tha_L_8_8	Tha_R_8_8	
8.43927e+07	SFG_L_7_1	0	174657	1.4913e+07	14.7296	694198	149.262	7.00546e+06	2379.7	302435	5990.79	123011	17.1058	52.9127	0.97211	0.197423	570.727	3799.94	356.666	0	0.26601	2.21065	0.147357	34646.6	16036.3	11898.8	357.836	0.015105	6.17362	1393.03	1.39257	0	0.00653595	2227.75	960.864	31.4193	0	2312.8	14373.2	115001	1784.3	0	0	0	0.126286	0	0.0108466	0.015105	2.21151	0.0231606	0	0.323285	0.181928	4.67658	0.00392157	16711.9	58.8745	338.503	4.48102	371.717	1101.74	74.7424	382.412	12290.4	13.7471	330.668	1.39057	58.4816	0.100913	566.873	1.81781	0.163018	0	253.483	86.0193	0.0569801	0	56.6573	0.0762263	0.00326797	0	0.0449	80.9703	0	0.196101	0.00584795	4.44326	0.0443053	0	0.004329	0	0	0	0.004329	0	0.00512821	0.256161	0.00490196	0.0165689	0.00584795	53.1844	0.00512821	0	0.0205177	0	2.25047	0.00421941	0.0808925	0	0	0	0	0	0	0	0.00574713	0	0	0	0	0	0.282084	0	0	0.0185507	61.705	67.5804	163.31	27.9107	0	0	19.7179	0.399917	0	6.88725	10572.9	469.491	0	19.2264	0.0313769	0	0.0280982	0.00444444	34.551	24.7176	0.0596842	0	10083	8.53755	561.949	1.5198	88.3052	0.545875	688.58	14.9561	0	0	0	0	0	0	175.216	64.4762	0.0199405	316.144	35.2678	0	185.945	29.8711	5877.61	1707.27	695.83	149.537	38664.2	316.998	0.108289	0.201339	289.586	76.7114	65.5417	0.0706499	6.47245	2.10435	39022.1	48.1814	1502.46	26.0275	0	0.00490196	134.679	0.247674	0	0.6458	0.107558	0.712309	296.862	0.687724	6.40223	0.0579825	0.217681	8.31202	0.244019	0	4.76524	0.299849	1.04609	0.0964276	8.68558	2.36856	8615.21	167.018	0	20950.7	3.5836	0.451718	11741.3	37934.8	1574.63	0	3.04087	3.82626	1.3205e+06	619040	64.5022	5.77426	13.8274	47.4087	12515.8	8212.34	34139	10680.4	33738.8	38.9405	1.18132e+07	1390.06	5233.5	2.1701	8929.82	0	564404	12.1297	590834	0.0933299	151976	0.00724638	3.36743e+06	315.069	
8.55481e+07	SFG_R_7_1	174657	0	24828.6	418214	340.515	108143	39595.1	4.62671e+06	14292.9	4.86748e+06	18.7557	532429	0.228083	99.1539	0.00584795	50947.7	36.8302	1419.24	0	0.853134	0.0717703	0.783918	214.004	26656.6	184.557	81173.3	0.0238746	185.191	0.0681818	14625.2	0	0.0750963	0.0314117	273864	0	2.60306	0.031764	1.11371e+06	24.8486	2.86107e+06	0	0.00546448	0	9.69607	0	0	0	40.7713	0	0	0	19.3735	1.39889	0.130806	658.744	12.7041	1345.12	0.149266	4048.78	200.272	1.32422	1.08801e+06	4.96189	66017.1	17.0776	49.9201	42.3563	134.99	1.69709	1.90202	0.0137472	0.023634	0.0789363	36591.7	0	0.00406504	0.0120125	0.0163791	0.0284354	0	0.530102	415.581	0.359753	1.13106	0.01289	37.0464	0.594593	0	0.0599301	0	0	0	0.0255036	0.0209987	0.763379	1.47796	0	0.0193277	0	259.503	0.0309061	0	0.00275482	0	3.12578	3.20793	0.0045045	0.177631	0	0	0	0	0	0	0	0	0	0	0	0	0	0.0165689	0	0.08071	54.5383	583.403	7.76327	243.66	0.0281235	0	62.8202	38.5903	0.00245098	72.8962	76.2405	7619.43	0.264538	176.321	0	0.107296	0.003367	0.0191856	0.236419	205.461	0	0.250627	51.7319	3409.86	12.482	31.8606	7.76035	130.277	261.121	15724.5	0.0037037	0.0203574	0	0.00483092	0	0.0214004	1963.09	92.2709	0.0294251	3662.08	0.00320513	0.133563	0.32847	4451.21	18.1633	25241.4	1.83786	2533.06	27.8314	51381	0.229726	131.889	784.799	234.831	0.0747475	101066	71.2745	0.0326389	2.78496	477.126	3.3522	11162	0	22.121	190.521	28.7017	0	9.67517	0	14.9106	191.22	143.066	0.00396825	1.2239	0	290.173	0.00330033	0	0	6.22383	1.60525	1.68589	0.00396825	66.2391	66.4334	3808.48	0.220273	462811	0.0710781	0.394066	5494.63	1.47509e+06	2.4135	0.334211	3.18272	459.434	36680.7	2.09308e+07	8.92666	16.8207	4.92328	1288.39	270.154	61372	156.407	205389	223.228	34822.4	1.26204e+06	856292	1105.9	601.67	54.7237	1.65727	14228.2	59115.5	6963.35	13859.4	1399.68	6075.43	272637	398961	
6.94116e+07	SFG_L_7_2	1.4913e+07	24828.6	0	4.57371	2.05833e+06	303.72	5.09559e+06	86.2352	0.00282486	672.606	1794.08	27.0461	0	0.0358646	177917	15.3043	67745	14.8999	4.99468	0.0181007	15123.5	0.00483092	2.9391e+06	460.315	197801	81.4334	0.0147392	0.446117	115470	0.0226422	175.186	0	129521	1.53754	516.229	0	56054.9	330.478	2.55202e+06	46.0061	0	0	0	0.0200513	0	0.00277778	0.00396825	0.153247	0.0231606	0	1.29198	0.0445696	51.1894	0.00392157	8.51501	76.5266	7.56309	5.91512	20.1169	1232.04	5571.07	24.2295	675.184	0.184248	0.00680272	0.446059	0.0233918	0.0245235	124.654	0.0031746	20.2988	0	3193.07	2.26576	2.67337	0	507.526	0.0031746	0.00326797	0	0.791566	3.18671	0.0398293	0.00292398	0.270945	0.13393	0.0868072	0	3.52097	0	0	0	0.113392	0	0.57682	0.012582	0.0464234	0	0.0236007	2.22165	1.92483	0	0.0202206	0	1.97359	0.0136472	2.38609	0.0169858	0	0	0	0	0	0	0	0	0	0	0	0	2.02845	0	0	0.004329	2.38538	3.70318	4.65417	1.70864	0	0	0.297963	0.299632	0	0.394247	32025.3	27.3573	0	0.790172	1.03012	0	5.37339	0.004329	156.789	1.59887	17.8625	0	2.83904	0.649071	0.643617	0.18737	0.0703468	0.00529101	0.103139	0.819959	0.404898	0	0.230711	0	0	0	8.00752	25.0262	1.17587	17.0944	267.458	0	1623.34	2.02326	31112.7	104.078	2940.94	10.3996	466107	17.5862	0	0	25.5164	40.3093	0	0.304538	0.00396825	0.00564972	0.0196078	0.882549	0	0.00490196	0	0.0273478	60.4991	0.462252	0	0.0133866	0	0.0133866	147.436	1.31168	1.31059	0	0.0045045	0.897449	1.29606	0	0.288328	0.0147334	0.739979	0.246602	1.47456	0.014737	23874.9	13.1737	0	816.908	1.38878	0	15601.9	4783.4	318.073	0	0.00775194	0.192155	1.64111e+06	39973.4	10.8999	0.147454	0.12661	10.1285	725.525	86.8325	123526	485.119	400.257	5.73052	3.28057e+06	305.702	356.095	0.332398	2014.57	0	74773.4	4.35555	82444.8	0.0236252	30924.4	0.00724638	489196	124.459	
3.80528e+06	SFG_R_7_2	14.7296	418214	4.57371	0	33.4205	18705.6	0.00775194	26393.2	0	0.505503	0.355505	65.6474	0	0.00724638	0.00813008	337401	0.208259	258.133	0	0	0	0	1.41691	95480.7	0	550810	0	0	0	269.311	0	0.00900901	0	176524	0	2.11588	0	185527	0.00757576	88837.8	0	0	0	0	0	0	0	0	0	0	0	0.0318182	0	0	0.0153439	0.0187943	0.0952117	0.00323625	0.2427	1.2203	0	2042.39	0	140.459	0.0047619	0.0314815	0.0392496	0	0	0.00250627	0	0	0	757.893	0	0	0	0	0	0	0	4.87339	0	0.0279461	0	0.376189	0	0	0	0	0	0	0	0	0	0.0136182	0	0	0	1.67243	0	0	0	0	0	0	0	0	0	0	0	0	0	0	0	0	0	0	0	0	0	0	0	0	0	1.38986	0.00555556	0.811495	0	0	0	0	0	0.113603	3.48017	3.61493	0	0.315325	0	0	0	0	0.00406504	1.15987	0	0	0.616581	10.6389	0.0047619	0	0.0965052	2.11443	0.863353	86.2396	0	0	0	0	0	0.00980392	0.0650611	1.24933	0	10.0115	0	0	0.0070922	6.22976	0.736608	29.8434	0.264723	4.04578	0.606668	6.16352	0.198458	2.03053	1.12575	1.99161	0	2.21387	0.00680272	0.00666667	0.178273	0	0.00512821	1.5733	0	0.00724638	0	0	0	0.068943	0	0.0328393	0	0	0	0.004329	0	0.00483092	0	0	0	0.017205	0	0	0	0.0133459	3.00528	0.974843	0	1.77016	0	0	0.0346438	3.98347	0	0	0	0	115.609	434.889	0	0.00250627	0	0.0135595	0.824284	16.2526	5.90148	124.891	2.64852	0.00980392	132.401	8.27831	0	0	0.698937	0	21.4597	0.0252576	16.8406	0	7.76666	0.00282486	66.5495	1.10647	
1.72376e+08	SFG_L_7_3	694198	340.515	2.05833e+06	33.4205	0	1.61154e+06	23.4099	0.6179	0.28294	13.1063	5.47096e+06	23309.7	3.05029e+07	1.24544e+06	6.67738e+06	28813	5825.11	0.00724638	1.45741e+06	88.5705	182006	3.32161	1.61552e+06	5524.69	1.98014	0	4.51345e+06	45262	34.7195	0	165397	49.4343	2.94793e+06	114.361	1.56318e+06	148.223	1.02259e+06	527.129	45087.8	6.37843	63.18	0.00833333	173.966	20.4755	0	0.0514988	387.617	218.087	0.219925	0.00833333	363261	399.161	22.8514	0	4.7979	3.04159	8.89459	0.582466	19.8613	75.6352	102.383	0.00333333	2.66405	0.00333333	6.6518	0.577313	38.2978	0.0111734	1179.55	23.9252	9.88256	0	3582.32	0.00666667	1.3626	0	776.182	2.4347	0.117359	0	92.7936	1.06371	26.0153	0.0745597	12.7521	0.181596	2.29022	0	19533	0	0.0666821	0	176.647	0	2854.94	0.00378788	4.26601	0	9.06017	0.828294	11419.6	0	1.16609	0	49.527	0.0106037	14204.2	0	0.219132	0	0.231066	0	0.0154395	0	217.586	0	0.0620919	0	135.033	0	3.30217	0	0	0	852.863	5.83269	5223.14	14.5591	25.3889	0	223.107	0.861695	26.5491	0.141351	708789	2.06569	6.66507	0.136944	17.8947	0	90.7459	0	6811.33	0.367508	23.8828	0	35771.6	22.3269	26.4153	0.952492	4981.16	14.3146	20751.6	8.63777	19.3517	0	331.739	0	0.0233918	0	1216.08	6.63015	2101	2.30888	1314.74	0	147155	1.01079	858343	4.01138	72490.3	1.33945	1.27499e+06	0.142402	36.4253	0	61810.9	331269	11521.2	0.229206	7088.52	0.192789	1073.09	0.0329268	68730.1	0.0925415	47.3385	7.26589	100.725	0.393734	1.74435	1.08633	35.867	1.06398	178.695	0.665768	1455.58	0.46459	12.5093	0.00401606	291.489	0	2325.62	0.272509	108.003	0.232956	2405.73	1.55449	255686	0.257146	0.334816	2.39495	19.4103	3.00612	9331.91	94.8677	9133.54	0.0125342	73656.9	10.0918	1.46652e+06	1885.32	450.18	62.0706	213333	109.605	2.04244e+06	36.0039	1.10352e+06	221.947	2.03063e+06	86.376	6.25846e+06	66.4039	128.631	6.54446	72151.5	2.04113	371390	26.0769	760840	23.264	277388	5.7603	5.30733e+06	46.9222	
1.42963e+08	SFG_R_7_3	149.262	108143	303.72	18705.6	1.61154e+06	0	303.766	495.923	202.95	3848.37	12598.9	3.00721e+07	308989	4.60497e+06	3545.13	1.20977e+06	1.97423	1.72028	6894.39	565088	55.8079	354109	10.0996	71004.3	0.065558	1.3862	12648	583068	0.0070922	16.3717	1.33188	1.01817e+06	445.051	1.99002e+06	464.408	703824	1556.13	1.05977e+07	0.247822	217.257	3.57196	0.00877193	0.0294785	10057.4	0	0.124936	25.0624	17.9389	0	0	84.4203	148821	0.0366655	3.59675	27.3415	870.784	261.328	145.54	589.13	28689.2	0	52.3652	0.138741	14.1561	5.98882	229.979	5.33907	24.9968	3.85485	784.819	0	128.717	0.0997262	6.04913	0	142.784	0.0189831	1.14331	0.0286699	0.0183891	0	3244.38	0	21.3256	0	363.303	0.00347222	0.0181818	0	0	0	0.0408085	0	15.6453	0	6.30797	0.0348933	0.456714	0	2660.21	0	0	0	0	13.5837	0.0420579	0.0969624	0.0733602	0.064576	0	0.0176794	0	0	0	0.271487	0	0	0	0.207637	0	0	0.225174	0	17.176	341.997	23335.8	42.7353	3570.96	0.0370047	0	138.368	145.296	0.0615227	6283.12	2863.96	42394.1	0	1024.9	0	0	0	25.8339	17.8681	3716.09	0	913.555	113.443	548.689	12.4035	253.96	38.2113	924.146	720.043	37373.6	0	63.0424	0	141.675	0	30.9849	688.604	33284.5	0.479694	113949	0.0259119	0.776324	70.9868	99898.9	1159.94	321684	209.866	16216.2	1001.76	9129.55	7.25678	159.865	64993.4	188473	58.7964	59635.3	0.254909	12499.7	0.510428	0.0807005	6.27402	2172.72	0.844438	6771.4	19.078	1.19132	0.00374532	1267.97	0	1697.66	61.8971	7.22076	0.508112	167.821	0.0035461	3269.34	0.566545	0.00529101	0	136.55	4.18269	0.0725989	1.76166	1532.79	935.45	21845.4	0.119452	1067.71	0.0153277	48.8787	300.927	63231.6	22.6154	1030.67	4.83404	140958	17287.5	3.18946e+06	0.0475112	1170.39	47.5794	525098	8526.55	1.34767e+06	3082.78	2.3625e+06	16902.1	3.86157e+06	210629	1.59594e+06	1696.75	301.849	106.389	86180	6427.5	97436.8	5098.99	339640	1000.43	654807	118618	1.67727e+06	
1.47422e+08	SFG_L_7_4	7.00546e+06	39595.1	5.09559e+06	0.00775194	23.4099	303.766	0	2665.03	9.06066e+06	193751	0	12.2815	0.466633	0.392565	0.118622	0.023634	45479	4.17342	0	0.0180344	0.00740741	0.0177404	1153.23	5.05032	394594	4.18428	0.129755	0.638302	597.184	0.0206593	0	0	0.220026	0.00680272	0.0764173	0	169.006	6.79007	134242	17.8687	0	0	0	0	0	0	0	0.12931	0.015531	0	1.84664	0	22038.6	0.0225397	6.31939e+06	2595.87	792.671	47.0615	14056.4	2555.84	26862	27.5865	1.04404e+06	7.41422	6.3518	3.55164	6.28237	0.163372	29.2474	0.0042735	9.11729	0	743.125	1.75565	1.707	0	141.596	0	0	0	0.567656	0.0138203	0.00469484	0	0.270709	0.0334962	0	0	17.7383	0	0	0	0	0	7.05296	0	0.135609	0	0.565348	0.0138203	11.758	0	0.00330033	0	8.26581	0.702522	20.789	0.328294	0	0	0	0	0	0	0	0	0	0	0	0	0.506027	0	0	0	15.5344	0.4286	5.31645	0.167908	0.00952381	0	1.87042	1.97599	0.00258398	0	6465.94	1.44225	0.0303187	0.0160643	0.398213	0	2.82367	0	7.42733	0.0911488	9.79703	0	6.51005	8.99727	7.65789	2.97933	0.0293975	0.209467	0.309757	16.1521	4.90645	0	0.159605	0	0.00952381	0	233.045	36.0879	0.0945372	0.965826	137.135	0	599.542	0.168027	2364.13	4.72346	242.041	0.851035	59586.1	3.12817	0.00323625	0.196794	0.237135	4.30085	0	0.304538	0.0171595	0.622873	0	0.092803	0.00323625	0.244762	0	0.0273478	528.952	2.10453	0	0.0133413	0	0.0133413	1219.72	4.23634	0	0.00275482	0	0.0154148	0.17046	0	0	0	6.28829	0.73989	0.0047619	0.112368	6312.77	0.397608	0	567.61	0.37148	0.0042735	1.25502e+06	9734.76	0.208859	0	282.868	3.4987	9.42182e+06	63183.4	827.87	0.676272	325.6	73.1906	546.152	25.4729	215983	29.3555	0.00308642	34.111	3.06372e+07	1193.67	24705.1	5.45783	0.17458	0	94417.2	3.29883	56974.1	0.0299966	1862.16	0	2.44063e+06	136.253	
3.35119e+07	SFG_R_7_4	2379.7	4.62671e+06	86.2352	26393.2	0.6179	495.923	2665.03	0	2237.46	3.4018e+06	0	20.4041	0.0125786	0.666746	0	0.61302	0.608698	1889.5	0	0.425012	0.0035461	0.257862	0.639289	891.6	0.257764	495288	0.0266803	39.9874	0	5609.02	0	0	0	20.2115	0	0.00574713	0	2715.4	0.00666667	899313	0	0	0	14.6368	0	0	0	4.59629	0	0	0	5.1463	0.00401606	10.3199	85.4565	276647	92.1777	0.00833333	364.913	9.68517	0.0207407	720217	0.114851	721272	1.11686	0.355415	0.177991	0.27739	0.13736	0.03767	0.003367	0.00406504	0	5584.59	0	0.00406504	0	0.00273224	0	0	0.253188	35.0944	0.347629	0.0303283	0	3.14392	0.508068	0	0	0.00387597	0	0.0045045	0.0255036	0	0.578008	0.051932	0	0	0	21.1468	0	0	0.00275482	0	0.106797	0.359892	0	0.122957	0	0	0	0	0	0	0	0	0	0	0	0	0	0	0	0.246792	11.8982	55.3878	0.0446272	19.4233	0.0115026	0.0679508	17.8703	0.431674	0	20.4634	0.445188	3078.88	0.267274	28.1624	0	0.709309	0	0.156694	0.0532688	37.985	0	1.09745	0.170842	0.0250799	1.96632	0.710401	0.0143635	4.87575	0.0047619	0.0668419	0	0.186312	0	0.073313	0	0.00505051	224.754	5.36622	0.003367	1089.67	0	0	0	1060.62	0.00241546	7764.2	0	1200.82	0	24101.4	0	0	0	0	0	0.00740741	0	0	0.0107527	0	0	0.0483431	0	0	38.8674	12.2216	0	4.48029	0	9.07333	12.615	10.141	0	0.486174	0.00289855	245.373	0	0	0.00289855	2.81721	0.3301	0.106458	0.00308642	31.0349	0.548798	2334.43	0.0247678	35547	0.00347222	0.0770633	385.534	825321	0.0193539	0.00537634	0.134595	8.70027	975.122	4.53713e+06	0.155656	3.9822	0.164466	266.296	24.524	4.1242	1.80618	103007	0.0404414	320.587	5838.73	8778.35	295.024	18.9678	0.0540952	0.00292398	147.879	230.445	26.0576	13.8122	35.1109	7.37189	307.497	2899.42	
3.21541e+07	SFG_L_7_5	302435	14292.9	0.00282486	0	0.28294	202.95	9.06066e+06	2237.46	0	635837	0.127273	0.0472222	0.00323625	3.01676	0	0.874857	7586.11	0.0333333	0	0.160703	0	0	30.1347	0.820199	18485.6	8.33402	0.00497512	4.56622	0	0.0269388	0	0	0	0.112301	0	0.00343643	0	0.364168	0.0360624	27.9774	0	0	0	0.00512821	0	0	0	0.693787	0	0	0	0	203.235	2.99525	310112	128803	590.845	6378.6	88648.5	4636.09	0.0360624	29.0298	75677.4	34.456	961.359	61.7476	55248.5	130.342	17.298	0.141998	0	0	0	0.113006	0	0	0	0.00311526	0	0	0	0.003663	0.00512821	0.00421941	0	0.0150779	0	0	0	0	0	0	0	0	0	0.00248756	0	0	0	0.003663	0	0	0	0	0.037027	0	0.00374532	0	0	0	0	0	0	0	0	0	0	0	0	0	0	0	0	0	438.323	0.369688	7.39056	0.00392157	0	0	85.7961	1.87625	0.00258398	0	0.244222	0.584331	0	0.00343643	0	0	0	0	0	0.0594599	0	0	218.274	218.689	315.31	21.8503	1.08532	0.452358	7.34133	302.69	0	0	0	0	0	0	148.871	2.64059	0	0.0690448	0	0	0	0.10851	0	1.2268	0	0.199331	0	0.960001	0.00757576	0.115927	0.139827	4.93678	0.0833333	0.00628931	4.36552	0.874257	3.21441	0.0107527	1060.04	16.7757	0	0	32.0479	0	0	0.0137691	0	0.0550108	113.588	0.0645335	0	0.0128356	0	0.0155228	0.0150664	0	0	0.00320513	0.433827	0	0.0441631	0.112415	0.566158	0.488469	0	50.1817	0.0463942	0.101252	775.643	7938.94	0.0926614	0.0699537	239.793	51.4121	9554.52	59573	525.452	4.69451	217.567	44.0892	5215.15	4.41511	362.486	26.6898	0	401.474	4.18825e+06	65510.5	12335.7	5918.02	0.0187848	0.058144	33015	13.3959	11203.7	0.239792	869.87	0.0511198	954636	3970.06	
9.37913e+07	SFG_R_7_5	5990.79	4.86748e+06	672.606	0.505503	13.1063	3848.37	193751	3.4018e+06	635837	0	0.00555556	68.2961	0.049731	67.8108	0	0.922344	2.95506	4694.18	0	1.84483	0.0035461	1.01306	10.5989	262.596	1.09739	9357.75	0.150502	294.822	0	13421.5	0	0	0	8.06004	0	0.0477872	0	397.242	0	113076	0	0	0	9.87743	0	0	0.00314465	62.624	0.0357575	0	0	7.50098	19.7391	15961.6	9249.34	4.05505e+06	25135.5	3.13985	184445	780272	0.0147334	262007	3.8948	1.51858e+06	27.4629	28141.6	943.063	830317	21.9067	2.85707	0.013468	0.144832	0.003367	617.223	0	0.0738968	0	0.0160465	0	0	0.791523	8.00406	0.356232	0.127877	0.0281272	1.28086	0.519351	0	0.0121829	0	0	0.00694444	0.0449436	0	0.970737	0.0820546	0	0	0.00308642	3.84782	0.0030303	0	0.0448723	0	0.332008	4.04554	0.00275482	1.03121	0	0	0	0	0	0	0.0207329	0	0	0	0.00666667	0	0	0.00757576	0	0.0441365	33.5901	20.3813	3.94201	8.05306	0.0137691	0.466678	19.4301	31.3487	0	46.2751	1.65625	1004.8	0.336533	122.422	0	21.3067	0	96.2948	0.214227	51.7022	0	2.50145	12737.5	224705	48.5634	4955.27	0.361604	19.604	21.602	266525	0	13.2334	0	0.0410959	0	2.7997	934.977	5.68997	0	325.147	0	0	0	345.877	0.0224074	2461.42	0	493.277	0.0298656	13159.3	0.0310078	0.0187793	0.624794	1.19486	0	0.879282	18.5377	0.114833	0.0411132	1.38788	0.066342	2332.53	0	0.00757576	164.375	112.594	0	1.9598	0	3.3277	123.386	78.3519	0.0856818	0.447891	0.0120276	108.366	0.0267294	0.00241546	0.00289855	0.975116	0.398634	1.0107	0.0305098	9.44015	0.8921	831.779	0.0242504	46296.3	0.216904	2.23069	38870.5	4.67587e+06	0.0904076	0.425984	298.265	733.556	86893.9	1.88128e+07	427.712	55.1241	161.27	1231.23	66.6056	4496.75	319.827	55885	0.0458874	46042.6	1.77485e+06	2.55249e+06	5344.76	117871	0.0874393	1.59016	284.208	132483	36.0102	2917.86	44.9888	3278.7	321989	719650	
1.25938e+07	SFG_L_7_6	123011	18.7557	1794.08	0.355505	5.47096e+06	12598.9	0	0	0.127273	0.00555556	0	1779.56	428200	282.349	17.0554	2875.49	83.9719	0.0371517	0	0.00740741	19.0632	0.00900901	1153.32	1912.87	0.0478632	0	5.03268	87.9155	0	0	0	0.172922	0.0114943	49.4283	0	0.331752	2.168	139.139	18.9232	3.19318	0.0107527	0.913142	0	0.0249243	0	0	0.153015	3.75706	0.0559441	0.0123457	0	1.40098	0	0	0	0.12494	0.0349206	0.00505051	0.143882	0.200641	0.487748	0.0045045	0	0	1.70393	0	0.1612	0	5.73098	0.0748846	0	0	0.234127	0.0329268	0	0	1.57225	0.0121829	0	0	0	0.182214	0.0400327	0.0030303	0	0.0608857	0	0	0.217867	0	0	0	0.0707402	0	0.0704934	0	0	0	0	0.240839	0.0393028	0	0	0	0.00456621	0	0.0174299	0	0.0163399	0	0	0	0	0	0.510127	0	0.00462963	0	0.505038	0	0	0	0	0	0.239016	0.0625756	29.1956	0.015873	0	0	0.24006	0.0037037	0	0.0359427	1999.26	0.145601	0	0	0	0	0	0	0.926919	0.18221	0	0	2689.42	0.165349	8.49148	0.00757576	317.767	0.28005	578.846	169.849	0	0	0	0	0	0	0	0.148989	0	0.42039	0.0902778	0	2.2917	0.0667546	753.211	0.954982	230.787	0.59913	2920.08	0.0620763	1.17697	17.7722	219.757	228.908	124674	9463.29	10.3007	67.9909	12639.6	0.341799	2462.59	4.95628	17.0311	258.861	0.0165848	0	0	0.00775194	0.0168803	0	0.0751877	0	0.207707	0	0.0042735	0.00401606	0.0194741	0	0.204554	0	0.00456621	0	0.154862	0.00323625	1283.57	0.0162626	0.004329	0	0.126045	0.0117103	20.6975	0.448482	37.9768	0	0.0246914	0	16008.8	65.9306	0.0178285	0.121174	0.0047619	0.414086	411.187	0.579624	576.966	15.2397	8492.82	0.515516	27543.2	1.25761	3.30263	0	141.699	0	5228.9	0.229259	4494.52	0.157036	847.938	0	26933.4	0.926509	
6.81191e+07	SFG_R_7_6	17.1058	532429	27.0461	65.6474	23309.7	3.00721e+07	12.2815	20.4041	0.0472222	68.2961	1779.56	0	859.286	278234	964.077	41672.9	0.857917	0	128.061	0.00680272	12.8371	0.22615	7.01061	3062.91	0.197832	0.0047619	42.8596	1.08701	0.00854701	0.0181616	0.0313769	6.78679	158.102	209220	88.9104	2608.26	523.085	563143	0.118783	3.90091	0.028757	0.77971	0	0.00628931	0	0	0.877718	17.9311	0	0.0512077	11.9947	0.0321865	0.00396825	0.0787761	4.12711	44.569	17.2375	9.60162	41.471	770.903	0	1.17636	0.0360816	0.139664	0.017556	5.20152	1.27782	11.4695	0.746728	6.77413	0	0.140365	0.065238	0.0392157	0	0.0893032	0.0275177	0.0420908	0	0	0	44.6892	0.00333333	0.901541	0	3.44259	0.0136111	0	0	0	0	0	0	0.169604	0	0.225794	0.0165945	0	0	35.598	0	0	0	0	0.106705	0.0037037	0.0159686	0.0166667	0.004329	0	0.00456621	0	0	0	0.119441	0	0	0	0.119441	0	0	0	0	0.0482068	18.8008	98.0197	4.83458	31.0834	0	0	8.38639	1.58092	0.00374532	9.35209	994.549	323.508	0	38.3596	0	0	0	0.0471306	2.35827	48.5404	0	0.0500283	19.2407	463.542	1.12606	3.30572	11.5214	604.112	811.675	41077.4	0	0.0226021	0	0	0	0	28.7412	1043.71	0.100991	31.2376	0.00724638	0	23.0154	447.47	382.755	1124.18	73.6483	12.2134	398.336	89.1928	29.5203	677.826	2059.56	25510.8	520.07	1.14901e+06	0.405036	10307.2	0.239341	1.40908	2.16749	5879.25	0.0780606	30896.6	2.63693	0.035314	0	3.69234	0	0.846541	3.25864	1.11266	0.0620135	0.0963342	0	7.21149	0.03694	0	0	0.158013	0.0358347	0.0166667	0.134833	2.54274	325.22	118.264	0.00595238	299.025	0.00378788	0.372526	62.7436	13191.6	6.1473	2.13013	0.272972	0.463308	8777.95	298671	0.0620246	1.77274	4.33594	574.621	2612.82	17950.2	1524.56	41116.8	6468.3	45060.5	292423	83804.4	79.0981	0.0485397	24.1836	828.119	2228.41	12319	1771.2	9432.67	196.93	11425.8	139401	64044.8	
1.14021e+08	SFG_L_7_7	52.9127	0.228083	0	0	3.05029e+07	308989	0.466633	0.0125786	0.00323625	0.049731	428200	859.286	0	6.33907e+06	3.4068	0.296653	0.00333333	0	216737	52.4795	1355.31	0.204598	0	0.273574	0	0	1.17036e+07	1.5891e+06	0	0	26.8389	0.345111	8.54078	0.00813008	31654.4	3.12208	5922.79	3.04592	0.0154148	0	88301.6	2054.6	1026.61	14.1746	0.00282486	0.11633	43860.9	17513.9	6.81707	0.241446	136329	149.401	0.00520833	0	0.01289	0.00326797	0.301515	0.00229885	0.82188	0.0266015	1.68256	0.00333333	0	0.00333333	0.00374532	0.0157841	0.283019	0	24.021	5.0521	0	0.0136069	1.78715	0.00314465	0.115846	0.0136069	20.7597	0.13499	1.13577	0	0	0	0.116829	0.00308642	0.00546448	0	0.081467	0	1.39928	0	0.803897	0	0.0335022	0	0.199859	0	46.8923	0	0	0	0.894084	0	0.0139845	0	11.604	0	210.025	0	0.0169858	0	0.0407357	0	0.00401606	0	159.103	0	0.0147436	0	127.782	0	0.0259119	0	0	0	547.678	22.6032	1621.93	61.2306	9.17317	0	54.0764	0	148.315	0.0149832	26942.2	0.532729	6.40757	0.0916242	0.336385	0	0.0571555	0	263.408	0	10.0039	0	10737.3	140.606	3.02248	0.0157841	2893.68	129.306	22089.5	46.5001	0	0	6.53414	0	0.00444444	0	36.8941	0	43.0519	0.0248839	913.33	0	7815.67	0	349139	0.0245242	0.191696	0	139.583	0	29.6699	0.517402	45234.7	585539	2.23312e+06	2942.94	5059.52	0.0247619	8379.93	0.0827236	76070.2	0.620613	121607	7920.43	30.4965	0.0100647	47.6893	1.27398	2729.64	0.332287	0.844933	0.0113477	3091.82	2.08101	148.895	0.013962	3655.6	0	50693.5	0.121634	1108.73	0.013925	9213.5	1.87604	16346.5	0.699514	0.0165638	0.117155	2.19434	2.17286	736.415	1.22033	719.601	0.0125342	84483.8	8.95894	95386.7	52.3811	4819.16	102.046	772331	76.3231	222275	0.889029	2796.09	29.3903	132729	16.6269	135916	2.49894	7.67428	0.0127726	6826.8	1.4332	3503.87	0.0355776	17080.5	1.34471	11117.4	0.871988	504476	1.17296	
7.78925e+07	SFG_R_7_7	0.97211	99.1539	0.0358646	0.00724638	1.24544e+06	4.60497e+06	0.392565	0.666746	3.01676	67.8108	282.349	278234	6.33907e+06	0	2.68517	0.999959	0	0	83769.1	51004.7	0.927401	525.496	0	0.388038	0	0.0407765	2.91185e+06	1.51964e+07	0.00378788	0	0	437.579	0.00546448	0.0300128	32.754	3636.29	13.6688	4516.69	0.00378788	0	5200.95	642233	27.6247	21122.1	11.7793	3.2078	113460	481607	2477.81	320.565	53.8009	17142.2	0	0	0	0.944037	0.0332365	0	0.0305062	2.51944	0	0	0	0	0.070814	1.86092	0	0.0731575	0.0179012	177.39	0	0.0824107	0.00311526	0	0	0.045935	0	0.277806	0.00311526	0	0	0	0	0.0706747	0	0	0.0026455	0	0	0.00406504	0	0	0	5.22038	0	0.00406504	0.00396825	0	0	0	0	0.00406504	0	0	0	0	0.066522	0	0	0	0	0	0	0	0	0.0030581	0	0	0	0	0	0	0	0.00546448	0.00396825	0.015591	0.0163795	0.00922821	0	0	0.192469	0.128642	0	0	0.24842	2.69391	0	0	0	0	0	0.0218579	0.0627583	0.0047619	0	0.200625	0.0358052	2.49218	0.00406504	2.06474	20.5726	73.4783	732.255	9093.95	0	0	0	0	0	0.00628931	0.302036	0.841063	0	0.811688	0	0	0.0840421	0.326045	1.46408	0.228549	0	0	0.0476621	0	15.362	1948.6	27920.8	2.2052e+06	511.219	146999	0.246733	14976.1	0	30.6703	0.00617284	1111.67	730.569	619677	0.00387597	0.00401606	0.00374532	2168.38	0	2661.77	0.0156884	0.00396825	0.178998	179.599	0.0035461	4.39878	0.197455	0	0	92.0014	0	0	0.908477	794.867	0.125604	9.82574	0.00275482	0.21582	0	74.0898	0.0269765	609.654	0.0030581	988.274	5.22089	897947	54.1692	26279.8	0.124248	1934.71	1.52589	873604	1.26845	309748	0.958255	7846.94	1.83436	1.06351e+06	103.819	111751	0.678724	8.71431	1.81535	209402	1.7557	245.192	1.04546	82482.9	0.238462	279494	25.2184	41022.8	
1.97907e+07	MFG_L_7_1	0.197423	0.00584795	177917	0.00813008	6.67738e+06	3545.13	0.118622	0	0	0	17.0554	964.077	3.4068	2.68517	0	27.4704	33.3065	0	365111	0	709871	0	1.27597e+06	5.21814	0.00877193	0	256.136	0.0161231	1.83186	0	67817.1	0	238016	0.0296296	160936	0	57288.6	0.264825	4.12391	0	0	0	0	0	0	0	0.0278548	0.0161231	0	0	2415.59	0	1.63148	0	0.0288622	0	0.0187219	0	0.0627253	0.0118058	1.35975	0	0.188852	0	0.0227032	0	0.00606061	0	0.677894	0.012522	0.843655	0	0.981267	0	0.077149	0	15.2154	0	0	0	3.09649	0	0.391941	0	0.448048	0	0.112403	0	718.528	0	0.017205	0	5.56788	0	115.719	0	0.0047619	0	0.373739	0	415.504	0	0.0639538	0	0.0343745	0	491.273	0	0	0	0	0	0	0	0	0	0	0	0	0	0.0191856	0	0	0	2.39316	0	16.1688	0.0155309	0.00564972	0	1.50375	0.0037037	0	0	12029.4	0	0.233643	0	0.280646	0	2.23462	0	568.088	0	0.349269	0	10.9932	0.00343643	0.0193237	0.0037037	1.60853	0	2.26366	0	1.3279	0	15.9314	0	0	0	17.6667	0	48.8441	0	30.9043	0	24188.6	0	31744.9	0	1873.72	0	19354.7	0	0	0	9.91256	23.2896	0	0	0.913863	0	0	0	4.53521	0	0	0	0.0684144	0.00266667	0.004329	0	0.004329	0.00234742	0.175798	0	5.69368	0	0.004329	0	0.906043	0	0.0383333	0	0.017667	0.0163655	8.15805	0.00234742	1050.64	0	0	0	0.0444993	0.0108677	8.63842	0	7.53284	0	0.0522895	0	517.003	0.3704	0.186247	0.107142	1947.29	0.0031746	6448.18	0.0261538	32355.1	0	3573.13	0.166745	8209.67	0.00266667	0.00595238	0.0525989	49.4215	0	887.588	0.0510026	1264.89	0.0596389	308.707	0.00641026	9390.96	0.137064	
3.12082e+07	MFG_R_7_1	570.727	50947.7	15.3043	337401	28813	1.20977e+06	0.023634	0.61302	0.874857	0.922344	2875.49	41672.9	0.296653	0.999959	27.4704	0	11.5162	0.0628655	0.0202067	2.12556e+06	290.51	1.07113e+06	61.9021	9.40653e+06	0.536497	271043	0	31.5174	0.0314117	32938.1	0.00813008	416381	53.2188	249258	3.25292	54423.1	38.4964	60270.2	2.38105	150.166	0	0	0	1.98517	0	0	0	0.010063	0	0	0	1560.42	0.0517344	0	0.679117	0.0876018	5.62089	0.0592199	7.04522	1.61579	0	0.045977	0.00595238	0.0114943	4.40152	1.42964	2.0075	0	7.56117	0.0255808	0	0.0462577	0.843765	0.10468	0	0.0462577	0.333452	0	0	0	0	1.65042	0.00374532	0.0308641	0	0.513123	0	0	0.00387597	0	0	0	0.00387597	0	0.0149813	0.0150664	0	0	0	1.31483	0.0150664	0	0	0	0	0	0.0150664	0	0	0	0	0	0	0	0.0176539	0	0	0	0.0047619	0	0	0	0	0	1.02171	71.7981	110.341	31.7439	0	0	0.185808	0.0253991	0	7.15115	1245.7	207.85	0	5.28066	0	0.00680272	0	0.00584795	0.19904	1.151	0	0.00584795	1192.52	46.3434	8.32246	1.16504	34.53	22.6434	500.511	1910.75	0	0	0	0	0	0	2.30902	1.02359	0.00401606	271.851	0.0266667	0	0.699289	792.096	260.348	1200.55	56.699	10.4312	819.071	57.3983	2.95766	6.31744	552.382	937.005	0.168011	499.646	3.25673	555.048	1.90714	0	32.3952	52.8285	0	0	0.210087	0	0	1.3736	0	0.0428805	0.880468	0.00262467	0.00512821	0.00653595	0	8.96015	0	0	0	0	0	0	0.0399337	0.12118	633.748	74.9004	0	37.825	0.038202	0	19.1293	80.017	30.5662	0	0	0	18743.3	3779.85	0.00326797	0.0312052	0	62.7136	2850.83	488.899	621.675	1394.22	3669.33	248.817	131479	58.3727	0.779665	0.00877535	102.209	1.61845	1014.58	333.202	1959.58	172.284	1066.54	71.6788	61348.5	368.638	
2.68521e+07	MFG_L_7_2	3799.94	36.8302	67745	0.208259	5825.11	1.97423	45479	0.608698	7586.11	2.95506	83.9719	0.857917	0.00333333	0	33.3065	11.5162	0	0.136391	1.20534	0	167822	0	4.11909e+06	16.5431	1.73881e+06	0.428954	0	0	1.55073e+06	0	51524.8	0	162101	0.435604	131.852	0	8905.28	1.58156	2.28353e+06	0.169416	0	0	0	0	0	0	0	0	0.00564972	0	6.09383	0	12509.7	0	74322.1	0.561867	0.277815	0.0339662	129.985	15.7942	48861.7	0.0638491	2.57199e+06	0.00680272	0	0	0	0	0.182883	0	17898.5	0	851.084	0.0286772	4971.96	0	159.675	0	0	0	3683.93	0	13.4621	0	723.863	0.0037037	1053.91	0	3935.46	0	0.00653595	0	0.268495	0	423.61	0	55.1022	0	475.545	0	2243.49	0	0.0900442	0	0.00347222	0.00444444	3480.61	0.00444444	0	0	0	0	0	0	0	0	0	0	0	0	10958.1	0	0.19955	0	0.380356	0.0148166	1.42487	0.00374532	0.613145	0	0.0854798	0.0149832	0	0.00401606	13619.3	0.0648591	0	0	2049.01	0	1651.34	0	115.356	0.0037037	8147.9	0	1.17253	0.0179073	0.0203574	0	0.0521886	0	0.0609779	0	528.542	0	38.3231	0	13.6671	0	18.1785	0.184367	615.657	0.0462988	206.671	0	1057.56	0.0070922	9019.35	0.230343	1833.5	0.0228337	175995	0.0591706	0	0	0.0738095	0.307218	0	0.0104167	0	0	0.0144928	0	0.159939	0	0	0	1.4882	0.0174658	0	0	0	0	3.3826	0.0425129	0	0	0	0.00396825	0.0910664	0	0	0	0.00347222	0	0	0	11189.9	0.016167	0	13.7155	0.0225989	0	373.645	49.7491	0.0196121	0	0	0	147883	220.253	0.257944	0	0.00520833	0	0.145198	2.68331	67878.6	0.850471	4.115	2.05444	11222.8	16.3203	0.0149832	0.00374532	0.0713642	0	6.37	6.06101	5.71799	0.177337	0.395507	0.106763	169.632	37.5029	
2.14677e+07	MFG_R_7_2	356.666	1419.24	14.8999	258.133	0.00724638	1.72028	4.17342	1889.5	0.0333333	4694.18	0.0371517	0	0	0	0	0.0628655	0.136391	0	0	0.0197542	0	1371.53	2.38464	556259	4.41511	265091	0	0.0743641	0	1.38892e+06	0	0	0	102537	0	34.6498	0	85330.1	0.118753	184359	0	0	0	0.0070922	0	0	0	0.0179885	0	0	0	1.12416	0	57646.9	2.30516	1.99555e+06	4.84801	34024.5	11.2609	16.6197	0	11103.3	0	6.02746e+06	0.00520833	0	0.00512821	0	0.0178979	0.00287356	0	0	0	240.548	0	0	0	0	0	0	0	2.68114	0	0.0318125	0	0.30329	0	0	0	0	0	0	0	0	0	0.0601945	0	0	0	1.53956	0	0	0	0	0	0	0	0	0	0	0	0	0	0	0	0	0	0	0	0	0	0	0	0.00584795	0.0171525	13.6421	0.00378788	3.97745	0	13.8625	0.0351958	0.203738	0	464.062	0.0353639	33.167	0	704.829	0	98.4441	0	286.249	0	19.5984	0	3.80898	0.00378788	0.0957265	0.00483092	0	0	0.00628931	0.0569801	0.498484	0	87.0939	0	0	0	6.19982	7.97993	16.0601	0	46.8654	0	0	0	3.11534	0	159.78	0	28.86	0.0677882	34.7255	0	0	0	0	0	0	0	0.00694444	0.694792	0	0	0.025641	0	0	0.0426793	0	0	0.0184338	0	0.0749705	0.0742217	0.00282486	0	0.0190515	0	0.737676	0	0	0	0.0190515	0	0	0	0.00512821	0.0353639	9.98879	0	493.789	0	0	9.07072	502.361	0.0178979	0	0	0	20.6488	11445	0	0.0190515	0	0.231793	3.75597	3.58507	0.143964	575.45	0.00641026	0.0412698	83.4735	0.231634	0.188123	0	0.095556	0	16.8977	0.0111111	10.183	0	8.33175	0	31.3674	0.177778	
1.07276e+07	MFG_L_7_3	0	0	4.99468	0	1.45741e+06	6894.39	0	0	0	0	0	128.061	216737	83769.1	365111	0.0202067	1.20534	0	0	5.19558	830229	0.758224	4.54935	0.0196121	0	0	1.89386e+06	1703.55	0.0189135	0	2258.33	4.84409	646.048	0	291481	21.9201	46417.3	0.242556	0.118051	0	0	0	439.008	3.60771	0.015873	0.00740741	0	0.00223714	0	0	156702	106.308	0.00628931	0	0	0	0.00456621	0	0	0	0.342703	0	0.0047619	0	0.00537634	0	0	0	0.0414818	0.0120159	0	0	0.00340136	0	0	0	2.23011	0.00294985	0.00340136	0	0	0	0.0162989	0	0	0	0	0	8.1673	0	0.017205	0	0.144979	0	1.14406	0	0.421875	0	0	0	3.81312	0	0.0162698	0	0.00456621	0	11.1882	0	0	0	0	0	0	0	0	0	0.00362319	0	0	0	0	0	0	0	0.399729	0	0.244451	0	0.359675	0	1.03686	0	0	0	205.174	0	0	0.00392157	0.00564972	0	0	0	37.3745	0	0.00757576	0	0.042896	0.00416667	0.0194658	0	0.00497512	0	0	0.00416667	0	0	0.00512821	0	0	0	5.95844	0	58.3684	0	7.98879	0	317.463	0	1365.54	0.00207039	7.2234	0	49.9503	0	0	0	0.00793651	2.03411	0	0	0	0	0	0	0	0	0	0	0.00456621	0	0	0.358503	0.00416667	0.432548	0	0	6.85604	0.00347222	0.57645	0	20.0711	0	9.92424	0.130781	24.8338	0	17.6726	0.0918187	15.2981	0.00378788	0.00362319	0	0.232686	0	1.15157	0	1.15157	0	139.262	0.355883	95.5474	0.0301308	63.1058	0.069092	2567.25	4.11484	3247.86	0.00666667	621.851	3.11276	331.747	0.865114	122.543	0.108575	0.044494	0	70.6564	0.0045045	2.95808	0	67.984	0.111774	112.453	0	227.659	0.0706676	
1.99237e+07	MFG_R_7_3	0.26601	0.853134	0.0181007	0	88.5705	565088	0.0180344	0.425012	0.160703	1.84483	0.00740741	0.00680272	52.4795	51004.7	0	2.12556e+06	0	0.0197542	5.19558	0	0	1.02512e+06	0.00505051	2745.4	0.00505051	0	19.2289	5.90471e+06	0	0.0199049	0	24769.7	0	2.87792	0	11353.3	0	4319.62	0	0.205233	0	0	0	123878	0	0	0	45.6676	0	0	0	15255	0	0.0949108	0	1.89474	0.00438596	0.367918	0.00438596	127.051	0	2.00149	0	0.182161	0	0.0220763	0.00438596	0	0	4.21067	0	1.28024	0	0.154481	0	2.96881	0	0.745498	0	0	0	3.18309	0	0.00396825	0	2.0039	0	0	0.002849	0	0	0	0	0.0754528	0	0.00320513	0	0.00529101	0	1.20483	0	0	0.002849	0	0	0	0	0	0	0.00297619	0	0	0	0	0	0.00297619	0	0	0	0	0	0	0	0.688297	0.0627494	68.7333	0	20.7468	0	0	0.004329	0.00584795	0	6.59913	0	200.157	0	5.50023	0	0	0	1.65351	0	25.1101	0	27.524	0	0.036077	0	0.0216931	0.00297619	2.53532	0.00537634	0.0445724	0	0.768485	0	2.78957	0	0.648218	0.0169455	185.838	0	239.109	0	0.0955264	0	1182.01	0	1479.07	0	22.4797	0	59.2175	0	0	0	0.00537634	0	0	0	0	0.00555556	0	0	0	0	0	0	0	0	3534.78	0	4349.9	0	0	0.00297619	262.053	0	10.417	0	0	0	140.702	0.0042735	0	0.00297619	1137.01	0	85.8473	0.00275482	0.0195491	0	0.687584	0.00333333	11.6648	0.0162088	12.9223	0	3845.5	0.0535572	4824.29	0	2983.25	0	44128.8	0.0235897	2099.29	0.0120335	31012.5	0.00641026	2702.26	0.117989	306.94	0.233106	0.0762975	0	497.249	0.0515396	2.53155	0.0590056	474.874	0.00512821	1660.09	0.0261538	51.6698	
8.13678e+06	MFG_L_7_4	2.21065	0.0717703	15123.5	0	182006	55.8079	0.00740741	0.0035461	0	0.0035461	19.0632	12.8371	1355.31	0.927401	709871	290.51	167822	0	830229	0	0	0.00775194	1.29218e+06	76.238	0	0	11136.3	0.26922	58.252	0	470963	0	325648	0.257403	16749.9	0.00724638	16609.3	0.91503	16.1092	0	0	0	3.16835	0.00775194	0	0	0	0.00497512	0	0	8821.72	0.0703212	0.0744215	0	0	0.00374532	0	0	0.0031746	0.00383142	0.0817204	0	0.00833333	0	0	0	0	0	0.0185221	0	0	0	1.82963	0	0	0	0.772175	0	0.0544475	0	0	0.013307	0	0.0030303	0	0	0	0	0.260099	0	0	0	0	0	0.00396825	0.0030303	0.0481647	0	0	0.013307	0.203075	0	0	0	0	0	0.790039	0	0	0	0	0	0	0	0	0	0	0	0	0	0	0	0	0	0.840847	0	5.83129	0	0	0	0.256512	0	0	0	1620.18	0	0	0	0	0	0	0	144.654	0	0	0	12.1778	0	0.00490196	0	2.0492	0	0.770676	0	0	0	0.00595238	0	0	0	0.194782	0	2.25088	0.00462963	5.79573	0	737.676	0.0283244	2584.3	0.0338494	91.7226	0.00462963	957.471	0.00462963	0	0	6.0733	0.4148	0	0	0	0	0.225244	0	10.2319	0	0	0	0.0445833	0	0	0.00362319	0	0.00362319	0.416896	0	1.57506	0	0	0	0.344949	0	0	0	0	0	2.78939	0	213.873	0	0	0	0.0185221	0	0.168357	0.0295961	0.126524	0	4.57443	0	762.554	1.57647	0	0.0126664	449.18	0.00362319	1522.29	0.0652381	1118.83	0.410318	1621.68	0	2556.73	0	0.0145198	0	9.28539	0	638.488	0.00555556	627.434	0	27.3873	0.00555556	3596.16	0	
