data	data	7.11664e+07	1.02429e+08	6.03058e+07	1.18557e+07	2.13321e+08	5.21013e+07	1.25455e+08	1.0012e+08	6.26128e+07	1.69393e+07	3.90495e+07	1.94488e+07	1.35011e+08	6.26399e+07	1.91014e+07	4.48925e+07	1.92053e+07	7.09407e+06	3.05511e+07	1.59734e+07	7.82907e+07	1.41332e+08	3.38318e+07	3.73148e+07	3.05371e+07	1.0431e+07	1.1387e+08	2.4873e+08	1.76381e+06	6.20195e+06	1.07787e+08	1.77426e+08	8.21385e+07	3.67728e+07	7.17887e+07	1.20457e+07	1.88656e+07	1.68483e+07	5.05727e+07	8.68822e+06	4.50934e+06	5.61657e+06	3.76506e+07	1.2847e+07	2.30055e+07	1.54267e+07	7.39956e+07	1.95037e+08	3.36912e+07	1.60125e+06	5.76728e+07	1.2103e+07	5.51586e+07	1.38766e+07	4.86085e+07	3.32709e+07	3.26424e+08	3.96462e+07	2.14484e+08	1.84273e+08	6.09022e+06	9.34589e+06	3.78571e+07	1.32654e+07	2.82847e+07	7.44373e+07	5.51066e+06	1.28941e+07	5.76778e+07	5.53416e+07	2.08533e+07	5.44181e+07	7.76295e+07	5.54956e+07	2.89857e+07	5.44312e+07	4.29221e+07	7.33925e+07	5.9796e+07	3.97957e+07	3.90045e+07	4.30733e+07	1.3183e+07	5.45918e+07	3.28061e+07	4.28757e+07	2.60653e+07	5.8582e+07	6.37625e+07	3.73063e+07	2.50357e+07	2.42955e+06	5.40523e+07	2.52407e+07	2.0371e+07	1.50206e+07	4.26879e+07	1.22893e+07	5.44955e+07	2.45713e+07	4.92099e+07	3.72641e+07	1.48941e+08	1.4065e+08	1.17927e+08	2.80368e+08	1.22004e+08	8.80262e+07	1.14271e+07	1.72039e+07	4.86102e+06	9.41337e+06	4.87586e+06	1.85321e+07	3.44489e+07	1.07811e+08	2.63033e+07	9.37665e+06	4.28712e+06	2.73894e+06	2.17546e+07	1.91225e+07	1.69916e+07	1.14627e+07	5.47816e+07	3.4406e+07	6.78478e+07	8.723e+07	1.38889e+07	3.58558e+07	6.12501e+07	6.54109e+07	1.73582e+07	3.3854e+07	6.65289e+07	7.50527e+07	5.88881e+07	1.32566e+08	6.7526e+07	7.08692e+07	8.27007e+07	3.72184e+07	7.00071e+07	3.65701e+07	3.13069e+07	2.04782e+07	4.06446e+07	6.45175e+07	7.05370e+06	7.04582e+07	5.04504e+07	8.97254e+07	6.78033e+06	1.5348e+07	6.23987e+07	4.63371e+07	1.64516e+07	5.71648e+06	7.2183e+07	6.58e+07	2.07675e+08	1.21297e+08	3.21032e+07	2.08919e+07	1.09471e+07	1.39688e+07	1.20497e+07	1.46388e+06	1.6446e+08	5.91199e+07	4.73199e+06	2.53992e+06	8.71309e+07	2.5607e+06	1.43758e+06	7.11191e+06	3.07976e+06	4.04107e+07	8.59972e+06	4.26209e+06	5.71767e+06	1.5239e+07	1.71931e+06	2.27997e+06	3.85813e+06	8.08887e+06	3.64237e+06	1.216e+07	8.21674e+07	1.97984e+08	1.47304e+08	1.27105e+08	1.10628e+08	1.85261e+08	4.8381e+07	1.69311e+08	2.12426e+08	2.15186e+08	5.02948e+07	6.2757e+07	4.91707e+07	3.93587e+07	9.06722e+07	1.38541e+08	5.21471e+07	1.31554e+08	1.14017e+08	7.99185e+07	5.02752e+07	4.65917e+07	2.63605e+07	5.41084e+07	8.52289e+07	1.27634e+08	2.71331e+08	7.08915e+08	2.46793e+08	3.86655e+08	3.45182e+08	2.50512e+08	2.76589e+08	6.23257e+08	5.00643e+08	4.13417e+08	4.22974e+08	2.33515e+08	1.11387e+08	1.73708e+08	3.28245e+08	4.1914e+08	1.38264e+08	1.04145e+08	2.84186e+08	3.3963e+07	5.89483e+07	2.54123e+07	7.51199e+07	4.97144e+07	9.61935e+07	5.32872e+07	1.02969e+08	9.55362e+07	1.33662e+08	8.69978e+07	1.85082e+08	7.61998e+07	
data	data	SFG_L_7_1	SFG_R_7_1	SFG_L_7_2	SFG_R_7_2	SFG_L_7_3	SFG_R_7_3	SFG_L_7_4	SFG_R_7_4	SFG_L_7_5	SFG_R_7_5	SFG_L_7_6	SFG_R_7_6	SFG_L_7_7	SFG_R_7_7	MFG_L_7_1	MFG_R_7_1	MFG_L_7_2	MFG_R_7_2	MFG_L_7_3	MFG_R_7_3	MFG_L_7_4	MFG_R_7_4	MFG_L_7_5	MFG_R_7_5	MFG_L_7_6	MFG_R_7_6	MFG_L_7_7	MFG_R_7_7	IFG_L_6_1	IFG_R_6_1	IFG_L_6_2	IFG_R_6_2	IFG_L_6_3	IFG_R_6_3	IFG_L_6_4	IFG_R_6_4	IFG_L_6_5	IFG_R_6_5	IFG_L_6_6	IFG_R_6_6	OrG_L_6_1	OrG_R_6_1	OrG_L_6_2	OrG_R_6_2	OrG_L_6_3	OrG_R_6_3	OrG_L_6_4	OrG_R_6_4	OrG_L_6_5	OrG_R_6_5	OrG_R_6_6	OrG_R_6_6	PrG_L_6_1	PrG_R_6_1	PrG_L_6_2	PrG_R_6_2	PrG_L_6_3	PrG_R_6_3	PrG_L_6_4	PrG_R_6_4	PrG_L_6_5	PrG_R_6_5	PrG_L_6_6	PrG_R_6_6	PCL_L_2_1	PCL_R_2_1	PCL_L_2_2	PCL_R_2_2	STG_L_6_1	STG_R_6_1	STG_L_6_2	STG_R_6_2	STG_L_6_3	STG_R_6_3	STG_L_6_4	STG_R_6_4	STG_L_6_5	STG_R_6_5	STG_L_6_6	STG_R_6_6	MTG_L_4_1	MTG_R_4_1	MTG_L_4_2	MTG_R_4_2	MTG_L_4_3	MTG_R_4_3	MTG_L_4_4	MTG_R_4_4	ITG_L_7_1	ITG_R_7_1	ITG_L_7_2	ITG_R_7_2	ITG_L_7_3	ITG_R_7_3	ITG_L_7_4	ITG_R_7_4	ITG_L_7_5	ITG_R_7_5	ITG_L_7_6	ITG_R_7_6	ITG_L_7_7	ITG_R_7_7	FuG_L_3_1	FuG_R_3_1	FuG_L_3_2	FuG_R_3_2	FuG_L_3_3	FuG_R_3_3	PhG_L_6_1	PhG_R_6_1	PhG_L_6_2	PhG_R_6_2	PhG_L_6_3	PhG_R_6_3	PhG_L_6_4	PhG_R_6_4	PhG_L_6_5	PhG_R_6_5	PhG_L_6_6	PhG_R_6_6	pSTS_L_2_1	pSTS_R_2_1	pSTS_L_2_2	pSTS_R_2_2	SPL_L_5_1	SPL_R_5_1	SPL_L_5_2	SPL_R_5_2	SPL_L_5_3	SPL_R_5_3	SPL_L_5_4	SPL_R_5_4	SPL_L_5_5	SPL_R_5_5	IPL_L_6_1	IPL_R_6_1	IPL_L_6_2	IPL_R_6_2	IPL_L_6_3	IPL_R_6_3	IPL_L_6_4	IPL_R_6_4	IPL_L_6_5	IPL_R_6_5	IPL_L_6_6	IPL_R_6_6	PCun_L_4_1	PCun_R_4_1	PCun_L_4_2	PCun_R_4_2	PCun_L_4_3	PCun_R_4_3	PCun_L_4_4	PCun_R_4_4	PoG_L_4_1	PoG_R_4_1	PoG_L_4_2	PoG_R_4_2	PoG_L_4_3	PoG_R_4_3	PoG_L_4_4	PoG_R_4_4	INS_L_6_1	INS_R_6_1	INS_L_6_2	INS_R_6_2	INS_L_6_3	INS_R_6_3	INS_L_6_4	INS_R_6_4	INS_L_6_5	INS_R_6_5	INS_L_6_6	INS_R_6_6	CG_L_7_1	CG_R_7_1	CG_L_7_2	CG_R_7_2	CG_L_7_3	CG_R_7_3	CG_L_7_4	CG_R_7_4	CG_L_7_5	CG_R_7_5	CG_L_7_6	CG_R_7_6	CG_L_7_7	CG_R_7_7	MVOcC	MVOcC	MVOcC	MVOcC	MVOcC	MVOcC	MVOcC	MVOcC	MVOcC	MVOcC	LOcC_L_4_1	LOcC_R_4_1	LOcC_L_4_2	LOcC_R_4_2	LOcC_L_4_3	LOcC_R_4_3	LOcC_L_4_4	LOcC_R_4_4	LOcC_L_2_1	LOcC_R_2_1	LOcC_L_2_2	LOcC_R_2_2	Amyg_L_2_1	Amyg_R_2_1	Amyg_L_2_2	Amyg_R_2_2	Hipp_L_2_1	Hipp_R_2_1	Hipp_L_2_2	Hipp_R_2_2	BG_L_6_1	BG_R_6_1	BG_L_6_2	BG_R_6_2	BG_L_6_3	BG_R_6_3	BG_L_6_4	BG_R_6_4	BG_L_6_5	BG_R_6_5	BG_L_6_6	BG_R_6_6	Tha_L_8_1	Tha_R_8_1	Tha_L_8_2	Tha_R_8_2	Tha_L_8_3	Tha_R_8_3	Tha_L_8_4	Tha_R_8_4	Tha_L_8_5	Tha_R_8_5	Tha_L_8_6	Tha_R_8_6	Tha_L_8_7	Tha_R_8_7	Tha_L_8_8	Tha_R_8_8	
7.11664e+07	SFG_L_7_1	0	1.83099e+06	7.65628e+06	2347.48	4.1292e+06	9168.59	1.34123e+06	255496	62652.6	2105.57	26466.1	23612.2	2447.32	0.170734	43644.1	375.626	874956	31644.8	68840.5	0.290439	1.33796e+06	3100.44	4.68445e+06	143916	317587	769.016	6182.65	0.0835813	25073.2	1606.94	409184	60392.3	317720	10945.3	32.2354	0	409409	1.19051	3.95486e+06	243.341	0	0.00900901	0	0	0	0.00757674	0.0172763	0.00757674	0.259102	0	3.90763	0.00416667	1.18271	0	3.26444	1.05479	81.8257	0.209687	22.1859	15.3141	96645.6	0.00287356	120209	0.00628931	1508.8	31.9743	2603.02	48.5239	1.40497	0.0157648	0.0220401	0	57138.5	0.00287356	0	0	0.184941	0	2.79594	0	0.174545	0.00411523	0.0494443	0	0.0199005	0	1.15886	0	0.0974555	0	0	0	1120.64	0.0972662	0.918133	0	0	0	0.0729941	0.469263	0.297418	0.469263	59.5714	0.0363055	9.64182	0.0148971	0.649077	0	0.0221126	0.0779933	1.32668	0.0202206	0	0	62.9729	0.237308	0.73952	0	39.0429	0.0457155	0.0199005	0	0	0	4415.99	1.13594	551.14	0.128072	0	0	771.874	42.0713	7.46159	0	866.989	0.00323625	6.48517	0.0372311	2.74176	0	0.300214	0.0208792	194.494	0	195.63	0.0488627	7290.98	28.5988	1935.65	35.0339	5067.23	5.04067	20815.9	7.78364	1.50919	0	1.79212	0	0.297557	0	447.203	3.04463	294.455	0.0300607	0	0	53.0838	0	434440	0.0882272	484.988	0	1.34399e+06	0	0.876147	1.08694	34998	3900.1	1.58262	560.113	4655.46	20.9581	7245.06	3917.79	7225.8	50.0743	0.0133333	0.0926681	84.6056	1.27245	1.31919	0.016835	4.25001	0.0515185	56.8619	0.262732	5.81332	0.107263	49.5553	0.00383142	0	0.00323625	15.5751	0.0138262	1.19291	0.131032	243.371	0.123562	1.85373	0	0.193848	0.0596641	3.03224	0.0603362	700.926	9.09521	3077.79	2.1892	13.4567	0.183025	374257	19.1276	43.0115	2.12348	151.887	0.457059	190623	17807.7	14661.4	3.15269	33.7268	11.0615	3.46531e+06	0.0641583	2177.1	0.120903	32775.5	0.636522	7311.09	5.37407	65977.5	22.0309	178862	21.767	1.01981e+06	3.35003	
1.02429e+08	SFG_R_7_1	1.83099e+06	0	2482.41	192944	1850.54	297592	277443	3.41735e+07	10637.6	959588	830.88	1.06251e+06	90.3893	1.98665	0.275496	31886.8	8394.56	41613.4	0.00628931	37.5147	9750.76	18538.8	7588.25	812268	1845.35	94.8507	0.628025	10.5801	6.23289	52038.8	6925.28	63373.2	55291.8	57118.9	11.6516	13.2152	4409.7	45527.1	99357.5	435622	0.050032	0.0633364	0	0.139669	0	0.10013	0.0178378	0.312313	0.0463502	0.00387597	2.47275	2.61821	19.8757	0.483002	6167.46	704.973	1.95386	17.4883	74.2121	339.24	312.384	229.563	643.104	381.349	0.592671	1288.24	6.64901	7294.32	0.171426	15.8562	0.00396825	4.57664	220.232	132.624	0	0.464069	0	5.00766	0.0754369	0.219256	0	125.429	0	19.7025	0	0.140853	0.00490196	11.9058	0.0135999	0	0	0	4.44955	119.825	0.0156079	4.39611	8.85225	0	32.6555	0.602507	0.145639	0.497229	0.0563398	214.532	17.0246	0.670286	3.08461	0.0668249	0.0035461	0.0406101	0	0.00358423	0	0.00358423	0.059959	12.078	0.0602753	0	0.0224105	0	0	5.91542	0	0.503384	12.9807	502.193	6.49856	23.0011	0	0.0783748	39.7527	1774.11	0.137441	0.0157796	78.8913	0.0180344	0.244183	11.9703	0.0711511	11.5559	0.0460008	252.657	7.17822	0.315307	1.29746	473.532	75.1599	7898.25	0.485082	4066.04	3.76559	1479.42	28.4397	3257.75	0.00680272	0.0320366	0.0192654	1.11985	0.00512821	1.05062	19.5189	55.8188	17.7526	113.996	0	8.23023	23.9834	0.161775	8921.65	129.088	0.209898	0.0283069	7438.79	7068.43	0.126823	3.649	39159.1	5229.42	6.54521	48510.6	5.63755	1046.43	736.918	268696	1.5839	1083.17	0.0392496	4.40333	271.169	197.751	0.141346	7.32858	0.026408	27.3853	30.4061	35.6448	0.106984	235.861	2.90192	2.82946	0	0.00358423	0.145369	43.4224	0.36539	19.1453	21.5284	27.2746	0.246872	0.344561	0.249913	112089	0.903372	91.0376	434.86	702514	4.91271	12773.3	0.353655	36.1439	126078	3.41825e+06	4.40253	410.031	12.7439	151.745	6083.05	1.42726e+06	3138.3	46948.2	0.361765	181999	49935	1.83023e+06	16.2994	214.62	28.6391	25910	128.199	579701	113.578	226572	274.987	395391	413.585	1.07718e+06	
6.03058e+07	SFG_L_7_2	7.65628e+06	2482.41	0	32.6945	1.06425e+07	2087.78	190461	8.659	0	0.00793651	1.57032	2190.02	0.174818	0.0545517	1.24033e+06	124.51	122812	0.0280733	219410	0.373784	1.56011e+06	262.145	6.21656e+06	687.432	425573	0.00694444	14233.6	0	573.681	56.3342	885252	1914.42	444657	373.939	7269.36	0	49782.8	0	365459	14.1787	0	0	0	0	0	0.00246914	0	0.00246914	0	0	8.88529	0	1.34801	0	1.49446	0	11.7857	0	1.78072	0	854.037	0	5018.59	0	0.0469055	0.016167	0	0	0.0802943	0.00374532	0.0047619	0	895.445	0	0	0	0.00833333	0	0.0251572	0	0.0728105	0	0.00358423	0	0.014898	0	0.0897833	0	0.185191	0	0	0	3.01594	0.00374532	0.118139	0	0	0	2.90346	0	0.882859	0	0.505205	0.00387597	0.0140081	0	0.00362319	0	0	0	0	0	0	0	0.00483092	0	0.00512821	0	0	0	0	0	0	0	45.0006	0.014409	129.205	0	0	0	6.65579	0.401238	0.8332	0	263.019	0	0.564781	0	0.50257	0	0.0552189	0	68.6882	0	11.7671	0	0.635216	0	0	0.0629853	0.00574713	0	0	0	7.65896	0	1.02383	0	0.964447	0	52.8856	0.00411523	69.569	0	0	0	37.7789	0	23102	0	0.0298003	0	45481.5	0	0	0	0.213952	149.288	0	0	0.0284848	0	0	0	0	0	0	0.00813008	1.15688	0.0864253	0.0391363	0	0.602923	0.0134007	0.854287	0	0.27406	0.00333333	3.88955	0	0	0	1.69203	0.003367	0	0.0025641	40.9373	0.00320513	0.158261	0	0	0.00231481	0.119488	0.0152426	0.621572	0.144424	6.01177	0.447817	0.0655041	0.0123457	1862.82	0.193314	0.225239	0.0123457	88.8119	0.0123457	456.057	81.4301	1373.12	0	3.83765	11.1068	13626.3	0.049706	32.7595	0	59.405	0.609598	125.625	3.68909	424.008	10.9512	332.143	9.76259	6663.99	2.16466	
1.18557e+07	SFG_R_7_2	2347.48	192944	32.6945	0	66.612	184337	631.12	164244	586.014	3219.93	20.9141	34.856	0.251361	0.0534188	0	2.29997e+06	13.8075	5.61259	0.106729	0.124542	21.3854	14599.2	2.77218	2.29014e+06	3.88268	474673	0.00641026	0.119048	0.00666667	12393.1	86.1976	41116.5	164.941	20463.7	0	1.76922	3.72742	1033.76	50.7856	171681	0	0	0	0	0	0	0	0	0	0	0	0	0.0577065	0.00757576	36.9613	38890.2	0.00421941	5179.4	0.36952	1522.41	0	73.0204	0.318321	93.9317	0.0398579	3.97758	0.00628931	0	0	0.280925	0	0	0.212679	6.23096	0	0.00617284	0	0.107164	0	0	0	2266.42	0	1.00754	0	692.629	0	1.17489	0	7.76009	0	0.0538961	0	0.0424631	0	55.9405	0	6.02461	0.00421941	1011.57	0	293.99	0	0.0208792	0	0.004329	0.00421941	0	0	0	0	0	0	0	0	0	0	0	0	0	0	0	0	0	0.122345	0.840868	0	0.00483092	0	33.2396	0.0372303	6.42891	0.00456621	23.3094	0.133128	0.344538	0	1068.7	0	0.0697926	0	0.168947	0	0.827985	0.00438596	0.332764	0.0796109	0.0198413	0.00401606	2.57317	0	0	0	0	0	333.065	0	0	0	139.14	0.0376934	852.651	0.0147334	0.00483092	0	0.00584795	0.003663	0.010101	3.31933	0.00483092	0	0.00421941	3.79875	0.263047	0	0	0.13383	0	0.010101	0	0	0	3.17153	0	0	0	0	0	0.002849	0.0172625	0	0	0.00347222	0.00456621	0	0	0.00347222	0	0.0141908	0	0	0.0042735	0.00347222	0	0	0.0167881	0.00362319	0.00483092	0	0	0.00358423	6.51128	0	0	0.25301	13.4484	0.00537634	0.0955351	0	0.00529101	33.639	32.6049	0.0037037	0.00529101	0.00362319	0.00529101	6.35332	143.301	1.57464	0.339309	0.00666667	0.32823	39.7347	5.66921	0.0975454	0.201218	0.0989312	0.00775194	3.22502	18.0327	3.82663	8.92843	4.00361	11.7447	19.9855	6.32944	
2.13321e+08	SFG_L_7_3	4.1292e+06	1850.54	1.06425e+07	66.612	0	1.00006e+06	12.1667	1.20083	0.172448	2.31327	1.61464e+07	103829	2.01424e+07	2.70647e+06	4.57284e+06	7568.66	11878.8	0.0495459	3.69729e+06	13.2413	9.272e+06	333280	534200	8880.16	0.326304	0.0351038	903584	838981	2768.88	535.271	1.01435e+07	739094	6.88874e+06	23738.2	4.15864e+06	1825.41	127798	35.0881	1.09961e+06	143.09	0	0.468562	12.7556	4.54263	0	0.00246914	0.0620491	6327.27	0.623429	0	392191	2124.35	217.901	0	62.0061	0	12967.1	0	274.836	0.0761624	297.889	0.00277778	99.9204	0.00606061	5.80039	8.16534	0	0	6.94313	0.0129107	0.339413	0	2327.02	0.00277778	0.0220075	0	6.03639	0	9.58297	0	9.86219	0	2.17163	0	6.62893	0	4.58081	0	10.0858	0	0.0348105	0	1279.79	0.0311307	4.39558	0	27.1557	0	1128.63	0	259.957	0	247.58	0.0631549	0.635461	0.00333333	1.92683	0	0.0423565	0	0.0193056	0	0	0	69.6509	0.0171391	1.77753	0	3.06128	0	0.0199005	0	0.00421941	0	2598.93	0.813574	5456.47	0.450509	0.0147436	0	346.92	23.5942	31.2286	0	13294.3	0	76.5783	0.00340136	133.583	0	6.0112	0	2998.12	0	1473.38	0	163.962	1.61082	8.35496	10.1084	47960.7	1.13168	38249	16.8742	2012.07	0	114.014	0	479.137	0	56024.6	0.85042	3675.06	0.0123583	0	0	545.938	0	381640	0.0502504	0.0433412	0	231006	0	3239.65	3.6059	136366	747886	39854.7	5.08179	39751.2	3.09929	1576.9	0	5473.64	9.15297	9.24946	154.695	15.9362	0.192241	14.3655	0	173.022	0.0232159	19.6482	0.0960847	192.116	0.0587641	590.723	0	0.00438596	0	706.053	0.01112	5.41912	0.0025641	4548.07	0.464078	24.1209	0	1.19696	0.0254773	19.113	0.0815437	1097.49	2.19345	3598.42	1.52458	55.6243	0.283836	42077.2	2.13806	82.615	1.35813	16473.6	2.11354	1.22524e+06	65.1655	493725	3.05534	579260	28.629	844433	0.049706	1149.81	0.0234324	24383.5	1.34508	254375	9.40754	379084	30.8566	275286	24.7219	2.09144e+06	6.09078	
5.21013e+07	SFG_R_7_3	9168.59	297592	2087.78	184337	1.00006e+06	0	0.00326797	3145.82	2.62719	88.666	90182.2	7.05783e+06	72308.4	4.12132e+06	1953.01	5.50434e+06	0.0747631	0.0891775	588.134	167377	4065.87	956121	241.695	799250	0	0	438.124	20207.7	2.02021	97.678	1.24935e+06	1.26321e+06	1.0877e+06	565768	4906.15	27892.1	1078.27	17839.2	50393.9	8145.4	9.84397	0	0	216.373	1.80296	0.0363109	64.3175	2.23843	0.575497	0.00275482	5.43462	149735	0.0232042	0.0045045	5.55062	0.019476	0.609619	0.020202	0.8865	0.222158	0.0261841	0.101207	0.00333333	0.00606061	0.00203252	383.692	0.0070922	230.269	0.0153338	2.02881	0	0.0439593	0.241334	2.31257	0	0.025641	0	18.9989	0.019587	0.629941	0	0.829438	0.0190827	11.6795	0	0.003663	0.0190827	4.61173	0.00292398	0	0	0.0200603	2.0828	0.582916	0	0.0277898	0	0.0171299	0	0.0143098	0	0.003367	0.299309	2.03484	0.0279888	1.95341	0	0.472133	0.0042735	53.2003	0.0176794	0.635962	0	0.218451	2.36344	10266.4	0.0381425	1.44642	0	1.59233	0	0	0	0	2.71241	5.3164	14.5623	156.427	0	0.436786	0.678685	6.01168	0.0867511	0.00456621	17.646	0.00490196	0.244403	2.69396	0	0.0832294	0	0.274203	6.15418	0	0.427406	0.190662	220.005	42856.7	0	9902.71	18.3322	22537.2	11.5523	195314	0	0.0455501	0	0.0405949	0	0.0457726	0.455494	0.515406	1.45856	15.2688	0	0	0	0.00512821	153.992	152.653	0	0.145472	96.4359	1.65589	0	141.565	103399	459353	107.154	227109	13.2287	63098.9	23.339	72158.3	0	13466.3	102.172	130.095	0.384016	1002.38	0.512397	657.61	0.5596	245.66	0.128591	3.55591	0.94364	4930.19	0.224609	3.97387	0	1.83619	0.589233	43.962	0.0829498	116.192	15.2945	187.371	6.90144	1.88764	0.104899	1.38699	0.410606	4.21481	5.46689	11975.9	10.6618	14714.1	1.00733	58.269	5.96555	2179.2	2.98552	506.419	26.4753	12240.7	577.941	10084.2	210.074	15567.5	66.0077	3661.81	2.37967	11974.2	0.280421	1.44591	22.2771	17.6156	34.273	3137.3	119.19	761.678	132.501	767.656	56.2314	13813.1	
1.25455e+08	SFG_L_7_4	1.34123e+06	277443	190461	631.12	12.1667	0.00326797	0	153713	2.02147e+07	671161	0.457978	0	0	0	0	0	886666	194.458	0	0	57550.3	7.13671	456148	348.843	3.37456e+06	215.334	0.0197542	0	54562.7	46.2774	15500.9	93.8251	8031.4	51.8544	1139.48	0.116906	6461.75	186.522	93780.7	272.243	0	0	0	0	0	0	0.0197542	0	0	0.0177778	84.0967	0	226528	23.7054	4.52832e+06	3584.43	62.3183	48.2724	865409	928.441	146433	211.458	3.68164e+06	1338.65	55.1505	2.2969	24.317	9315.95	0.00584795	0.0153277	0.00294985	0	8400.57	0.242481	0	0	0.0272563	0	0.613632	0	0	0.10698	0.0205177	0.00347222	0.00724638	0	1.4771	0.00343643	0.00520833	0	0	0	0.0724874	0.235536	0.00584795	0	1.93905	0	3.21288	0.0167082	0.0961351	0.00378788	0.00520833	0.00998766	51.7192	0.560911	1.85273	0.004329	0	0	0	0	0	0	0	0	0	0	0	0	0	0	0	0	173.471	0.218234	1.34247	0.0113939	0	0.0249243	4.03629	1.17355	0.0362468	0	559.562	0	1.09204	1.31133	0.00564972	0	0	0	16.1225	0.00529101	0.136671	0.00396825	86.6245	0.474863	9.64837	4.59994	0	0.00297619	0.0269608	0.116963	15.9512	0	0	0	0	0.0249243	22.7835	2.43556	68.4758	0.0355474	0	0.0175469	1205.78	0	508309	0.0355474	383.272	0	404991	0.133954	0	0.00900901	0	0	0	0	0	0.191583	9.1384	60.0756	0	0.563119	0	0	1095.06	8.2343	0.116076	0	0.0713901	0	159.802	3.99348	0.0129789	0	17.1893	0	0	0	1.14435	0	13.6208	5.33411	245.392	0.00292398	0.21996	0	20.9921	3.33494	0.0261887	0.544191	794289	404.332	0.00900901	0.0264757	0.0197542	0	1.06615e+07	1285.54	6.27182	1.18811	275.28	0.116291	546.848	82.9718	790090	7.01422	0.0756723	0	1.22392e+07	0.0540495	82.6379	2.15687	0.373261	0.00294985	103.832	0.00383142	54.6666	0.00383142	84.147	0	44351.8	0.0140913	
1.0012e+08	SFG_R_7_4	255496	3.41735e+07	8.659	164244	1.20083	3145.82	153713	0	36569.6	407451	64.0101	5.65852	0.0194658	0.00401606	0	1341.85	399.231	7450.12	0	0.197218	74.2469	1921.62	61.3177	128049	943.964	533823	0.0364979	0.233364	0.238405	27324.9	51.4356	20894.5	37.9405	28541.9	1.40233	46.5322	12.1748	240208	293.309	329001	0.0194658	0.0161622	0	0.202691	0	0.0152006	0	0.0627256	0.00378788	0	0.541813	4.35024	4.91976	3.69413	4787.16	384505	2.09796	2468.1	68.5632	10693.5	23.2918	9526.45	74.608	1975.18	0.919353	47.6007	0.852744	0.503808	0.0294746	0.398173	0.00396825	3.16222	19.1015	1998	0	0.476396	0	5.70308	0.0169455	0.393937	0	189.709	0	0.882213	0	1.94475	0	23.6714	0.0589097	0	0	0.024026	4.48255	1.66001	0.00401606	3.95224	0.269242	0.00641026	2.85634	14.9554	0.196627	9.35152	0.0580671	1.5569	30.0096	0.955773	1.29107	0.16992	0	0.00406504	0	0	0	0	0.00362319	0.00406504	0.0145724	0	0	0	0	9.47989	0	0.939398	12.3362	87.16	0.178602	7.31253	0	10.227	10.7438	670.535	0.101937	0.00320513	5.97509	0.0191936	0.0142934	115.545	0.00416667	39.29	0	318.033	0.133562	2.15412	0.769544	579.35	6.19164	6.68474	0.265476	74.2602	0.248314	0.727255	1.62431	0.126547	0.0215924	3.35192	0.0407559	0.728938	0	35.7179	9.5683	164.461	3.18109	54.5296	0	21.4564	4.39609	0.968725	822.167	67.7686	0.107733	0.0283069	508.062	6239.52	0	0	1164.96	7.96792	0.0194658	0	0.00537634	0.0070922	291.386	5.09512	0.0621476	0.0070922	0	0	355.587	202.477	0.120212	0.0194257	0.00231481	1.11111	27.4777	44.7647	0.00231481	0.223727	0.334507	0.94824	0	0.017205	0.0249521	4.14255	0.542182	8.85494	1.86581	14.6463	0.0589337	0.0727439	0.003663	493146	0.0598977	1.15316	142.483	3.03726e+06	3.1827	92.189	0.122422	2.50276	21785.9	8.03546e+06	1.08858	21.4405	4.02245	7.56845	2690.74	144434	265.926	29208.2	0	7496.08	12338.9	1.04556e+06	14.8649	658.455	33.6543	237.368	111.014	60521.2	111.615	15276.1	300.162	32187	837.932	176737	
6.26128e+07	SFG_L_7_5	62652.6	10637.6	0	586.014	0.172448	2.62719	2.02147e+07	36569.6	0	2.1891e+06	0.619727	15.2023	0.0556445	0.00877193	0	0.573958	0.984695	26.9548	0	0	0	51.8869	0	515.414	26.7513	3953.14	0	0	0.0309524	65.4134	1.66002	1041.75	3.01491	245.565	7.33245	0.235306	2.09232	17.9192	2.94643	119.751	0	0	0	0	0	0	0	0	0	0.0177778	0.628177	0.00606061	146263	43.5577	209299	109351	71.0254	1154.33	262663	19415.3	2476.81	108.765	173410	3047.47	558.024	48.8901	433476	119749	0.00555556	0	0.00294985	0	19.4683	0.107755	0	0	0	0	0.00628931	0	0.00641026	0.0690762	0	0.00347222	0	0	0.0242745	0.00343643	0	0	0	0	0.0361745	0.0884778	0.00584795	0.00358423	0	0	0.0215924	0	0.00584795	0	0	0	18.4199	0.177247	0.501061	0.0030581	0	0	0	0.00483092	0	0	0.0198413	2.52473	0	0.00483092	0	0.0205908	0	0	0	0	3597.67	0.170822	0.297927	0.0126593	0	0.160375	15.2483	0.275596	0.0366468	0	8.24572	0	0.00462963	1.15509	0	0	0	0.00396825	0.391109	0.00529101	0	0.0357143	3153.28	53.027	1525.96	224.991	0.0751248	3.85628	6441.05	40.0217	18.7592	0.00595238	0	0	0.00980392	0.228164	32.7008	3.09225	0.391233	0.103588	0	0.0394782	8.3001	0.00584795	4230.13	0.0341188	0	0	2113.31	0.173334	3.46664	127.153	0.0777778	307.023	0.0511364	0.821792	0.436151	331.876	141.926	85.2896	332393	651.893	0.03822	0.536608	411.467	1.69674	0.0415023	0	0.00444444	0	120.274	0.930042	0.00204499	0.693639	0.474314	0	0	0	0.0723898	0	6.05887	1.06025	6.53217	0	0.0416667	0	12.0603	1.26332	0.0256039	0.370721	324683	132.615	0.0198413	6.66847	0	0	1.82573e+06	296.946	29.8812	0.454801	252.003	0.0747019	949.188	5.04824	39449.1	5.6606	0.034188	0	4.69086e+06	0.0293846	631.242	0.622314	0.0485009	0.00294985	159.877	0	50.0322	0	102.754	0.00617284	65470.2	0.0360245	
1.69393e+07	SFG_R_7_5	2105.57	959588	0.00793651	3219.93	2.31327	88.666	671161	407451	2.1891e+06	0	0.220098	182.742	0.0525027	0.0547905	0	0.816296	0.447014	1414.79	0	0	0.00680272	15.2634	0	116.514	7660.36	25392.8	0.00546448	0	0	405.583	0.121748	121.833	0.728485	70.0646	0.636874	0.162574	0.465092	895.383	0.725026	3519.16	0.00546448	0	0	0	0	0.00411523	0	0.00411523	0.0175996	0	0.0806812	0.00606061	5989.07	18.5676	570237	43955.7	6024.57	0.00900901	42684.5	307438	0.330137	1054.46	0.974622	17175.5	6.4299	66.1105	14090.8	496829	0.0037037	0.0845176	0	1.13952	0.736186	49.1296	0	2.50024	0	0.0447176	0	0.0562544	0	29.8833	0	0.0867495	0	0.490735	0	7.63227	0.00387597	0	0	0.00358423	0	0.133469	0	0.0200513	1.7555	0.00358423	7.4135	0	0.147565	0	0	0.0492072	6.11295	0.370952	1.224	0.0391229	0	0.00411523	0	0.00411523	0	0	0	0.00411523	0	0	0	0.00456621	0	15.6655	0	5.53656	1.24092	49.5426	0	0.377053	0	0	0.051744	111.546	0.0035461	0	0.177856	0	0	7.32726	0	4.23567	0	2.47553	0.00374532	0.672355	0.00421941	1.15911	3.1772	9.48147	13.5546	73.1878	0.310041	1.16498	23.2702	2.24833	0	0.301882	0	0.0611221	0	1.60475	0.529526	208.75	0	0.272605	0	0.0238171	1.3555	0	43.8081	0.590316	0	0.0416667	41.1158	4.49276	58.8886	0.0446429	444.648	52.7626	0.00813008	12.1435	14.323	0.876617	59.3458	3639.72	1782.97	859.548	0.448548	4.76301	156.887	149.247	0.0413548	0	0.00219298	0.22968	17.4735	39.1539	0.00219298	0.238989	0	0.0705745	0	0	0.00898367	0.465114	0.0499023	1.16072	0.0498881	0.213947	0	0.00490196	0.00277778	3924.52	0.0037037	0.080625	11.6529	1.02463e+06	0	1.64366	0.00231481	0.140593	210.667	1.48502e+06	0.101272	1.68169	0.0137457	0.756451	0.0155586	10570.3	3.07631	45.0296	0	21.9336	191.936	130641	2.58128	1388.31	0	0.264436	0.576751	3162.25	0.0278292	461.939	0	421.851	0.655586	22801.1	
3.90495e+07	SFG_L_7_6	26466.1	830.88	1.57032	20.9141	1.61464e+07	90182.2	0.457978	64.0101	0.619727	0.220098	0	15647.5	1.60668e+06	3.28682	2724.72	4769.21	1.77227	0.00406504	231.394	0.0606284	32062.8	81710	4874.69	7169.22	0.0256039	0	6.09768	0.515991	660.364	2.38086	215014	227431	361336	7155.89	185.623	3.70187	3112.76	44.9908	53241.7	11.7199	0.0123457	0.00925926	0	0.0209987	0	0	0.0123457	0	0.158256	0	0.945054	0.177982	1.16294	0	0.990339	0	69.3906	0	15.1334	0.0163901	2.06307	0.00277778	0.287778	0	0.26078	2.06445	0	0	0.321269	0.00271003	0.00555556	0.00320513	1.20986	0.0119658	0	0	0.0254176	0	0.0556702	0	0.338431	0	0.0332565	0	0.0357177	0	0.0657187	0	0.0999026	0	0	0	166.634	0.00271003	0.115805	0	1.01263	0	19.2972	0	2.09893	0	23.8514	0	0	0	0	0	0	0	0.0219109	0	0	0	0.492873	0.0045045	0.185592	0	0.0535159	0	0	0	0	0	113.929	0.0970252	112.523	0	0	0	30.4218	6.75355	0.56651	0	384.584	0	1.91674	0	1.90958	0	0.0401899	0	73.2934	0	30.019	0	18.5845	0.0633744	1.51113	1.4423	4351.84	0.070655	1632.2	0.27936	7.2553	0	1.20193	0	6.39573	0	208.165	0.0154189	55.8214	0.00277778	0	0	1.6195	0	5369.7	0.00231481	0.00456621	0	2190.42	0	90.7081	0.104448	4004.5	6678.66	12725.4	19018.1	4645.57	0.669497	596.723	0.99281	7.88152	0.450031	1.23138	9.43601	0.713733	0.00947821	1.35877	0	4.96816	0.003003	0.777387	0.00383142	8.69813	0.00280112	14.3665	0	0	0	11.5306	0.003003	0.00374532	0.00280112	67.2519	0.0129499	0.15646	0	0.240344	0.003003	1.24785	0.00271003	46.0873	0.0293718	429.029	0.0045045	0.859996	0.02298	464.565	0.0464773	6.29001	0.159914	38.2998	0.0374235	50681.1	0.00900901	6277	0.265209	85656.5	0	33560.5	0	132.577	0.00392157	4123.8	0.00271003	38088.5	0.00392157	47678	0	38914.4	0	267835	0.0132632	
1.94488e+07	SFG_R_7_6	23612.2	1.06251e+06	2190.02	34.856	103829	7.05783e+06	0	5.65852	15.2023	182.742	15647.5	0	3471.48	161651	251.716	29726.7	3.35015	0.0990661	86.8583	489.647	2033.28	3464.93	211.606	20396.5	0	0	21.4372	74.9786	0.00680272	47.2289	60244.7	4106.46	109265	630.928	3840.92	56.9209	1350.54	4.25812	38697.2	290.936	0.170775	0.00680272	0	0.0372487	0.00757576	0.0047619	0.569978	0.6523	0.0311493	0.018843	2.23706	40.2817	0	0	0	0	0.00456621	0	0	0.00469484	0.670591	0	0	0	0	648.644	0.0796569	1030.1	0.00374532	1.18805	0	0.00595238	0.949246	0.00268817	0	0	0	0.0424661	0.0220401	0	0	0.00396825	0.00520833	0.312887	0	0	0.016706	0	0	0	0	0	0.00275482	3.22099	0	0.0408672	0	0	0	0	0	0	0	3.79398	0.00320513	0.00268817	0	0	0	16.7452	0	0.455227	0	0.155423	0.165171	1020.22	0	0.357574	0	0.446558	0	0	0	0	1.3603	2.85892	5.11542	0.892008	0	0	1.08032	1.06939	0.0316404	0	14.6526	0	0.0614606	0.0677596	0.0042735	0	0	0.00617284	5.05723	0	0.347243	0	122.767	40531.8	0	9883.41	1.61176	6764.77	3.89001	79505.2	0	0	0	0	0	0	0.334707	0	1.28754	0.660954	0	0.00666667	0	0	142.199	0.980825	0	0.00396825	225.526	0.00396825	0.00724638	18.7281	1762.01	142049	1399.39	597119	1.40595	9247.81	7.14327	88960.8	0.00925926	7135.49	221.617	1537.76	0.0147436	0.0975231	0.00564972	13.3909	0.0142879	0.321746	0.00416667	0	0.00326797	792.178	0.258653	0	0	0.0595962	0.0331965	0.195094	0	0.0384916	3.43765	0.66077	0.42945	0.0307611	0.0327595	0.380296	0.00350877	3.82627	0.152178	1382.27	0.264675	2212.87	0.0566529	0.21669	2.56482	326.934	0.0702061	7.27334	7.43325	3.95542	1.8152	7003.37	113.902	24.9801	0.0745607	4182.86	0.144035	578.986	0.0104753	0.021511	0.133426	134.525	0.200961	3557.09	0.442592	2521.78	0.4538	1969.76	0.174707	3830.96	
1.35011e+08	SFG_L_7_7	2447.32	90.3893	0.174818	0.251361	2.01424e+07	72308.4	0	0.0194658	0.0556445	0.0525027	1.60668e+06	3471.48	0	7.74088e+06	20.4445	694.619	0.0365602	0.00406504	33205	0.606677	1169.55	1961.94	0	1239.79	0.00383142	0	2.01341e+07	6.52185e+06	0.0564374	0.00595238	1095.74	2344.16	851.426	5.82128	13353.9	77.7528	4.56681	0	77.5216	0.00595238	599946	883.003	40876.7	39.0272	17460.1	278.18	418852	1.61808e+06	2186	6.43112	527640	240.537	0.0974347	0	0.0394786	0	2.03967	0	0.341991	0	1.35302	0	0.0148313	0	0.0390351	0.00444444	0	0.00546448	9.02082	0.465044	0.0735477	0.00320513	544.467	0.00320513	0	0	248.493	0.0532803	352.951	0	0	0	4.12397	0.024026	0	0	0.428246	0	0.0142607	0	0	0	165.749	0.00311526	0.0205177	0.00311526	0	0	0	0	0	0	571.151	0	0.0145759	0	0.00358423	0	0.510846	0.00529101	9.90361	0	0	0	1706.5	0.0180726	0.293785	0	495.616	0	0	0	0	0	377.167	0.0148166	128.93	0.598484	0.00421941	0	0.86375	0	12.3464	0	49.4619	0	0.579278	0	0	0	0.179852	0	3.12739	0	3.48919	0	89.1031	1.33997	110.003	0.0484914	93538.9	5.24369	133322	5.9731	0	0	0	0	0.00529101	0	0.219078	0	39.6783	0	0	0.140318	0	0	569.573	0	0.00483092	0	0.342727	0	32621.3	0.480465	288560	3.28927e+06	3.05165e+06	0.00900901	48845.8	0.638348	92724	0	61288	0.19168	151534	21.214	88.564	0.452224	2174.21	0.0279791	7615.17	0.702942	0.0138249	0	1443.76	3.08632	300.651	0	0.0047619	0	2755.69	0.0750573	7341.21	0.152812	267.046	0.194791	14.4169	0	0.752963	0.00323625	5.01165	0.0120686	3370.26	0.0622991	5524.28	0.0670735	133618	0.909801	166.628	0.186307	15940.9	0.690299	228434	0.228631	216696	0.962071	994.783	1.31111	32637.1	0.811513	18700.5	0.0236525	0.862722	0.0109127	12465.6	0.168629	2870.13	0.036369	10018.8	0.908849	29754	0.500683	16805	0.0835647	
6.26399e+07	SFG_R_7_7	0.170734	1.98665	0.0545517	0.0534188	2.70647e+06	4.12132e+06	0	0.00401606	0.00877193	0.0547905	3.28682	161651	7.74088e+06	0	1.04658	1123.25	0	0	26694.6	1450.42	3.61076	18750.8	0	129.408	0	0.00555556	359694	9.98799e+06	0	0	235.289	1742.91	77.1053	6.74149	3522.93	8979.06	0	36.1755	0.00333333	1.67188	10071.6	388977	1.66075	600.656	2097.93	0.00347222	77311.5	426367	48.8547	55.627	81.8633	221841	0.0226575	0	0.202514	0.0772692	0.0964159	0	0.112708	1.12598	0	0.226583	0	0.0042735	0.0133243	0.33143	0.0458909	0.0762987	0.275369	1117.11	0	0	0	1264.98	0	0.23188	0.015695	134345	0.015695	9.12447	0	0.476678	0.00456621	21104.1	0	0.0151691	0.00456621	125.878	0	0	0	4.24321	0.132316	31.9424	0	4.01631	0	10.7337	0	0	0	0	0	56.6764	0.00241546	43.8916	0.00241546	195.244	0.0244834	0.216165	0	0.040154	0	0.0352521	0.0743592	14.24	0.184491	0.0168803	0	0	0	0	0	0	0.00383142	16.5158	0.0955965	6452.52	0	1.08246	0.0283516	19.6833	0	0.00456621	0.0154915	0.119068	0	2.52886	0	0	0	0	0	0	0	0	3.93035	3217.12	0	10.4024	0.621383	1086.35	1.7111	824.427	0	0	0	0	0	0	0.0384764	1.58169	0.00311526	0	0	0.0296296	0	0.0259119	0.177363	757.359	0	0	0.00333333	0.00469484	0	20.2165	107629	2.53359e+06	2776.16	190.928	0	765.042	0.0781831	29.8445	0.00392157	138.576	154560	181341	0.257343	25489.6	0.567712	7134.54	0.0771761	3406.86	0.0729807	425.532	0.912266	8156.63	0.0270574	353.311	0	433.44	0.0761041	2381.97	0.00411523	3356.22	0.90665	3362.27	0.0586923	15.1467	3.9531	0.0394967	4.5967	2.10568	1.8209	55.4602	0.711475	2053.64	1199.65	91694.9	0.549207	2312.01	360.117	2902.87	9.72297	1.3057e+06	0.0831088	70112.5	4.58213	306033	0.0181481	38580.1	0.013779	2631.59	0.280822	2.22698	0.0181481	2222.24	1.41474	280.269	0.649779	10000.5	0.0860552	4930.19	0.0153755	4350.67	
1.91014e+07	MFG_L_7_1	43644.1	0.275496	1.24033e+06	0	4.57284e+06	1953.01	0	0	0	0	2724.72	251.716	20.4445	1.04658	0	15.3063	0	0	1.63436e+06	0	344659	1358.04	1.61705e+06	4.91705	0	0.00724638	18842.5	0.026426	0	0.00617284	27675.6	1662.91	5533.57	19.5257	37475.9	0.112319	0.559833	0	0.0831841	0	0	0	0	0	0	0	0	0.026426	0	0	5.92412	0.0283816	0.0256505	0	0.00564972	0	0.466487	0	0.00641026	0	0.00606061	0	0	0	0	0	0	0	0	0	0	0	0	0	0	0	0	0	0	0	0	0	0	0	0	0	0	0	0.00406504	0	0	0	0.181505	0	0	0	0.00387597	0	0.0164099	0	0.00406504	0	0	0	0	0	0	0	0	0	0	0	0	0	0	0	0	0	0	0	0	0	0	0	0.123383	0	0.0443945	0	0	0	0.0242623	0	0	0	1.17603	0	0	0	0.0224232	0	0	0	0.128043	0	0.0905256	0	0.00529101	0	0	0	0.0563825	0	0.0563825	0.0242424	0.134482	0	0.053806	0	0.132342	0	0.448117	0	0.192935	0	0	0	0.0901997	0	9.60641	0	0	0	0.231894	0	0	0.00606061	0.0971906	172.032	0	0.00952381	0.00724638	0	0	0	0	0.0242424	0	0.422295	0	0	0.0182786	0	0.0178979	0	0.00520833	0	0.07284	0	0.0779512	0	0	0	0.0709383	0	0.00462963	0	1.21943	0	0	0	0	0	0	0	0.00483092	0	0.195073	0	0	0	0.111848	0	0	0	3.20371	0	67.1299	0	17.5047	0	1.25309	0	1.03639	0	0.0070922	0	0.595244	0	0.221292	0	1.5395	0	2.15477	0	2.95687	0	
4.48925e+07	MFG_R_7_1	375.626	31886.8	124.51	2.29997e+06	7568.66	5.50434e+06	0	1341.85	0.573958	0.816296	4769.21	29726.7	694.619	1123.25	15.3063	0	0.726642	0.20406	2.45499	1.9952e+06	65.9103	791419	13.6264	1.16239e+07	0.00653595	45966	0.0577781	79268.5	1.77876	0	2132.07	13689.3	2202.83	9232.55	0.3205	0.406888	33.9553	18.5712	628.106	0.219912	0	0	0	0.0070922	0	0	0	0	0	0	0	1.71214	0	0	0.0580836	58.076	0.0414869	11.5819	0.0182683	0.329334	0.0643939	0	0	0.0104167	0	0.00254453	0	0	0	0.0172107	0	0	0.0266667	0	0	0	0	0	0	0	0	2.79164	0	0.0419452	0	2.10742	0	0.0244669	0	0.0447964	0	0	0.180176	0.00537634	0	0.196493	0	0.0577065	0	1.1037	0	0.558725	0.0148148	0	0	0	0	0	0	0	0	0	0	0	0.00396825	0	0.00392157	0	0.00396825	0	0	0	0	0	0.0387196	0.00564972	0.189654	0	0	0.00900901	0.109117	0.00564972	0	0.0671717	0.781188	0	0.00401606	3.62496	0	0	0	0	0.396437	0	0.00497512	0	0.0178979	0.00512821	0.00490196	0.00254453	0	0.00653595	0.495284	0.0529783	0	1.83297	0	0	0	0.721861	0.109507	2.50672	0.0620888	0	0	0	0	0	10.042	0.00456621	0	0	15.1831	0	0	0	191.294	47.3288	1.53066	0.0544444	0.00396825	0	0.00900901	0.0133333	0.0856622	0	0	0	0	0.0045045	0.0127088	0	0.0127088	0.0042735	0	0	0.00308642	0.0045045	0.00340136	0	0	0	0.00340136	0.0042735	0	0.0045045	0.130813	0.00456621	0.00374532	0	0.00392157	0.00757576	0.00392157	0	0.0368274	0.154926	0.323701	0.00537634	0	0	0.0788463	8.76652	0.0135903	0.1066	0.0303624	0.0183257	55.3437	26.2554	0.575701	0.268638	1.02469	3.62384	0.296843	16.383	0.0401667	0.00254453	0.407958	0	1.11134	3.12056	2.55154	0.0716441	3.51866	0.370224	1.74016	16.1553	
1.92053e+07	MFG_L_7_2	874956	8394.56	122812	13.8075	11878.8	0.0747631	886666	399.231	0.984695	0.447014	1.77227	3.35015	0.0365602	0	0	0.726642	0	23.7162	0.158323	0	1.37711e+06	198.347	781909	5446.17	837156	1.06231	0.164197	0	210102	2085.11	91713.1	8018.73	4874.77	1658.89	2.88638	0	234.904	0.0270714	43998.1	15.0427	0	0	0	0	0	0	0.0172107	0	0.01349	0	0.0762736	0	68357.8	0	533720	0	11518.6	0	8470.28	0	110.897	0	1.88501e+06	0.0258924	0	0	0	0	0	0	9.23553	0	39.8088	0	122.746	0	0	0	0.210345	0	204405	0	325.065	0	16145.5	0	6161.06	0	18481.3	0	69.4996	0	639.628	0	67714.9	0	84763.9	0	1.12971e+06	0	128463	0	716.606	0	0	0	8795.41	0	0.00520833	0	0	0	0	0	0	0	0	0	0	0	3680.78	0	13.9214	0	0.055401	0	0.0431353	0	0.234576	0	4.3075	0.00323625	0.00595238	0	3.17492	0	11838.6	0	20881.4	0	40448.2	0	29.9911	0	98.5123	0	0.00584795	0.0035461	0	0.00323625	0.0281481	0	0.00666667	0	52966	0	2.02463	0	1190.76	0	4974.12	0	2.03758	0	0	0	0.182552	0	98.5094	0	0	0	324.879	0	0	0	0	0	0	0	0	0	0	0	0	0	0	0	0	0	0.0290365	0	0.0290365	0	0	0	0	0	0.0138799	0	0	0	0.00323625	0	0	0	0.0710757	0	0.00294985	0	0.0104167	0	0	0	0.186337	0	0.0182648	0	0.0134991	0	51.8786	0	0.131974	0	3.85879	0	16.7316	22328.9	111.922	0	0	0	96.4489	0	0.0475634	0	0.0976988	0	0.0841021	0	1.26273	0	1.49917	0	27.9394	0	
7.09407e+06	MFG_R_7_2	31644.8	41613.4	0.0280733	5.61259	0.0495459	0.0891775	194.458	7450.12	26.9548	1414.79	0.00406504	0.0990661	0.00406504	0	0	0.20406	23.7162	0	0	0.403701	5.38537	731.13	3.01887	654606	0.119905	114177	0	0.280366	0.263611	132533	2.06591	12730.7	9.33694	2936.26	0.116429	0.00438596	6.83463	31.9007	66.5207	124.266	0	0	0	0	0	0	0	0	0	0	0.0533038	0	0.00694444	7407.36	0.161667	90781.4	0.117383	14132.1	0.00584795	4726.86	1.93706	26.1149	17.9246	1.93092e+06	2.52961	12.0465	1.41142	0.0042735	0.0172107	5.52749	0.0426674	22.3137	4.2657	4.37262	0	0.825804	0	1.47577	0.0185328	0.0683419	0	76494.2	0.00512821	17.7434	0	231.111	0	5448.34	0	3.13032	0	0.0504102	0.421631	1.29522	0	1098.68	0.00411523	0.622038	0.00411523	3917.47	0	447.106	0.00406504	0.802009	0.0143156	0	0	0	0	0	0	0	0	0	0	0	0	0	0	0	0	2.92689	0	0.252302	11.5473	1.37245	0.0985225	0.00512821	0	12.4908	1.6616	9.96761	0	15.8084	1.1302	0.00666667	0.00387597	324103	0	507.002	0	22621.9	0.0154148	178.321	0.59418	29.1423	6.63952	0.192656	0.246598	8.42543	0	0.0037037	0.042863	0.00555556	0.00456621	49018.8	0.076244	0.71872	0	1492.89	1.18452	193.524	0.733927	1.39955	0	0	0.506629	0	118.95	12.7201	0.0047619	0.019938	65.3537	0	0	0	0	0	0	0	0	0	0.00877193	0	0.00666667	0	0	0	0.0135647	0.0746318	0.00350877	0	0	0.0424547	0	0	0.00350877	0.0183987	0.00396825	0.0045045	0	0	0	0.166	0	0.0182683	0.0145724	0.0037037	0.003663	0	0	1.69112	0.0172107	0.0482068	1.14514	43.9215	0.82665	4.58846	0	0.0710072	3655.57	73.4183	0.047371	0.473555	0.165918	0.127755	3269.03	910.572	49.1023	83.9259	0.00694444	6.79336	3595.54	34.7018	0.360195	0.515876	21.7802	2.95454	18.1557	168.368	39.7362	105.359	105.662	164.027	126.234	65.4495	
3.05511e+07	MFG_L_7_3	68840.5	0.00628931	219410	0.106729	3.69729e+06	588.134	0	0	0	0	231.394	86.8583	33205	26694.6	1.63436e+06	2.45499	0.158323	0	0	0	2.32731e+06	139.269	27012	0.518317	0	0	7.00791e+06	1943.28	0	0.00617284	438.777	215.24	65.4352	3.51284	195844	5.54032	0.844032	0.00595238	0.00378788	0.00606061	0	0.0293076	23.7273	0.0634637	0	0	0.0151515	0.00694444	0	0	29926.6	4.93204	2.59748	0	0.0215054	0	17.5491	0	0	0	0	0	0.0042735	0.00606061	0	0	0	0	0.00462963	0	0	0	0.00628931	0	0	0	0.0251572	0	0.00628931	0	0	0	0	0	0.00392157	0	0	0	0	0	0	0	0.566845	0	0	0	0.035474	0	0.402444	0	0.10116	0	0.629303	0	0	0	0	0	0	0	0	0	0	0	0	0	0.00462963	0	0	0	0	0	0	0	0.777034	0	0.230341	0.0035461	0	0	0.0187831	0	0.0167484	0	6.59856	0	0.0675012	0	0.0205177	0	0.0175469	0	0.799497	0	0.0479243	0	0.295454	0.0137589	0	0	0.0887084	0.0157796	0.00584795	0.0157796	0.180515	0	0.0877545	0	0.0447958	0	0.993707	0	3.06162	0	0	0	1.23172	0	65.2851	0	0	0	0.0559468	0	0	0	0.00724638	13.8674	0.00793651	0.0325979	0	0.00392157	0	0	0	0	0	0.00854701	0	0	0.0167082	0	1.60334	0	0.00362319	0	2.37332	0.00396825	1.63988	0	0	0	5.81909	0	0.0387261	0	2.85446	0	0.231106	0	0	0	0.0185185	0	0.570308	0	1.24501	0	0.00396825	0	1.2498	0	0.107308	0	41.9926	0.00314465	2754.42	0.003663	50.7749	0.00314465	261.461	0.003663	4.40631	0.003663	0.0564372	0	10.0883	0	100.349	0	144.44	0	273.13	0	227.021	0.003663	
1.59734e+07	MFG_R_7_3	0.290439	37.5147	0.373784	0.124542	13.2413	167377	0	0.197218	0	0	0.0606284	489.647	0.606677	1450.42	0	1.9952e+06	0	0.403701	0	0	0	1.08781e+06	0	13308.5	0	0	0	4.71759e+06	0	0	0.0513243	1311.68	0.0216376	61.3716	0.0261841	0.992806	0	0.182485	0	0	0	0	0	2.2861	0	0	0	0.28173	0	0	0	342.119	0	0	0	0	0	0	0	0	0	0	0	0	0	0	0	0	0	7.3035	0	0	0	0.288369	0	0	0	130.449	0	0.196178	0	0	0	39.495	0	0	0	0.0663913	0	0	0	0.00546448	0	0.0045045	0	0	0	0.0431296	0	0	0	0	0	0.0183364	0	0.411278	0	0.0777373	0	0	0	0	0	0	0	0	0	0	0	0	0	0	0	0	0	0.0143791	0	3.25271	0	0	0	0	0	0	0	0	0	0.00438596	0	0	0	0	0	0	0	0	0.00416667	2.4353	0	0	0	2.80314	0	0	0	0	0	0	0	0	0	0	0	0	0	0	0	0	0	19.4731	0	0	0	0	0	0	0.0670787	1.20512	0	0	0	0	0	0	0	0	0	0	0	12.485	0.00330033	1.39871	0	0.91159	0	1.44204	0.00323625	3.28113	0	0.377185	0	0.119329	0	0.777712	0	4.06298	0.0133453	3.90264	0	0.00483092	0	0	0	0	0	0.0042735	0	2.75273	0.0269524	112.463	0.00555556	33.6256	0.0268734	0.581005	0.108351	1144.62	0	7.21434	0.0030581	159.282	0	4.53369	0	1.91432	0	0	0	0.229265	0	0.0879761	0	0.536977	0	0.25596	0	1.14622	
7.82907e+07	MFG_L_7_4	1.33796e+06	9750.76	1.56011e+06	21.3854	9.272e+06	4065.87	57550.3	74.2469	0	0.00680272	32062.8	2033.28	1169.55	3.61076	344659	65.9103	1.37711e+06	5.38537	2.32731e+06	0	0	373.211	1.10869e+06	2224.62	1268.6	0.026426	319745	0.154025	2607.61	1190.7	1.83357e+07	4333.65	740788	674.562	2.08797e+06	14.1231	0.00387597	0.907387	1.09672	56.7392	0	0	0	0	0	0	0	0	0	0	138263	1.4527	434.949	0	12453.2	0	109.061	0	150.57	0	0.56238	0	11149.9	0.213877	0	0	0	0	0.00456621	0	0.84995	0	41.4749	0	0.137238	0	11.8394	0	9.67774	0	2967.69	0	9.90466	0	1.98597	0	420.891	0	62.3966	0	0.253053	0	7.45792	0	2317.71	0	469.972	0	7553.69	0	2466.77	0	2.09792	0	0	0	129.538	0	0	0	0	0	0	0	0	0	0.00456621	0	0	0	0.0386781	0	0.0047619	0	106.997	0.00383142	228.912	0.450336	0	0	2.52887	0	1.65713	0	404.889	0	28.8117	0.0314504	23.4888	0	33.3228	0	63.8594	0	82.6605	0	7.79199	0.730328	0	0	0.080578	0.408792	0.0221612	1.43056	216.794	0	7.03741	0	7.46271	0	384.517	0	452.073	0	0	0	172.511	0	15209.9	0	0.0575454	0	171.108	0	0	0	0.654072	179.896	0	0.122749	0.162493	0	0	0	0	0	0	0	0.0366185	0.00350877	4.3341	0	128.631	0.00314465	0.00490196	0	201.953	0.0651331	69.703	0.00314465	0.00520833	0	303.9	0.00314465	4.16783	0.00350877	348.412	0	35.8379	0.00383142	0	0	0.00456621	0	0.0647257	0.003663	0.06624	0.00490196	0.0112568	0	245.276	0.0573207	0.152308	0	5598.43	0	712.84	2156.92	4920.65	0.0137985	288.68	0	902.85	0	0.00241546	0	1.29178	0	83.5566	0.0133069	89.6037	0.0841162	53.5586	0.176639	760.222	0	
