data	data	4.24229e+07	1.02527e+08	1.3911e+08	2.8556e+07	1.90322e+08	1.43033e+08	7.95968e+07	3.653e+07	1.88034e+07	2.48587e+07	9.37472e+06	4.66683e+07	1.16399e+08	1.83263e+08	2.51628e+07	3.82586e+07	1.10583e+07	1.58967e+07	4.65137e+07	5.43378e+07	2.05983e+07	5.83705e+07	2.67706e+07	3.72045e+07	3.52473e+07	9.07856e+06	3.49846e+08	3.05307e+08	1.77678e+06	2.20614e+06	2.1504e+07	1.25775e+07	1.51299e+07	1.36113e+07	1.27713e+08	1.20661e+07	6.65671e+06	1.32474e+07	8.80626e+06	5.93114e+06	2.97403e+07	1.02031e+07	3.4134e+07	6.82092e+07	4.30824e+07	2.16239e+07	2.92172e+08	2.74915e+08	1.03945e+07	7.24892e+06	6.52256e+07	6.45501e+07	6.72004e+07	1.73618e+07	2.73937e+07	4.66475e+07	1.68763e+08	1.2317e+07	1.11849e+08	2.12071e+08	1.75316e+07	5.91205e+06	7.37423e+07	2.04098e+07	1.50123e+07	2.65003e+07	6.11604e+06	4.21606e+06	2.28866e+08	2.2905e+08	2.74292e+07	9.65599e+07	3.2538e+07	9.47469e+07	2.40886e+07	1.29293e+08	2.01017e+08	2.74423e+07	9.11418e+07	1.00647e+08	7.89569e+07	3.29651e+07	1.81467e+08	1.25168e+08	3.44127e+07	5.60513e+07	3.64635e+07	6.04762e+07	1.03633e+08	1.50043e+07	4.60398e+07	9.49998e+06	1.09322e+07	1.94757e+07	9.2189e+07	1.89615e+07	1.91145e+07	3.83427e+07	6.02426e+07	5.16034e+06	5.80476e+07	1.15235e+07	1.8086e+08	9.00153e+07	1.56413e+08	2.20139e+08	1.56678e+08	8.63772e+07	3.78068e+07	2.48531e+07	2.92552e+07	1.47889e+07	8.87048e+06	3.23056e+06	1.36829e+07	3.16686e+07	1.16739e+07	4.26143e+07	1.02755e+06	4.49422e+06	1.82043e+07	9.62366e+06	9.41098e+06	1.5506e+07	3.6268e+07	3.16607e+07	3.463e+07	1.09004e+08	2.33293e+07	6.74057e+07	9.59298e+07	5.90567e+07	2.20296e+07	3.30303e+07	6.13732e+07	5.45415e+07	7.34713e+07	1.3188e+08	6.43736e+07	8.01195e+07	1.37562e+08	9.9014e+07	5.90817e+07	3.93806e+07	1.74836e+07	2.20611e+07	1.24236e+07	5.22387e+07	1.57992e+07	4.2009e+07	3.25174e+07	1.22233e+08	2.86026e+06	9.86451e+06	5.40235e+07	2.69142e+07	1.69908e+07	2.42102e+06	4.10587e+07	1.80581e+07	1.24821e+08	3.29139e+07	9.40505e+06	1.62491e+07	5.13815e+07	1.59167e+07	2.73898e+07	2.30551e+06	1.12222e+08	2.69946e+07	7.24353e+06	8.25904e+06	5.64847e+07	6.62820e+06	834477	2.05418e+06	8.99468e+06	2.28588e+07	2.96011e+07	4.57226e+06	5.79853e+06	1.67477e+07	8.02534e+06	520092	6.2941e+06	8.00892e+06	1.44186e+07	6.78274e+06	8.28089e+07	6.6677e+07	1.3619e+08	1.94794e+08	1.21275e+08	1.42299e+08	5.2648e+07	8.10018e+07	1.26021e+08	2.44269e+08	5.61335e+07	4.66672e+07	2.51842e+07	1.88278e+07	9.56102e+07	8.92296e+07	7.64435e+07	1.13554e+08	6.35759e+07	1.88684e+08	3.60633e+07	2.24321e+08	1.86637e+07	3.67882e+07	1.07081e+08	2.04131e+08	2.27126e+08	6.09274e+08	3.68643e+08	3.36043e+08	6.55364e+07	2.34649e+08	1.35813e+08	6.92923e+08	4.01264e+08	5.77013e+08	4.4645e+08	2.8643e+08	7.54619e+07	1.52298e+08	2.37562e+08	4.75466e+08	8.42154e+07	7.68017e+07	3.23972e+08	7.14113e+07	1.01605e+08	3.6232e+07	1.43709e+08	6.68711e+07	1.20842e+08	7.07631e+07	9.50105e+07	1.75179e+08	1.3488e+08	1.15671e+08	2.06627e+08	9.77815e+07	
data	data	SFG_L_7_1	SFG_R_7_1	SFG_L_7_2	SFG_R_7_2	SFG_L_7_3	SFG_R_7_3	SFG_L_7_4	SFG_R_7_4	SFG_L_7_5	SFG_R_7_5	SFG_L_7_6	SFG_R_7_6	SFG_L_7_7	SFG_R_7_7	MFG_L_7_1	MFG_R_7_1	MFG_L_7_2	MFG_R_7_2	MFG_L_7_3	MFG_R_7_3	MFG_L_7_4	MFG_R_7_4	MFG_L_7_5	MFG_R_7_5	MFG_L_7_6	MFG_R_7_6	MFG_L_7_7	MFG_R_7_7	IFG_L_6_1	IFG_R_6_1	IFG_L_6_2	IFG_R_6_2	IFG_L_6_3	IFG_R_6_3	IFG_L_6_4	IFG_R_6_4	IFG_L_6_5	IFG_R_6_5	IFG_L_6_6	IFG_R_6_6	OrG_L_6_1	OrG_R_6_1	OrG_L_6_2	OrG_R_6_2	OrG_L_6_3	OrG_R_6_3	OrG_L_6_4	OrG_R_6_4	OrG_L_6_5	OrG_R_6_5	OrG_R_6_6	OrG_R_6_6	PrG_L_6_1	PrG_R_6_1	PrG_L_6_2	PrG_R_6_2	PrG_L_6_3	PrG_R_6_3	PrG_L_6_4	PrG_R_6_4	PrG_L_6_5	PrG_R_6_5	PrG_L_6_6	PrG_R_6_6	PCL_L_2_1	PCL_R_2_1	PCL_L_2_2	PCL_R_2_2	STG_L_6_1	STG_R_6_1	STG_L_6_2	STG_R_6_2	STG_L_6_3	STG_R_6_3	STG_L_6_4	STG_R_6_4	STG_L_6_5	STG_R_6_5	STG_L_6_6	STG_R_6_6	MTG_L_4_1	MTG_R_4_1	MTG_L_4_2	MTG_R_4_2	MTG_L_4_3	MTG_R_4_3	MTG_L_4_4	MTG_R_4_4	ITG_L_7_1	ITG_R_7_1	ITG_L_7_2	ITG_R_7_2	ITG_L_7_3	ITG_R_7_3	ITG_L_7_4	ITG_R_7_4	ITG_L_7_5	ITG_R_7_5	ITG_L_7_6	ITG_R_7_6	ITG_L_7_7	ITG_R_7_7	FuG_L_3_1	FuG_R_3_1	FuG_L_3_2	FuG_R_3_2	FuG_L_3_3	FuG_R_3_3	PhG_L_6_1	PhG_R_6_1	PhG_L_6_2	PhG_R_6_2	PhG_L_6_3	PhG_R_6_3	PhG_L_6_4	PhG_R_6_4	PhG_L_6_5	PhG_R_6_5	PhG_L_6_6	PhG_R_6_6	pSTS_L_2_1	pSTS_R_2_1	pSTS_L_2_2	pSTS_R_2_2	SPL_L_5_1	SPL_R_5_1	SPL_L_5_2	SPL_R_5_2	SPL_L_5_3	SPL_R_5_3	SPL_L_5_4	SPL_R_5_4	SPL_L_5_5	SPL_R_5_5	IPL_L_6_1	IPL_R_6_1	IPL_L_6_2	IPL_R_6_2	IPL_L_6_3	IPL_R_6_3	IPL_L_6_4	IPL_R_6_4	IPL_L_6_5	IPL_R_6_5	IPL_L_6_6	IPL_R_6_6	PCun_L_4_1	PCun_R_4_1	PCun_L_4_2	PCun_R_4_2	PCun_L_4_3	PCun_R_4_3	PCun_L_4_4	PCun_R_4_4	PoG_L_4_1	PoG_R_4_1	PoG_L_4_2	PoG_R_4_2	PoG_L_4_3	PoG_R_4_3	PoG_L_4_4	PoG_R_4_4	INS_L_6_1	INS_R_6_1	INS_L_6_2	INS_R_6_2	INS_L_6_3	INS_R_6_3	INS_L_6_4	INS_R_6_4	INS_L_6_5	INS_R_6_5	INS_L_6_6	INS_R_6_6	CG_L_7_1	CG_R_7_1	CG_L_7_2	CG_R_7_2	CG_L_7_3	CG_R_7_3	CG_L_7_4	CG_R_7_4	CG_L_7_5	CG_R_7_5	CG_L_7_6	CG_R_7_6	CG_L_7_7	CG_R_7_7	MVOcC	MVOcC	MVOcC	MVOcC	MVOcC	MVOcC	MVOcC	MVOcC	MVOcC	MVOcC	LOcC_L_4_1	LOcC_R_4_1	LOcC_L_4_2	LOcC_R_4_2	LOcC_L_4_3	LOcC_R_4_3	LOcC_L_4_4	LOcC_R_4_4	LOcC_L_2_1	LOcC_R_2_1	LOcC_L_2_2	LOcC_R_2_2	Amyg_L_2_1	Amyg_R_2_1	Amyg_L_2_2	Amyg_R_2_2	Hipp_L_2_1	Hipp_R_2_1	Hipp_L_2_2	Hipp_R_2_2	BG_L_6_1	BG_R_6_1	BG_L_6_2	BG_R_6_2	BG_L_6_3	BG_R_6_3	BG_L_6_4	BG_R_6_4	BG_L_6_5	BG_R_6_5	BG_L_6_6	BG_R_6_6	Tha_L_8_1	Tha_R_8_1	Tha_L_8_2	Tha_R_8_2	Tha_L_8_3	Tha_R_8_3	Tha_L_8_4	Tha_R_8_4	Tha_L_8_5	Tha_R_8_5	Tha_L_8_6	Tha_R_8_6	Tha_L_8_7	Tha_R_8_7	Tha_L_8_8	Tha_R_8_8	
4.24229e+07	SFG_L_7_1	0	4.41284e+06	8.87017e+06	21554.1	541774	465.777	3.53062e+06	65621.4	94915.3	162794	4224.07	938.708	109.072	33.4984	9.23811	8429	0.373708	80.1681	18.0768	0	0.228068	20.0482	1514.93	17962	211.245	5066.2	4.4567	0.0128655	15.1512	1.79338	0.231642	30.7187	0.737746	359.877	3.38335	0	33.9987	29.5221	24046.3	42.9517	0.0293534	0	0	0.238642	0.0361549	0	0.861057	0.00292398	0.585457	0.0535828	0.275171	0.00512821	12.059	3.02853	0.117633	4.3158	301.291	0	45.8798	10.0345	6191.68	0.799839	8494.91	10.7885	6658.1	35.6917	1637.8	28.115	86.2461	0.425768	116.502	2.49025	136.287	2.01519	62.5286	2.45593	4.83732	0.003663	3.5192	0.264538	190.195	0	10.55	0.0315953	2.09691	0.00406504	147.705	0.0288514	0.00193798	0	0.555015	0	0	0.00223714	6.36278	0.00223714	2.63207	0	394.257	0	0	0	0.975807	0.00297619	0.0161012	0.003003	0.0855983	0	0.0850936	0.167079	0.00505051	0.474609	0	0.00529101	0.0208537	0.57445	0.0485684	0.0386795	0	0.00483092	72.0795	0.00383142	0	0.00406504	16.7074	0.635463	7.55242	0.0605361	0	0	639.621	0.287935	0	0	1.91097	0	17.609	0	0.139646	0.0162989	32.1317	0.174286	0.829916	0.0372108	2.42241	0.312447	77.1311	76.6449	6667.99	190.553	366.784	1.62471	1113.71	870.806	1.60777	0	0	0	1.41631	0	98.6793	0.060565	36.2299	0.0834613	0.075938	0.244405	9.12372	0.0269388	337.752	0.0651638	0.387059	0.359555	333.653	0.29835	690.818	1.8092	126.184	10559.7	209.704	0.397154	304.404	11.214	319664	93.6357	659.029	292.609	0.0797402	1.6699	19.9427	0.420712	17.7146	0.0676577	34.4747	0.106595	0.00456621	0.544815	0.270751	0.212621	1.32256	0	0.003663	0	4.58205	0.0342296	0.774745	1.70578	30.4631	0.275452	0.236688	0.0859556	14.3516	0.0035461	84.6682	0.0911727	1454.69	1428.86	54.378	2.7793	2.17737	0.291456	11419.2	2824.43	92.1984	5.16609	44.5786	0.192428	12816.7	156807	625.648	3.23506	35.0406	0.0258772	1.67654e+06	29.7265	4929.15	5.95225	673.219	0.0500245	332486	3.43872	152187	0.179942	83122.2	0.421768	641488	13.1393	
1.02527e+08	SFG_R_7_1	4.41284e+06	0	2.02799e+06	151600	980968	2.97914e+06	170567	5.6382e+06	37852.1	4.7742e+06	13770	1.13344e+06	167.186	846.938	1341.33	6172.44	106.696	31750.5	2912.76	9.61738	203.612	39784.8	18107.9	334297	18380.7	1900.57	89.1153	12.0103	0	44889.8	65.862	13179.5	56.518	660692	303.959	5.96278	27.1646	62556	18.48	950474	0	0	0.00483092	1151.36	0	168.482	0.014898	3.52085	0	0	9.31635	259.572	4.92551	134.344	32.2183	323.434	489.38	0.584773	978.064	125.387	1.88591	13679.8	1419.51	172448	144.953	5291.43	696.261	1285.19	1.00542	39.392	0.00469484	90.2389	0	218.388	0.0704274	23.1902	0.0546624	3.25821	0	22.0889	0.0690479	0.430868	0.0546624	140.134	0	119.293	0.282321	2.01122	0	0	0.00326797	0	0	11.7644	0	0.469781	0.00326797	1.26882	0.0171193	0.0503396	0	0	0.0501002	4.63067	19.2455	1.66571	0.0523311	0.00392157	0	3.48696	0	9.7867	0	0.014425	0	11.6682	0	0.462404	0	1.36904	0.157931	3.26849	0	6.25425	35.634	34.2105	23.3151	1683.24	0	0.311188	273.249	62.2783	0.0601632	0.0511997	2.25812	14.1676	0	50.0634	0	88.135	0.00512821	1095.46	0.0025641	1.28343	0	1028.22	130.686	7033.06	264.451	22294.1	46.1134	84.819	224.648	49343.9	0.00347222	0.356815	0	0.0615079	0.00347222	0.453192	54.6293	5.94879	0.00392157	286.704	0	2206.9	0	21.1803	0.0586211	3696.76	0	1542.97	0.0148641	87.6111	79.503	78.6359	931.344	10178.1	0	4.93617	21.7626	1184.35	84.8968	90.2534	68.0717	17922.8	0	0	127.022	31.5913	1.34273	0.285642	3.57932	0.455726	0.334909	52.8657	0.545718	0.913173	0.231043	0.0035461	0.003663	0.0030581	0.232882	0.149052	9.59102	32.6217	0.687303	29.3201	1.46811	1458.58	0.0177588	76.379	1.92764	80.7728	157.338	3.54462e+06	2.80065	3153.14	0.0768723	57.2267	7891.09	2.07489e+07	6.37986	675.08	1.07588	232.737	3224.63	605506	5.47013	53199.2	0.140635	3847.74	10624.3	809324	16.2024	2440.66	0.513996	412.929	44.2136	73761.5	29.8819	12840.9	0.0501094	864.64	3.67756	549323	
1.3911e+08	SFG_L_7_2	8.87017e+06	2.02799e+06	0	104909	4.06202e+07	12775.7	3.78876e+06	5318.65	44.4959	4321.38	56.8052	14827.1	0.132672	5.02731	48374.5	24775.8	7.32187	181.669	14.3834	0.00628931	23.3953	23.2384	4.94186e+06	14686.4	417.048	231.619	1.90661	0.0293671	210.565	10.9223	625.326	16.0449	35831.1	392.4	43.1538	0	469.407	29.9388	328250	31.8203	0.0519879	0	0	0.395159	0.0156207	0.0334836	1.22753	0.0293671	0.78361	0.0236007	1.74372	0.0819164	15.4938	0	0.729309	3.71532	245.338	0	46.2741	4.35116	36051.9	0.150012	22312.4	0.00617284	15.9915	39.5257	18.7201	15.7261	194.083	0.39875	69.3877	11.4827	226.009	8.29359	33.8392	9.48321	21.7339	0.0170968	1.40938	0.449047	240.382	0.00292398	28.1371	0.42893	1.87558	0	53.6856	0.071322	0.0337275	0	1.04896	0	0	0.0309832	62.6197	0.0136379	5.50563	0	540.305	0	0.0861336	0	2.4097	0.00297619	7.7447	0.59909	0.235185	0.0325043	1.20607	0.0414818	0.812616	0.0743566	0	0	0.00505051	0.0182648	1.14186	0.00343643	0	0.00546448	38.103	0.0611736	0	0.00406504	157.391	0.0794603	5257.59	0.136245	0.0237065	0	1320.23	0.0189211	23.6762	0	11130.4	0	94.0753	0	0.279307	0	47.8295	0.0171299	3.46847	0.00406504	2.14472	0.295892	18.4575	0.722486	13.733	118.678	50.9711	0.097554	69.3052	217.719	4.28798	0	0.0266667	0	3.31894	0	375.885	0.0522213	130.441	0.332307	4.72923	0.157443	119.044	0	105979	1.1119	6.23788	0.0422667	45214.7	0.0831327	11.485	0	105.504	6425.34	0.457716	65.2339	57.2988	0.957341	4.93575	1.74789	3.23767	96.0688	0.00497512	0.124386	95.3157	4.20792	59.1086	0	120.154	0.00416667	0.679291	5.62136	0.705363	0.00444444	773.289	0	0	0	36.3744	0.0115421	2.77042	19.0217	4636.67	0.0552699	418.808	0.171311	17.236	0.0418494	115.807	0.123498	5707.63	868.138	1505.59	0.363879	5.20189	0.97547	429844	1680.34	23402.4	9.16793	2305.16	0.241361	52999.8	79629.3	70444.7	53.5643	14009	0.0184488	4.32705e+06	2.73617	12280.4	7.73553	5835.88	0.263335	760862	1.29785	431983	0.0367383	256069	0.0131208	1.98866e+06	5.42857	
2.8556e+07	SFG_R_7_2	21554.1	151600	104909	0	647370	1.69976e+06	17.6353	124409	28.5453	0.930922	100970	1.41606	0.70118	15.5163	3.18102	9.53257e+06	0	479.748	0.00653595	17542.3	0.0275646	127566	41.0709	369147	0.00564972	160192	0.0248259	0.558741	0	334.756	0.025641	20407.3	0.025641	422051	0.255071	5.33814	0	3763.48	0	11417.7	0.00897481	0	0	15.3489	0	1.28978	0.00378788	0.100155	0.003663	0	0.00287356	11.7345	0.0152985	18.0098	0.0716198	41.7053	30.2737	7.81724	31.5887	128.84	0.00343643	16.729	0.182608	4.45249	3.93957	0.727143	0.389756	7.24365	0.237534	7.31808	0	0.552486	0	0.180113	0	0.123101	0.0591537	0.428164	0	0.0471386	0	1.46541	0.0591537	39.6453	0	447.283	0	4.77913	0.0026455	0.0319523	0.0141129	0.00483092	0	2.09117	0	0.573631	0	16.573	0	0.218354	0	0	0.00905748	2.46142	1.88368	0.0140413	0.0141129	0.0962159	0	0	0	0	0	0	0	0	0	0	0	0	0	22.1465	0	25.1921	30.8579	1.49199	1.43045	150.01	0	0.244525	103.353	14.6366	0.0164835	0.0254176	0.177066	57.5142	0	81.6389	0	129.357	0	3464.12	0.00406504	5.30993	0	7721.33	0.410793	26.589	0.831387	7.29371	0.103619	0.589727	0.184744	0.519992	0	14.3029	0	0.16077	0	1.49436	21.8459	0.80313	0	3.29613	0.00188324	19.5253	0.0128393	8.67668	0.0278797	208.995	0	2.55121	0.0278797	74.9122	0.0212346	0	0	0	0.003663	0	0.0913618	0	0.0650431	0	0.0851659	0.00456621	0	0	7.90849	0.230436	0.0351637	0.0184127	0.312902	0.123815	0.0178571	0.177153	0.015506	0.0295978	0.0333696	0	0	0.0763942	0.0585179	0.0299631	0.795077	5.77005	0.0576796	15.376	0.0972113	161.94	0.0709444	254.737	0.087372	8.92321	39.002	13681	0	843.589	0.00641026	8.96755	192.932	271409	0.825975	62.6299	0.0942998	10.3	0.409338	141757	0.844376	1237.55	0.0321332	1386.75	57.9727	124170	1.22508	477.09	0.0201352	140.982	5.60497	28346.2	4.42101	4916.73	0	1848.05	0.148112	157717	
1.90322e+08	SFG_L_7_3	541774	980968	4.06202e+07	647370	0	7.02592e+06	4.07072	39.652	6560.12	94.1717	3.6289e+06	679874	2.23445e+07	375018	2.53206e+06	271655	0.00641026	467.079	3.61468e+06	977.276	72406	1895.39	13453.7	95942.8	0.0555556	0.186869	1.79703e+06	35.4261	72.1362	17.6009	3642.79	244.44	42960.7	3050.97	881247	1132.36	874.243	452.043	244447	120.49	0.418193	0.00595238	193.189	18661	0.00374532	0.0464363	4.23258	0.559885	0.64971	0	158712	22345.6	3.97005	0	0.243371	3.95144	420.981	0	83.3912	6.75952	671.19	2.79841	14.4318	0	16252.2	36.3985	1230.83	8.83188	120.13	1.68258	3.77986	26.8719	29.4823	18.4764	0	14.1143	6.05044	0.0544927	0.01753	1.02404	15.3461	0.0279111	14.1724	0.300564	0	0.0035461	0	0.103928	0	0	0	0	0	0.285171	16.582	0.013399	0.0368148	0	9.03614	0	0.0222284	0	0.476262	3.87411	10.632	1.01565	0.0595311	0.123921	6.1104	0.566132	2.31052	2.29706	0.00444444	0.327027	0.00392157	1.15349	3.51159	2.24688	0.0193056	0.702597	0	0.135961	0	0	171.017	0.0353255	3359.81	3.53636	0.00505051	0	1528.16	0.403994	14.2394	0	8683.79	0	2.86909	0.00383142	0.00529101	0.0454751	0.401117	0.312961	0.494843	0	0	2.37181	69409.1	25.8456	28832.2	104.91	9790.57	0.843528	247719	205.978	0.358305	0	0.102716	0	0.188179	0	128.798	0.239572	6.85184	2.49733	0.338274	0.673776	73.4591	0.00438596	107655	17.6513	3.58683	1.53008	28156.9	0.963708	42676.1	0	82546.6	400338	1.14943e+06	913.615	30711.4	155.291	387862	4.25962	302889	114.976	271.586	4.8959	78.4353	5.03869	63.573	21.9965	210.431	3.82804	0.919198	7.07959	1.08811	32.0072	1135.06	0	0	0.00333333	678.679	0.086731	1.08228	16.7596	10377.9	0.762817	532.978	2.27614	5.82248	0.719293	26.4572	3.89676	1627.87	654.5	5692.48	46.0103	35.8848	4.28787	833118	1570.81	25457.3	70.1826	9752.18	42.9358	97999.7	48669.2	68760.9	877.398	56994.2	0.71998	1.50132e+06	0.435629	2398.16	1.48472	16541.4	0.154595	636816	0.313918	431935	2.32095	312161	0.146634	1.54211e+06	0.41608	
1.43033e+08	SFG_R_7_3	465.777	2.97914e+06	12775.7	1.69976e+06	7.02592e+06	0	7.90444	31.732	5.28596	2.44264	167263	1.8935e+07	428442	8.65275e+06	34276.3	1.17126e+06	0	99.1945	389017	8.29e+06	93325	4.88808e+06	247.726	556873	0	0.822753	107047	34180.3	0	278.668	2.27653	216709	0.163039	325702	30697.8	496289	0.00258398	10465.6	0	5098.86	4.3246	0.00320513	0.681387	248578	0	0.0234094	3.44491	2.47542	2.07538	0.0325203	24819.8	1.47533e+06	0.036892	1.30213	0.259133	7.64931	163.43	7.73319	634.335	44.0122	0.00343643	174.065	0.0737842	1.58168	1.4703	7.15079	0.250876	39.5943	10.7233	117.565	0.00333333	268.266	0.00245098	3.90547	0	68.7031	0.0609525	4.90613	0	0.89156	0.00311526	4.57939	0.293628	442.934	0	941.951	0.00333333	83.0229	0.0026455	0.108079	0.00358423	0	0	31.9401	0.00311526	6.43515	0	56.0865	0	0.487565	0	0.00289855	0.240268	120.556	9.91478	0.16503	0.00358423	0.299705	0.337909	9.3877	0.00258398	21.9963	0	0.0170525	0.00258398	36.2429	0.902159	6.17861	0.00333333	0.479364	0	36.6519	0	5.94203	87.8652	604.274	81.9612	1795.72	0	0.654743	501.32	8323.42	5.42349	1.15271	1.42134	37.2678	0	67.231	0	621.981	0	2281.58	0	1.27997	0	16865.2	237.979	2946.16	0.613658	53.6557	35.2718	164.591	109.208	16810.6	0	1.89291	0	4.91317	0	3.36927	263.302	1166.89	0.0100302	383.849	0	182.114	0	6273.9	0.175805	25150.8	0	376.899	0.00262467	1983.39	15.0387	181.099	33906	411824	1.86414	466.041	0.129742	20810.2	0.0374228	0.0107527	0.720655	20009.5	110.951	4.47092	45.1674	372.132	2.33741	11788.5	8.00612	3538.19	0.0621483	4.46349	0.644875	12973.5	0.284116	0.0682402	0	2.47062	0.870703	83.6042	1.57014	10.0239	1.12943	232.913	1.13755	613.937	10.3894	2757.3	24.0836	434.115	247.287	179219	1.73321	24181.2	0.355093	23843.3	1388.15	3.29242e+06	83.8737	20254.6	7.14681	87278.1	6.72114	3.30603e+06	58.3663	387166	1.20072	1.07506e+06	1212.68	1.16021e+06	24.9719	207.268	6.09214	31116.5	98.3743	430819	84.8162	182421	2.38503	41638.1	20.8304	2.36014e+06	
7.95968e+07	SFG_L_7_4	3.53062e+06	170567	3.78876e+06	17.6353	4.07072	7.90444	0	3171.16	6.376e+06	1.19346e+06	0	0.198378	0.0671794	1.69755	9.83818	0.431376	60.2335	0	4.72473	0	91.9857	74.477	73880.2	1.90283	3.64388e+06	2.95093	0.910596	0.0136842	138.843	0.209309	31.2131	19.1264	395.551	8.6506	18.0922	0	89.9356	0.140242	4864.3	8.78012	0.00922821	0	0	0.464841	0.0364456	0.0379406	0.974314	0.0128972	1.13086	0	3.0151	0	43762.4	9120.27	735014	69282.3	39208.2	3.15757	78758.6	4488.78	98206.6	1.93949	1.56671e+06	5017.68	1.6652	14.9103	3.12579	3025.16	297.004	0.312296	1677.08	0.191223	765.042	0.222998	385.734	0.192065	30.175	0.0170968	101.432	0.0136785	1597.55	0	56.2781	0.539554	10.9029	0	989.645	0.00999102	0.102444	0.0042735	0.724484	0	0.00505051	0.0876289	60.7134	0.0130213	1.33582	0	3141.07	0	0.00512821	0	4.52407	0.0045045	22.544	0.190132	0.483919	0.0037037	0.340186	0	0	0	0	0.00555556	0.00537634	0	0.189118	0	0	0	394.406	0	0.00757576	0.00406504	9.14384	0.920122	31.2595	0.0620049	0	0.201622	137.633	0.749228	1.17917	0.0944603	65.2849	0	35.1535	0.0674965	5.46152	0.0197247	231.737	0.0846471	2.12075	0.00406504	49.3627	0	6.70931	6.74507	5.45697	37.3478	4.42744	0.298461	18.4376	2.08453	15.9247	0	0.0750916	0	10.7843	0.0030581	584148	0.455434	173.383	0	46.4346	0.683095	666.922	0	8594.03	0.003663	5.42543	0	8713.21	0	1.54396	0.403333	0.00497512	200.444	0.00497512	0.00793651	62.4256	2.07709	0	0.565684	1.22685	16.5029	0.00497512	0.0281649	387.489	3.01245	2.00707	0.0047619	7.48851	0.0047619	6.58787	1.78553	0.0662752	0.0047619	14.5757	0	0.003663	0	34.5563	0.00260417	85.3984	33.6693	666.814	0.10544	4.21235	0.0504811	712.046	27.7254	230.471	0.0516766	314520	4211.19	31.9203	0.729659	1.58969	0.625604	2.15713e+06	23627	587.576	3.37946	519.685	0.243861	6625.85	82.7414	40530.2	3.97108	69.2393	0	1.20074e+07	950.922	44658.6	30.0579	351.774	0	323289	13.9076	101156	0.272735	41427	2.10701	2.67726e+06	49.1804	
3.653e+07	SFG_R_7_4	65621.4	5.6382e+06	5318.65	124409	39.652	31.732	3171.16	0	3501.53	10769.5	0.003663	0.605673	0	42.7796	0.00387597	41240.1	2.97073	27563.5	0.526624	0.0304233	0.527571	3267.48	56.8664	1.20379e+06	98.3497	1.02977e+06	0.0037037	0.292257	0	23593.1	5.86299	491.492	7.6603	128327	5.99847	1.28326	4.65863	28278.6	2.69987	383204	0	0	0	695.911	0	107.43	0.0037037	0.0339748	0	0	0.0145724	129.072	1.0944	3663.76	7.6753	2.00741e+06	61.1041	4.20966	198.971	293403	0.0152426	56.4957	2.25625	141125	0.916194	0.182048	314.002	79.4071	0.0153277	0.103081	0	31.6348	0	35.2069	0.00444444	10.1907	0	0	0	6.81128	0.017205	0.0752528	0	0.747037	0	23.8832	0.0391409	1.32717	0	0	0.00282486	0	0	0.0349157	0	0.40255	0	0.848326	0	0	0	0	0	0.0213577	0.759037	5.57229	0.00362319	0.0691388	0	0	0	0	0	0	0	0	0	0	0	0	0.0175469	0.230479	0	0.687101	1.80348	4.47151	2.14297	106.658	0	0	5.21719	75.4998	0.0141192	0.00546448	0.222529	5.1038	0	40.9151	0	6.67506	0.00512821	68.0738	0	0.604339	0	1.02316	0.645976	1.00025	16.9246	0.438558	1.07219	0.0651654	3.14289	0.00952381	0.00347222	0.367677	0	0.0558417	0.00347222	0.0230159	8.48119	4.55331	0	77.4446	0	2037.92	0	28.3427	0.00343643	333.792	0	1396.1	0.00406504	41.1251	0.00546448	0	0	0	0	0	0.462045	0	0.00900901	0	0.0322455	0.00833333	0	0	6.47805	34.8442	0.0179824	0	0.00401606	0.00350877	0.0180803	69.4861	0	0	0.0332552	0	0	0.046763	0.0155565	0.0137722	0.926241	7.68043	0.0879536	0.253212	0.0147695	199.657	0	8.33464	0.0153277	0.202219	11.2548	1.63948e+06	0.297951	0.156504	0.0195545	0.216476	573.191	5.4187e+06	0.232105	1.24691	0.110228	0.438993	69.7139	4089.63	1.41294	20798.8	0.0030581	1.03011	1235.46	4755.84	7.11542	73.8043	0	0.00330033	7.09612	158.185	0.180374	0.0913255	0	1.02447	0.106357	2266.56	
1.88034e+07	SFG_L_7_5	94915.3	37852.1	44.4959	28.5453	6560.12	5.28596	6.376e+06	3501.53	0	715498	320.853	0.393291	0.0022831	0.201014	0.00416667	0.8909	0	0.00694444	0.00416667	0	0	75.2523	0	2.83374	123.132	0.775727	0.0898469	0	0.00980392	0.0238781	0.00323625	17.9025	0	15.3816	0.0296097	0.017019	0	0.350324	0.040553	0.504628	0.0022831	0	0	0.461438	0.00396825	0.0379406	0.0982726	0.00311526	0.0427634	0	0.00854701	0.0180213	6087.88	9916.5	5906.62	316526	11.3623	261.215	15299.1	102909	23.7463	0.00653595	28264.6	4293.75	511.662	57.0675	347548	31267.8	11.8807	0.0113471	0	0.00883622	0	0.00215054	0	0.00883622	0.0191856	0.00374532	0	0	0	0	1.20567	0.0113471	0	0	0	0	0.00193798	0	0	0	0	0.00223714	0	0	0	0	0	0	0	0	0.00844218	0	4.2533	0.0169312	0.00392157	0.0037037	0.133156	0.00505051	0	0.0205177	0	0.00555556	0.00537634	0.0205177	0.00520833	0	0	0.0241199	0	0	0	0	2.4223	0.888627	0.140518	0.588661	0	0.147614	3.26634	0.683182	0	0.151035	0.00456621	0	0	0.0344934	0	0	0	0.0517554	0	0	0	0	46.5039	5.67363	763.469	49.0282	67.3086	5.14432	542.634	96.3778	0.0123457	0	0	0	0	0	1.03542	0.27291	0	0	0.147855	0.45866	0.211485	0	0.290482	0.237118	0	0.00374532	0.222067	0	26.9522	0.517757	0.035868	24.7286	0.330342	0	682.339	5.28901	23656.5	393.522	6804.71	11116.5	0	0	19.129	0.573912	0.0372253	0.0406197	0.14608	0.0406197	0.609973	0.221242	0	0.328898	0	0	0	0	0.0593125	0.0180213	7.64491	9.09427	0.0403653	1.94638	0	0.551416	522.11	41.9636	10.6294	0.00343643	109062	1209	13.2515	0.145635	0.161029	0.0183509	193851	13316.6	13.5461	0.116296	1.67151	0.0191936	9.37206	0.893868	13.249	3.23535	1.14728	0	743494	365.35	2848.84	6.19403	14.9977	0	7313.97	0.28299	1930.82	0.00641026	546.41	0.00505051	178907	1.38347	
2.48587e+07	SFG_R_7_5	162794	4.7742e+06	4321.38	0.930922	94.1717	2.44264	1.19346e+06	10769.5	715498	0	0	6.32337	0.0037037	11.8405	0.0786337	0.0384824	0.109135	8420.17	1.98024	0	0.00396825	0.356034	2.2875	4.00365	6138.13	8871.1	0.0460423	0.918083	0	966.55	0.375971	0.12702	1.93709	91.2684	0.75065	0	1.02636	795.873	2.20208	10615.4	0	0	0	1.29312	0	0.104713	0.00374532	0.33008	0.00406504	0	0.00469484	0.167986	250.13	2511.06	235.986	913540	115.579	0.0277319	3207.33	118237	42.1594	2412.66	3195.44	290257	2.83876	2893.33	3202.44	443169	0.0166901	2.60368	0	0.872198	0	20.5195	0	3.03524	0.00401606	0.65589	0	1.80355	0	0	0.00401606	19.061	0	0.215321	0	0.157467	0	0	0	0	0	0.307495	0	0.111745	0	0.0045045	0	0	0	0	0.0127415	0.13276	0.235716	1.68485	0.0035461	0.0139651	0	0	0	0	0	0	0	0	0	0	0	0	0	0	0	0	39.5976	10.7414	4.82473	0.477607	0	0	24.3882	11.9304	0.0045045	0	0.274362	0.0384898	0	0	0	0.0697926	0	0.0618986	0	0	0	0.00793651	19.8276	94.2339	36.7545	12432.8	3.44445	0.410013	0.70973	1611.7	0	0.0356125	0	0	0	0	87.1799	3.31232	0	0.00287356	0	2.28605	0.0203574	0	0.631768	0.0182648	0	0.0857143	0.0213577	0	0.0245412	0.0651389	5.31813	91.4661	0	0	2.79432	1.35762	1065.58	8451.69	0.199426	81340.1	0.00406504	0	4.23062	6.7229	0.0954587	0.0116995	0.0954587	0.0718289	0.0691173	9.00557	0.0601068	0.111392	0.0131054	0.0170424	0	0.00497512	0	0.0455584	1.25753	27.3807	0.41338	0.267792	0.12468	0.652161	0.0390004	1.60934	0.00401606	5.71099	13.3981	459129	0.10332	200.671	0	20.3118	711.865	2.46596e+06	0.728212	87.1546	0.194991	26.0361	1.83872	4197.06	20.8748	49.5105	0.00241546	0.148895	284.848	619208	18.6387	35150.7	0.004329	0.546433	27.9582	6136.23	2.10986	68.8063	0	770.549	0.156242	51471.5	
9.37472e+06	SFG_L_7_6	4224.07	13770	56.8052	100970	3.6289e+06	167263	0	0.003663	320.853	0	0	36776.1	254716	621.28	4.23056	50032	0	0.255715	29.7736	0.140989	0.134669	7.07208	0.0495805	5165.1	0	0	4.6921	0.304236	0	0	0	0.0646258	0.246205	34.5466	4.98262	4.20525	0	6.34713	0.0437276	0.901928	28.5144	0.0329268	0	52.8425	0	0.0621473	1.19939	1.9561	141.76	0	0.290697	72.6164	0	0	0	0.003663	24.9866	0	5.32206	0	0	0.873495	0	0	1694.37	0.00793651	83.4988	0.00564972	0.646957	0.0378313	0	0.0169455	0	0.0169455	0	0.0045045	0.159747	0.00350877	0	0.00396825	0	0	0.102156	0.00555556	0	0.0035461	0	0	0	0	0	0	0	0	0	0	0	0	0	0	0	0	0.00392157	0.131969	0	0	0	0	0	0.0387964	0	0.0387964	0	0.00401606	0	0.0397353	0.00854701	0.0931555	0	0.0408267	0	0	0	0	0.0579212	0	0.0743566	0.524264	0	0	40	0.00438596	0.00469484	0	0.0759222	0	0	0	0	0.0200603	0	0	0	0	0	0.0450159	2715.31	3.54545	2443.09	0	147.832	0.0272222	12750.7	8.03978	0	0	0	0	0	0	0.18859	0	0	0.0169455	0.00775194	0.0171645	0	0	0.268602	0.832421	0	0.0045045	0.00469484	0	1411.7	0.121418	2845.85	7367.33	352521	1.98026	154.289	5.22602	28208.5	0.241018	5329.62	0.916884	6057.45	0	0	0	0.0173629	0.0825465	0.0042735	0.0156207	0	0	0	0.175552	0	0	0	0.00333333	0.0042735	0	0	0	0.00392157	0.0915926	0	0.296058	0.00469484	0	0.0508471	0.0545674	3.44076	0.848937	9.14863	1.68034	8.7805	0.103778	125.761	12.82	55.8123	0.20834	0.0169756	0.374774	0.443859	0.335356	0.299529	2.93308	0.317339	0.216606	70.127	0.406686	0.11634	0	0.089793	0.0210084	5.11029	0.0994184	0.856784	0.216743	0.616577	0.0234094	22.0025	0.536884	
4.66683e+07	SFG_R_7_6	938.708	1.13344e+06	14827.1	1.41606	679874	1.8935e+07	0.198378	0.605673	0.393291	6.32337	36776.1	0	9541.91	1.69366e+06	6410.26	261.865	0	0.192593	37178.2	3330.76	8651.33	42508.8	100.451	9354.63	0	0	3079.75	5.30543	0	21.2816	0	17844.5	0	15486.8	662.667	103.937	0	110.461	0	196.037	0.525225	0.290909	0	51.3507	0	0.00490196	0.0957015	0.202585	0.903798	0.208535	654.272	297.821	0	0.020202	0	0.0245935	4.95452	0	26.7833	1.75937	0	0.390015	0	0.00854701	0.0507018	4.60318	0.00438596	15.5369	0.0441441	6.83198	0	0.00617284	0	0	0	0	0	0.0208384	0	0	0	0.0042735	0.00374532	7.15474	0	3.07237	0	0.0192997	0	0.00347222	0	0	0	0.788475	0	0	0	0.172668	0	0	0	0	0.0128217	1.32364	0.357846	0	0	0	0.00416667	0.485969	0	1.11637	0	0	0	2.36431	0	0.117656	0	0.13106	0	0.0882097	0	0.0870791	2.20294	0.350152	0.370183	0.226544	0	0	14.7871	1.04073	0.00374532	0	0.0313597	0.877861	0	0.768328	0	2.9044	0	4.5635	0	0.143134	0	7.9425	2.41312	305.97	0.0843371	31.5935	0.134037	18.9249	59.7784	18481.8	0	0.00529101	0	0.00529101	0	0	7.15483	0.0187222	0.00392157	0.0197144	0	0	0	0.0758517	0.0214486	0.360576	0	0.00483092	0	0.0766859	21.8356	71.4696	1971.08	14955.2	736.636	40595.1	0	786.77	0.0185185	0	0.059933	1378.31	13.423	4800.82	2.63241	0.0688766	0.0953018	0.464338	0.241636	0.145366	0	0.0037037	0.0149204	0.274174	0.00347222	0	0	0.0155018	0.00347222	0.0167775	0.0371109	0.336824	0.0302312	0.0696951	0.347864	0.391805	0	89.1656	0.0332598	8.99267	2.3527	6583.45	0.0196328	604.24	0.0249243	21.6767	30.6412	176712	1.32653	112.846	0.0221496	270.724	0	173627	0.380654	64.5781	0.0469102	28431.1	54.3848	54568.9	1.12447	7.23513	0.00421941	534.79	3.68398	23720.2	2.99952	5211.4	0	456.628	0.25077	128268	
1.16399e+08	SFG_L_7_7	109.072	167.186	0.132672	0.70118	2.23445e+07	428442	0.0671794	0	0.0022831	0.0037037	254716	9541.91	0	8.35576e+06	2.51091	0.193425	0	0	967011	4393.94	17600.4	6.34499	0.655458	0.00617284	0	0	1.65164e+07	467144	0	0	0	0.00617284	0.663115	0.0901686	407849	10400.4	3.73426	72.9252	0	0	776544	5313.65	24023.2	116677	2.30532	122.582	4683.88	265963	57.8148	6.18143	452109	96703.6	0	0	0	0	0.308891	0	0.00546448	0.017205	0	0	0	0	180.012	0.00350877	0	0.0551671	35.578	92.8692	0	0.813691	0.121868	1.82868	0	0.811864	66.0314	0.397675	2.22769	1.02379	0.0120686	0	38.5644	80.6915	0.00401606	0	0	0.0780815	3.63204	0.0021097	0.581152	0.0021097	0.841446	0.0025641	0.258048	0	0.265554	0.0021097	0.0351129	0	0.0517148	0	64.2811	0.0216741	0.0136344	0	4.87269	0.00194932	0.0373365	0.0229595	0.0656551	0.0970562	0	0	0.0156884	0.219378	0.0102538	0.0652568	0	0.0246552	0	0	0	0	12.3029	0.0135787	7.27614	0	0	0	0.635356	0.00358423	25.3045	0	121.035	0	0.0045045	0	0	0	0	0	0.0422701	0	0.00584795	0	5739.77	1.56466	3614.68	0.103632	676.243	1.3813	34528	169.463	0.00512821	0	0.00584795	0	0	0	1.82741	0	0	0.0511869	5.16719	0.0954684	5.32535	0	3293.62	0.0484122	0	0	6.24096	0	6314.15	1.76579	129157	398776	5.13959e+06	31.629	486.056	135.916	193303	1.93886	443629	81.7674	86497.8	9103.93	131.35	0.0789269	182.895	52.6952	1847.58	2.54641	0.0715979	1.00096	2.37793	68.5209	137.791	0	0	0	5683.28	0.229234	63.4519	0	211.215	0.879974	6.47536	0.331054	0.0016835	0.0129505	4.19558	9.57224	8.91863	3.66939	53.3154	30.4603	3696.09	53.8185	1.01345	0.525843	16260	1235.15	151972	104.332	2613.41	0.324891	29014.4	156.355	1562.05	0.691055	164.549	0.1444	32.1527	0.0572186	622.426	0.0633187	7.34334	0.535215	10.9725	5.10881	208.961	0.0930644	1012.5	0.059235	
1.83263e+08	SFG_R_7_7	33.4984	846.938	5.02731	15.5163	375018	8.65275e+06	1.69755	42.7796	0.201014	11.8405	621.28	1.69366e+06	8.35576e+06	0	0.939605	2.61672	0	0	22708.3	1.25164e+06	2113.71	26888.9	0.047083	13.0007	0.003367	1.25265	4.92085e+06	1.32016e+07	0	0.209471	0.0966909	6.03479	0.0101805	3.19035	21102.9	117158	0.00258398	11625.4	0	0.31984	494947	458593	44.2367	2.21169e+06	445.298	2884.22	98245.7	3.04542e+06	270.316	1500.79	15016.6	975275	0.00387597	0.00564972	0.00387597	13.334	5.42686	19.9657	3.29658	514.723	0	65.8739	0.0144859	0.120015	3.75396	18.0152	0.642523	74.9443	69.0584	3051.89	0	776.533	0.110487	72.1202	0	248.667	3.78503	2648.78	0.0130732	7.96877	0	3.72182	7.13476	859.768	0	707.061	0	108.088	0.196657	0.566164	0	0.016002	3.42518	25.7269	0	13.4122	0.00320513	71.5616	0	0.664148	0	0.0749518	20.9515	743.794	0.0368573	57.9928	0.0453316	0.493058	72.8682	339.652	40.1455	332.478	0.336686	12.5736	1.96951	214.622	11.817	608.488	0.855786	268.528	0	32.2284	0	0.45334	139.072	965.026	279.049	2868.27	0	0.811302	40.3537	12784.7	12.7194	2.72147	4.04202	11.4911	0.05586	20.6699	0	7.6546	0	132.164	0.129087	0.0192654	0	1814.27	323.352	4464.06	0.0590006	58.6537	443.637	5074.75	128.237	24978.8	0	0.132962	0	4.323	0	0.256071	3.63022	1839.36	0.0283138	25799.7	0.297085	5059.31	0.0230778	1727.46	0.92122	54275.3	0	1085.41	0.0485571	1748.58	19.9864	718.692	48633.6	1.77954e+06	373.867	8351.44	24.4227	30574.9	0	0.0910816	0.103447	29250.5	4442.05	1.11552e+06	45.2703	88459.8	11940.8	640785	29855.8	370646	10.3793	7597.41	22505.8	1.17296e+06	0.910823	236.346	0	6.44645	6404.63	63753.4	0.105906	30.6067	10768.3	68705.2	26.4312	4290.4	444.528	13.7883	193.662	78109.9	1551.99	3190.2	39734.8	186488	277.519	647718	13.3555	138189	1711.84	3.29071e+06	399.731	1.97094e+07	10.3007	158940	825.6	1.47807e+07	0.373545	345994	0.643168	52716.5	120.746	1533.38	49.4737	54314	562.592	41392	678.906	265994	8221.18	120984	9.26039	66502	
2.51628e+07	MFG_L_7_1	9.23811	1341.33	48374.5	3.18102	2.53206e+06	34276.3	9.83818	0.00387597	0.00416667	0.0786337	4.23056	6410.26	2.51091	0.939605	0	3.18877	27.7265	0	4.19084e+06	15.8947	1.58414e+06	97.8965	4.10659e+06	12.3169	186.371	0	8997.84	0	6.02883	0	3277.87	13.7345	839.869	12.4006	38994.1	0.245816	33.9753	0	125.671	0	0.00813008	0	0	0.180498	0.0157895	0.0030581	0.161062	0	0.0797525	0	866.595	0.068895	5.27676	0	2.82541	0	2.84436	0	0.579242	0.0120083	39.1158	0	382.446	0	0.0253013	0.00512821	0.00680272	0.00617284	2.67115	0	0.25094	3.625	14.7954	3.12767	0	2.58651	0.0210101	0	0.0236007	0.0540807	0.406766	0	0.0150051	0.002849	0.0801932	0	0.00628931	0.0123204	0.00383142	0	0	0	0	0	0.314533	0	0.0210614	0	5.05023	0	0	0	0.214037	0	0	0	0.00584795	0	0.544258	0	0.461447	0	0	0	0	0	0.37007	0	0	0	0.00483092	0.0133453	0	0	2.64662	0	11.8157	0	0	0	17.8401	0	0.0047619	0	24.7031	0	2.42809	0	0	0	1.90375	0	0.148057	0	0.853202	0.0142803	0.726674	0.00340136	0	0.0188129	0.670789	0.00268817	0.0824328	0.0196121	0	0	0.748971	0	0	0	16.148	0	8.55752	0.0891639	0.36426	0.0030581	673.337	0	1059.08	0.401495	17.1102	0.00490196	1906.67	0	0	0	0	180.948	0	0.682692	0	0	0	0	0.00574713	0.0226021	0	0	1.35936	0	2.47701	0	11.164	0	0	0.0146807	0.00406504	0	2.39979	0	0	0	1.78456	0	0	0.0117256	41.2139	0.00268817	1.64144	0.00268817	0.556589	0.0134007	2.86554	0	17.8925	1.08046	48.5736	0	0.152487	0.0280645	1051.56	5.62673	42.4699	4.27007	23.3933	0.0109786	1999.91	0.438503	327.907	76.8666	508.3	0	3501.32	0.0524827	7.798	0.0502762	336.26	0	2686.55	0.00282486	1988.81	0	2690.37	0	4059.68	0.0132255	
3.82586e+07	MFG_R_7_1	8429	6172.44	24775.8	9.53257e+06	271655	1.17126e+06	0.431376	41240.1	0.8909	0.0384824	50032	261.865	0.193425	2.61672	3.18877	0	0	0.463244	0.0617178	654674	0.0272563	906879	26.5572	6.07548e+06	0	172694	0.0176554	9.81561	0	10.8924	0.00641026	9166.72	0.00641026	91654.8	0.0470822	5.25127	0	203.781	0	138.731	0.00188324	0	0	11.726	0	0.366923	0	0	0	0	0	37.3181	0	4.00975	0	27.3939	7.92772	2.72972	2.77257	51.4348	0	8.45034	0	2.26995	1.10486	0.370763	0.044249	2.06702	0.0647192	0.227929	0	0.208653	0	0.0509192	0	0.0840472	0.0364912	0.0203574	0	0.0206731	0	0.176572	0.0364912	3.42666	0	41.422	0	0.496585	0	0.00343643	0	0	0	0.0760123	0	0.0729301	0	3.21031	0	0.0181414	0	0	0.00188324	0.149188	0.121083	0.0136069	0	0.0157155	0	0	0	0	0	0	0	0	0	0	0	0	0	1.65026	0	1.73809	4.41933	0.150328	0.380893	43.0618	0	0.026426	13.4127	3.82783	0.00374532	0	0.0608038	4.08993	0	5.40778	0	11.0297	0	132.293	0	1.0552	0	82.2032	0.123739	6.81576	0.0711481	1.52562	0.014652	0.235871	0.0188203	0.315541	0	3.86516	0	0.104374	0	0.267688	4.86988	0.132439	0	0.744813	0.00188324	1.67689	0.0035461	1.13216	0.0128393	61.7693	0	0.158079	0.0128393	1.57863	0	0	0	0	0.003663	0	0	0	0.003663	0	0.003663	0.00456621	0	0	0.652835	0.0660154	0.00396825	0.0047619	0.00396825	0.0371587	0	0.003367	0	0	0.00358423	0	0	0.0176794	0.00358423	0.00456621	0.0395051	1.6516	0.0142607	6.25457	0.00406504	43.1888	0	57.9241	0.0276979	0.390853	1.10792	1517.68	0	48.3572	0	0.820839	6.38415	46108.5	0.0561879	3.34549	0.00188324	1.27597	1.06236	13798.2	0.087228	255.9	0	144.546	5.49027	25033.2	0.0530329	80.1278	0.00595238	7.1414	0.0550729	1733.55	0.0750042	186.422	0	252.386	0	22020.3	
1.10583e+07	MFG_L_7_2	0.373708	106.696	7.32187	0	0.00641026	0	60.2335	2.97073	0	0.109135	0	0	0	0	27.7265	0	0	0	144.411	0	125933	0	1.87433e+06	0	1.38933e+06	0	0.351182	0	98824.2	0	240146	0	54182.4	0	3076.12	0	0.409433	0	15118.8	0	0	0	0	0.00205761	0	0	0.504788	0	0	0	21.8278	0	720.968	0	63.8168	0.0627583	22.7154	0.002331	0.303355	0.0778857	27399.4	0	1.65412e+06	0	0.00438596	0	0	0.0205177	26.3061	0.0164634	0.505071	0	15.212	0	0.232236	0	85.7508	0	20.7197	0	725.517	0	216.521	0.0164634	500.15	0	73.911	0	16.2506	0	52.8323	0	0.313882	0.0045045	80.2794	0.0045045	694.138	0	2787.6	0	1.72128	0	4.15507	0	0	0	26.8222	0	0	0	0	0	0	0	0	0	0.004329	0	0	0	2.14148	0	0.0609259	0	0.0208333	0	134.998	0	0.733034	0	299.204	0	0.421453	0	53.2324	0	3385.23	0	0.655042	0	7308.21	0	165.552	0	0.030303	0	0.00564972	0	0	0	0	0	0	0	32.0482	0	0	0	11.5822	0	1517.24	0	0.086894	0	10.4869	0	54.2304	0	936.552	0	1.16623	0	324.215	0	0	0	0	0	0	0	0	0	0	0.00833333	0	0	0	0	0.15814	0.00483092	0.004329	0	0.284073	0	0	0.0200785	0	0	6.99261	0	0	0	1.37313	0	0.0437158	0.134655	68.5502	0	1.4739	0	0.0159044	0	1.65163	0.002331	59.7806	0.668919	0.356353	0.0129953	0	0.002331	18810.6	0.776599	109.193	0.0266794	45.1949	0.00205761	0.274595	24.6085	2272.25	0.00877723	0.475229	0	4327.05	0.0843751	0.880599	0.00877723	0.0834584	0	24.8291	0.147022	13.8625	0.0164634	1.70738	0.0127921	159.76	0.210703	
1.58967e+07	MFG_R_7_2	80.1681	31750.5	181.669	479.748	467.079	99.1945	0	27563.5	0.00694444	8420.17	0.255715	0.192593	0	0	0	0.463244	0	0	0	0	0	1217.48	0	2.17343e+06	0	1.53698e+06	0	0	0	209872	0	115.064	0	2095.78	0	0.0329268	0	61.5582	0	25453.5	0	0	0	1.69352	0	0.254392	0	0	0	0	0	0.169715	0	50462.7	0	105771	0	945.732	0	801.74	0	10.2912	0	3.60341e+06	0	0	0.0299663	0	0	0.00326797	0	0.020683	0	0.0548341	0	0	0	0	0	0.020683	0	0	0	0.00326797	0	1430.05	0	0	0	0	0	0.00505051	0	0.00462963	0	0	0	293.385	0	0	0	0	0	0.00462963	0.0047619	0	0	0	0	0	0	0	0	0	0	0	0	0	0	0	0	0	0	0.766363	0	8.60966	0	0.10991	0	33274.6	0.00383142	543.049	0	238.539	0	7633.44	0	101936	0	4589.5	0	6786.62	0	357.049	0	0.126663	0	0.00387597	0	0	0	0	0	0	0	2033.13	0	0.064412	0	909.536	0	7046.13	0	0.026455	0	0.739699	0	0.00574713	0	0.248983	0	0.258881	0	0.00574713	0	0	0	0	0	0	0	0	0	0	0	0.00694444	0	0	0.118139	0	0	0	0	0	0	0	0	0	0	0	0	0.0494041	0	0	0.0179626	0.00340136	0.00374532	0.0389532	0	116.327	0	0.0249371	0	0	0	113.257	0	0	0	0	0.00641026	1353.17	0	0	0	0	0.106332	1.68872	0	9.10183	0	0	0.00383142	10.0319	0	0	0	0	0	0	0	0	0	0	0	2.21114	
4.65137e+07	MFG_L_7_3	18.0768	2912.76	14.3834	0.00653595	3.61468e+06	389017	4.72473	0.526624	0.00416667	1.98024	29.7736	37178.2	967011	22708.3	4.19084e+06	0.0617178	144.411	0	0	1071.56	5.51949e+06	1027.67	86347	11.8346	272.009	0	8.05979e+06	1.022	8.895	0	434.888	229.606	28.9829	102.916	273679	19.2094	5.76496	0.630281	37.7981	0	4.40614	0	54.0796	20.9573	0.00350877	0	19.1285	0	0.0183198	0	67905.6	38.1815	8.05127	0	1.33212	0.00333333	1.26007	0	0.0491627	0	15.9051	0	2836.99	0	0	0.0790688	0	0	4.64041	0	0.00617284	1.2869	2.14436	1.37537	0	0.711028	4.18599	0	0.014186	0.0497395	2.38601	0.00294985	1.7036	0.0030303	2.024	0	0.00392157	0.0273302	0.252132	0	0.752294	0	0.00396825	0	0.198638	0	3.00514	0	34.4034	0	0.00456621	0	0.916589	0	0.12087	0.0142607	0.539649	0.00358423	0.210956	0	0.111794	0	0	0	0	0	0.0729475	0	0	0	0	0.0293638	0	0	1.26456	0	5.81397	0	0.04307	0	10.3125	0.003663	0.115451	0	7.31264	0	17.4187	0	0.0804058	0	15.964	0	0.249771	0	8.07044	0.00343643	2.92025	0.00340136	0.0523253	0.0417722	1.12226	0	2.28821	0.0743878	0.352985	0	14.8943	0	0.080625	0	9.62797	0	5.59142	0.21233	0.0297619	0	2688.43	0	1960.05	0.332625	110.752	0.0171299	2024.05	0.003663	1.94369	0	41.5088	728.005	11.4735	0.0786967	1.6506	0.0045045	2.3527	0	7.94322	0.0418837	1.22751	4.2712	1.30915	0.0328852	2.51951	0.202876	7.06892	0.0126944	0.0811759	0.102793	0.194652	0.156868	1.00816	0	0	0	3.35146	0	0	0	109.772	0	1.02316	0	0.00483092	0.0134007	0.542993	0.0116628	11.7471	6.67651	30.491	0.0146112	0.0445175	0.429454	1262.91	12.449	31.5895	2.19147	103.416	1.30142	1026.59	1.08562	1720.89	60.6428	141.434	0.393129	2154.61	0.061285	2.45375	0	183.699	0.0037037	967.059	0.0164634	824.925	0.107301	1143.74	0.00421941	1262.43	0.181431	
5.43378e+07	MFG_R_7_3	0	9.61738	0.00628931	17542.3	977.276	8.29e+06	0	0.0304233	0	0	0.140989	3330.76	4393.94	1.25164e+06	15.8947	654674	0	0	1071.56	0	736.591	1.01826e+07	0	69056.2	0	0	2031.33	6.13835e+06	0	0	0	5.41057	0.00666667	64.86	99.7488	2548.64	0	33.6941	0	0.0342782	12.0982	0	8.02877	197012	0	0	0.612522	296.449	0	0	87.8002	83891	0	0	0	0	0.00421941	0.0218579	0.0918006	0.196479	0	0.107222	0	0	0.26883	0.00520833	0.00406504	0.00584795	0.00289855	43.4749	0	0.457205	0	0.164383	0	0.0757654	0	0.833866	0	0.0161843	0	0.00392157	0	34.2225	0	0.22344	0	0.0343891	0	0.0129402	0	0	0	6.90185	0	0.102872	0	0.040585	0	0	0	0.00292398	0	30.2051	0.004329	0	0	0	0	0.0387009	0	0	0	0	0	0	0	2.64727	0	0	0	0.00529101	0	0	3.53323	0.0047619	0.137438	2.03604	0	0	26.6904	0.791068	0	0	0.00347222	0.00383142	0	0.0441989	0	0	0	0.00505051	0	0.00462963	0	0.577801	0.0600274	2.70253	0.153871	0.263558	0.0322469	0.687044	0	0.136641	0	0	0	0	0	0	5.73984	1.55579	0	1.66648	0	0.624339	0	1.00061	0	6.78078	0	0.225817	0	0.286889	0	0	0.0333542	0.479972	0	0	0	0	0	0	0	0.00555556	0	0	0.0285155	11.9685	0.0831119	44.2884	0.0520897	33.212	0	0.0750169	0.0294817	47.2162	0.00396825	0	0	0.0730662	0.0132275	7.89491	0	0.0031746	0.0121222	7.0389	0	1.94173	0.0257261	30.0373	0.0318376	134.395	0.0335862	2319.83	0.0503371	6288.67	0.00262467	9949.81	0.063245	2745.33	0.119649	704.261	0.0434151	4046.39	0.156939	102997	0.0492239	1054.46	0.016616	50344.1	0.129398	3753.65	0.0869279	0.340136	0.210153	2733.79	0.276742	10053.2	0.0153338	32792.8	0.0109473	26261.3	0.0527018	11886.3	
