data	data	4.83039e+07	8.19378e+07	7.95098e+07	1.02262e+07	1.72857e+08	2.49706e+08	7.10917e+07	6.88305e+07	1.32295e+07	2.23701e+07	2.04731e+07	1.82408e+07	1.1219e+08	2.13462e+08	2.87158e+07	1.58768e+07	2.71061e+07	1.26933e+07	3.72147e+07	3.79858e+07	2.26102e+07	4.82562e+07	2.65725e+07	2.99368e+07	3.76045e+07	1.2744e+07	2.49086e+08	2.76406e+08	1.4247e+07	2.1429e+06	1.35143e+07	2.63163e+07	1.54163e+07	1.60385e+07	2.77957e+07	3.24674e+06	6.34519e+06	1.09618e+07	3.43493e+07	4.87329e+06	7.03083e+06	4.77175e+06	4.03611e+07	3.21501e+07	4.98403e+07	1.21405e+08	4.8056e+07	2.97397e+08	2.69387e+07	2.27511e+06	1.06272e+08	7.01059e+06	2.89861e+07	2.91662e+07	4.05515e+07	1.84284e+07	9.98343e+07	1.88606e+07	3.88679e+07	1.11796e+08	8.23202e+06	1.15136e+07	1.50302e+07	1.20101e+07	1.01647e+06	3.51141e+07	688699	7.82777e+06	1.34169e+08	8.44085e+07	5.4003e+07	6.82897e+07	3.97232e+07	1.55759e+07	1.92653e+07	6.48569e+07	1.07874e+08	6.15959e+07	5.27573e+07	2.10209e+07	2.64628e+07	2.80239e+07	7.59326e+07	1.26887e+08	3.45944e+07	6.19175e+07	1.36808e+07	4.34619e+07	8.35149e+07	9.38964e+07	1.1379e+08	4.19825e+07	9.77381e+07	9.61756e+07	4.00157e+07	3.92163e+07	2.75412e+07	4.61716e+07	9.43456e+07	1.94038e+07	7.0001e+07	3.2093e+07	3.0786e+08	2.7011e+08	1.77774e+08	1.78968e+08	1.59002e+08	9.59249e+07	2.27473e+07	2.6665e+06	1.83042e+06	1.35794e+07	6.32239e+06	7.94348e+07	3.19803e+06	1.41238e+07	1.49934e+07	3.30873e+06	8.19598e+06	1.70233e+07	8.11101e+06	1.18507e+07	3.06157e+07	1.58483e+07	3.19558e+07	4.7539e+07	5.5697e+07	3.39569e+07	2.65588e+07	3.61672e+07	3.81183e+07	3.10692e+07	1.0215e+08	1.02101e+08	2.52702e+07	8.12431e+07	1.29318e+08	2.50545e+08	1.62295e+07	9.00758e+07	6.05744e+07	7.94851e+07	5.31225e+07	5.63062e+07	2.47902e+07	5.36158e+07	1.15024e+07	2.69091e+07	1.06613e+06	5.69537e+07	1.75748e+07	1.78375e+08	1.80458e+06	6.45896e+06	4.64692e+07	4.60181e+07	7.8001e+06	5.48167e+06	4.34913e+07	2.56833e+07	5.24267e+07	1.98734e+07	9.43324e+06	1.49849e+07	2.754e+07	1.03478e+07	6.09087e+07	8.82932e+06	1.10509e+08	5.1156e+07	1.5684e+07	3.88273e+06	8.45999e+07	1.12869e+07	664267	8.70531e+06	3.05047e+06	1.67622e+07	7.01791e+06	939305	1.01184e+07	3.5155e+07	4.55377e+06	837868	2.96868e+06	941309	6.27451e+06	2.45165e+06	1.00944e+08	1.70607e+08	4.59573e+08	1.71774e+08	3.685e+08	2.29395e+08	4.97687e+07	8.80909e+07	5.89173e+08	1.70528e+08	4.5169e+07	4.47326e+07	5.03546e+07	4.05473e+07	1.41544e+08	7.77751e+07	1.44372e+08	1.71863e+08	1.00523e+08	1.69833e+08	2.55107e+07	1.8154e+08	1.13819e+07	2.53817e+07	7.15941e+07	2.29375e+08	4.34041e+08	3.71937e+08	4.23956e+08	3.37034e+08	9.89076e+07	1.5708e+08	1.53539e+08	3.45204e+08	1.8568e+08	3.90546e+08	2.17346e+08	1.87689e+08	1.23714e+08	1.40312e+08	1.23401e+08	2.40855e+08	1.79e+08	1.01555e+08	1.9007e+08	6.24596e+07	5.6078e+07	2.67119e+07	2.65739e+08	9.08256e+07	1.45479e+08	6.51377e+07	1.5958e+08	1.2993e+08	1.25043e+08	1.71202e+08	1.76058e+08	7.93549e+07	
data	data	SFG_L_7_1	SFG_R_7_1	SFG_L_7_2	SFG_R_7_2	SFG_L_7_3	SFG_R_7_3	SFG_L_7_4	SFG_R_7_4	SFG_L_7_5	SFG_R_7_5	SFG_L_7_6	SFG_R_7_6	SFG_L_7_7	SFG_R_7_7	MFG_L_7_1	MFG_R_7_1	MFG_L_7_2	MFG_R_7_2	MFG_L_7_3	MFG_R_7_3	MFG_L_7_4	MFG_R_7_4	MFG_L_7_5	MFG_R_7_5	MFG_L_7_6	MFG_R_7_6	MFG_L_7_7	MFG_R_7_7	IFG_L_6_1	IFG_R_6_1	IFG_L_6_2	IFG_R_6_2	IFG_L_6_3	IFG_R_6_3	IFG_L_6_4	IFG_R_6_4	IFG_L_6_5	IFG_R_6_5	IFG_L_6_6	IFG_R_6_6	OrG_L_6_1	OrG_R_6_1	OrG_L_6_2	OrG_R_6_2	OrG_L_6_3	OrG_R_6_3	OrG_L_6_4	OrG_R_6_4	OrG_L_6_5	OrG_R_6_5	OrG_R_6_6	OrG_R_6_6	PrG_L_6_1	PrG_R_6_1	PrG_L_6_2	PrG_R_6_2	PrG_L_6_3	PrG_R_6_3	PrG_L_6_4	PrG_R_6_4	PrG_L_6_5	PrG_R_6_5	PrG_L_6_6	PrG_R_6_6	PCL_L_2_1	PCL_R_2_1	PCL_L_2_2	PCL_R_2_2	STG_L_6_1	STG_R_6_1	STG_L_6_2	STG_R_6_2	STG_L_6_3	STG_R_6_3	STG_L_6_4	STG_R_6_4	STG_L_6_5	STG_R_6_5	STG_L_6_6	STG_R_6_6	MTG_L_4_1	MTG_R_4_1	MTG_L_4_2	MTG_R_4_2	MTG_L_4_3	MTG_R_4_3	MTG_L_4_4	MTG_R_4_4	ITG_L_7_1	ITG_R_7_1	ITG_L_7_2	ITG_R_7_2	ITG_L_7_3	ITG_R_7_3	ITG_L_7_4	ITG_R_7_4	ITG_L_7_5	ITG_R_7_5	ITG_L_7_6	ITG_R_7_6	ITG_L_7_7	ITG_R_7_7	FuG_L_3_1	FuG_R_3_1	FuG_L_3_2	FuG_R_3_2	FuG_L_3_3	FuG_R_3_3	PhG_L_6_1	PhG_R_6_1	PhG_L_6_2	PhG_R_6_2	PhG_L_6_3	PhG_R_6_3	PhG_L_6_4	PhG_R_6_4	PhG_L_6_5	PhG_R_6_5	PhG_L_6_6	PhG_R_6_6	pSTS_L_2_1	pSTS_R_2_1	pSTS_L_2_2	pSTS_R_2_2	SPL_L_5_1	SPL_R_5_1	SPL_L_5_2	SPL_R_5_2	SPL_L_5_3	SPL_R_5_3	SPL_L_5_4	SPL_R_5_4	SPL_L_5_5	SPL_R_5_5	IPL_L_6_1	IPL_R_6_1	IPL_L_6_2	IPL_R_6_2	IPL_L_6_3	IPL_R_6_3	IPL_L_6_4	IPL_R_6_4	IPL_L_6_5	IPL_R_6_5	IPL_L_6_6	IPL_R_6_6	PCun_L_4_1	PCun_R_4_1	PCun_L_4_2	PCun_R_4_2	PCun_L_4_3	PCun_R_4_3	PCun_L_4_4	PCun_R_4_4	PoG_L_4_1	PoG_R_4_1	PoG_L_4_2	PoG_R_4_2	PoG_L_4_3	PoG_R_4_3	PoG_L_4_4	PoG_R_4_4	INS_L_6_1	INS_R_6_1	INS_L_6_2	INS_R_6_2	INS_L_6_3	INS_R_6_3	INS_L_6_4	INS_R_6_4	INS_L_6_5	INS_R_6_5	INS_L_6_6	INS_R_6_6	CG_L_7_1	CG_R_7_1	CG_L_7_2	CG_R_7_2	CG_L_7_3	CG_R_7_3	CG_L_7_4	CG_R_7_4	CG_L_7_5	CG_R_7_5	CG_L_7_6	CG_R_7_6	CG_L_7_7	CG_R_7_7	MVOcC	MVOcC	MVOcC	MVOcC	MVOcC	MVOcC	MVOcC	MVOcC	MVOcC	MVOcC	LOcC_L_4_1	LOcC_R_4_1	LOcC_L_4_2	LOcC_R_4_2	LOcC_L_4_3	LOcC_R_4_3	LOcC_L_4_4	LOcC_R_4_4	LOcC_L_2_1	LOcC_R_2_1	LOcC_L_2_2	LOcC_R_2_2	Amyg_L_2_1	Amyg_R_2_1	Amyg_L_2_2	Amyg_R_2_2	Hipp_L_2_1	Hipp_R_2_1	Hipp_L_2_2	Hipp_R_2_2	BG_L_6_1	BG_R_6_1	BG_L_6_2	BG_R_6_2	BG_L_6_3	BG_R_6_3	BG_L_6_4	BG_R_6_4	BG_L_6_5	BG_R_6_5	BG_L_6_6	BG_R_6_6	Tha_L_8_1	Tha_R_8_1	Tha_L_8_2	Tha_R_8_2	Tha_L_8_3	Tha_R_8_3	Tha_L_8_4	Tha_R_8_4	Tha_L_8_5	Tha_R_8_5	Tha_L_8_6	Tha_R_8_6	Tha_L_8_7	Tha_R_8_7	Tha_L_8_8	Tha_R_8_8	
4.83039e+07	SFG_L_7_1	0	858341	8.67906e+06	1.26356	901025	284.588	8.27459e+06	287225	2.313e+06	146581	99330.9	117.433	8453.11	3.52306	0.0119048	0.0770218	0.379782	18045	1.00064	287.183	84.4626	40.518	0.407871	12835.5	40.9335	332.103	17650.1	83.8092	75.3332	0	187.496	0.71602	9.26881	370.976	7163.74	0.0203669	92.5652	0.990591	6187.9	120.84	0	0	1.85218	1.08208	1.21926	0.00231481	1.46964	0.00231481	1.14782	0	35645.6	0.051126	7.92385	5.21096	20.5903	1033.89	32.8565	0.0633865	63.7066	148.101	1.39181	0	75.7055	0.850676	560.569	116.867	573.781	399.347	1.19565	0.00297619	0.00740741	0.0197802	0.0194658	0	0	0.0197802	1.38332	0	0.0416986	0	0	0.0668591	0.31401	0.0338203	0.0070922	0.653341	0	0	12.7438	0.00871511	4.36858	0.135477	235.378	0	9.36504	0.0314214	0.3446	1.50776	14.1039	0.0609206	30.5245	0.00401606	565.461	0.0444103	53.6708	21.2137	46.8045	0.793798	3.62067	0	0	0.429956	0.131224	0.00297619	0	25.4928	0	0	0	11.6074	0	0	0	0	16644.7	18.5588	2954.62	0.152383	0.0269388	0.00512821	3652.62	27.3926	3237.88	0.17647	99.8559	0.102408	1122.01	299.844	0	0.0205908	0.183208	2.85613	8.83829	0.00520833	0	3.74425	2117.46	27.1648	13058.6	202.156	92.3539	6.41839	184.013	37.2689	0.2167	0	0	0	0	0	21.506	0.794922	49.5745	0.0174603	28.938	0.171722	37206.7	7.19784	50216.2	0.00383142	3231.06	0.612841	430817	35.6075	0.0333333	745.14	35.2751	2387.06	0	34.5522	0.0735638	1275.94	35414.7	1959.96	509.534	2.34694	0	1.02167	660.653	266.545	0.504556	0	1.20559	0.0522283	2.61066	1.35278	0.740155	0.272916	3.43167	0	98.1228	0	0.342482	0.00297619	81.6889	627.169	0.00462963	0.173171	0.0070922	2.89272	9.68863	61.6854	0.158658	0.208581	23582.3	3598.43	504.573	20.2639	11.1122	0.0169923	288395	5410.44	97.6593	0.0590424	32.8159	1.16397	178.43	129622	96925.2	286.174	3.05374	0.0270049	1.10937e+06	3.38756	604.882	0.832504	406.177	0.0443668	8605.17	3.42268	2347.77	1.29815	981.191	1.24021	200001	1.02143	
8.19378e+07	SFG_R_7_1	858341	0	1.22279e+06	31480.5	1.23728e+06	1.26085e+07	275057	1.05505e+07	601.937	38642.9	25674.1	213597	584.906	278.179	8.36576	1988.82	15.9294	336.448	8.70814	36.9411	0.258451	14415.5	2.83893	27893.6	1143.52	8220.27	179.426	701.874	0.354376	66288.4	0.12829	10826.4	1.79401	3.68378e+06	0.703888	206.729	0.35015	126546	931.692	190406	0.00617284	0	0.0420118	21.5859	0.00387597	0.180926	0.0156884	0.694603	0.0149087	0	13.6981	13.2449	0.00775194	1.97032	1352.26	24.2049	4894.28	0.545839	372.654	41.1988	0.00666667	12.7219	0.00666667	480.745	1.33521	3403.85	3.03363	1522.69	0.292675	0.719221	0	1.94594	0	0.0791951	0	5.11355	0	0.02103	0.00347222	0.0713309	0	124.2	0.0389939	23.7172	0	17869.1	0	4.78508	0.190018	3.40061	0.418849	22.8404	0.297943	0	0.015531	17.4107	0.0181414	4749.56	0.573519	18.068	0.262152	1.11538	1.63174	1.88865	5574.26	0.330041	1.68445	0.461497	0.00294985	0	0	0.141543	0	0.660947	0	0.0642892	0.00497512	0.003663	0	0.0349626	0	38.4917	0	2741.31	0.223645	56.0404	43.8603	31.7214	56.1949	1.87543	707.115	176.373	489.114	43.825	416.145	10.2535	5422.58	1302.87	0	18.5063	0	1662.08	558.505	129.211	0	2159.42	43.8955	111.616	15.9652	4590.87	5.08955	0.151858	21.1705	196.57	0	0.00854701	0	0.0333542	1.68155	0	623.065	6.97511	0.454766	0.945547	0	28.5484	40.8103	429.536	86.2319	6.06841	0.531077	36.9181	556.177	6720.67	0.503212	11.2917	374.967	1310.64	0.00520833	17783.4	0.887628	28.1101	434.654	131077	4.66695	724.843	0.0200785	237.106	6838.08	12.752	0	0	0.00411523	6.54752	267.744	0.541019	0.0167775	0	0	0	0.467944	0.88682	0.0167775	0.219801	29512.8	0.885023	0.002331	9.59705	0	12.4616	0.0686238	14621.4	0.0431168	2.67963	96.3841	1.05179e+06	1.09712	11.6906	0.145436	0.147697	528.951	6.71168e+06	3.72268	5.0508	0.975991	7.56286	0.0548088	11638.8	371.934	45586.2	0.0275245	9414.14	9184.48	1.32807e+06	600.758	6847.4	0.10648	589.349	195.126	44162.5	4.36256	8403.36	0.00378788	7447.56	40.6404	261447	
7.95098e+07	SFG_L_7_2	8.67906e+06	1.22279e+06	0	0.760895	1.81546e+07	14295.2	2.26782e+06	26628.2	0.102547	393.602	0.0819142	2000.63	20543.2	0.297864	770250	3.35282	2735.19	3486.54	37349.8	160.701	1718.25	5.30487	1.47223e+06	4662.09	11162.9	60.329	92806.5	15.1688	67424.8	0	3008.08	0.0588386	194797	93.0771	1885.96	0	7292.06	0.686239	2.50392e+06	20.5698	0	0	22.3136	0.0796464	7.08248	0.00231481	10.0279	0.00231481	0.539282	0	20287.7	0.00641026	18.7913	0.00362319	35.1107	0.61449	12.1067	0.00537634	2.03471	6.72754	372.776	0.00362319	1359.05	0.0971546	0.0253831	1.07652	0.00952381	0.81755	11.7216	0.00421941	0.336146	0.0167775	0.0410354	0	4.02701	0.0167775	1.20034	0	0.696309	0	11.4257	0.0680819	21.5946	0.10009	37.4554	0.355577	0.329128	0.00280112	142.947	0.00277778	43.1344	0.034407	1848	0	76.2814	0.0314214	3.46199	0.693928	183.455	0.00444444	310.701	0.0140491	1392.32	0.192379	18.6732	74.2666	246.198	2.32184	6.83751	0	0	0.00323625	0.363218	0.072623	0	0	0.0168689	0	0	0	0.464416	0	22.3804	0.0205566	16.345	8.87992	329.127	0.497309	0.23536	0	21.0068	3.50046	4287.89	0.0414855	14.8925	0.144755	6229.8	5.81828	1.38119	0.0200785	10.766	1.88947	29.3891	0.044124	0.349599	1.86129	0.195806	0.43035	0.113868	4.65171	0.0272563	0	0	0.00606061	2.30915	0	0	0	0.0279605	0	14.3962	1.00833	338.442	0.00266667	5.17001	0.00653595	41560.4	0.7958	34221.4	0.0107097	81.6786	0.003367	386453	2.86875	0	0.00925926	0.00877193	0.139096	0	0.252813	0	0.0330113	0.0393519	450.099	0	0.0380952	0	0	397.444	960.785	1.55703	0	13.1132	0.168448	6.70674	5.05892	10.9874	0	10.3964	0	213.27	0	17.5025	0.011297	21.7026	2260.73	0.556287	0.449988	0	0.54491	0.0430108	31.0222	0.371611	0	41593.6	963.938	1825.89	0.156836	16.8088	0.0244627	872988	1118.72	392.97	0.211238	95.5572	0.273245	5672.58	6089.55	142323	42.1295	59.595	6.64362	2.02011e+06	59.873	878.195	0.857143	5785.03	0.423344	45322.5	90.6405	26674.5	29.0798	12040	29.1603	502754	83.6864	
1.02262e+07	SFG_R_7_2	1.26356	31480.5	0.760895	0	16.0578	2.4316e+06	0	646864	0.0841699	0	0.896246	0.378437	0.103412	161.695	0.00757576	1.48269e+06	0	192.909	0	5485.68	0	7263.43	0.00757576	99709.2	0	371651	0.23864	4881.48	0	96.0781	0	1180.81	0	17732.9	0	10.2625	0	0.985679	0	7366.39	0	0	0	11.2619	0	0	0	0	0	0	0	0.717296	0	0.0393162	0	1501.21	0.271902	59.1835	0.00406504	137.925	0	0.00854701	0	1.03771	0	0	0.00617284	0	0	0	0	0	0	0	0	0.00680272	0	0	0	0	0	0.0259042	0	0	0	4.70919	0	0	0	0	0	0.17769	0	0.00358423	0	0.00537634	0	7.12505	0	0.126145	0	0.00438596	0	0.0144148	0.437141	0	0	0.00438596	0	0	0	0	0	0.00362319	0	0	0	0	0	0	0	0	0	0.229296	0	57.6694	0	4.33275	0	0.00757576	0	1084.55	0	10.5011	0.00392157	0.0940608	0	1572.26	0	0.00833333	0	16.6178	0.00392157	0.00694444	0	9.31896	0.0215278	0	0	0.115325	0	0	0.023399	0	0	0	0	0	0	0	0	4.04372	0	0.0541555	0	0.257761	0	4.91603	0	0.35229	0	0.476209	0	13.5356	0	0	0	0	0	0	0	0	0	0	0.00574713	0	0	0	0.204167	0	0	0	0	0	0	0	0	0	0	0	0	0.00574713	0	0	0.423461	0	0	0	0	59.6145	0	0.885985	0	0	0	9.25813	0	0	0	0	0.0734534	112.7	0	0	0	0.0653623	0	0	0	43.5642	0	0.00497512	0.346431	0.0307836	0.0045045	0.0319444	0	0	0.00392157	0	0	0	0	0	0	0	
1.72857e+08	SFG_L_7_3	901025	1.23728e+06	1.81546e+07	16.0578	0	7.38691e+06	188.625	34.8855	68.2388	117.489	8.30324e+06	773838	2.61406e+07	595239	3.66109e+06	136.836	560.274	12422.1	197246	1675.92	275.969	139634	16479.2	57625.9	111.992	63.7889	587113	827.218	11859	2424.58	27623.5	31148.6	1.11697e+06	77163.2	12354.8	30.0106	1660.87	1746.86	820653	37.193	3.43382	0	4833.28	2.45082	128.552	0.450999	208.21	2.3404	14.1572	0.0125664	93814	0.61311	0.99009	0.00564972	75.117	10.8102	80.8085	0.00537634	199.111	48.6564	1.28637	0.0461158	69.9945	0.150179	148.553	29.4877	21.5776	29.3603	7124.97	4.84013	1.42117	1.99985	0.0632068	0.0139025	9.92404	0.733067	6.38098	0.391939	0.953869	0.0130832	38.3983	1.77185	177.02	632.038	182.86	8.40892	0.173383	0.584277	50.2821	0.253401	35.5462	1.65624	68980.7	80.3378	16.2843	54.4809	2.40891	39.4414	113.682	0.3597	125.787	0.127497	26707.3	5.75677	2.73763	72.6608	109.504	1.23226	1.52064	0.00181159	0.0808824	0.513988	0.125766	1.78927	12.6882	0.463911	41.3221	0	0.0785695	0.298056	1.0205	0.428355	139.47	0.0713673	2735.76	273.768	1738.67	97.4031	0.211615	0.037027	8436.01	102.888	6748.6	8.53004	56.7527	3.3753	4505.9	264.63	5.59891	1.81104	26.4178	54.9683	20.5963	0.0759757	1.13355	76.6581	4123.27	119.876	241.812	302.073	12099.6	0.918227	3467.32	28.3178	2.70841	0	0.117441	0	0.412632	0	2723.03	2.03608	375.432	0.521149	0.290529	0.147926	683.227	0.94424	12255	5.20797	17.9114	0.255886	4342.73	6.10504	45.5428	186.18	31533	21241.6	0	28.9168	3802.48	257.807	85.2117	203.075	281.898	7.29457	0.00392157	2.69775	700.065	1028.87	49.3093	0	543.04	2.1846	7.63115	1.22368	560.615	0	16.2967	0.00362319	28.1545	0.00258398	616.183	0.266624	10.8763	1684.22	49.6899	25.2836	0.366513	21.2164	4.40172	269.846	1769.82	60.3576	186696	3433.39	159540	1528.32	677.462	1.71036	922628	6015.92	11828.8	37.0692	2192.68	3.13317	1.55112e+06	94454.7	58997.7	721.555	106576	4593.59	3.35769e+06	20718.6	4775.7	185.947	534578	744.765	1.20023e+06	21276.9	1.52462e+06	15766.1	1.19761e+06	28833.7	4.76947e+06	33319.9	
2.49706e+08	SFG_R_7_3	284.588	1.26085e+07	14295.2	2.4316e+06	7.38691e+06	0	137.146	6381.02	16.8193	2081.19	77511.9	6.95426e+06	3.98319e+06	6.9717e+07	410.641	2.41953e+06	0	352.49	1264.77	753181	0.00617284	483800	0	233153	0	44897.2	680096	1.49911e+06	0	58147.8	0	181511	0.0634239	2.27348e+06	0	16515.7	0	172700	0.05207	570.737	1170.8	0.336237	12.0054	885.778	0.0476862	8.69725	170.207	217.201	0.0354105	1.91426	9.22003	499.025	0	1.02767	36.8747	5630.28	683.038	171.966	110.583	1643.09	0	185.23	0	351.713	0.697221	3681.21	0.769158	755.442	0.217834	566.98	0	69.0819	0.00333333	4.00737	0	68.9807	0	1.92414	0.00333333	0.00529101	0	472.123	0	10649.6	0	9863.18	0	12.0028	0	42.4106	0	158.152	0.00294985	4591.56	0	2320.64	0	10172	0.003663	91.0958	0	10.7636	0.0296223	1343.55	142.42	42.4053	0.801114	6.17751	0	3.99101	0	408.148	0	367.972	0	499.876	0	1.95374	0	804.438	0	31.8176	0	311.153	5.34716	1303.78	11.8325	451.89	0.0656673	18.1038	126.381	3946.94	29.5436	1206.4	0.429053	1244.02	2.01229	119051	0	109.256	0	5727.36	0.18138	163.963	0	5752.17	53.3956	3341.53	20.6626	26695.2	7.92435	152.294	53.5629	30607.7	0	0.0313514	0	25.7062	0	0.0616667	43.3619	288.593	0	36.7214	0.002849	3.60006	0.00350877	1440.95	0.0148607	1986.14	0	98.2787	0	3840	68.7776	13156.2	80150.4	165842	54.3088	22752	0.496657	32749	41.9522	1974.09	10.3239	29458.9	96.1905	89.6426	275.22	61.7784	0	0.271018	0.00311526	13.0796	64.3578	8.45085	0.00311526	24.5035	0	0	0.0132026	45.5759	0.00311526	0.227479	733.16	0.917251	0	59.5754	0.036589	1809.36	0.014688	3602.08	0.0673476	4725.46	52.671	262602	0.00387597	76624.1	0.184691	311.52	127.011	3.44909e+06	3.13145	1656.93	0.488798	21273	1.02864	1.93733e+06	4.9755	150684	0.0103365	1.75325e+06	2296.3	1.35873e+06	167.543	12095.9	0.0865267	179165	89.1327	155839	3.12305	1.00014e+06	0.0331357	1.04731e+06	347.181	818110	
7.10917e+07	SFG_L_7_4	8.27459e+06	275057	2.26782e+06	0	188.625	137.146	0	472031	3.05449e+06	2.02719e+06	0.0185185	0.120778	13.6056	7.20456	833.155	0.00775194	125.605	0.0296296	704.362	0.126619	2639.89	0.496955	55482.5	0.0650859	298825	45.5682	54232.4	0.767678	1087.7	0	9862.95	0.0737412	574.15	0.00438596	263464	0	193.452	0.0411111	55650.9	0.0435606	0.00628931	0	15.8389	0.0388134	0.330938	0.00983796	0.105776	0.0140193	5.94282	0.626348	379766	0.00628931	49.719	44.2256	4.3743e+06	17768.3	901.108	1.21488	3256.78	5116.68	10320.9	0.0343552	13250.8	23.743	182.785	16818.7	0.0285229	5060.6	0.816931	0.0841011	0.0561595	0.0358783	0.137428	0	0	0.016167	4.86168	0	1.83888	0	1.049	0	4.68149	0.0704277	0.27531	0.00378788	2.21702	0	21.2709	0.0209467	9.55233	0.145542	34.016	0.0108049	13.0144	0.00277778	0.630075	0.127795	26.8811	0.00241546	50.5088	0.0265745	129.866	2.01718	24.9095	141.343	76.7654	5.89228	2.06776	0	0	0.0363236	0.08837	1.35251	0	0.0869602	0.0030581	0	0	0.022807	0	0	0.105139	0	72003.3	249.021	16889.9	26.5746	47.9271	0	319572	107.509	23991.1	0.581557	199.627	0.55797	855.478	116.193	0.189548	0	1.09866	0.00157978	28.1442	0	0.0682508	0.102539	1170.34	6.49139	1068.43	12695.9	0.00330033	0.00241546	0.213716	0.065478	0.9442	0	0	0	23.0759	0	600.55	55.7635	90.2984	0	592.435	0.00628931	1.03787e+06	0	1.08937e+06	0.00260417	231160	0.00628931	3.41395e+06	0.019825	0	1.74451	0	1.94528	0	0	0	1.74451	0	66.0173	0	11.3688	0.00628931	0	503.204	1971.13	0.154342	0.0182648	1.76739	0.0254606	59.3162	56.4689	1.05549	0	2.89998	0	54.3985	0.0279656	1.80404	0.00187266	32.7664	5287.2	0.0353264	0.480763	0.0252955	16.4704	14112.8	83.0176	0.22021	0.331437	1.80621e+06	8513.2	103.792	0.659531	44.1372	0.0928761	1.95456e+06	4877.78	288.431	1.43171	55.707	1.15991	3656.67	44.5681	167967	100.394	7.25345	0.0395519	3.33685e+06	20.1241	84.1023	10.6824	62.0271	0.614506	5639.63	8.02055	333.451	2.43159	557.788	0.281943	68125.7	14.2646	
6.88305e+07	SFG_R_7_4	287225	1.05505e+07	26628.2	646864	34.8855	6381.02	472031	0	82536.2	1.84442e+06	1.01005	0.0310078	0.650534	108.639	0	38.3932	0.373733	575.059	0.146397	2252.8	0.274658	3531.74	0	951.687	124.442	401988	20.2926	6186.59	0.0185221	2794.43	0.018018	69.5057	0.164805	32799.1	0.211984	9.12607	0	142.792	0.810336	277903	0.0035461	0	0.144889	89.2192	0	0.188591	0.00396825	0.0816525	0.00250627	0.00813008	7.08711	4.05139	0.0299966	414.053	1157.21	388587	4403.15	14.2277	221.69	405.531	0	0.252846	0.00724638	2204.36	1.06542	2012.45	5.40852	3.24122	0.00497512	0.128254	0	0.0611975	0	0.00775194	0	0.108808	0	0.387313	0	0.267701	0	14.8218	0	8.93993	0	558.838	0	4.48661	0.00282486	1.51542	0.0177809	62.0857	0.0112017	0.0168276	0	2.00818	0.0177809	1052.51	0.0177809	7.86027	0	3.26616	0.112153	3.99291	8580.56	0.761363	0.291331	3.1683	0	0.003663	0	0.0964386	0	1.09715	0	0.00378788	0.00497512	0	0	0	0	0.10291	0	8.79737	0.0721651	505.743	24.646	14.3839	14.5206	0	301.542	5907.86	190.492	10.5235	72.4554	47.1083	980.033	1587.94	0	0.174439	0.003663	32.3716	81.8713	5.96786	0	33.4651	0.0588386	8.28514	5.13956	1251.42	0.00666667	0.112705	0.238487	0.00793651	0	0	0	0	0.0925087	0	308.589	2331.22	0.00262467	0.438045	0	4.38083	0.0790369	55.5612	0.168547	17.446	0.00396825	16.081	0.629428	2183.9	0	0	0	0.0289975	0	0	0	0.00793651	87.6629	0	0.00546448	0.0151515	0	0	9405.17	5.63838	0.010865	0.00282486	0.0147664	0.665075	165.728	0.187753	0.0552848	0	0	0	0	3.97164	0.0349701	0.00462963	17534.9	2.13977	0.0021645	6.85211	0	17.8313	0.31189	33631.5	0.0149628	1.60931	189.856	2.27636e+06	0.0116504	9.18644	0.067614	1.5623	1743.45	1.6311e+07	1.09525	249.217	1.05099	155.062	0.0130447	718.087	47.6604	435276	0.0351002	222.407	10042.3	221217	239.448	948.929	0.0568254	8.04935	130.954	3852.41	1.63828	359.743	0.011485	212.292	5.39479	19438.3	
1.32295e+07	SFG_L_7_5	2.313e+06	601.937	0.102547	0.0841699	68.2388	16.8193	3.05449e+06	82536.2	0	304681	25.9385	0.227886	8.01886	0.468794	0	0	0	0.445507	0	0.0233313	48.2098	0.897595	0	0.0807395	0.311186	16.1177	461.396	1.60433	0	0	75.0704	0.0271725	3.54915	0.0294872	1598.52	0	0.024026	0	0.542043	0.807394	0.00584795	0	2.29803	0.0825795	0.406887	0	0.212836	0.00462963	2.6819	0	2317.65	0	1.90837	51.2405	1205.14	34284.9	276.768	5.17122	174117	21794.2	0	0	4.47822	8.50358	4550.58	1735.22	17997	25661.5	0.200073	0.640272	0	0	0.0194658	0	0	0	0.0900665	0	0.0194658	0	0	0	0.088172	0.00297619	0	0	0	0	0	0.00157978	0.00574713	0	13.3393	0.0396902	0	0	0.0236155	0.0376934	0	0	0	0	2.74031	0.00157978	0.865473	1.20595	0.273249	0.0179043	0.00326797	0	0	38.17	0	0.00297619	0	662.381	0.00564972	0.164476	0	479.867	0	0	0	0	92197.8	37.0888	9276.28	0.0832217	0	0	167084	22.2812	1823.28	0.0236897	81.0977	0.101519	7.17337	143.276	0	0	0	0.118142	1.81113	0	0	0.0858102	919.933	70.7904	15114.7	1308.83	0.154235	169.919	1.89883	287.649	0	0	0	0	0	0	12.382	1.11401	0.125248	0.0111119	14.4311	0	207.22	0	8701.03	0.0111119	942.836	0	9874.85	0.00854701	0.294628	10067.3	0.18373	1285.34	0	0.0779221	0.00900901	11984.2	7431.08	21.6995	87.7601	7.48024	0	0.0350177	28.6853	14.6245	0.0358578	0	0.447472	0.00314465	0.621422	0.257774	0.172577	77.5667	0.0842621	0	0.470139	0	0.382706	0	1.09434	55.9273	0.00505051	0	0.0528686	3.33515	149.29	13.9691	0.0508475	17.833	7002.08	1556.7	4.21802	863.111	21.0236	0.586574	7390.06	75.7671	73.4102	0.0576661	9.77386	0.0277789	1634.26	17.349	38720.7	4.02543	9.02585	0.0188811	134540	0.0738095	10.5293	0.0749399	61.8735	0.0356125	4726.83	12.7585	185.561	3.30937	206.55	0.111348	35233.2	0.0286935	
2.23701e+07	SFG_R_7_5	146581	38642.9	393.602	0	117.489	2081.19	2.02719e+06	1.84442e+06	304681	0	6.40497	194.961	3.7947	19.2086	0	0	0	0.0220401	0.00396825	0	0.0174478	0	0	0.00555556	2.13265	1.04977	2.4892	0.920349	0.0047619	0	0.0045045	0	0.0184127	0.0848409	0.00438596	0	0	0.046964	0	0	0	0	0	0	0.00406504	0	0	0.0306554	0	0.00833333	0.701534	0	0.0697926	35.977	271997	453188	1813.43	0.0128205	8918.11	512593	0	0	0	22.884	2.70309	216855	100.476	555399	0	0.002849	0	0	0	0	0	0	0	0	0	0	0	0	0	0.002849	0	0	0	0	0	0.0035461	0	0.0218814	0	0.00555556	0	0	0	0.00396825	0	0	0.00362319	0.0218814	0.00340136	0.0035461	6054.64	0.0686801	0.214516	0.0625432	0	0	0.0226249	0	0	0	0.0494911	0.00378788	0	0	0	0	0	0	0	0	0.362926	337.431	12.4258	1.37248	12.7593	0	199.082	304.538	48.844	0	13.7478	0.00340136	111.986	0.0230629	0	0	0.003663	0	9.11655	0	0	0	47.8756	50.371	99.8504	124169	15.3779	0.123055	28.0627	23.2617	0	0	0	0	1.73275	0	125.312	25077.1	0	0	0	0	0	0	0	0	0	0	0	0	3.43902	3.19046	0.307664	153.887	0	57.1779	81.6192	14.6063	0.16169	45107.1	0.687602	28846.4	0	5.15644	6719.31	15.1105	0	0	0	0.139938	94.837	0.0660113	0	0	0.00374532	0	0	0	0	0.00378788	9167.73	5.66794	0.00469484	1.01072	0	1.18846	0.509145	3164.6	0.0193277	0.505466	12.816	1.48663e+06	0.586519	0.0035461	0.0131052	0.148027	370.451	2.68859e+06	0.234896	24.5715	0.0703533	2.32048	0.0196461	328.213	53.8284	48.564	0.0268956	177.308	1013.63	327052	9.01777	24082.5	0.0268956	0.354756	56.2836	1424.07	1.37712	12.3715	0.00323625	0.507766	0.0277213	19700.9	
2.04731e+07	SFG_L_7_6	99330.9	25674.1	0.0819142	0.896246	8.30324e+06	77511.9	0.0185185	1.01005	25.9385	6.40497	0	38068	1.45642e+06	2169.53	0	4.30107	0.0123457	303.125	0.0567536	287.79	0.383125	15215.3	0.0123457	2941.92	0.00497512	1.25789	589.497	662.842	1.50059	321.004	369.599	2495.41	4679.05	15378.3	34.0892	1.14546	0	25.7625	0.0114943	17.8857	0.642835	0	0.00387597	0.0600115	0.300159	0	0.372725	1.78843	0.407717	0	42.9917	0	0	0	0	0.00653595	0.405485	0	0.498213	0.155631	0.0283935	0	0.00854701	0	3.32561	0.983443	1.78565	1.9452	100.68	0	0.0155565	0.0448236	0.00411523	0	0	0.176495	0.0432712	0	0.003663	0	0	0.196337	1.05938	0.134949	0	0.512659	0	0	0	0.00347222	0	0.135358	579.825	0.0137845	0	0.242221	0	2.96764	0	0.0342043	0	0.00362319	263.285	0	0.0136281	0.00392157	0	0.00362319	0	0	0.0467243	0.00483092	0	0	45.3711	0.0189211	0.302005	0	0.0489331	0.0189211	0	0	0	0.0186928	19.422	0.167826	8.63827	0.0317865	0.00416667	0.0045045	133.801	0.108825	3.85279	0.297081	0.475612	0.0164634	0.677082	11.7879	0	0.123847	0	3.29207	0	0.00483092	0.003663	3.88899	6378.43	1.82586	200.602	3.5435	20747.2	0.149617	6563.92	4.0678	0	0	0	0	0.00416667	0	25.9842	0	0	0.00444444	0	0.0238781	0.295658	0.0548195	0.470186	0.118659	0.0402625	0.067848	0.467696	0.940673	36.8784	96.3255	3911.78	470.445	1032.6	780.383	255.344	113.87	44386.9	7.58031	13428.9	6.38733	0.0634921	12.6966	0.732811	0.0889034	0.144435	0	2.01651	0.00350877	0.00401606	0	2.39731	0	0.004329	0	0	0	1.36186	0	0.435434	0.0352974	0.0692874	0.0337821	0	0.0160666	7.79361	0.0854098	80.5123	0.00378788	2964.05	4.06018	2861.54	0.258213	2.36597	0	557.378	211.382	81.9612	0.0894994	7.96478	0	23489.4	206.595	0.90409	67.7395	68.6076	50.5319	3390.73	348.358	9.21948	3.00394	4471.95	6.02037	8639.29	24.0849	12419.9	8.46909	9291.16	2.57222	21573.1	198.502	
1.82408e+07	SFG_R_7_6	117.433	213597	2000.63	0.378437	773838	6.95426e+06	0.120778	0.0310078	0.227886	194.961	38068	0	50405.5	746800	0.0672878	99.9813	0	0.0444939	1.61467	0.00980392	0	31.8907	0	6.86287	0	0.00387597	8037.93	1.0225	0	86.2323	0	37.9696	0	708.213	0	5.48579	0	97.0897	0	0.0810142	11.0495	0	0.00505051	0.0761638	0	0	1.74491	0.125091	0	0	0.0479737	0.025576	0	0	0	0.0688566	0.20305	0	0.00392157	0.215876	0	0	0	0	0	53.7364	0	5.77725	0	0.0197628	0	0.0581148	0	0	0	0.0563757	0	0.00490196	0	0	0	0.860441	0	1.06994	0	0.444969	0	0.0201882	0	0	0	0	0.00294985	0.0768236	0	0.60002	0	1.48626	0	0.0468983	0	0	0	0.00275482	0.00411523	0	0	0	0	0	0	0.00275482	0	0	0	0	0	0	0	0	0	0	0	0	0	0.689246	0	0.00456621	0	0.0246998	0	0.0230159	0	0.00641026	0	0.0211034	0	3.6295	0	0.0954708	0	0.424724	0	0	0	0.677045	0.0240416	61.0083	0.10115	580.432	0.00666667	0.092371	0.471572	756.542	0	0	0	0	0	0	0.00396825	0	0	0	0	0	0	0	0	0.00469484	0	0.00444444	0	0.0119048	8.28503	6315.5	127.235	58624.7	0.881572	242271	0.0261538	6221.76	0.0166667	647.061	0.0633865	9044.29	0.00595238	1334.1	0.0373496	0.154705	0	0	0	0	0.003003	0	0	0	0	0	0	0	0	0	0.106417	0	0	0	0	0	0	0.00877193	0	0.0471881	0	3.82944	0	1.46603	0.00546448	0	0.00294985	518.435	0	0.164255	0	0	0.509658	90.3539	0	5.79526	0	437.122	0.20305	3042.52	0.00289855	15.6658	0	15.1902	0.0593916	177.342	0.0595968	272.077	0.0364332	77.7745	0.673692	1269.44	
1.1219e+08	SFG_L_7_7	8453.11	584.906	20543.2	0.103412	2.61406e+07	3.98319e+06	13.6056	0.650534	8.01886	3.7947	1.45642e+06	50405.5	0	9.52065e+06	239224	0.501653	0.875985	8.10803	888460	17.4933	1.02613	6608.72	1893.2	268.595	0.544607	0.867238	1.01822e+07	1.72269e+06	0.13423	11.3084	6.00329	1932.19	40.0165	822.072	1579.46	5.12203	0.716243	166.878	7.61421	8.56891	232168	72.0756	8014.43	0.710957	0.00358423	225.967	1409.04	142119	139.005	1.87789	157884	0.57047	0.0310078	0	2.28172	0.00374532	1.54823	0	3.86574	0.314311	0.00775194	0.00555556	3.06408	0	0.788145	0.474087	0.0346379	0.583989	0.708734	0.278157	0.021645	0.0374436	0.0047619	0	0.137164	0.0154386	0	0.0251931	0.0047619	0	0.596878	0.212808	0.0395632	4.95983	3.99254	2.61546	0	0	0.837221	0.0124621	0.569804	0.27701	0.991736	1.36492	0.153305	0.833175	0.0411422	6.42025	2.175	0.0877162	3.05861	0.0534901	2.88886	0.026889	0.0135535	0.00406504	1.69034	0.0139804	0.141421	0	0.171633	0	0	0	98.2325	0.00456621	0.718986	0	0.0202438	0.00456621	0.003003	0.00421941	3.44598	0.00254453	0.351502	1.83673	0.522879	0.523963	0	0.0156757	24.1254	0.533177	4.92252	1.29103	0.11894	0.0301983	4.18017	27.169	0.0920224	0.0403003	0.70156	3.80021	0.187415	0.00254453	0	3.43042	377.648	1.68283	16.8105	7.4535	47345.7	1.79855	6803.55	2.50536	0.0251572	0	0	0	0.0251572	0	20.3696	0.004329	0	0.0629651	0	0.00564972	0.151711	0.0181601	5.15766	2.94305	0.00680272	0.0684923	0.78671	0.143755	3083.75	35.7986	498705	592209	21081.3	36.5282	30808.1	66.8531	27178.8	6.96169	28665.7	37.0302	60496.9	4.30939	0.0947999	0.215074	0.0165011	0.015824	0.0983235	1.00178	0.0166771	0	0.158182	0.0670015	0.0185507	0	0.112337	0	0.0983235	0	0.0333464	0.060316	0.004329	10.219	0	1.19264	8.53319	0.003367	17.5963	0.665947	539.319	36.7309	972.401	13.1797	223.277	1166.53	107.903	509.712	175.364	2.15224	1.80882	0.3072	2221.24	459.44	44.0994	59.7605	78.5331	117.102	92.4081	775.158	1.4335	4.02985	116.314	35.8276	19.3251	96.4206	20.6	133.572	117.597	216.867	135.904	338.824	
2.13462e+08	SFG_R_7_7	3.52306	278.179	0.297864	161.695	595239	6.9717e+07	7.20456	108.639	0.468794	19.2086	2169.53	746800	9.52065e+06	0	0.150491	115.55	0	0.546884	15197.9	14129.2	0	1959.89	0	147.834	0	31.0644	9.15926e+06	9.87591e+06	0	3.76317	0	497.281	0	1744.58	0.0167881	3111.96	0	1839.99	0	7.31579	31232	144053	13.8933	292.913	375.972	2.77165	141118	296048	3.15362	40.7743	26.3562	350.384	0	0.00757576	2.44131	29.4558	35.3425	11.2726	8.19527	505.553	0	12.8022	0	11.0781	0.00378788	151.218	0.0155951	63.8119	0.0607021	670.018	0	15.4025	0	1.62	0	17.4172	0	1.47366	0	0.0117989	0	25.366	0	4772.23	0	129.212	0	3.70883	0	6.99508	0	7.10429	0.00857759	5613.63	0	960.807	0	161.578	0	3.03187	0	1.24839	0.0242172	1807.44	0.780859	83.7473	0.128865	0.752833	0	7.94449	0	887.344	0	463.695	0	807.641	0	2.99915	0	1634.6	0	6.46874	0	7.12188	12.4441	143.828	1.36926	65.9549	0	0.260633	316.814	277.371	2.61631	57.1202	0.32974	28.8643	0.246303	1894.2	0	5.07647	0	118.363	0.0833241	13.6031	0	246.272	15.01	1968.02	1.15836	4328.36	2.90307	309.867	50.1452	21757.6	0	0.00666667	0	8.12687	0	0.00694444	2.23378	351.306	0	6.20425	0	0.768639	0	57.4951	0	2573.31	0	4.79965	0	69.8413	103.581	10653.1	248481	1.73571e+06	68.7685	42427.5	2.97798	36126.9	123.02	221.073	75.9804	25834.3	14914.9	112505	1.11281	4.92905	0	0.639737	0	2.23464	3.529	2.68899	0	46.1214	0	0	0	0.0392857	0	0.0267651	2.38274	0.0176201	0	17.0966	0.00401606	336.396	0	532.033	0.00287356	5324.16	1.81581	73593.6	0.0498129	56020.5	225.355	54679.3	3.69213	395616	0.88988	2488.72	0.117892	122627	0.0873365	1.03008e+06	0.0534217	30856.7	0.0113587	814493	143.147	158102	21.9038	1304.13	0.0434462	170134	11.8084	35666.1	1.13651	459542	0.00387597	638399	34.4607	129702	
2.87158e+07	MFG_L_7_1	0.0119048	8.36576	770250	0.00757576	3.66109e+06	410.641	833.155	0	0	0	0	0.0672878	239224	0.150491	0	0	3642.75	0.00757576	1.38935e+06	0	1.24088e+06	182.278	6.82614e+06	11.9883	807.715	0	133606	0.158688	10.0983	1.20008	792.64	58.9839	11027.2	12.8132	219.642	0.0573437	13.8988	1.34442	1438.43	0	0	0	410.347	0	0.033387	0	0.0601454	0	0	0	9940.13	0	0.806968	0	698.167	0	23.7275	0	0.752854	0.0162626	0.00877193	0	149.966	0	0.0497106	0.004329	0	0	0.45748	0.00383142	0.088826	0.0047619	0.0850577	0	154.503	0	0.0461031	0	0.0759064	0	23.9299	0	0.250681	0.18424	5850.92	0.013862	0.0227937	0	598.608	0	5265.47	0.00350877	4.46621	0.18424	29.2428	0.0601583	266.881	0.003663	6099.12	0	6128.84	0.00350877	43.6108	0	0.00282486	0.203242	3399.23	0	0.0133069	0	0	0	0	0	0	0	0	0	0	0	0.123696	0	2992.22	0	0.0732013	0.334266	2.08864	0.0335327	681.416	0	997.114	0.203766	1147.66	0	115.111	0	8130.99	0.0133815	113.946	0	1083.42	0.00387597	1013.23	0	0.00680272	0.0172757	0.004329	0.0375116	0.0136756	0.202392	0	0.00333333	0	0	79.9323	0	0.00925926	0	168.246	0	2560.41	0.004329	0.491665	0	0.00421941	0	7.56073	0	154.511	0.0133815	10.0596	0.003663	21.9811	0.00740741	0	0	0	0.00387597	0	0	0	0	0	0	0	0	0	0	0.882434	4.4262	0.0351573	0	0.093296	0.00358423	0.00396825	0.00396825	0.0952836	0	0.165834	0	1.50492	0	0.0605406	0	0	6.29529	0.0042735	0.00358423	0	0.0035461	0.766808	0.0332013	0.111636	0.0955506	75.6427	1.26123	18.0295	0.476933	0.0146538	0	9257.23	0.561129	0.654191	0.0159962	16.9417	0.00416667	95.7686	11.0048	2027.61	0.227065	142.585	0.208626	4145.08	5.66199	30.3201	0.0185315	30.2821	0.225	95.0326	0.556699	78.6847	0.642803	90.6424	6.16555	3395.05	1.37738	
1.58768e+07	MFG_R_7_1	0.0770218	1988.82	3.35282	1.48269e+06	136.836	2.41953e+06	0.00775194	38.3932	0	0	4.30107	99.9813	0.501653	115.55	0	0	0	23880.2	0	1.66294e+06	0	207765	0	1.80144e+06	0	40822	1.53446	33034.1	0.00757576	0.051358	0	322.953	0.0633865	4.12868	0	31.2541	0	2.5416	2.00353	0.0979908	0	0	0.00555556	0.311602	0	0	0	0	0	0	0.00444444	0.0559441	0	53.6916	0	108.788	0	10.2408	0	6.50576	0	0.0356125	0	977.995	0	0	0	0	0	0	0	0	0	0	0	0	0	0	0	0	0	0.136455	0	0	0	228.735	0	0.00595238	0	0.172272	0	4.7329	0	0.00358423	0	0.0850342	0	117.128	0	0.192201	0	0.661238	0	0.276321	0	0	0	0.796941	0	0	0	0	0	0.0147442	0	0	0	0	0	0	0	0	0	7.71704	0	15.1495	0	23.2658	0	342.876	0	17.3046	0.00378788	18477.4	0	1558.19	0.034492	235637	0	4524.13	0	606.064	0	800.549	0	0.122925	0	0	0	0	0	0	0	0	0	0.0107527	0	0	0	0	0	14.859	0	0.14586	0	0	0.00641026	0.0972279	0.034492	0.408896	0	0.146643	0.155321	0.00980392	0	0.0261538	0.00666667	0.0261538	0	0	0	0.0261538	0.0383772	0	0	0	0	0	0	0	0	0	0	0	0	0	0	0	0	0	0	0.882763	0	0	0.00378788	0	0	0	0	19.9129	0	0	0	0	0	0.00378788	0	0	0	0	0	0.584995	0	0	0	0.0194658	0	1.15916	0.0435606	4.79173	0	0.0227937	0	0.0227937	0	0	0	0.0227937	0	0	0	0	0	0	0	0.00564972	
2.71061e+07	MFG_L_7_2	0.379782	15.9294	2735.19	0	560.274	0	125.605	0.373733	0	0	0.0123457	0	0.875985	0	3642.75	0	0	0	23565.7	0	1.11049e+06	0	3.14447e+06	0	2.9313e+06	0	6149.89	0	3.30819e+06	0	33130.6	0	63.3728	0	13.7757	0	0.520125	0	883.015	0	0	0	0.110415	0	0.075468	0	0	0	0	0	64.1487	0	2524.82	0	101.812	0	309.836	0	0	0	9.79081	0	288225	0	0	0	0	0	0.00497512	0	4.58886	0	1.72741	0	2.28785	0	0.0531066	0	2.46607	0	191.311	0	0.968339	0	184063	0	0.00680272	0	1937.38	0	293613	0	0.252634	0	101.222	0	20876.5	0	306816	0	51077.2	0	96.9892	0	0	0	84703.5	0	0	0	0	0	0	0	0	0	0	0	0	0	0.0205128	0	99700.5	0	0	0	0.569801	0	238.913	0	24.2173	0	1300.32	0	15.6073	0	850648	0	45535.7	0	295067	0	222555	0	0.963452	0	0	0	0	0	0	0	0	0.00529101	161437	0	2.72153	0	75298.4	0	252.766	0	0.756952	0	0.344847	0	220.295	0	77.1584	0	82.3089	0	440.885	0	0	0	0	0	0	0	0	0	0	0	0	0	0	0	0	0	0	0	0	0	0	0	0	0	0.042863	0	0.393661	0	0	0	0	0.00416667	0.00289855	0	0	0	0.0284091	0	0	0	0	0	0.032206	0	0	0	0.461471	0.00740741	0.00378788	0	0.227396	0	0.00497512	0	90.4085	0.00740741	0	0	0.0198276	0	0	0	0	0	0.0259119	0.00628931	0.00666667	0	0.00666667	0	0.00666667	0.00628931	
1.26933e+07	MFG_R_7_2	18045	336.448	3486.54	192.909	12422.1	352.49	0.0296296	575.059	0.445507	0.0220401	303.125	0.0444939	8.10803	0.546884	0.00757576	23880.2	0	0	0.0881844	129754	0.0047619	88140.8	0.121212	4.15133e+06	0	70294.5	23.9956	2517.29	0.176566	83188.8	0.0047619	249.276	1.02151	106.113	0.0428571	0.480399	0.462551	0.391057	241.112	1.96231	0	0	0	0	0	0	0	0	0	0	15.7627	0	0	42759.2	0	34762.1	0.435338	2.72322	0.00416667	182.951	0	0.010101	0	871610	0.00606061	0	0.0577946	0.0252955	0.00292398	0	0	0	0	0.205443	0	0	0	0.021164	0	0	0	0	0	0	0	88.4917	0	0	0.00411523	0	0	0.280458	0.0465802	0	0	0	0	93.8976	0	0.0203831	0.00411523	0	0.526967	0	0.493636	0	0.00411523	0	0.00280112	0	0	0	0	0	0	0	0	0	0	0	0	0	0	0.0580694	0	325.513	0.251753	455.08	0	2450.82	0.0372303	30.3506	0.902745	204822	0.003663	266.451	1.29627	590218	0	10850.5	0	27.2373	0.0165853	0.830527	0	0.0306554	9.88304	0	9.21254	0.199612	0.340011	0.00537634	7.58298	0	0	46.3788	0	0	0	1.36339	0.0381579	0.0104167	0.0353793	0.00529101	0	0	8.33668	0	12.1111	0.021164	0	0	116.855	0.0128205	0	0.30028	0.00537634	0.0951305	0	0	0	0.297739	13.0897	0	7.40575	0	0	0	0.799865	0.00314465	0	0	0	0	0.0211694	0	0	0	0.0154148	0	0.096231	0	0	0	1.3824	0.00314465	0	0	0	90.3067	0	0.304916	0	0	0.00280112	8.15189	0.300699	0	0	0	0.309148	43.051	0	0	0	0	0.658586	1792.56	47.8271	0.100162	0	0.0107527	1.25377	0.97802	0.151048	0.0111111	0	0	0.00833333	0.258309	0	0.0111111	0	0.0111111	0	0.548069	
3.72147e+07	MFG_L_7_3	1.00064	8.70814	37349.8	0	197246	1264.77	704.362	0.146397	0	0.00396825	0.0567536	1.61467	888460	15197.9	1.38935e+06	0	23565.7	0.0881844	0	0.0708749	2.37484e+06	49.6071	542468	0.239701	8539.79	0.00280112	1.26115e+07	3563.31	94.5063	0.11242	2126.77	28.1684	949.287	13.6432	58.2173	0.0508072	0.0865622	5.1039	1265.29	0.0396825	0.0141254	0.00595238	137.11	0.200659	0.297704	0	0.266146	0	0.00740741	0	2762.67	0.00584795	335.914	0	1254.43	0.00416667	121.442	0.00374532	5.04395	0.141095	3.47046	0	10084.7	0	0.0928776	0.0252799	0	0	1.97206	0.0135802	856.029	0.00387597	0.930425	0	41588.4	0.00387597	0.215118	0.00252525	0.340666	0	27343.7	0	2.80826	0.653431	53382.4	0.0144182	1295.13	0	7116.34	0	13316.6	0	17.8456	0.624133	492.469	0.11934	403.922	0.0144182	71181	0	51110.6	0	187.867	0.0255332	0.0031746	0.134823	21293.4	0	0.0134388	0	0	0	0	0.0110698	0	0	0.0691105	0	0	0	24792.2	0	74194.1	0	1.09851	0.530719	4.02921	0.053368	1166.08	0	2200.72	0.6894	2775.28	0.0344613	787.141	0	34814.9	0.0305393	3785.4	0	38391.8	0	7383.94	0	1609.82	0.0145547	0.0629562	0.228458	0	0.514236	0.00976814	0.00350877	0	0	526.804	0	0	0	192.191	0	5985.67	0.0739526	6.4332	0	0.471129	0	233.597	0	226.315	0.0145547	82.7488	0	408.282	0	0.00245098	0.0398525	190.399	9.51534	0.00243309	0	0.00245098	0.0168885	0.00243309	0.00462963	0.00243309	0.0400338	0.152147	0.516657	0.0333174	0.789246	0.0589592	0	0.13419	0	0.0031746	0.0128217	0.317636	0	0.00438596	0	0.04037	0	0.178919	0	0.0103972	2.66097	0.037199	0.0147442	0	0.00330033	0.519359	0.678894	0.347207	0.466676	87.1449	9.62878	228.518	2.94487	0.247074	6.00034	209.435	13.0473	3.85283	0.0541698	2.08469	7.56432	2918.48	28.1907	256.027	0.999192	42.9465	8.20652	110.817	7.0063	0.12901	0.0961208	239.842	3.25608	9.3857	2.06576	56.4401	9.40037	345.065	18.2238	21.9186	5.12461	
3.79858e+07	MFG_R_7_3	287.183	36.9411	160.701	5485.68	1675.92	753181	0.126619	2252.8	0.0233313	0	287.79	0.00980392	17.4933	14129.2	0	1.66294e+06	0	129754	0.0708749	0	0	2.59425e+06	0	228027	0.0226054	1548.26	14.0946	7.84848e+06	0.00537634	473.646	0.00497512	57.8599	0.447333	1.07696	0.00546448	662.101	0	46.0585	2.48726	73.9913	0	0	0	58.6583	0.00241546	0.0135535	0	0.0285229	0	0	0.00387597	19.6588	0	219.474	0.0185185	2309.05	0.0143077	167.652	0.004329	1166.49	0	7.0274	0	273796	0.00406504	0.0457603	0	0.0203574	0	0.245273	0	50.8338	0	2.91534	0	48.4057	0	0.0382946	0	0.1121	0	42.4956	0	19.3357	0	27113.9	0	20.7093	0	27.5217	0	276.012	0	4.30722	0	24.6631	0	21305.1	0	24.2512	0	24.2124	0	163.599	0.0116899	5.67223	0.0035461	30.0092	0	0.436029	0	0.844021	0	31.0125	0	0	0	0.00326797	0	0	0	32.2084	0	1537.47	0.0355014	453.642	0.0144928	135.894	0.00416667	305.383	0.197837	1691.74	0.0152985	155023	0	17209.8	0.00347222	5.08698e+06	0	50033.3	0	15906.1	0	76957.6	0	372.512	0.21461	0.0186708	0.892551	2.76131	0.0373887	0.0149528	0.311357	0	0	1.72983	0.00362319	9.19196	0	4.43726	0.0938325	407.078	0.0144148	2.96104	0	0.602364	0.0386265	12.6728	0.0320389	283.583	0	5.85744	0.245933	44.4915	0	0.0812215	0.0224775	0.0209987	0.00680272	0	0	0.0812215	0.349739	0	0.487482	0	0	0	0.00229885	0.149253	0	0.0026455	0	0.0026455	0.0158641	0	0	0	0	0	0	942.435	0	0	0.0113642	0.0652061	0	0.0314443	0	1463.19	0	2.40003	0	1.90547	0.00197239	93.6072	0	40.3434	0	24.5664	0.0139712	1245.19	0.00358423	0.0623413	0.00241546	1070.77	0.00606061	122.395	0.0633961	9526.18	0.00374532	66.6584	0.205304	39.7302	0.0358062	3.08135	0	25.7859	0.0319625	2.76711	0.0139009	7.41564	0.00374532	21.4177	0.0420709	13.4353	
