data	data	1.81218e+07	2.45741e+07	5.27653e+07	9.27329e+07	2.21005e+08	1.35455e+08	3.34232e+07	6.86248e+07	2.71173e+07	2.34962e+07	2.72586e+07	6.87542e+07	1.87666e+08	4.99423e+07	4.2961e+07	4.09013e+07	1.6128e+07	1.30435e+07	5.91399e+07	4.45135e+07	1.03692e+08	9.24985e+07	3.09317e+07	3.51503e+07	3.65228e+07	8.33545e+07	6.18832e+08	4.87215e+08	1.35557e+07	6.72242e+06	1.05172e+08	2.65828e+07	4.15052e+07	7.04602e+06	4.04344e+07	1.87982e+08	8.60713e+06	9.19958e+06	1.41547e+07	8.01032e+06	2.22873e+07	1.74518e+07	3.79961e+07	8.47162e+06	5.7482e+07	5.53619e+06	2.76338e+08	2.9101e+08	1.12403e+07	7.50453e+06	7.01663e+07	8.65723e+06	6.83578e+07	6.18399e+07	2.08818e+07	1.28186e+07	2.376e+08	4.80249e+07	1.62867e+08	2.30492e+08	1.57857e+07	1.3148e+07	7.06407e+07	2.77681e+07	899635	5.4761e+06	2.29625e+06	5.92921e+06	1.23774e+08	8.30122e+07	2.86195e+07	5.8951e+07	6.40276e+07	6.35041e+07	1.92069e+07	5.29175e+07	1.15409e+08	7.028e+07	1.29734e+08	3.79069e+07	8.35607e+07	6.27973e+07	5.56801e+07	7.77284e+07	1.00097e+08	4.75705e+07	2.74807e+07	9.79033e+07	5.39431e+07	3.65467e+07	2.527e+07	2.48e+07	1.54382e+07	1.67371e+06	7.59474e+07	7.82316e+06	6.98582e+07	1.89135e+07	1.50816e+07	8.13973e+06	1.9368e+07	1.22914e+07	1.4656e+08	1.30557e+08	1.3109e+08	3.5764e+08	1.17047e+08	1.1182e+08	5.82091e+07	2.60256e+07	1.70654e+07	2.5444e+07	1.69094e+07	4.10725e+07	3.42745e+07	8.68963e+07	1.09436e+07	7.25095e+06	1.32509e+07	5.22273e+07	1.04503e+07	1.5685e+07	1.14567e+07	7.37874e+06	3.91746e+07	5.25722e+07	2.13559e+07	6.22675e+07	4.72129e+06	1.3787e+07	2.79977e+07	1.32458e+07	3.03911e+07	3.82707e+07	4.12481e+07	8.98196e+07	5.64613e+07	2.74295e+08	1.80382e+07	3.79434e+07	3.57548e+07	5.20649e+07	6.19524e+07	4.77728e+07	1.39697e+07	1.35921e+07	8.13466e+06	1.62064e+07	8.75951e+06	1.85822e+07	3.07189e+07	9.46872e+07	5.06872e+06	8.42295e+06	2.5796e+07	9.12327e+07	8.56220e+06	3.11975e+06	1.30479e+07	2.13808e+07	1.2152e+08	6.88096e+07	1.06198e+07	4.44601e+07	2.55994e+07	6.77929e+06	1.73446e+07	5.18032e+06	1.20558e+08	7.35405e+07	5.5486e+06	2.68392e+06	4.91111e+07	4.74293e+06	367419	1.49832e+06	3.17297e+06	1.11461e+07	2.84598e+07	1.06233e+07	2.92033e+06	7.32368e+06	9.57264e+06	1.9901e+06	9.43902e+06	6.32675e+06	1.17225e+07	1.04274e+07	2.26089e+07	1.16566e+08	2.38688e+08	1.49534e+08	2.28604e+08	1.47831e+08	1.68644e+07	1.24839e+08	4.88638e+08	2.5781e+08	7.98085e+07	1.34282e+08	2.53224e+07	1.88993e+07	1.36652e+08	1.4939e+08	1.53106e+08	2.19932e+08	8.44209e+07	1.30342e+08	3.33798e+07	2.23836e+08	4.66039e+06	9.44822e+07	1.06372e+08	1.62355e+08	3.57701e+08	5.35181e+08	2.84495e+08	3.31557e+08	7.42138e+07	2.14571e+08	2.3881e+08	4.80367e+08	3.67605e+08	4.82863e+08	8.49984e+08	3.39158e+08	6.78349e+07	1.43661e+08	2.7421e+08	5.72319e+08	9.37505e+07	1.52354e+08	3.13813e+08	6.87947e+07	1.12189e+08	2.73272e+07	9.06354e+07	6.09709e+07	9.88986e+07	5.08954e+07	7.29775e+07	1.05635e+08	6.98278e+07	9.91552e+07	2.06786e+08	7.64354e+07	
data	data	SFG_L_7_1	SFG_R_7_1	SFG_L_7_2	SFG_R_7_2	SFG_L_7_3	SFG_R_7_3	SFG_L_7_4	SFG_R_7_4	SFG_L_7_5	SFG_R_7_5	SFG_L_7_6	SFG_R_7_6	SFG_L_7_7	SFG_R_7_7	MFG_L_7_1	MFG_R_7_1	MFG_L_7_2	MFG_R_7_2	MFG_L_7_3	MFG_R_7_3	MFG_L_7_4	MFG_R_7_4	MFG_L_7_5	MFG_R_7_5	MFG_L_7_6	MFG_R_7_6	MFG_L_7_7	MFG_R_7_7	IFG_L_6_1	IFG_R_6_1	IFG_L_6_2	IFG_R_6_2	IFG_L_6_3	IFG_R_6_3	IFG_L_6_4	IFG_R_6_4	IFG_L_6_5	IFG_R_6_5	IFG_L_6_6	IFG_R_6_6	OrG_L_6_1	OrG_R_6_1	OrG_L_6_2	OrG_R_6_2	OrG_L_6_3	OrG_R_6_3	OrG_L_6_4	OrG_R_6_4	OrG_L_6_5	OrG_R_6_5	OrG_R_6_6	OrG_R_6_6	PrG_L_6_1	PrG_R_6_1	PrG_L_6_2	PrG_R_6_2	PrG_L_6_3	PrG_R_6_3	PrG_L_6_4	PrG_R_6_4	PrG_L_6_5	PrG_R_6_5	PrG_L_6_6	PrG_R_6_6	PCL_L_2_1	PCL_R_2_1	PCL_L_2_2	PCL_R_2_2	STG_L_6_1	STG_R_6_1	STG_L_6_2	STG_R_6_2	STG_L_6_3	STG_R_6_3	STG_L_6_4	STG_R_6_4	STG_L_6_5	STG_R_6_5	STG_L_6_6	STG_R_6_6	MTG_L_4_1	MTG_R_4_1	MTG_L_4_2	MTG_R_4_2	MTG_L_4_3	MTG_R_4_3	MTG_L_4_4	MTG_R_4_4	ITG_L_7_1	ITG_R_7_1	ITG_L_7_2	ITG_R_7_2	ITG_L_7_3	ITG_R_7_3	ITG_L_7_4	ITG_R_7_4	ITG_L_7_5	ITG_R_7_5	ITG_L_7_6	ITG_R_7_6	ITG_L_7_7	ITG_R_7_7	FuG_L_3_1	FuG_R_3_1	FuG_L_3_2	FuG_R_3_2	FuG_L_3_3	FuG_R_3_3	PhG_L_6_1	PhG_R_6_1	PhG_L_6_2	PhG_R_6_2	PhG_L_6_3	PhG_R_6_3	PhG_L_6_4	PhG_R_6_4	PhG_L_6_5	PhG_R_6_5	PhG_L_6_6	PhG_R_6_6	pSTS_L_2_1	pSTS_R_2_1	pSTS_L_2_2	pSTS_R_2_2	SPL_L_5_1	SPL_R_5_1	SPL_L_5_2	SPL_R_5_2	SPL_L_5_3	SPL_R_5_3	SPL_L_5_4	SPL_R_5_4	SPL_L_5_5	SPL_R_5_5	IPL_L_6_1	IPL_R_6_1	IPL_L_6_2	IPL_R_6_2	IPL_L_6_3	IPL_R_6_3	IPL_L_6_4	IPL_R_6_4	IPL_L_6_5	IPL_R_6_5	IPL_L_6_6	IPL_R_6_6	PCun_L_4_1	PCun_R_4_1	PCun_L_4_2	PCun_R_4_2	PCun_L_4_3	PCun_R_4_3	PCun_L_4_4	PCun_R_4_4	PoG_L_4_1	PoG_R_4_1	PoG_L_4_2	PoG_R_4_2	PoG_L_4_3	PoG_R_4_3	PoG_L_4_4	PoG_R_4_4	INS_L_6_1	INS_R_6_1	INS_L_6_2	INS_R_6_2	INS_L_6_3	INS_R_6_3	INS_L_6_4	INS_R_6_4	INS_L_6_5	INS_R_6_5	INS_L_6_6	INS_R_6_6	CG_L_7_1	CG_R_7_1	CG_L_7_2	CG_R_7_2	CG_L_7_3	CG_R_7_3	CG_L_7_4	CG_R_7_4	CG_L_7_5	CG_R_7_5	CG_L_7_6	CG_R_7_6	CG_L_7_7	CG_R_7_7	MVOcC	MVOcC	MVOcC	MVOcC	MVOcC	MVOcC	MVOcC	MVOcC	MVOcC	MVOcC	LOcC_L_4_1	LOcC_R_4_1	LOcC_L_4_2	LOcC_R_4_2	LOcC_L_4_3	LOcC_R_4_3	LOcC_L_4_4	LOcC_R_4_4	LOcC_L_2_1	LOcC_R_2_1	LOcC_L_2_2	LOcC_R_2_2	Amyg_L_2_1	Amyg_R_2_1	Amyg_L_2_2	Amyg_R_2_2	Hipp_L_2_1	Hipp_R_2_1	Hipp_L_2_2	Hipp_R_2_2	BG_L_6_1	BG_R_6_1	BG_L_6_2	BG_R_6_2	BG_L_6_3	BG_R_6_3	BG_L_6_4	BG_R_6_4	BG_L_6_5	BG_R_6_5	BG_L_6_6	BG_R_6_6	Tha_L_8_1	Tha_R_8_1	Tha_L_8_2	Tha_R_8_2	Tha_L_8_3	Tha_R_8_3	Tha_L_8_4	Tha_R_8_4	Tha_L_8_5	Tha_R_8_5	Tha_L_8_6	Tha_R_8_6	Tha_L_8_7	Tha_R_8_7	Tha_L_8_8	Tha_R_8_8	
1.81218e+07	SFG_L_7_1	0	408423	4.36484e+06	19240.2	1.36669e+06	764.289	815631	192090	228325	49108.8	227691	1535.89	17076.9	414.506	1183.99	0.287732	151.582	43.0789	12.8695	6.20697	153.908	255.148	300.919	0.333572	1152.01	6786.24	0.321958	1.92285	795.504	308.512	286.066	153.507	2320.21	34199.3	0	81.8807	4343.73	46.2906	5530.47	157.992	0.0104167	25.6034	0	0	0.00378788	0	0.0150664	0.939697	0.0357143	14.2878	0	0.00512821	0.0270563	0	0.860188	0	12.8451	0.180572	6.07828	30.3246	10.4207	0.00374532	0.381539	0.224139	132.129	486.33	54.5916	24.8979	2.32695	0	0.881356	0	0.0251082	0.0467636	0	0.0169913	11.0776	0.0960508	2.61761	0	0.638084	0	1.95747	0.095773	0.0218638	0	0.189625	0	0	0	0	0	0.00330033	0.00271003	0.121377	0	2.37129	0.190672	0.265018	0	0	0	0.0601822	0	1.25528	0.0342622	0.45933	0	0	0	0.00490196	0	0.0168885	0	0.0196078	0.074642	0.0392157	0	0.0417574	0	0	0	0	0	175.894	11.9532	5.42492	5.45351	0	0	345.397	0.401062	0.0205008	6.0093	1.21646	1.08478	0.229197	42.773	0	0	0	0.00483092	0.301785	0.0179952	0	0	163.942	14.8053	1001.07	534.803	25.3377	2.99152	14.2188	124.509	0.498477	0	0	0	0.308298	0	73.2902	9.01452	4.28392	6.92324	0.220484	0.00226757	0.0796586	4.46525	2509.71	54.7116	0.061772	0.025679	3205.15	1.2958	0.00666667	0.00775194	284.052	3400.08	84.3393	48277.9	164.16	2.28184	47443.9	9776.61	40.0214	3396.4	1.92325	683.01	0.209404	0.446554	1.40308	0.095164	5.78931	0.00347222	6.60968	1.43197	3.92549	0.017316	3.35742	0.285713	10.8931	0.00358423	2.65109	0.00347222	14.1333	0.0154768	76.9962	0.37446	0.0728457	31.1709	0.00925926	184.445	0	0.00411523	654.465	694.331	1.03271	0.23508	0	0.00217865	26730.5	8573.86	0	2.2196	0.0709491	0.00241546	2731.47	871415	52.2861	315.399	2.89679	0.01511	156412	0.0439416	0.464306	0	96.8091	0	9765.87	0.00537634	3888.1	0.00555556	1867.28	0	104535	0.0439416	
2.45741e+07	SFG_R_7_1	408423	0	1.41841e+06	672753	173154	219763	2981.68	2.13209e+06	580.249	677875	2315.69	927099	1091.7	80.5245	259.322	4.56469	2209.65	3108.96	792.104	4.32844	8218.52	479.789	57527	1432.71	1.38907e+06	7.36803	57.2113	3.21651	0.0249243	7706.71	732.372	560.5	237.254	19695.8	3.78443	15.3437	0.232004	106.74	0.936531	390.679	0.414221	0.699084	0	0	0	0	0.0339374	2.20604	0	0.215765	0.104634	0.0123457	0	0	5.05382	0	10.1517	0.194461	85.6681	116.646	0.304951	0.152505	0.230131	0.0119048	0.0973722	42989.1	1.85493	4166.57	4.64437	0.496509	0.0142463	0.00680272	0.0873515	0.871843	0	0	12.0023	0.00297619	0.0109297	0	0.00406504	0.00546448	0.00275482	1.90449	0.0168803	0.00546448	0	0	0	0	0	0	0	0.0796109	0	0	0.206789	0.00347222	0.0167084	0	0	0	0.00275482	0	0.531923	0.0168041	0.00362319	0	0	0	0.00444444	0	0	0	0.759873	0	0	0	0.00444444	0	0	0	0	0	7.03005	292.329	0.0742971	9.24374	0	0	3.21306	35.4447	0.352473	3.07183	0.188065	0.0664571	0.055129	19.0451	0	0	0	0	0.03663	0	0	0	0.312029	4740.3	3.95759	233513	0	49.9399	0.0264328	8581.65	0	0	0	0	0.00529101	0	3.58836	140.307	0.315593	8.69647	0.00595238	0	1.04045	0	222.915	8.56068	0.181916	0	1591.37	0.118732	0.00584795	0	26.9704	1209.01	38.1048	96335.2	0.0205848	2.00202	581.188	443722	0.12794	200997	0.00854701	7.48998	7.50624	0.0387196	0	0.00512821	0	0.00416667	2.9638	0.503421	0.00362319	0	0	0.0378165	0.0596368	0	0	1.08294	0.450239	1.62257	0.00362319	0.225381	0	14.9872	0	6431.66	0	0.51466	24.8444	95069.3	0.0143985	5.88111	0	0.00929163	41.1109	901895	0.044174	20.3512	0.0669082	3.98618	229.066	685082	0.340801	164.88	0.00374532	49541.7	118.386	783070	19.9823	56.9731	0.0254382	15.565	3.85334	117619	0	23009.6	0	42848.9	0.0460388	412954	
5.27653e+07	SFG_L_7_2	4.36484e+06	1.41841e+06	0	20990.8	9.50919e+06	13714.5	765191	72481.5	6.21588	18911	9.86679	10175.7	0.0321068	0.862911	305330	2.83413	9459.35	252.731	274.06	8.95767	29198.1	1329.66	1.69759e+06	2.82395	18135.3	736.991	6.44131	2.56758	25716.3	465.282	35890.7	833.4	122279	26197.3	79.3003	168.563	209345	62.361	451054	361.311	0	0	0.003663	0	0.153356	0	1.16336	0.00981555	0.020202	0	52.6115	0.021511	9.00655	0	144.941	0.380222	261.81	1.82861	35.527	107.219	1051.47	0.0311488	1245.69	0.185631	0.526658	4.04747	1.64145	24.8665	58.499	0.00462963	60.3077	0	34.5327	0.019293	0	0	387.902	0.268765	141.9	0	30.0876	0	96.897	0.216061	0.645057	0.00416667	15.067	0	0.017836	0	0.043556	0.0138173	0.0352825	0.00271003	3.04548	0	210.988	0.238162	8.76037	0	0.00490196	0	6.3151	0	43.1679	2.21163	30.5791	0.0344246	0.00347222	0	0	0	0.264773	0	0.0174897	0.021511	0.0140266	0	0.0174897	0	0	0	0	0	553.429	196.703	4.62038	31.1699	0.153575	0.0042735	376.241	20.3433	2.38815	32.3785	77.1063	2.68376	17.3769	66.5983	0	0	0.00529101	0.00483092	26.3183	0.0182088	0	0	56.503	0.914901	39.8733	37.7431	2.90337	0.0802413	3.4241	0.45552	40.0511	0.00387597	0.124878	0	54.4191	0.00333333	866.285	25.9998	465.841	12.7839	2.58918	0	32.6617	1.50491	87954.3	78.9697	79.1408	0.00653595	149917	1.79613	0	0	22.1038	335.336	0	0.0393519	3.58311	0.228908	0.296755	0.00980392	0.375427	0.0757286	0	0	7.6133	12.9417	47.1821	0.00358423	149.214	0.222576	164.768	20.7419	32.3689	0	64.0181	1.42226	388.746	0	51.2995	0.1285	388.491	1.82521	4956.09	0.696551	2.45616	56.5899	2.34019	228.652	0.0376353	0.00462963	42321.1	2001.74	1.09009	0.0177657	0.00294985	0.0198428	926657	11529.3	0.660451	0.0528634	3.12069	0.0100803	80193.9	869727	3628.99	1048.49	2128.97	0.0516142	2.77805e+06	4.2533	19.4176	0.368236	6129.21	0	262414	0.538452	156416	0.00653595	100649	0.0580836	1.75894e+06	3.55683	
9.27329e+07	SFG_R_7_2	19240.2	672753	20990.8	0	651.457	1.19555e+06	26.9921	3.44407e+06	1263.87	9.92611	80.9632	14.718	10.2223	0	1.70374	1.02473e+07	8.13309	284865	10.7573	84311.5	586.036	360912	654.31	4.80645e+06	16185.7	2.14713e+07	3.44639	1.29322	0.00680272	397451	360.135	20188.5	243.544	561932	0.148216	21581.4	0	3872.33	0.166444	24392.8	0	0	0	0	0	0	0	0.00266667	0	0	0	5.94166	0	0.10989	8.90803	48136	12.6919	13667.4	94.2766	1426.47	0	0.681628	0	2068.05	0.00564972	0.00813008	0	0.213307	0.00546448	0	0.00444444	1.44517	0	2.42529	0	0.144008	0.00546448	0.0808631	0	0.0220521	0.00444444	1.69177	0	0.26221	0	25.8895	0.00444444	0.709449	0	2.34996	0	3.58211	0	0.0398782	0	0.00217865	0.0045045	90.7226	0.0045045	0.800016	0	0.00574713	0	0.22809	45.599	0.289511	0.00462963	0.139185	0	0	0	0	0	0	0.552401	0	0	0	0	0	0	0.00740741	0	0.0321332	7.1543	9443.22	0.0572147	2211.02	0	0.475988	2.91441	39.0689	0.722858	19630.8	0	511.806	0.0149813	23552.4	0	0	0	0.533605	0	9.5668	0	0.688055	0	0.0881925	0.0870909	2.03632	0	0	0	0	0	67.5485	0	0	0	1.07161	6.33446	60.0526	0	1373.03	0	0	0	57.463	0.0983732	2975.9	0.00724638	5.96421	8.27153	99.6307	0.00584795	0	0.51488	4.98962	4.0536	0	0.00584795	0.00584795	1083.37	0.015873	0.00813008	0.935065	0	0	33.0714	1.5475	0.0192095	0.00444444	0	0.0403653	23.9888	5.82915	0	0	0	2.15617	0	7.20015	0	0.0675772	25.1864	1.9582	0	3.09564	0	9331.58	0.0490144	22375	0	0	47.9957	197844	0	0.0708342	0.003663	0	48.5467	2.2038e+06	0.00347222	0.232433	0	0.0238781	3.83284	35269	0.250608	17092	0	33.2747	336.762	86776.3	28.871	1.80696	0	0.331929	4.42211	115.477	0	10.9095	0	17.5875	0.003663	9197.63	
2.21005e+08	SFG_L_7_3	1.36669e+06	173154	9.50919e+06	651.457	0	1.30185e+07	36.718	284.288	33768.1	636.077	8.15072e+06	762493	6.87548e+07	2.9256e+06	963285	15057	1395.78	612.388	1.3729e+06	178935	151620	27486.9	26.6945	14.6317	3.38403	2.30547	479660	604431	302.607	183.858	45638	1284.31	38734.9	1759.77	5101.2	3464.38	21245.3	0.0266773	4343.94	0	0	0.200397	0.699805	0.0275177	0.0325043	0	0.719729	1.43491	0	0.201365	42268.8	0.00724638	4.72981	0	4.78628	0.00401606	159.407	0.0400298	0.624243	16.4802	0.27645	0	0.675092	4.20519	12189.8	10.1991	1818.43	22.7966	3.08386	0	0.0513393	0	0.00520833	0	0	0	3.04016	0	3.44919	0	0.0174359	0	2.55763	0	0.0045045	0.00396825	0.0201352	0	0	0	0	0	0	0	0.00444444	0	1.4772	2.79362	0.114427	0	0	0	0.215952	0	0.221613	0	0.169508	0	0.0372064	0.0994854	12.3855	0.00401606	0.0168776	0	218.284	2.10879	6.22394	0	60.5641	0.90133	0	0	0	0	1778.16	34.9877	195.385	1.42158	0.491227	0	3724.77	6.14617	2.70628	2.75747	0.975714	0.253668	2.37354	10.4201	0	0	0	0	0.359608	0.0168803	0	0	13975.9	10.7992	37661.2	110.445	30648.3	118.627	15663.3	10.1774	21.0189	0	0.0600694	0	27.3566	0	463.53	4.18437	27.8757	0.0843828	0.175404	0	3.37415	0.0035461	743.809	0.122853	1.20641	0	192.352	0	0.0237082	0.0411412	14581.2	21516.6	82430.4	1.24949	47430.4	187.128	5356.37	0.00833333	84324.6	1.51697	7.4893	2.27748	0.0181373	0.0700008	0.985776	20.1026	21.0013	1.4396	0.330233	0.0700008	490.835	9.84743	11.0824	0	2.06392	0	20.4186	0.0267639	3.34038	0.034092	59.4547	83.7638	0.216303	15.9111	1.47766	3.47548	0.558038	0.011876	2288.85	27.3981	633.758	54.5645	0	0.00241546	25610.9	63.6681	0.276282	0.0433087	19.5834	0.00262467	45674.1	82395.4	1245.75	38.155	17764.4	0.0478831	131033	0.00537634	0.569594	0.0128827	4611.83	0.00241546	226544	0.181814	147392	1.18929	79291.3	0.0211694	705175	0.0501152	
1.35455e+08	SFG_R_7_3	764.289	219763	13714.5	1.19555e+06	1.30185e+07	0	9.70741	718.312	0.60833	142.51	119819	2.72793e+07	1.47361e+06	3.32502e+06	486607	4.53897e+06	3.8891	161.527	772013	3.08001e+06	238528	733248	69.8089	1163.36	33.4025	245.029	7049.65	113584	0	3.90047	60877.7	76860.8	32775.1	68532.3	360.887	910594	0.00469484	48299.7	0.0901901	5.5367	11.0496	0.117466	0	0.00268817	0.00584795	0	0.52911	16.8322	0	0.0104167	16924.5	410.501	0	0	0.935118	56.6217	8.2743	7252.79	47.0605	876.764	0.0191511	696.69	0.00401606	39.5374	0.00421941	4573.5	0	62.183	0	18.1973	0.00282486	3738.34	0	211.079	0	5140.81	0	65.4507	0.00236407	124.216	0	19937.5	0.00236407	2810.72	0	16904	0	9776.3	0	980.754	0	1192.46	0	76.5368	0	433.022	0.00383142	4279.69	0	638.5	0	9.96031	0	201.036	182.929	5.05974	0.146449	87.7852	0	0	0	0	0	0.0348501	0.03623	4.16569	0	0.00411523	0.00421941	0.15981	0	9968.48	0	178.015	1.04912	3008.21	0.0335886	1416.77	0.0128852	539.594	1.27226	7539.54	0.223582	2040.89	0.003367	2051.89	0.0545392	35725.2	0	6.83516	0	895.505	0	515.867	0	4378.97	2.81974	33338.3	0.449159	159039	0.0722905	21372.7	23.0233	429390	0	312.218	0	40.6758	0	4651.72	7.92281	119141	0.156567	5536.12	0	0.0241946	0.0542415	19043.2	0.851147	56821.8	0.00362319	11846.9	2.58953	28508.3	0	0	5453.67	15291.3	14743.6	317969	0.0327592	16439.2	3.01688	1634.3	0.312995	95693.9	0.712252	18480	122.938	6.52606	0	1.36875	0.00323625	285.717	37.0204	7.81204	0.00546448	0.0376784	0.00323625	3102.96	0	90.2011	0.00323625	3231.81	2.39841	3.83808	0.0122696	1793.78	0.00314465	19411.5	0.013913	16851.5	0	37.2325	6.68376	18197.2	0.0327592	1857.93	0	101253	11.8593	755620	0.015882	6638.03	0.142833	4606.38	9.00823	1.7655e+06	0.473521	3.12944e+06	0.0361687	602507	166.497	753332	19.7564	2.34457	0.015882	2630.76	1.67247	87803.3	0.0163605	154219	0.0361687	130598	0.233346	810372	
3.34232e+07	SFG_L_7_4	815631	2981.68	765191	26.9921	36.718	9.70741	0	291096	1.06818e+07	720832	0.00813008	0.00641026	0	0.0218638	18.0748	0.00387597	0.889	0.00401606	2.05713	0	5.1434	3.80268	12.148	0	75774.6	4698.05	0.212493	0.456614	666.747	1.24499	4.68155	0.999957	10.5724	20.2602	0.987265	12.2422	3.83484	8.78306	133.336	29.6711	0	0.00595238	0.0984382	0	0.00234742	0	0.269535	0.112354	0.0601648	0.00595238	36.7562	0.00512821	913.955	0	277212	1772.58	963.269	0.551879	28906.9	78720.7	4220.69	0.467173	22325.3	0.424554	4.09296	159.73	181.989	69659.8	195.649	0	0	0	15.4193	0.0070922	0	0	267.407	0	6.36072	0	0	0	0.949156	0	0	0	0	0	0	0	0.0203859	0	0	0	0	0	0.00497512	0	0.752294	0	0	0	0.185697	0	129.462	1.80754	0.216424	0	0.00326797	0	0	0	0.00411523	0	0.0368939	0.00490196	0	0	0	0	0	0	0	0	4.3365	10.2945	0.237962	4.03022	0	0.0042735	6.87273	0.740543	0.0267871	4.21376	36.4095	0.232148	2.3835	2.32323	0	0	0	0	15.0873	0	0	0	0.201935	21.899	6.16819	777.043	0	2.62126	0.0559177	39.0306	0	0.0149018	0	0	0	0	15.3816	11.712	5.68045	0.539433	152.139	0	43.5992	0.140771	24905.9	1.42638	0.131916	0.00666667	12728.8	0.0697151	0	0	0	0	0	0	0.0299966	18.2382	0	0	0.120851	2.8819	0	0	39.9784	2.07448	1.2764	0	0.424196	0.00343643	199.603	2.34289	95.4414	0	0.0733485	0	19.7732	0	0	0	655.038	1.54391	24.2134	0	0.220114	1.78997	1.06727	2184.88	0.0401814	0.0169753	88922.6	4584.96	0.0938845	0.318352	0.00595238	0.0992308	73242.3	25066.8	11.5041	0.0253611	1.99437	0.0030581	312.831	62185	43124.3	102.42	0	0.00883351	2.32344e+06	1.01353	10099.7	0.922027	0.031339	0	110.424	0.0763436	19.6126	0	8.45067	0	193541	0.327762	
6.86248e+07	SFG_R_7_4	192090	2.13209e+06	72481.5	3.44407e+06	284.288	718.312	291096	0	540992	1.17174e+06	5.83042	0.0328328	0.00833333	0.0886364	0	13.6138	0.0281481	21997.9	0.0037037	10.5075	1.12253	12923.4	171.169	10983.6	130483	1.17131e+07	0.0037037	0.355588	0.00680272	303948	2.00226	14853.8	1.71613	13846.6	0.321027	7634.6	0.0796263	17557.2	0.108998	510977	0	0	0	0	0	0	0	0.013826	0	0	0.0754171	62.32	0.0270714	13.4977	9.73028	487951	247.065	38153.1	747.022	60188.5	0.511521	95122.1	0.165209	63525.3	1.35442	0.0570408	14.5021	6.37831	5.61872	0	0	1.3126	0.128274	2834.58	0	0.441011	14.5418	0.447001	0	0.0461852	0	0.358457	0	0.781086	0	0.217347	0	1.23901	0	0.0431259	0	0.0489874	0	0.00512821	0	0.00520833	0.00444444	0.567224	0.0365999	0.0176981	0	0	0.002849	0.0362958	335.399	2.59449	0.0383402	0.0500239	0	0.00297619	0.00444444	0.00297619	0	0.00383142	2.84362	0.00297619	0	0	0.00444444	0.0328815	0	0	0	0.00925926	25.1075	50870.1	0.240719	492.683	0	0.469027	37.3868	499.511	2.08309	28672.4	0.18194	14.7191	0.134383	2758.22	0	0	0	0	0.0152625	0.031764	0	1.33045	0.0858029	0.115236	4.56173	0.840513	0	0	0	0	0	28.102	0	0	0	86.6826	28.9805	1525.73	0.596972	175.705	0.0242504	0	0.224476	144.926	324.614	371.91	0.396811	8.40936	1894.54	407.811	0.00584795	0	0.105641	0.0314815	0.00833333	0	0.0205848	0.00584795	196.139	0	0.193495	0.00497512	0	0	214.271	13.5741	0.0754083	0.0770617	0	0.98464	60.3936	31.8087	0.0335968	0	0	14.1396	0.0601595	0.039071	0	3.19199	179.775	18.273	0.0596145	13.82	0.0035461	1386.46	2.30885	366228	0	0.00297619	1360	1.3923e+06	0.0145869	0.0767973	0.003663	0.00245098	1850.94	1.06278e+07	0.125699	0.630266	0.110598	0.0602092	3.69777	14394.5	11.5346	16796.2	0	0.419436	2302.9	394120	133.972	3977.42	0.109146	0	28.4265	613.981	1.47905	14.1904	2.01807	34.6458	95.5894	46463.1	
2.71173e+07	SFG_L_7_5	228325	580.249	6.21588	1263.87	33768.1	0.60833	1.06818e+07	540992	0	853896	72.4034	0.129167	708.841	0.00537634	4.87533	0	0	0.00680272	1.84507	0.00584795	2.26854	1.76832	0	0	6.11068	4058.74	0.278443	0.413283	0	0.0637632	1.89222	0.919239	0.323793	23.2341	0.0706602	3.70256	0	1.26442	0	6.92429	0.00490196	0	0	0	0	0	0.0203859	0.180475	0.00854701	0	0.00239808	0	0.0119048	0	8022.21	4881.18	10.9574	0	204809	427849	0	0.292477	0.0111111	0.216979	1481.8	134.919	271488	18661.7	1.70949	0	0	0	0	0.00438596	0	0.00438596	3.8376	0	0.325553	0	0	0	0.116699	0	0	0	0	0	0	0	0	0	0	0	0	0	0	0	0	0	0	0	0.0146032	0	0.587415	0	0	0	0	0	0	0	0	0	0.00401606	0.00490196	0	0	0	0	0	0	0	0	212.563	0.470914	0.0228979	0.2366	0	0	1084.55	0.537924	0.00294985	0.0970298	0.295846	0.00383142	0	0.568836	0	0	0	0	0.16746	0	0	0	4.57934	78.3065	3465.27	704.019	0.477191	11.7939	0.344514	126.794	0	0	0	0	0	0	57.2055	15.2364	0.0153614	0.188846	2.0063	0	0.710005	0.0551077	257.31	0.546226	0	0	387.703	0.0070922	0	0	0.0592885	0	0.144298	0.0208333	1.79689	61.4033	40291.1	574.022	144286	21.214	0	0	0.906278	0.0158641	0.0379747	0	0.0379747	0	0.880158	0.0035461	0.0718318	0	0	0	0.225186	0	0	0	3.07383	0	0.747084	0.00387597	0.0045045	0.135258	0.0918473	445.46	0.00512821	0	513.28	638.862	0.0031746	0.807714	0	0	1337.55	4607.83	0.0455982	0	0	0	244.849	3895.89	193.012	7.5843	0.0070922	0	51899.7	0	356.153	0	0.176598	0	21.7229	0	6.01485	0.00694444	1.25725	0	19903.2	0	
2.34962e+07	SFG_R_7_5	49108.8	677875	18911	9.92611	636.077	142.51	720832	1.17174e+06	853896	0	4.51188	707.901	12.9395	1.72647	0	0	0	0	0	0.00574713	0.0149092	0.249179	6.67506	0	196360	0.776841	0.0718342	0.835213	0.00641026	0	0.0620282	0.0070922	0.919332	0	0.00383142	0.715919	0.478263	0	0	1.93294	0.48131	0	0	0	0.263022	0	0.646334	0.245156	0.0308642	0.0311594	0.00362319	0	0.0652805	4.53202	273.278	602980	55.1131	0.0452107	1302.01	4.62639e+06	1.22998	22.4899	1.08284	114.855	3.84875	1138.32	175.86	196323	6.87465	0.435486	0	0	0.136776	0.0107527	0	0	22.1984	0	0.0113198	0	0	0	0.0113198	0	0	0	0	0	0	0	0.00294985	0	0	0	0	0	0	0	0.0642664	0	0	0	0.00330033	0	1.20694	0.0400755	0.00358423	0	0	0	0	0	0	0	0.0218579	0	0	0	0	0	0	0	0	0	1.46464	37.0197	0.0133227	0.228717	0	0	5.12781	5.97905	0.0896556	0.162146	0.0938554	0	0.0597586	0.700912	0	0	0	0	0.00383142	0	0	0	0.00641026	14.7477	2.51343	5752.65	0.23161	0	0.00628931	19.6756	0	0	0	0	0	0	1.60809	2.15582	0.326279	0.124857	0.0236007	0	0.0539195	0.00854701	332.404	0.164844	0.30066	0	1169.38	9.92689	0	0	237.667	38.9414	0.671126	12.1913	0.228958	0.00606061	0.444326	25032.2	0.29817	249022	0.796004	0	6.96199	0.820537	0	0	0.002849	0.0692874	0.805717	0.596986	0.0312952	0	0.00289855	0.210885	0.17431	0	0.00289855	0.279035	2.46256	1.13431	0.0328476	0.161219	0.003663	0.3847	0	16922	0	1.23992	50.7363	93966.9	0.00546448	0	0.874435	0.0415552	133.188	2.05018e+06	0.874435	5.58835	0.00999534	0.308586	0	8352.31	2.50391	268.612	0	0.0022831	33.5772	117402	2.3187	33786.6	0	0	0.0437301	6986.67	0	874.867	0	793.641	0.0249158	17543.8	
2.72586e+07	SFG_L_7_6	227691	2315.69	9.86679	80.9632	8.15072e+06	119819	0.00813008	5.83042	72.4034	4.51188	0	14465.7	3.72273e+06	311.759	1.0331	1057.96	0.0104167	4.54109	1.76454	4877.14	42.323	1674.9	0	0.332699	0	0.28368	0.130688	1.08819	0	1.50883	31.8018	25.4048	9.23185	83.2676	2.7533	65.696	0	0	0	0	0	0.433183	0	0	0.00350877	0	0.00350877	0.0325292	0	0.107308	0.420753	0	0	0	0	0	0.00628931	0.00520833	0	0	0	0	0	0.24	0.180831	16.6957	0.454153	0.00757576	0.00392157	0	0	0	0	0	0	0	0	0	0	0	0	0	0	0	0	0	0	0	0	0	0	0	0	0	0	0	0	0.248536	0	0	0	0	0	0	0	0	0	0	0	0.00411523	0.0191936	0	0	0	0.217257	0.0383197	0.0176471	0	0.115	0.0189144	0	0	0	0	0.732747	0.0161908	1.10589	0.0168885	0	0	3.02321	0.0210091	0	0.0165638	0.00387597	0.016167	0.0156079	0.586942	0	0	0	0	0.00387597	0.00416667	0	0	91.9466	0.168145	24.7529	30.1596	387.415	3.07314	136.273	0.212368	0	0	0	0	0	0	0.0577065	0.197563	0.0353166	0.004329	0	0.00854701	0	0	0.0350397	0.0369468	0	0	0	0	0	0	80.9191	446.187	1.3493e+06	28541.7	3221.97	8.05414	46.0209	81.7279	219.554	186.904	111.119	151.125	0	0	0	0.238264	0.0164609	0.093762	0	0	4.6139	0.140343	0	0	0	0	0.0164609	0	0	0	0	1.05181	0	0.329955	0	0.00438596	0.00392157	0	31.3504	0.0383197	5.68778	1.75242	0	0.00584795	0.00505051	0.756384	0	0.101355	0.00350877	0.00584795	2.61487	15.4637	0.00396825	0.0759291	2.02051	0.0215054	0.53727	0.00537634	0	0	1.13225	0	6.91586	0.0215054	9.65587	0.0220521	9.1433	0.00537634	13.3262	0.0501152	
6.87542e+07	SFG_R_7_6	1535.89	927099	10175.7	14.718	762493	2.72793e+07	0.00641026	0.0328328	0.129167	707.901	14465.7	0	63816.7	1.07266e+06	69214.9	2.5459	1.78535	1.67689	73013.3	0.00854701	6583.1	0.535311	50.3966	6.47412	4.90282	0.00740741	512.316	0.0680001	0	0.103588	5255.34	1.88796	3702	5.10136	2.07796	0.233006	0	1.56573	0.00641026	0	0.330935	19.3093	0	0	0	0	0.0612766	0.1539	0	6.9832	0.518968	0	0	0	0	0	0.00362319	0	0.0149888	1.67838	0	0	0	0	0	7480.46	0	32.4274	0	0.0177543	0	0	0	0	0	0	0	0.0030303	0	0	0	0	0	0.0465241	0	0	0	0	0	0	0	0	0	0.0047619	0	0	0.00383142	0	0	0	0	0	0	0	0.448794	0.0172757	0	0	0	0	0	0	0	0	0.00537634	2.67189	0	0.00411523	0	0.0208232	0	0	0	0	0.0144996	0.562742	0	0.9283	0	0	0.003663	0.371021	0.0035461	0.0778712	0	0	0	1.33966	0	0	0	0	0	0	0	0	1.44853	39730.4	0	238779	0.0191594	16764.7	28.2899	417202	0	0	0	0	0	0	0.00362319	0.898074	0	0.239022	0	0.00854701	0	0.378244	0	0.128402	0	0	0	0.874817	0	0	119.237	28698.3	89.7556	2.95229e+06	0	8119.04	5.60286	13010	0	187914	0.0812813	171235	0.534239	0	0	0.0494994	0	0.0165638	0.164065	0.00387597	0.00546448	0	0	0	0	0	0	0.0165638	0.00383142	0.01406	0	0.0400338	0	1.51356	0	11.7083	0	0.0246753	0.0323343	95.3691	0	427.459	0	0.536824	0.0602846	1170.08	0.00374532	14.0685	0.00374532	12.993	0.0128205	1876.42	0	47.5179	0.00374532	150.625	0.0134769	474.6	0.119891	0.0130614	0.00374532	0.0789474	0.0037037	140.018	0	83.3689	0	45.9836	0.00374532	469.764	
1.87666e+08	SFG_L_7_7	17076.9	1091.7	0.0321068	10.2223	6.87548e+07	1.47361e+06	0	0.00833333	708.841	12.9395	3.72273e+06	63816.7	0	8.33929e+06	161.77	2663.15	0.0380952	0.00564972	434942	143531	2233.66	0.166884	0	0	0	0	2.79118e+06	2.9972e+06	0	0	13.3815	0.00606061	0.003367	0.0249417	369.057	0.0284203	0.0469136	0	0	0	158683	494.214	0.431447	0.0275177	0.00757576	0	14.9413	198258	776.973	1.67589	20401.6	0.00724638	0	0	0	0	0.00935684	0	0.00935684	0	0	0	0	0	39.2155	0.046183	70.0326	0.0562805	0.572594	0	0	0	0	0	0	0	0	0	0.00333333	0	0	0	0	0	0	0	0	0	0	0	0	0	0	0	0	0	0	0	0	0	0	0	0	0	0.00462963	0	0	0	0.0165791	0.0645012	9.1489	0.00401606	0	0	215.864	2.45735	7.36332	0.0035461	64.9401	1.12274	0	0	0	0	2.6496	0.00444444	3.78027	0	0	0	8.36321	0.020683	0	0	0	0	0	0	0	0	0	0	0	0	0	0	3858.71	0.730664	1529.37	3.81993	92385.7	185.608	35801.3	5.81334	0	0	0	0	0	0	0.0175956	0	0	0	0	0	0	0	0.00462963	0	0	0	0.0249417	0	1.24462	0.00294985	100012	25055	4.17189e+06	85.0562	48783.8	170.034	20247.1	0.0759571	137750	1.45695	65648.8	18.9138	0	0	0.0045045	6.95888	0.0045045	1.27605	0	0	1078.4	40.052	0	0	0	0	0	0.0114324	0.0770664	0	0.0045045	216.46	0	2.77748	0.93086	0.0521208	0.665375	0.011876	347.569	3.68629	522.828	90.0437	250.427	0	1.48021	0.025828	50.2324	5.05804	360.638	0	889.106	0.288816	0.0705755	0.0035461	393.869	0	133.304	0	0	0	11.5408	0	26.2223	0.0185507	44.8687	3.32834	89.7188	0	554.403	0	
4.99423e+07	SFG_R_7_7	414.506	80.5245	0.862911	0	2.9256e+06	3.32502e+06	0.0218638	0.0886364	0.00537634	1.72647	311.759	1.07266e+06	8.33929e+06	0	2030.2	0	8.73331	0	19821.2	34378	455.63	680.928	1.84802	0	1.10044	0	1.61361e+06	4.86598e+06	0.0236007	0	3.21531	0.0114943	0.92664	0.00606061	1.70616	1405.28	0	3.44906	0	0	86292.6	227960	0	1897.84	25.3802	0	100554	52608.9	88.8779	2730.76	4440.79	482.05	0	0	0	0.0213675	0.0349513	16.6612	0.226436	5.07977	0	0.28319	0	0.0523502	0	134.858	0.0204145	1.18105	0.0280839	95.2753	0	0.532323	0	0.125751	0	0.973758	0.0152991	0.758918	0.00444444	0.129725	0	13.3032	0	98.8216	0	12.7236	0	6.15344	0	0.00226757	0	0.0688259	0	2.28138	0	0.0153277	0	0.736709	0	0.837963	0	0	0.011148	0.00226757	0.00308642	0.0590467	0	0	0	0	0	0	0	0.00323625	0	0.0171645	0	0	0	0.00406504	0	4.06398	0	0.0191453	1.12872	39.5856	31.6596	320.035	0	0.00497512	0	0.973817	0	67.124	0.271236	8.58946	0	640.646	0	0.00520833	0	0.00520833	0.00333333	0.00469484	0	0.0226575	22.0136	929.315	0.0964949	16119.7	24.3012	15071.5	12.0334	65713.3	0	1.26379	0	0	0	0.264675	0.0383592	24.8963	0	18.4564	0	1.9233	0	0.0556153	1.10125	6.30962	0	0.00564972	5.248	0.00333333	0	0.269695	39630.3	331365	660.703	172371	0	11102.4	0.210482	218.731	0.00347222	17975.4	1974.3	417297	0.00238095	20991	0.722936	192.248	0.797247	4454.69	0	1.40241	0.0282204	5061.13	0.0281289	1112.61	0.0137472	0.616187	0.153502	37398.2	0.00248756	622.359	2.37549	497.428	27.1139	1115.3	0.0634825	0.0370697	0.0109297	171.831	0.0208067	433.94	0	1650.4	2.81164	205074	1.11089	9.08079	30.162	191893	6.32471	246956	8.42192	73879.9	0.290908	200242	0.0245913	115514	0.610098	9142.39	0.248716	0.201047	0.0998183	17934.2	1.44736	88.1692	0.0364793	15754.9	0.0160605	49901	1.14359	90.5252	
4.2961e+07	MFG_L_7_1	1183.99	259.322	305330	1.70374	963285	486607	18.0748	0	4.87533	0	1.0331	69214.9	161.77	2030.2	0	179.862	3112.15	310.596	1.24845e+07	387.28	682117	649.616	6.42907e+06	0.635465	12068.8	0.00617284	392.401	31.5986	2.01105	127.733	9861.32	478.154	374.447	516.806	2722.82	44.7786	2.40611	0.00653595	3.34286	0.00469484	0	0	0	0	0.00358423	0	0.00358423	0	0	0	2168.17	0	0	0	0.111752	0	0.843896	0.0156079	0.023399	0.149971	1.09919	0	1.89466	0	1.02982	0.0037037	0.271783	0.00595238	0.0275646	0	0.0419102	0	0.190452	0	0.00314465	0	0.630461	0	0.632715	0	0.0427823	0	0.757371	0	0	0	0.0684589	0	0	0	0	0	0	0	0.00416667	0	0.566891	0.00387597	0.0383333	0	0	0	0.036933	0	0.00330033	0.0037037	0.0176794	0	0.00456621	0	0	0	0	0	0	0	0.0180213	0	0	0	0	0	0	0	1.86454	0.189648	0.109572	0.31062	0.0376987	0	4.10207	0.0181331	0.00483092	0.136933	0.0669079	0	0.0637369	0.133331	0	0	0	0	0.0175028	0	0	0	0.00311526	0.0316813	0.092501	0.0354335	0	0.0135367	0	0.0312969	0.94807	0	0	0	1.78875	0	2.91927	0.0367605	2.02653	0.00343643	0.00833333	0	0.656266	0	36.8872	0.0313619	0.404478	0	30.9752	0	0	0	0	0.0701382	0.0498776	5.34791	0	0	0	0	0.0070922	0.0147334	0	7.2738	0	0.00340136	0.00421941	0	0.00421941	0	0.00512821	0.0142101	0	0	0.00416667	0	0.22192	0	0	0	0.168201	0	0.833937	0	0	0.133576	0	0.00505051	0	0	1.63812	0.548242	0.00330033	0	0	0	42.2941	1.06043	0	0	0.012219	0	397.175	21795.4	18.6865	0.691519	65.7229	0	102.184	0.0137471	0.0474181	0	17.1278	0	132.957	0	148.551	0	130.686	0	321.222	0.0165833	
4.09013e+07	MFG_R_7_1	0.287732	4.56469	2.83413	1.02473e+07	15057	4.53897e+06	0.00387597	13.6138	0	0	1057.96	2.5459	2663.15	0	179.862	0	0	1701.31	121.454	904533	2898.67	1.44499e+06	0.00813008	3.0237e+06	0.0496206	246024	64.5115	0.759291	0	1355.9	1621.15	2853.14	904.089	5181.01	0.547292	1648.98	0	239.936	0	0.753908	0	0	0	0	0	0	0	0.0901313	0	0	0.231566	0	0	0.0119048	0	181.202	0.0152505	26.6349	0.00358423	1.52369	0	0.030303	0	1.05276	0	0.00555556	0	0.00653595	0	0.0424547	0	0	0	0	0	0.0217161	0	0.160824	0	0	0	1.15772	0	0.537222	0	32.3577	0	0.120442	0	0.39501	0	1.45791	0	0.0696951	0	0	0	664.007	0	0.45049	0	0.00574713	0	0.0183509	0.388609	0.00333333	0	0.0868393	0	0	0	0	0	0	0	0	0	0	0	0	0	2.55701	0	1.18704	0	49.3101	0.00358423	9.98107	0	0.0744506	0.0037037	5.14209	0	32.986	0	150.513	0	1448.77	0	0	0	5.19727	0	23.6608	0	0.0570497	0	0	0	2.28726	0	0	0	0	0	7.91757	0	0	0	0.166904	0.035534	0.501225	0	12.4558	0	0	0	16.9136	0	17.9718	0	0.0764069	0	32.0087	0	0	0	0	205.242	0.00925926	0.00469484	0	0	0	0	0	0	0	0.115768	0	0	0	0	0.00396825	0.0199049	0	0	0	0	2.20935	0	2.54552	0	0.51808	0.00456621	0.0856913	0	2.41263	0	695.992	0	0.66776	0	0.0424547	0	2.75469	0	0.255651	0	55.9476	0	327.248	0	3.43046	0	6.72552	1.56099	1688.58	0	587.535	0	183.264	0.185883	105.984	0.0344076	0.123487	0	3.31701	0	160.453	0	267.321	0	303.847	0	208.466	
1.6128e+07	MFG_L_7_2	151.582	2209.65	9459.35	8.13309	1395.78	3.8891	0.889	0.0281481	0	0	0.0104167	1.78535	0.0380952	8.73331	3112.15	0	0	57.8713	59077	14.1859	4.49055e+06	13.5806	1.00844e+06	0.357426	883964	0	6871.83	50.9219	285467	185.088	260092	30.3442	11323.1	604.097	2448.95	0	872.77	0	38848.4	0	0	0	0.00374532	0	0	0	0.00220751	0	0	0	183.238	0	61252.5	0	894.783	0	0.804529	0	0.0628718	0	6180.21	0	915265	0	0	0	0	0	0.356166	0	1.09635	0	2.33619	0	0.00606061	0	1.84385	0	0.353517	0	4.08387	0	0.440512	0	0.954857	0.00421941	0.807187	0	0	0	0.00546448	0	0	0	0.130116	0	9.70718	0	6.81096	0	0	0	0.0158117	0	0.0161012	0	0.174334	0	0	0	0	0	0	0	0	0	0	0	0	0	0.0220715	0	0	0	1.53507	0.00358423	0	0	0.216012	0	4.35061	0	0.229601	0.00392157	183.657	0	87.3821	0.0149018	14.5597	0	9.50107	0	190.759	0	0.00555556	0	0	0	0.0216931	0	0	0	0	0	4.29321	0	0.6942	0	1.17894	0	2.39218	0.00333333	0.788371	0.0149018	0	0	0.00925926	0	63.0245	0.0149018	0.136146	0	201.249	0	0	0	0	0	0	0	0	0	0	0	0	0	0	0	0	0.0370413	0.0185221	0	0.0191856	0	0.0181807	0.0380205	0.0969752	0	0.0194741	0	1.41339	0	0	0	2.67256	0	2.41526	0	0	0.0149018	0.00793651	0.00584795	0	0	3.29495	0.0183626	0.0035461	0	0	0	401.293	0.176036	0	0	0.0119056	0	672.697	12095.9	31.2656	0.0920474	16.9734	0.00666667	434.82	0	0.117394	0	1.04159	0	119.976	0.00666667	58.3018	0.00666667	27.4027	0.00666667	306.19	0	
1.30435e+07	MFG_R_7_2	43.0789	3108.96	252.731	284865	612.388	161.527	0.00401606	21997.9	0.00680272	0	4.54109	1.67689	0.00564972	0	310.596	1701.31	57.8713	0	39.7652	5.84581	33.5358	313679	148.527	3.25903e+06	0.300124	613009	1.31063	0.00982304	0.00680272	652570	12.4141	168793	7.64798	2573.74	0	17795.3	0	0.0475	0.00680272	267.07	0	0	0	0	0	0	0	0.0025641	0	0	2.10688	0	0	1100.77	0	37260.9	0	570.979	0.0159091	177.878	0	0.0133333	0	592153	0.347334	0	0.00555556	0	0	0	0	0	0	0	0	0	0	0.029901	0	0	0	10.2807	0	0.831816	0	74208.3	0	0.0748343	0	1.28711	0	64.0342	0	0.0163265	0	0.174393	0	136231	0	19.4923	0	0.209017	0	0.54694	0.378242	0.102367	0	2.97281	0	0.00358423	0	0	0	0.126778	0.00564972	0	0	0	0	0	0	0.666769	0	109.971	0.016732	960.248	0.03757	103.984	0	0.336221	0.109481	48.4539	0.00374532	1164.27	0	25731.1	0	144378	0	0.124769	0	15401.5	0	129130	0	0	0.017556	0.00333333	0.170172	0.00333333	0	0	0	0	0	539.146	0	0	0	204.339	0.108566	53.633	0	2.68008	0	0	0	0.06	0	3.73672	0	0.332889	0	0.945722	0	0	0	0	0	0	0	0	0	0	0	0	0	0	0.0765366	0.0196759	0.00490196	0	0	0	0.0205566	0.0437996	0	0	0	0.0204145	0	46.9689	0	0	0.00462963	0.193876	0	0	0	17327.6	0	30.6286	0	0	0.0156079	60.5144	0	0.509555	0	0	0.0156079	571.675	0	0.00994418	0	0.0226086	1.52776	2815.98	0.0372303	155.772	0	0	0.399354	0.00546448	0.052064	0	0	0	0	0	0	0	0	0	0	0	
5.91399e+07	MFG_L_7_3	12.8695	792.104	274.06	10.7573	1.3729e+06	772013	2.05713	0.0037037	1.84507	0	1.76454	73013.3	434942	19821.2	1.24845e+07	121.454	59077	39.7652	0	2686.65	6.87188e+06	64.5946	600349	0.237884	9542.73	0.0546278	6.59984e+06	8210.15	48.209	26.5211	30663.9	30.6699	111.61	151.087	33813.6	9.30581	0.481225	0.0454723	38.8934	0	0	0	0.0512077	0	0.054477	0	0.122742	0.00273224	0	0	164259	0	38.8963	0	3.24559	0	1.71805	0	0.797502	0.0752774	3.35237	0	355.175	0	2.84765	0.0037037	0.110414	0.0226575	0.0204518	0	0.0378853	0	0.0218579	0	0.00314465	0	0.345478	0	0.298011	0	0.00490196	0	0.0945381	0	0.0784738	0	0.00314465	0	0	0	0	0	0	0	0.0047619	0	0.792654	0.0153277	0.0772542	0	0	0	0.110242	0	0.00396825	0	0	0	0	0	0	0	0	0	0	0	0.0176608	0	0	0	0	0	0	0	15.8045	2.78226	0.0716179	0.0134988	0	0	28.8393	0.139108	0.404978	0.003663	0.587581	0	0.336421	0.0315742	0.144405	0	0.095118	0	0.332505	0	0	0	0	0.0134088	1.75168	0.18343	0.00529101	0.00340136	0	0.123679	0.0242623	0	0.00653595	0	0	0	0.879737	0.0360424	0.00483092	0	0	0	0.0939077	0	5.89113	0.0302555	0.0950656	0	0.978381	0.0035461	0	0	0.00900901	0.106489	0.0488015	4.02091	0	0	0	0	0.0070922	0.0326264	0	6.06659	0.0177404	0	0.111807	0	0.939508	0	0.0174897	0.00444444	3.42953	0	0.210501	0	0.0035461	0	0.416249	0	4.54422	0	1.26118	0	0.0181414	0.0137234	0	0.288382	0	0	0.337539	1.11666	0.109387	0	0.0209621	0.0136153	11.911	5.51106	1.60324	0	28.8049	0.0127905	15487.7	1094.95	16.9158	8.07752	2030.22	0	330.064	0.0137471	0.477243	0	480.781	0	1624.32	0.05025	2967.61	0	2908.69	0.00505051	3236.88	0.0799647	
4.45135e+07	MFG_R_7_3	6.20697	4.32844	8.95767	84311.5	178935	3.08001e+06	0	10.5075	0.00584795	0.00574713	4877.14	0.00854701	143531	34378	387.28	904533	14.1859	5.84581	2686.65	0	2218.02	2.35767e+06	4.87985	53696.9	0.376311	2130.03	2465.2	1.42457e+07	0.158357	0.196925	823.688	140.826	286.842	1.40334	40.2048	492188	0.0249767	374.324	0.395911	0	0.375934	0	0	7.5497	0	0	0.124557	180.396	0.010101	0	932.784	529.65	0	0	0	0.758665	0.0021097	4.87064	0.0021097	0.615965	0.0311747	0.0539664	0	3.43425	0	0	0	0	0.00340136	50.7513	0	0.682318	0.0135367	0.250777	0	1.35656	0.0357626	5.1666	0.00444444	0.00421941	0	18.7605	0	63.1728	0	683.214	0	6.82735	0	2.41382	0	5.02007	0	2.81422	0	0.131736	0.0154148	554.369	0.00396825	2.98508	0	0.0183917	0.00289855	1.10472	0	0.275772	0	0.739831	0	0	0	0	0	0	0	0	0	0	0	0.0166771	0	1.52644	0	0.0707748	0.0797133	147.151	5.9285	140.941	0.112783	0	0.31008	10.0204	0.247279	86.4171	0.0522933	71.8852	0.0477339	1547.12	0	0.00529101	0	0.43547	0.0118031	74.827	0	0.949295	4.79395	0.0194907	0	3.30522	1.02161	2.03692	0.67447	0	0	0.266991	0	0	0	0.17393	0.00411523	24.5563	0.588591	4.75984	0	28.6566	0	4.0878	1.09689	182.864	0.00362319	0.754521	1.82243	2.92525	0	0	0.028757	0	26.3974	0	0	0	0	0	0.0229953	0	0	0	0.0146807	21756.4	0.0823594	109.98	0.210222	1905.27	0.00469484	1.27463	0.030002	4656.54	0.0295185	1098.6	0.00362319	0.172687	0.161068	26098.4	0	485.523	0.0796807	1183.73	1.70859	1420.3	0.00330033	0.00490196	0.00287356	75.6782	0.0108201	122.896	0.0026455	187.145	0.0031746	97344.9	0.0237217	33.4459	0.528357	85723.4	0.354464	14468.1	6.63061	124768	4.62959	87161.9	0.0139776	101748	0.0480078	5415.15	0.0905314	0.0725687	0.0289258	8698.23	0.615692	480.142	0.0305768	23246.3	0.0149645	40965.6	0.105562	10662.3	
1.03692e+08	MFG_L_7_4	153.908	8218.52	29198.1	586.036	151620	238528	5.1434	1.12253	2.26854	0.0149092	42.323	6583.1	2233.66	455.63	682117	2898.67	4.49055e+06	33.5358	6.87188e+06	2218.02	0	647.73	3.6336e+06	4.58649	88956.4	0.395351	609522	369.836	12529.9	206.2	2.67818e+07	86.4815	2.53374e+06	2432.66	3.62745e+06	100.589	1.20049	6.22429	1292.56	0	0	0	0	0	1.11564	0	3.21489	0.00273224	0	0.0045045	489066	0	957.453	0	74.2118	0.0151535	91.8635	0.463067	36.9295	14.1779	83.2082	0	11156.2	0	0	0.00383142	0	0	1.48416	0	1.81039	0	7.88984	0	0	0	65.9042	0	158.105	0	2.84996	0	86.8274	0	0.408553	0.00396825	0.53864	0	0	0	0.004329	0	0	0	0.802452	0	14.0882	0	10.3031	0	0	0	4.82161	0	0.824243	0.0168885	0.638184	0	0.29897	0	0	0	0.0626656	0	0	0.00483092	1.18716	0	0.00401606	0	0	0	0	0	1661	32.0402	8.92475	0.811364	667.456	0	7221.69	1.01104	2749.25	0.0336106	427.923	0.0138949	2492.27	0.0131528	0.718639	0	0.0962486	0	105.873	0	18.162	0	0.01736	0.801282	18.2167	1.75744	0	0	0.0367318	0.274287	1.95195	0.00378788	25.4256	0	12.38	0.00320513	510.344	0.304405	16213.5	0.0138262	5.54002	0	8103.4	0.003367	57443	0.0859661	402.628	0	3943.53	0.0035461	0	0	0	0.0755045	0.00555556	0.24866	0	0	0	0	0.0257937	0.0037037	0	0.352309	0.246521	1.09441	11.2831	0	44.9559	0	1.55262	2.14208	10.4333	0	10.599	0.00340136	61.5618	0	18.0777	0.00271003	288.78	0.30157	331.489	0	1.55785	0.350424	10.4182	9.1701	0.0424771	0	43.9402	93.2209	2.11645	0	0.0889907	0.0144945	34873.6	154.594	37.4035	0.0412021	11.3881	0.105707	550826	8091.72	110965	77.401	83799.9	0.00584795	179082	0.13219	7.08793	0	11203.3	0	63083.9	0.0226249	81324	0.0194478	75200.1	0.00584795	262329	0.198373	
