data	data	3.2436e+07	6.60655e+07	6.08688e+07	1.89175e+07	1.57772e+08	1.53513e+08	1.50645e+08	4.58332e+07	6.53327e+07	2.29558e+07	3.25542e+06	9.88905e+06	1.1856e+08	6.80106e+07	1.58846e+07	2.37699e+07	1.10177e+07	7.09799e+06	2.37142e+07	2.45495e+07	2.39243e+07	5.31875e+07	6.56994e+07	3.47666e+07	5.26365e+07	2.77458e+07	1.85423e+08	1.80639e+08	4.45505e+06	1.27894e+06	3.3834e+07	5.52734e+07	3.72422e+06	2.09397e+07	6.81031e+07	7.56524e+06	5.84181e+06	2.20458e+07	1.1183e+07	1.31372e+07	1.05575e+07	5.93685e+06	1.76838e+07	7.52861e+06	1.8935e+07	8.67831e+06	1.01662e+08	1.30734e+08	1.94478e+07	7.44568e+06	4.70475e+07	9.13984e+06	4.79203e+07	1.28151e+07	2.54806e+07	5.41085e+07	2.18106e+08	4.02507e+07	1.82019e+08	1.13819e+08	2.47816e+07	1.41479e+07	5.95897e+07	1.40778e+07	5.39945e+07	1.06897e+07	4.94408e+06	1.2556e+07	1.85496e+08	2.38124e+08	3.89058e+07	3.955e+07	7.10533e+07	5.93895e+07	3.68263e+07	5.55842e+07	1.05229e+08	6.4573e+07	8.84989e+07	5.9604e+07	5.46379e+07	6.40464e+07	4.7396e+07	6.03983e+07	1.1736e+07	2.60528e+07	3.57514e+07	9.03993e+07	8.40161e+07	7.83816e+07	9.50088e+07	6.4256e+07	7.42903e+07	3.66715e+07	9.629e+07	4.16335e+07	1.5002e+07	1.35457e+07	3.82889e+07	5.50063e+07	3.51818e+07	8.29712e+07	1.34296e+08	8.59457e+07	4.68045e+08	3.51963e+08	3.11838e+08	1.91302e+08	2.93008e+06	8.96862e+06	1.55068e+07	3.00237e+07	8.84433e+06	1.04369e+07	3.04978e+07	1.20342e+07	2.74712e+07	5.14298e+07	8.79181e+06	3.60831e+07	1.40385e+07	8.58939e+06	4.83784e+06	1.26771e+07	6.93231e+07	3.73892e+07	1.08426e+07	3.36766e+07	1.63766e+07	7.62075e+06	7.91017e+07	1.2981e+07	2.38142e+07	2.2512e+07	1.0827e+08	4.98029e+07	1.95582e+07	7.43522e+07	4.52656e+07	3.45618e+07	5.93578e+07	4.66132e+07	3.94703e+07	2.66001e+07	1.39008e+07	2.33753e+07	1.00708e+07	2.26258e+07	9.90133e+07	2.1072e+07	3.62599e+07	1.02209e+08	1.18158e+07	6.12255e+06	3.09323e+07	4.84134e+07	9.32615e+06	1.06933e+07	2.62313e+07	4.01822e+07	1.05405e+08	4.60388e+07	2.27014e+07	4.75231e+07	2.52709e+07	7.76023e+06	1.5393e+07	6.63618e+06	1.24857e+08	8.10487e+07	8.85743e+06	4.70843e+06	3.15811e+07	1.10892e+07	123488	858168	5.46121e+06	2.03198e+07	8.63482e+06	7.22459e+06	2.67972e+07	3.23004e+07	2.13218e+06	196359	3.77337e+06	4.31589e+06	4.77722e+06	3.38685e+06	1.67734e+08	1.74425e+08	4.32397e+08	1.3474e+08	1.96401e+08	2.04828e+08	1.11665e+08	1.51671e+08	7.72765e+08	1.74761e+08	2.62616e+08	1.13209e+08	3.59683e+07	6.9814e+07	4.58607e+08	1.52079e+08	2.70896e+08	2.16243e+08	1.93072e+08	2.05362e+08	2.17462e+07	7.87168e+07	3.0053e+07	5.01673e+07	5.52915e+07	1.96974e+08	2.67244e+08	2.62017e+08	2.27752e+08	1.76059e+08	1.69432e+08	2.12757e+08	1.16565e+08	2.50227e+08	3.34125e+08	5.07135e+08	4.30638e+08	1.07335e+08	8.09342e+07	1.84882e+08	2.32471e+08	2.79495e+08	8.43563e+07	1.18761e+08	3.08317e+08	4.50594e+07	6.62123e+07	3.43661e+07	1.07546e+08	7.26951e+07	6.53462e+07	1.33694e+08	6.39935e+07	1.27081e+08	6.2908e+07	1.24778e+08	1.44085e+08	1.17172e+08	
data	data	SFG_L_7_1	SFG_R_7_1	SFG_L_7_2	SFG_R_7_2	SFG_L_7_3	SFG_R_7_3	SFG_L_7_4	SFG_R_7_4	SFG_L_7_5	SFG_R_7_5	SFG_L_7_6	SFG_R_7_6	SFG_L_7_7	SFG_R_7_7	MFG_L_7_1	MFG_R_7_1	MFG_L_7_2	MFG_R_7_2	MFG_L_7_3	MFG_R_7_3	MFG_L_7_4	MFG_R_7_4	MFG_L_7_5	MFG_R_7_5	MFG_L_7_6	MFG_R_7_6	MFG_L_7_7	MFG_R_7_7	IFG_L_6_1	IFG_R_6_1	IFG_L_6_2	IFG_R_6_2	IFG_L_6_3	IFG_R_6_3	IFG_L_6_4	IFG_R_6_4	IFG_L_6_5	IFG_R_6_5	IFG_L_6_6	IFG_R_6_6	OrG_L_6_1	OrG_R_6_1	OrG_L_6_2	OrG_R_6_2	OrG_L_6_3	OrG_R_6_3	OrG_L_6_4	OrG_R_6_4	OrG_L_6_5	OrG_R_6_5	OrG_R_6_6	OrG_R_6_6	PrG_L_6_1	PrG_R_6_1	PrG_L_6_2	PrG_R_6_2	PrG_L_6_3	PrG_R_6_3	PrG_L_6_4	PrG_R_6_4	PrG_L_6_5	PrG_R_6_5	PrG_L_6_6	PrG_R_6_6	PCL_L_2_1	PCL_R_2_1	PCL_L_2_2	PCL_R_2_2	STG_L_6_1	STG_R_6_1	STG_L_6_2	STG_R_6_2	STG_L_6_3	STG_R_6_3	STG_L_6_4	STG_R_6_4	STG_L_6_5	STG_R_6_5	STG_L_6_6	STG_R_6_6	MTG_L_4_1	MTG_R_4_1	MTG_L_4_2	MTG_R_4_2	MTG_L_4_3	MTG_R_4_3	MTG_L_4_4	MTG_R_4_4	ITG_L_7_1	ITG_R_7_1	ITG_L_7_2	ITG_R_7_2	ITG_L_7_3	ITG_R_7_3	ITG_L_7_4	ITG_R_7_4	ITG_L_7_5	ITG_R_7_5	ITG_L_7_6	ITG_R_7_6	ITG_L_7_7	ITG_R_7_7	FuG_L_3_1	FuG_R_3_1	FuG_L_3_2	FuG_R_3_2	FuG_L_3_3	FuG_R_3_3	PhG_L_6_1	PhG_R_6_1	PhG_L_6_2	PhG_R_6_2	PhG_L_6_3	PhG_R_6_3	PhG_L_6_4	PhG_R_6_4	PhG_L_6_5	PhG_R_6_5	PhG_L_6_6	PhG_R_6_6	pSTS_L_2_1	pSTS_R_2_1	pSTS_L_2_2	pSTS_R_2_2	SPL_L_5_1	SPL_R_5_1	SPL_L_5_2	SPL_R_5_2	SPL_L_5_3	SPL_R_5_3	SPL_L_5_4	SPL_R_5_4	SPL_L_5_5	SPL_R_5_5	IPL_L_6_1	IPL_R_6_1	IPL_L_6_2	IPL_R_6_2	IPL_L_6_3	IPL_R_6_3	IPL_L_6_4	IPL_R_6_4	IPL_L_6_5	IPL_R_6_5	IPL_L_6_6	IPL_R_6_6	PCun_L_4_1	PCun_R_4_1	PCun_L_4_2	PCun_R_4_2	PCun_L_4_3	PCun_R_4_3	PCun_L_4_4	PCun_R_4_4	PoG_L_4_1	PoG_R_4_1	PoG_L_4_2	PoG_R_4_2	PoG_L_4_3	PoG_R_4_3	PoG_L_4_4	PoG_R_4_4	INS_L_6_1	INS_R_6_1	INS_L_6_2	INS_R_6_2	INS_L_6_3	INS_R_6_3	INS_L_6_4	INS_R_6_4	INS_L_6_5	INS_R_6_5	INS_L_6_6	INS_R_6_6	CG_L_7_1	CG_R_7_1	CG_L_7_2	CG_R_7_2	CG_L_7_3	CG_R_7_3	CG_L_7_4	CG_R_7_4	CG_L_7_5	CG_R_7_5	CG_L_7_6	CG_R_7_6	CG_L_7_7	CG_R_7_7	MVOcC	MVOcC	MVOcC	MVOcC	MVOcC	MVOcC	MVOcC	MVOcC	MVOcC	MVOcC	LOcC_L_4_1	LOcC_R_4_1	LOcC_L_4_2	LOcC_R_4_2	LOcC_L_4_3	LOcC_R_4_3	LOcC_L_4_4	LOcC_R_4_4	LOcC_L_2_1	LOcC_R_2_1	LOcC_L_2_2	LOcC_R_2_2	Amyg_L_2_1	Amyg_R_2_1	Amyg_L_2_2	Amyg_R_2_2	Hipp_L_2_1	Hipp_R_2_1	Hipp_L_2_2	Hipp_R_2_2	BG_L_6_1	BG_R_6_1	BG_L_6_2	BG_R_6_2	BG_L_6_3	BG_R_6_3	BG_L_6_4	BG_R_6_4	BG_L_6_5	BG_R_6_5	BG_L_6_6	BG_R_6_6	Tha_L_8_1	Tha_R_8_1	Tha_L_8_2	Tha_R_8_2	Tha_L_8_3	Tha_R_8_3	Tha_L_8_4	Tha_R_8_4	Tha_L_8_5	Tha_R_8_5	Tha_L_8_6	Tha_R_8_6	Tha_L_8_7	Tha_R_8_7	Tha_L_8_8	Tha_R_8_8	
3.2436e+07	SFG_L_7_1	0	3.97693e+06	4.7775e+06	23913	427906	17732.9	4.26259e+06	31424.5	169308	6201.77	98571.5	203.134	120.948	0.00740741	1.67761	165.853	0	1592.78	0	0.0242745	0.0345515	13.3117	17.1282	118300	0	76545.8	0.198006	0	0.0523077	6.36289	22.145	6.5137	0.25738	1.74877	9.98723	0	2.33773	0.39957	40.3392	2208.28	0	0	0	0	0	0	0.0953703	0	0.586323	0.157255	0	0	0.021711	0.571384	0	3.36665	7.40274	0.395035	8.79848	33.3845	0.199647	114.381	0.454861	624.051	3868.24	0.348478	7.36583	0.271678	19.9797	0	0	0.00340136	0	0.676577	0	0.00340136	172.774	0	0	0	0.0373533	0	0.0890067	0	0	0.00462963	0.00406504	0	0.003663	0.00438596	0	0.017205	941.87	0	9.86083	0	0	0.00462963	0.0172914	0.017205	0.0986861	0.0389654	113.873	0	0.0160666	0.0031746	0.00396825	0.0353313	0	0	0	0	0	0	0.0523724	0	0.0197802	0	0.00537634	0	0	0	0	0.00340136	186.337	0.151646	52.5042	0.00350877	0	0	122.547	0.0778638	0.579005	0	15.6419	0.0447761	0	37.2994	0	0	0	0.00340136	0.0197144	9.53573	0.00406504	0	19.9068	2.61581	10874.4	9.51519	8.86336	2.46903	19.1682	130.987	0	0	0	0	0.00606061	0	60.7572	2.74959	0.0431678	0.0042735	0.176959	0	71.8782	0	2374.29	0.0586288	0.724714	0	8492.29	0.0137589	0.00628931	0.991072	3.75359	415.288	2.79807	0.0452107	0.436281	143.347	11681.8	34.417	23.2689	5.58134	0	0	0.689856	0.00483092	0.0179173	0.0025641	0.114402	0	1.67956	0.0031746	36.9731	0.0025641	35.7603	0	0.00469484	0	2.12362	0	9.05075	22.4912	41.912	0.00209644	0.492542	0.00343643	3.21718	0.0149983	1.6639	0.0025641	6713.37	71.376	642.849	0.100198	7.91221	0.00203252	181384	141.704	78.6283	0.00919325	27.3928	0	53941	86124.6	1489.7	1.17518	1088.77	0	1.26195e+06	0	1811.41	1.27524	13503.6	0.519966	41235.4	2.30309	40268.1	0.267361	51713.5	0.120041	443580	1.21384	
6.60655e+07	SFG_R_7_1	3.97693e+06	0	1.76004e+06	1.23488e+06	161735	1.28991e+06	1.61291e+06	6.77789e+06	12995.6	398213	27929.8	335916	219.659	313.587	130.655	9.8398	1.47448	1073.46	0.606126	2.98918	51.8154	35.5608	123625	264.464	4972.95	842.836	25.6874	8.86453	23.459	4708.06	33.2554	43.8154	89.0086	666400	20.6755	0.836478	0.00483092	273198	835.313	1.87418e+06	0.00574713	0	0.0500663	0.00392157	0	0	0.159699	0.107664	0.596453	0.0333212	75.0485	0.0667744	15.258	0	4.75487	52.2212	59.0933	1.63307	70.7164	1606.02	0.144755	8070.17	0.11545	212.529	137.46	278.105	0.753504	65.4888	0.255679	611.502	0.00362319	0	0.0196078	8104.7	0	0	2.58209	0.106192	0	0	15.6092	0.0886483	0.0312436	18.2094	0.259369	0.200242	2.62043	0	1.74679	203.375	0.470108	0.398642	34.8751	155.547	60.8845	136.617	0.0145547	0	9.01224	1.27551	4.69506	1.79388	0.0629208	15.2234	1.64228	2.78819	3.85679	2.61917	0	0	0	0.841278	0	0	6.30605	0.0316427	0.00421941	64.4602	0.00694444	0	0	0	0	0	549.256	490.074	3.75166	107.385	0.40004	0	473.807	469.807	6.58926	0.0200603	7.41531	8.2321	0.00497512	10.0216	0.0047619	1.28002	0.0194741	11.204	2.31063	0.225999	0.401194	0.195677	15.2977	359.86	1215.87	3827.64	13.9133	436.019	89.5162	32791.1	0.0441675	0	0	0	0.0757677	0.0270129	126.382	560.68	0.309203	7.47622	0.0169913	0	14.5732	1.96945	178.493	1206.73	13.4497	0.0430556	1234.63	511.854	0.326246	113.722	46.7755	2205.76	1.38552	54542.5	25.242	3027.89	777.958	4518.31	0.631652	4558.22	0.00617284	0	50.9005	174.452	0.304264	6.59064	0.958835	240.169	113.127	16.1246	3.62715	53.5768	0.526611	6.83948	0	0.0185328	2.62719	272.921	176.421	64.0391	0.0541027	1011.12	0.0317962	19.4301	0	100795	0.016282	635.866	71.515	785414	15.2515	1599.51	6.16535	266.371	2857.13	4.69614e+06	22.4307	5205.24	24.067	486.781	466.454	1.42318e+06	133.448	14761.6	0.00438596	26503.7	5247.55	2.41817e+06	152.887	850.108	0.120956	35.0383	83.5871	905454	0.791324	420008	0.107909	221193	1.91967	1.32563e+06	
6.08688e+07	SFG_L_7_2	4.7775e+06	1.76004e+06	0	2137.59	1.86035e+06	3666.83	9.80474e+06	3701.1	5.33934	18.9283	0	309.236	0.00483092	0.00813008	108082	7.78324	2563.66	172.296	6.45178	0.0529671	217.009	3.82505	372242	23725.4	759.707	8046.95	1.14265	0	95555.2	4.3088	7525.11	2.09478	12282	1.09909	1172.13	0.00416667	1739.61	0.93972	676199	30.3196	0	0	0.0466652	0	0.00387597	0	0.1357	0	4.74787	0.099732	1.04221	0	1139.96	0	1.70999	2.12368	52.7122	1.69029	7.35841	11.4603	16628	0.0580694	97809.2	0.530582	35.9731	0	0	0	187.077	0.00411523	6.02062	0	420.212	0	0.177954	0	10231.5	0	1.16427	0	496.119	0	2.47515	0	16.1732	0	70.5034	0	105.799	0	18.6144	0	1683.12	0	1598.28	0	0.40126	0	493.847	0	302.73	0	431.501	0	0.254847	0.0141011	192.34	0.0031746	0	0	0	0	0	0	0.0523724	0	0.0193399	0.00411523	0	0	1.1046	0	1.87162	0	3865.29	1.50756	144.273	0.0874391	1.29014	0	149.724	0.102518	220.433	0	2746.94	0.00490196	5.98009	0.00490196	5.33747	0	12.4152	0	187.008	0.0196078	11.1904	0.0136111	2.8976	0.122672	99.9411	0.180057	0.0388946	0.0418983	0.0228739	5.26973	0.443302	0	0.223064	0	0.592528	0	82.8857	4.12738	29.5226	0.0042735	65.2109	0	12539.5	0	175375	0.0334638	572.085	0	615752	0.00333333	0	0	0	0	0	0.0424242	0	0.0980122	0	0.865446	0	0.00877193	0	0	7.33383	0.731871	0.0177904	0	1.81243	0	18.5391	0.0152381	49.2034	0	107.335	0	0.0405757	0	5.33461	0	99.0157	420.832	33.2932	0.0109956	1.42703	0.00343643	20.7548	2.44738	10.1957	0.00411523	111126	2410.17	928.631	0.00411523	59.5723	0.0096206	2.01013e+06	3858.74	353.753	0.0995583	105.265	0	76319.4	34734.5	76152.9	3.4395	2011.04	0.00277778	6.10681e+06	0.480863	3525.45	2.08804	21090.3	0.410117	42536.8	1.96703	44155.7	0.379288	62769.8	0.165437	1.36787e+06	2.27411	
1.89175e+07	SFG_R_7_2	23913	1.23488e+06	2137.59	0	46603	4.2603e+06	201.034	76340.8	1.55493	13.3634	12642.2	0	22.3683	0.18301	1314.73	2.58094e+06	0	46.6927	0.434207	5840.58	0.627877	35618.2	216.015	8782.07	16.5943	137082	0.00292398	0.121312	5.00419	3264.72	47.3874	32295.2	25.3399	167247	0.187814	6.29801	0.00757576	5128.28	7.02256	37842.6	0	0	0	0	0	0	0	0	0.0221691	0	0.00292398	0.00406504	0.0234025	0.42756	0.611861	206.753	0.797909	27.6204	3.32757	165.592	0.00483092	94.2193	0.00641026	25.2676	0.971206	0.0539075	0	0.0526424	0.0343067	54.3479	0	62.2269	0	28.3758	0	19.381	0	0.98397	0	0.507117	0.0398435	2.55627	0.00320513	18.4759	0	0.868148	0.0179043	1.40586	0.00406504	130.252	0.00406504	22.9022	0.413673	27.6449	0.184866	47.0326	0	0	0.0154189	27.9795	0.0160666	66.0104	0	11.3988	0.0163753	0.0640496	0.0160666	18.7504	0	0	0	1.97071	0	0	0.0222284	0	0	3.26832	0	0	0	0.141356	0	0.188974	7.65406	4035.35	0.0351573	50.8532	0	0.0481395	2.48638	43.8629	0.0360278	1671.26	0.059687	26.8375	0	497.877	0	57.8319	0	243.557	0.00421941	1.2829	0	484.521	0.600719	0.129265	4.36567	6.59318	0.0163655	0	1.72441	0	0	0.669135	0	5.98673	0.00546448	46.9179	1.70152	1409.21	0	2691.03	0	0	0.0982779	13.4806	0.233162	18400.2	0.0070922	5.17584	1.14236	9162.93	0	0	0	0	0.00497512	0	0.00456621	0	0.501167	0	0.00641026	0	0	0	0.362491	7.95537	0	0.358115	0.0311453	41.7379	0.854191	0.15859	0.0535151	5.03006	0.0135647	115.916	0	0.0421375	0.0304276	8403.61	0.399343	0.149935	0	3635.07	0	68.2035	0	3299.01	0.00411523	13.558	0.135052	10760.7	0.170574	566.064	0.0134414	3.24118	108.843	304337	0.820603	82.0107	0.225779	57.2799	9.53653	82885.9	0.660152	176266	0	33733	232.842	16216.3	2.08516	17.8155	0.00314465	42.849	1.41094	24891.5	0.0191886	13424.1	0.0125786	11131.9	0	55658.7	
1.57772e+08	SFG_L_7_3	427906	161735	1.86035e+06	46603	0	1.68995e+07	609.687	22.7753	38.4182	14.4279	956111	360876	2.28454e+07	732347	2.83433e+06	27188.2	1072.48	1.96055	3.03822e+06	1096.14	651827	3540.77	54486	44031.1	4.10876	4346.4	1.30938e+06	17.4797	20551.8	0.0536042	297499	420.321	60632.2	5.00308	1.3424e+06	32.7816	5509.86	11.2664	485442	0	0.025641	0.135829	315.581	0	0	0	3.85594	0.728811	1.43739	0.219826	264147	0.135205	298.959	0	6.45206	2.62818	703.953	2.17166	43.3233	12.8867	36.3151	0.00311526	7.44727	0.00292398	87.4718	0.0508776	0.0264675	0	4414.19	2.38273	1289.11	0	695.111	0.0388866	301.015	0	51981.8	0	1040.16	0	4153.83	0	2632.44	0.0259548	30.441	0	2790.97	0	1255.62	0.29588	694.05	0	19663.8	0.191628	8342.67	0.048165	3.47471	0	1992.37	0	1870.42	0	8312.92	0.00294985	9.98985	0.121772	2496.38	0.00347222	0.0871936	0	0	0	0.00383142	0	1.13587	0	6.237	0.333627	0.429302	0	68.3586	0	0.0211561	0	90281.7	2.4866	828.408	0.124142	1657.76	0	1244.13	0.155528	31654.4	0	66764	0.003003	6.21027	0.003003	100.965	0	99.4249	0	1393.75	0	293.522	0	6919.87	9.10572	12715.5	2.08597	8332.6	1.03067	25915.2	37.358	546.555	0	35.0338	0	3368.57	0	9478.88	2.0439	466.053	0	0.200344	0	65164.5	0.00520833	3.47483e+06	0.220852	17143.9	0	350085	0	0.111524	0.529578	6612.57	121698	3565.63	44.9227	1025.49	8.09397	2002.92	0.88163	8520.13	3.57918	179.45	2.39726	11.1327	4.10015	353.87	0.173098	72312.5	0.34658	9.62954	0.410192	187151	0.16009	37794.7	0.00266667	1.49871	0	92202.7	0.0437821	13406.5	270.236	197.798	0.0138327	120.018	0.00280112	4.6835	3.94368	139.689	0.555046	41235.8	1679.26	26190.5	17.367	701.93	1.99605	603912	2440.88	1956.55	2.90207	37076	74.2901	3.14015e+06	106851	1.36039e+06	12.1031	2.71295e+06	283.063	5.41728e+06	26.2674	1036.89	9.96909	335358	8.41015	350802	53.9133	617828	40.3175	793205	64.8783	3.76415e+06	133.227	
1.53513e+08	SFG_R_7_3	17732.9	1.28991e+06	3666.83	4.2603e+06	1.68995e+07	0	142.893	66.2191	6.64541	54.1373	451622	3.68382e+06	3.34176e+06	8.19468e+06	170464	2.09641e+06	1.07813	43.5214	41141.2	1.09782e+06	17968.8	1.0799e+06	3909.76	9238.98	0.00724638	70.204	7646.06	84238.9	62.6425	4627.38	1464.28	716080	842.501	175419	25473	82508.7	0.0739866	457912	462.617	425.274	8.36183	0.00574713	190.206	165.34	0.00680272	0.021711	19.3402	0.0967894	27.6157	6.11816	19573.1	69931.9	4.1915	0.213173	0.309893	25.0235	21.6158	18.876	20.0761	1703.32	0.0517344	63.3456	0.0229885	3.48255	19.1918	17.8798	0.0455095	0.0377807	3.74905	5163.53	0	14.4975	0.0170503	47.8321	0	3.68262	0.0129919	3.24828	0	0.37516	8.78487	1.26656	0.0796191	51.2456	0.0163605	1.20566	2.82554	1.06673	0.879986	1088.17	0.138566	16.868	10.7799	1137.31	20.7239	405.718	0.00406504	0.0657142	3.12861	15.6336	2.9504	37.5704	2.50189	185.733	0.138607	1.2633	1.75352	10.8878	0	0	0	0.531708	0	0.201339	0.0368778	0.108902	0.00383142	291.251	0	0.0718244	0	0.563807	0	0.0489367	135.107	2587.46	5.41906	283.224	0.0366017	0.00546448	41.4769	139.64	1.85898	516.58	1.37726	34.5448	0	138.436	0.0187831	95.1738	0.0426674	113.721	1.09216	0.623711	0.32866	238.115	17.4987	31.5918	60.113	414.007	18.3298	756.798	202.985	19134.5	0.00512821	1.55132	0	2.23918	0.0205128	23.6674	29.1305	1067.65	0.309784	1929.56	0.00537634	0	0.210139	10.7608	25.768	9785.45	0.998473	0.92517	137.517	2663.61	24.333	2855.56	2447.77	116046	717.765	18298.1	41.4393	27679.5	10.812	9.57311	0.987594	15730.1	12.9404	5.38682	18.4741	1752.73	109.756	66566.3	1.5693	72346.1	15.6081	19.2522	15.0008	63877.3	0.798453	2264.38	0	0.208302	11.0614	53493.5	9.68226	81.095	0.31661	12853	0.561987	59.9873	0.00383142	1118.49	0.159878	1305.36	4.11299	85608.5	11.0267	81470.1	24.8879	119594	534.848	1.95582e+06	141.243	26866.8	32.9754	1.41987e+06	755.446	1.00782e+07	24.2193	852552	849.176	6.28535e+06	3705.36	1.52713e+06	26.0486	598.66	80.6269	133000	108.825	1.82574e+06	33.8058	1.76493e+06	86.7462	1.60812e+06	419.05	4.16654e+06	
1.50645e+08	SFG_L_7_4	4.26259e+06	1.61291e+06	9.80474e+06	201.034	609.687	142.893	0	141649	2.27333e+07	1.17264e+06	0	7.83789	0.141644	0.00245098	1671.38	0.465948	71.206	49.8742	1.89671	0.00330033	30.9474	4.35324	83744	180.822	590676	1531.47	2.2784	0	1291.82	12.1295	5220.33	4.43886	192.008	1.38923	1488	0	1282.22	0.958039	132963	1743.87	0	0	0.00512821	0	0	0	0.493811	0	8.03902	0.845558	0.099518	0	666370	0.430327	1.17642e+06	23078.1	7836.19	661.406	1.38277e+06	3393.84	359335	354.262	3.91634e+06	949.631	149.753	3.1347	49.1475	1134.96	176.115	0	0.978556	0.00340136	2478.32	5.46958	0.602797	0.00340136	4202.44	0	0.620046	0	213.984	0	0.818321	0	27.1811	0	4.88419	0	14.2649	0.00438596	5.70628	0	1254.36	0	620.298	0	0.378974	0	329.773	0	22.1402	0.00438596	89.6237	0	0.622941	0.00236407	30.5051	0	0	0	0	0	0	0	0.0186254	0	0.319111	0	0.00537634	0	5.27367	0	6.08013	0.00340136	5051.74	19.246	528.866	3.98248	360.434	0	794.316	0.362757	1120.81	0.00537634	42.105	0.151244	35.612	31.252	4.02724	0	39.3823	0.00340136	297.902	2.84551	14.0349	0	47.378	16.5515	270.128	140.17	1.15644	1.62022	10.7057	396.079	3.37003	0	0.485769	0	2.88427	0	2533.24	3.29636	8.66037	0.00396825	96.993	0	45992.8	0	94268.5	0.443852	8764.44	0	792785	0.0532594	0.0288388	1.88195	0.0953082	0	0	0.138552	0.585586	130.846	0.896291	402.214	32.4882	1372.94	0	0	32.0166	0.522832	0	0	0.163674	0	21.624	0.0396902	50.8371	0	44.4596	0.00326797	0.00396825	0	2.77918	0.00326797	154.772	199.092	70.3655	0.101899	2.11098	0.168175	41.7626	3.67289	32.2992	0	3.17026e+06	1755.28	810.485	0.0559177	55.8623	0	6.61232e+06	3771.43	507.112	0.760805	166.852	0.336683	426970	59.9692	175993	23.3116	6097.02	0	1.39042e+07	0.0310578	9083.96	11.9786	41357.9	2.90658	324511	4.56292	235523	0.694599	183052	0.117397	1.17026e+06	2.33304	
4.58332e+07	SFG_R_7_4	31424.5	6.77789e+06	3701.1	76340.8	22.7753	66.2191	141649	0	107388	2.67727e+06	1.76299	0	0	41.5339	0.242824	5.91723	0	4965.55	0.778387	2.5235	1.7749	458.6	0.111309	6023.41	0.179684	259796	0.24019	3.14044	0	3406.68	3.56517	720.3	0	69503.2	4.2748	20.0681	0.00401606	63052.7	0	1.76077e+06	0	0	0	0	0	0	0.18926	0.041715	3.67615	0.00462963	0.0141483	0.0971786	30.5621	1.68897	51.9871	176097	4.18508	2.28456	47.5157	10643.4	0	582698	2.73712	190135	21.0084	12.568	4.94876	19.5017	0.0982852	118.571	0	0.00505051	0	39992.5	0	0.00505051	0	0.437641	0	0.014487	0	0.610715	0	2.2358	0	0.38153	0	0.0832352	0	52.9132	0	1.66464	9.46729	31.2694	1.55261	4.72419	0	0.00555556	0.004329	2.72608	0	3.83468	0.0153338	0.540182	2.31677	0.137013	0.0157796	0.0613554	0	0	0	0.0330918	0	0	17.9158	0.00330033	0.00421941	2.37411	0	0	0	0.49016	0	0.0943279	10.1471	33.8662	0.139719	4.51584	0.0479071	0	87.1485	59.9867	0.694531	0.0504987	0.0890473	0.329742	0	4.31317	0	0	0	4.0955	0.0802232	0.678721	0	95.1966	0.00396825	1.74081	268.939	50.3559	0	0.0734307	0	0.0194295	0.00694444	0	0	0	0.00617284	0.00854701	11.4124	222.501	0	1744.17	0	0.141449	0	1.07328	0	6891.56	0	0.363748	0	928.889	0	0	0	0	0	0	0	0	198.071	0	11.2954	0	0	0	28.7605	15.3098	0.186897	0.192848	0.0823594	103.877	42.4503	2.70866	1.46124	1.03867	0.304179	137.024	0	0.0037037	0.972038	225.682	105.072	0.904304	0.0461839	7918.57	0	38.843	0	103809	0.016282	184.513	65.2052	1.32069e+06	2.11448	2.88384	1.77582	156.774	355.645	8.14008e+06	6.80348	2634.63	7.97702	443.063	1.60484	20394.5	8.57445	74008.6	0.004329	92.6193	390.605	129601	17.0836	92.9005	0	1.55896	14.0244	33072.2	0.219087	5303.55	0.0370518	4010.22	0.101012	77310.9	
6.53327e+07	SFG_L_7_5	169308	12995.6	5.33934	1.55493	38.4182	6.64541	2.27333e+07	107388	0	2.32728e+06	0.686179	1.0225	0.196027	0	35.8228	0.0183315	0.00617284	39.08	0.0188552	0.00330033	0.501975	2.55125	0.126416	113.195	0.734367	9608.5	0.737782	0	0.0114943	0.434601	8.58861	2.64802	0.0779491	1.45252	3.08488	0	0.203461	1.02623	162.355	891.227	0	0	0	0	0	0	0.146253	0	1.54831	0.0497089	0	0	150157	1.06549	41588.9	1.02192e+06	1963.33	24398.2	1.21750e+06	50373.2	1835.96	745.327	137612	2676.83	1382.82	69.1343	230687	20219.6	5.08749	0	0	0.00340136	0.311741	6.13347	0	0.00340136	3.46666	0	0	0	1.13107	0	0.00490196	0	0.0176131	0	0.00406504	0	0.00383142	0	0.00383142	0	12.9049	0	5.89672	0	0	0	0.253567	0	0.132198	0	0.00520833	0.00469484	0.110438	0	0.142217	0	0	0	0	0	0	0	0	0	0.0203186	0.00469484	0	0	0	0	0	0.00340136	859.066	5.70352	26.1601	2.82793	9.89583	0	291.862	0.0660863	1.29111	0.0208537	0.00374532	0.0861439	0.00537634	237.436	0.0220401	0	0.00537634	0.00340136	0.21958	17.4249	0	0	12.9636	29.6658	3247.89	527.295	4.76638	0.712093	9.46306	950.34	0.245778	0	0.00925926	0	0.00546448	0	1434.1	3.02209	0.00512821	0.00340136	0.00574713	0	349.529	0	137.736	0.0859902	435.433	0	3379.99	0.0309734	0.031764	4.69157	0.927627	0.116453	0.176874	1.09864	0.620133	35.6387	2539.26	792.095	9410.37	7576.87	0	0	3.50052	0.0417063	0	0	0	0	4.31718	0.00444444	0.846107	0	0.698574	0	0	0	0.00490196	0.0137472	15.318	5.9932	1.27079	0.0555957	0.0196121	0.171121	4.33525	0.0906915	1.84777	0.00469484	575537	55.4392	5.13163	0.0253991	9.10744	0	523905	301.875	27.5339	0.180868	13.3306	0.0547921	53944.1	0.0710832	1399.55	12.4376	397.204	0	3.04995e+06	0.0310578	1902.86	0.795044	665.686	0.0398458	27354.1	0.0321661	11673.1	0.00347222	3056.34	0.00383142	119437	0.0168303	
2.29558e+07	SFG_R_7_5	6201.77	398213	18.9283	13.3634	14.4279	54.1373	1.17264e+06	2.67727e+06	2.32728e+06	0	18.318	0.27147	0.116154	12.3056	0.334607	0.08208	0	339.363	0.302614	0.933934	0.136389	12.6666	0.175151	154.063	0.478259	7515.83	0	0.80345	0	82.9715	0.190271	8.72739	0	0.607689	0.248825	3.67129	0	13.2269	0.00653595	6543.97	0	0	0	0	0	0	0	0.00444444	1.45212	0	0	0.0901531	234978	5.72606	125326	48915.3	2083.7	0.0213508	95471.9	1.24771e+06	0	20049.4	2300.61	213808	51.0391	19979.7	1028.48	617861	0	125.504	0	0.025679	0	5.90168	0	0.00617284	0.0400585	0.214697	0	0	0	0.0979005	0	0.681224	0.0188391	0.023399	0	0.00595238	0	48.0422	0	0.127428	0	39.382	0	3.07202	0	0	1.00228	0.336243	0	0.429181	0	0.435093	1.00373	0.2462	0	0.132694	0	0	0	0	0	0	2.71853	0.00350877	0	4.87454	0	0	0	0.00595238	0	0	0.54921	20.6179	4.68486	3.56594	190.966	0	1.00492	8.67334	56.8146	0	0	0.258738	0.559066	1.25722	0	0	0	1.5811	7.13023	0.244476	0	85.7694	14.2479	153.641	229.564	44324.3	8.62691	15.0765	7.7893	8407.3	73.4696	0	0	0	0.517782	0	271.345	39.2224	0	48.8461	0	0	0.0400585	0.00584795	0.172292	119.068	0.0852596	0	0.242674	33.0798	0.0811206	1.78506	2.75089	0.0740741	0	0.28194	32.3509	464.423	65.8288	36277.3	1155.08	109778	0	0	12.697	2.48825	0.0111578	0.0470131	0.00396825	4.87198	3.58863	0.837172	0.027263	0.0373809	0.00350877	8.01633	0	0.0037037	0.027263	14.0493	15.6459	0.413526	0.00350877	132.215	0	0.72995	0	2809.53	0	240.191	13.4605	324074	0.106207	2.98038	0.156247	23.7444	17.4407	1.45091e+06	1.42034	1933.62	0.0180213	220.914	0.267237	7870.12	0.061935	2720.5	0.00374532	5.96744	29.2938	164452	0.20222	179.709	0.00374532	6.66112	0.02833	12089.8	0.00641026	1585.51	0	858.369	0.241945	79532.5	
3.25542e+06	SFG_L_7_6	98571.5	27929.8	0	12642.2	956111	451622	0	1.76299	0.686179	18.318	0	1592.58	43490.9	31.6493	0.203602	1712.99	0	0	0	0.177029	0.00952381	0.223499	0.318519	508.206	0	0.0714556	0.00362319	0	0	0	0	0.00680272	0.0119048	0	0	0	0	0	0.0446429	0	2.08294	0.0992064	0	0	0	0	0.00362319	0.00925926	0.015873	0	0	0	0	0	0	0	0.173897	0	0.182286	0	0	0	0	0	6.53807	0	1.07332	0.113578	0	0	0	0	0	0	0	0	0	0	0	0	0	0	0	0	0	0	0	0	0	0	0	0.003003	0.0791817	0	0.00456621	0	0	0	0	0.003003	0	0.003003	0.00505051	0	0	0	0	0.003003	0	0	0	0	0	0	0.0699476	0	0.0175439	0	0.0484102	0	0	0	0	0	2.16453	0	0	0	0	0	0.00694444	0	0.00497512	0	0	0	0	0	0	0	0	0	0	0	0	0	3308.23	0.205009	3513.53	0.00653595	1677.54	0.00469484	6943.9	0.0963467	0	0	0	0	0	0	0.0630252	0	0	0	0	0	0	0	0.00497512	0.0030303	0	0	0	0	0.00980392	0.0612745	109.837	313.164	7497.58	200.115	34.6242	0.0608974	5805.33	0.50381	3014.5	0.110332	4.62547	1.96395	0	0	0	0	0	0	0	0	0.00462963	0	0	0	0	0	0.00462963	0	0	0	0	0.0030303	0	0	0.111589	0	0	0	14.3538	0	3.49677	0	0.00362319	0	0.0580808	0.0030303	0.0991488	0.128933	0.0178284	0	36.4174	241.031	0.0153199	0.0030303	124.358	0	105.929	0	0.0045045	0	0.144238	0	42.8692	0	29.642	0	6.44092	0	429.815	0	
9.88905e+06	SFG_R_7_6	203.134	335916	309.236	0	360876	3.68382e+06	7.83789	0	1.0225	0.27147	1592.58	0	3857.57	205695	54750	0	0.789154	0	532.503	0	1239.69	0.0444939	1684.54	0.0444939	0.00606061	0	3929.39	0	9.12202	0.0119048	47.5415	0.0119048	200.623	0	133.959	0	0.00378788	0	128.715	0	0.260027	4.16478	32.8724	0	0	0	0.112984	0.0123457	1.67142	30.4054	9287.86	0	0.352169	0	0.00236407	0	0.506405	0	0.0404529	0.0035461	0	0	0.0222102	0	0.752269	0.0410065	0.0252381	0.0035461	0	0.00401606	0	0	0	0	0	0	0	0	0	0	1.61498	0	0.0136243	0	0.00387597	0	0.209479	0	0.252787	0.0030303	0.188775	0	0.0643623	0	5.58645	0.0030303	0.00387597	0	0.85967	0	1.01958	0	0.00243309	0	0	0	0.685855	0	0	0	0	0	0	0	0.013265	0	0	0	0	0	0	0	0	0	2.82939	0	0.467823	0	0	0	0.029948	0	0.85379	0	0.103288	0	0	0	0.00462963	0	0.0189211	0	0.0711859	0	0.0666927	0	2.4871	0.394576	1.54638	14.194	3.69636	533.505	103.881	23889.8	0.0474359	0	0	0	0.0474359	0	0.0791237	0	0.0791271	0	0	0	0.215061	0	3.71815	0	0.14071	0	18.1853	0	10.8192	756.367	151.265	85090.5	166.022	118629	26.7317	12005.9	7.20474	78.6432	0.0273802	25106.1	21.4168	12943	0	0	0	0.00406504	0	0.00378788	0	0	0.00238095	0.00406504	0.0026455	0	0	0	0.00238095	0.00378788	0	0.0719749	0.0182683	0	0.0392053	0	0	0.450197	0	0.1896	0.0252646	0.0140927	0.00980445	36.9427	1.89353	0	6.00038	0	8.17239	287.116	0.0175824	0.0181601	8.11841	144.327	0.264137	0.0383513	31.0574	5.51841	85.616	0.0905914	0.106716	0.0183891	0.264157	0	0.322544	9.02457	0.0407159	2.41182	0.182058	2.24434	22.9769	4.2439	
1.1856e+08	SFG_L_7_7	120.948	219.659	0.00483092	22.3683	2.28454e+07	3.34176e+06	0.141644	0	0.196027	0.116154	43490.9	3857.57	0	8.23845e+06	204.616	0.738972	0	0	142823	483.632	56185.5	115.773	0.00416667	0.00641026	0	0	1.65722e+07	1.06418e+06	0	0	37.6095	7.56061	0	0.240328	296615	4.83613	2.75024	3.39334	0	0	1.74617e+06	4429.91	10080.3	0	0.00374532	0	26.6144	713829	3.9218	1.39929	428399	0.0255675	0	0	0.00297619	0	0.0558826	0	0.0553404	0	0	0	0	0	1.55678	0	0.0204248	0	1581.27	0.592509	0	0	0	0	0	0	1584.38	0.00537634	0.0892742	0	0	0	507.27	0.0267124	0	0	0	0	0	0.141476	0.10767	0	13.3448	0.142518	0.349215	0.0453109	0.0688201	0	0.002849	0	0	0	11.3715	0.0275411	1.67236	0.00323625	0.275638	0	0	0	0.104179	0	0.0623188	0	7.9581	0.0167775	2.33108	0.121408	2.37045	0.0042735	0	0	0	0	6.56314	0.339375	4.27998	0.337333	0.634182	0	0.124988	0.00343643	11.5704	0	232.156	0	0	0	0	0	0	0	0.00268817	0	0.00280112	0	65504.2	65.8787	2771.84	0.148517	36986.4	37.4668	237689	8.00327	0	0	0	0	0	0	0.013213	0.0326563	0.00282486	0	0.184802	0.024846	0.00378788	0	550.692	0	0	0	0.0278315	0	78.3161	3.47613	465805	574405	1.142e+06	949.424	19532.6	631.657	126998	57.2068	359793	36.0318	124054	1634.01	558.233	0.124705	30137.1	0.59721	37246.4	0.726784	0.283082	0.00323625	10083.7	3.5116	342.049	0.0031746	0.151905	0	12369.7	0.0134278	3904.28	0.0324332	4030.88	1.56041	42.3377	0	6.95408	0.00273224	2.28456	0.180981	4910.76	0.959324	751.212	137.421	18463.8	0.0255348	71.7002	0.438392	1644.25	24.5927	419483	0.0267295	4074.32	66.6347	37477.4	0.45611	5297.44	7.36186	1177.29	0.104117	0.16858	0	1020.22	0.0596718	26.0248	1.7154	102.227	3.22996	1647.17	8.97818	12322	1.58539	
6.80106e+07	SFG_R_7_7	0.00740741	313.587	0.00813008	0.18301	732347	8.19468e+06	0.00245098	41.5339	0	12.3056	31.6493	205695	8.23845e+06	0	643.373	1.48338	0	0	32.0544	28791.5	4286.74	1694.49	0.00740741	0.0889211	0	0.0180083	2.22622e+06	5.04464e+06	0.00641026	0	0.222437	20.6329	0.0275177	0.144014	19446.7	477.701	0	76155.2	0.025641	0.00529101	18448.5	152628	7878.22	943.429	744.308	0.132791	142052	393841	1261.18	396.708	237727	114850	0	0	0	0.0942867	0.0171299	0.00490196	0.00529101	9.914	0	0.0418914	0	0.00529101	0.284548	0.00411523	0.0208384	0	8.28502	221.954	0	0.00574713	0.00347222	104.981	0	0.0571623	0.0889136	507.955	0	6.84355	0	0	0.111832	0.974494	0	0	0	12.9903	0	2.40274	0	0.0137234	2.49048	2.95317	0.0115019	1.10874	0	0.00411523	0.0300117	0.0030303	0	0.0030303	0.236082	1.032	0	0.0127437	0	0.242911	0	0	0	0.00323625	0	0.00340136	0	0.0988449	0.086372	2.7506	0	0.145071	0	0	0	0	2.90469	3.40353	0.639494	5.42539	0	0	0.185353	0.0387277	0.0268501	0.116528	0.010929	0.0688887	0	0.230841	0	0	0	0	0	0	0.00280112	0	4.37273	2.71071	1.87367	1.1995	2.04717	317.753	93.5993	4480.89	0	0	0	0	0	0	0.0171299	1.97869	0.00282486	6.38713	0.51209	6.21871	0	0.216607	0.306976	28.6131	0.003367	0	0.0123362	0	2.38142	11238.1	118681	2.09844e+06	401.807	38733.2	1.86301	25322.2	18.1847	45.4192	0.815096	41383.3	48816.6	122297	0	7446.21	361.75	266600	2.20258	175302	0	17.4796	18.5983	191284	0.357033	86.7104	0	0.0354755	7.50765	2041.58	0.0260226	0.0554926	1.2925	6678.92	0.4504	0.711708	0	32.0629	0.413825	94.3527	0.421892	39.022	16.0419	2749.03	3928.43	682232	0.385959	13052.6	4218.87	22328.6	20.1123	1.75305e+06	47.0785	596376	0.332581	523303	39.0997	879457	25.8379	10854.8	0.159044	8.22779	19.5498	284631	5.06325	5510.65	1.65049	78624.5	7.25639	94492	16.8407	44302.1	
1.58846e+07	MFG_L_7_1	1.67761	130.655	108082	1314.73	2.83433e+06	170464	1671.38	0.242824	35.8228	0.334607	0.203602	54750	204.616	643.373	0	127.301	462.341	0.00392157	1.47202e+06	2.59717	863268	53.9884	1.78187e+06	251.717	53.366	0.0240166	50.0671	0.0600794	10.309	0.00813008	53159.8	20.1355	1293.6	0.640492	7993.54	1.7076	148.977	0.477082	1187.42	0	0	0	0.894699	0	0	0	0.0576627	0	0.114604	0	90.8352	0.0455024	38.3089	0	5.3314	0.0150779	39.1001	0.0587945	2.02954	0.324727	140.079	0.00311526	1.11302	0	0.788692	0.0205177	0	0	409.698	0.771042	61.5535	0	124.941	0.00483092	3.52571	0	15167.6	0	33.899	0	419.489	0	1104.41	0.00277778	4.87895	0	66.3857	0	312.87	0.0797337	162.939	0	440.546	0.0561147	1853.89	0.048165	1.19714	0	576.348	0	649.234	0	171.813	0.0164634	0.727285	0	540.155	0	0.0582965	0	0	0	0.00392157	0	0.00469484	0	0.0767744	0.0337004	0	0	0.673169	0	0.00574713	0	2946.04	0.133861	77.9067	0	168.75	0	54.3496	0.00396825	2190.36	0	1772.68	0	0.409216	0	22.7986	0	14.2022	0	186.9	0	134.652	0	0.512021	0.198748	414.594	0.149778	0.00537634	0.00401606	0.0392027	3.25133	23.9588	0	135.288	0	112.687	0	421.183	0	148.431	0	0.649174	0	84260.7	0	225141	0.00297619	7735.61	0	71823.6	0	0	0	1.09437	80.665	0.0718737	2.07745	0	0	0	0.204168	0	1.34783	0.0434404	0.177679	0.16569	0.0309105	6.15311	0.0119057	3896.43	0.0258711	0.004329	0	9385.67	0	1040.59	0	0.17068	0	4155.57	0	1139.96	0.149697	41.7016	0	42.8141	0	0.00529101	0.13783	1.86431	0.193904	318.093	7.63721	471.829	3.81216	0.119625	0.755007	774.185	14.0888	56.3005	0.108304	1716.93	29.7312	40732.5	6768.77	64589.5	0.395519	11254.3	62.5284	4748.13	1.19493	0.462966	0.111824	5045.6	2.2542	589.088	5.04142	1834.87	13.8529	6894.82	15.6604	2726.06	24.8641	
2.37699e+07	MFG_R_7_1	165.853	9.8398	7.78324	2.58094e+06	27188.2	2.09641e+06	0.465948	5.91723	0.0183315	0.08208	1712.99	0	0.738972	1.48338	127.301	0	0	17499.4	22.9141	2.29589e+06	36.0197	441809	5.68474	4.18512e+06	0.175344	18444.1	1.26197	764.241	0.257249	22.8848	10.2269	62390.1	9.67554	29717.3	1.66624	23.8851	0.00740741	69.9356	1.88489	0.441442	0	0	0	0	0	0	0	0	0	0.00469484	0.00292398	0.0119048	0	0.00925926	0	0.914683	0.0156049	4.37428	0.00323625	6.08987	0	3.83887	0	0.632691	0.0685544	0.00606061	0	0	0.00320513	4.86099	0	7.67297	0	2.20815	0	3.52843	0	0.153776	0	0.128729	0.00444444	0.361138	0.00320513	1.73418	0	0.0850801	0.00444444	0.279112	0	10.9594	0	1.80179	0.0540682	3.44867	0	3.66143	0	0	0.00416667	2.01426	0	7.11289	0	0.728436	0.00396825	0	0.00396825	1.3879	0	0	0	0.0608072	0	0	0	0	0	0.122332	0	0	0	0.049736	0	0.0203112	2.73413	1759.84	0	10.8813	0	0.021511	0.276522	7.51388	0.00406504	1109.13	0.00396825	2.45155	0	165.668	0	1.2879	0	17.0989	0	0.0229035	0	63.0243	0.420675	0.0228337	0.338507	0.145885	0.0163655	0	1.24224	0	0.00529101	0.0236155	0	0.197827	0.00529101	26.786	0.0711024	458.582	0	788.504	0	0	0	4.20396	0.0994625	7110.99	0.0187943	0.678308	0.171982	858	0	0	0	0	0	0	0	0	0	0	0.00392157	0	0	0	0	0.00266667	0	0.169123	0.0030303	61.0021	0.00396825	0	0.0030303	79.5961	0	347.501	0	0.00497512	0.0030303	13002.3	0	0	0	234.405	0	1.22927	0	0.0532175	0	0.394411	0	27.7797	0.0035461	44.2347	0.016616	0.0797931	0.206613	9770.15	0.0552775	9.78808	0.0360351	1171.91	19.8602	8670.39	0.059077	78495.4	0.0045045	722.352	1.59557	170.026	0.0297379	0.124878	0	5.92594	0.087663	206.94	0.0045045	123.468	0.00314465	208.734	0.0045045	706.893	
1.10177e+07	MFG_L_7_2	0	1.47448	2563.66	0	1072.48	1.07813	71.206	0	0.00617284	0	0	0.789154	0	0	462.341	0	0	0	8056.21	0	51169.8	0	3.11977e+06	0.194721	514508	0	0	0	365225	0	36719	0	527.624	0	328.798	0	147.274	0	14527.4	0	0	0	0	0	0	0	0	0	0	0	0	0	129030	0	1061.84	0	12.7298	0	3.1983	0	153.521	0	1.10677e+06	0	0	0	0	0	0.0703733	0	0.00520833	0	0.1	0	0.00555556	0	15.029	0	0.0252315	0	43.6084	0	0	0	949.259	0	0.341812	0	0.0909289	0	0.0916952	0	0.194656	0	3.98277	0	1.59426	0	372.913	0	2.13987	0	0.0481475	0	0	0.00421941	0.0913056	0	0	0	0	0	0	0	0	0	0	0	0	0	3.65299	0	38.2717	0	0.319192	0	0.1064	0	184.585	0	0	0	2.5946	0	0.704133	0	17219.4	0	3177.81	0	5603.39	0	126074	0	0	0	0	0	0.00980392	0	0	0	0	0	1252.71	0	0	0	484.585	0	0.314156	0	0.0196078	0	2.22926	0	45.2735	0	289.939	0	0.301647	0	668.164	0	0	0	0	0	0	0	0	0	0	0	0	0	0	0	0	0	0	0	0.00483092	0	0	0	0.0437038	0	0.044124	0	0	0	0.0047619	0	0	0.0170968	0	0	0	0	0	0	0	0	2.73767	0	0.134891	0	0	0	122.132	0	0	0	0.00483092	0	19.1575	0.60495	31.6132	0	0.127184	0	57.8257	0	0.0323276	0	0.0933515	0	0	0	0.0613583	0	0.156468	0	1.29372	0	
7.09799e+06	MFG_R_7_2	1592.78	1073.46	172.296	46.6927	1.96055	43.5214	49.8742	4965.55	39.08	339.363	0	0	0	0	0.00392157	17499.4	0	0	0	141.174	0	94099.4	59.5013	2.11312e+06	1.10054	268192	0	0.0035461	0	88014.4	0	14011.9	0.00680272	6997.35	0.00469484	0.0114943	0	146.722	0.00724638	4347.43	0	0	0	0	0	0	0	0	0	0	0	0	0.00617284	4.93706	0	296994	0	418.44	0	1159.03	0	1.34971	0.00617284	530118	1.21581	0	0	0	0	12.2642	0	3.28841	0	0.0218379	0	2.74393	0	10.346	0	1.0747	0	272.588	0	100.93	0	18634.2	0	60.3797	0	8772.95	0	929.188	0	306.01	0	111.361	0	5.13934	0	2377.11	0	10799.4	0	54.6838	0	0	0	1215.61	0	0	0	0.0348085	0	0	0	0	0	0.116003	0	0	0	32.1989	0	0.108185	0	0.8531	0	0.0234094	0	0.00925926	0.004329	0.00529101	0	1.40353	0	17.2678	0	41260.9	0	34.6028	0	235.627	0	12676.7	0	15.7384	0	0	0.438374	0.00529101	0	0	0	0	0.00444444	0.272844	0	0.00813008	0.00444444	0.0381264	0.896255	0.152107	0	0.218338	0	0	0	0.00666667	0.00444444	10.4674	0.0177778	0.0114943	0.0177778	3.5842	0	0	0	0	0	0	0	0	0	0	0	0	0	0	0	0	0	0	0	0.0338624	0	0	0	0.0124163	0	0	0	0.15642	0	0.0874779	0.0173189	0	0	2.65321	0	0.0420689	0	7.0891	0	0.0703845	0	20.4427	0	2.09825	0.0030303	0.0783814	0.146098	181.099	0	0.222774	0.0030303	0.0366887	3.18623	7077.67	0.0149495	31.5326	0	2.24868	0.757432	19.474	0.131208	0	0	0	0.129957	5.88242	0	6.64973	0	7.07689	0	11.7797	
2.37142e+07	MFG_L_7_3	0	0.606126	6.45178	0.434207	3.03822e+06	41141.2	1.89671	0.778387	0.0188552	0.302614	0	532.503	142823	32.0544	1.47202e+06	22.9141	8056.21	0	0	14.7266	4.72398e+06	343.978	53496.2	2.06935	157.221	0	1.77548e+06	0.224473	0.015873	0	28394.6	181.92	2.56361	2.22979	500066	7.31965	530.274	1.44727	0.184226	0	0	0	93.9374	0	0	0	0.0035461	0	0.0175926	0.00294985	36717	0.0450549	32.3453	0	0.264912	0.0860551	0.919914	0.0531495	0.388542	0.341896	0.0596315	0	287.781	0	0.00529101	0	0	0	6.16482	0.285069	0.288845	0	0.126654	0.00392157	0.0845265	0	39.7578	0.003003	0.386498	0	30.909	0	2.53817	0	67.9588	0	0.185168	0	0.124859	0.0267137	0.0185398	0	6.59266	0.0265542	4.0233	0	0.50008	0	499.096	0	3.23489	0	2.56016	0	0.0389515	0	2.39542	0	0.00350877	0	0	0	0	0	0.0187135	0	0.0706956	0	0	0	0.835856	0	5.5437	0	29.3243	0.0877049	1.37352	0.0030303	0.644665	0	0.262256	0	8.76954	0	20.3262	0.00378788	3.85487	0.003003	16.472	0	10.429	0	435.583	0	0.051912	0	0	0	4.02481	0.00401606	0	0	0	0.00401606	2.57384	0	0.00595238	0	1.81151	0	0.999783	0.013549	0.0459399	0	0.0111111	0	6.07101	0	309.903	0	0.144707	0	2.2409	0	0	0	0	0	0.149102	0	0	0	0	0	0	0	0	0	0.0377261	0.002849	0.22526	0.0470016	14.3077	0.0463856	0.173571	0	60.3278	0.00287356	22.879	0	0	0	15.1984	0.002849	10.2514	0.373776	2.19653	0	1.69525	0	0.00483092	0.0136836	0.749557	0.00294985	114.46	6.44687	21.3223	2.18103	3.72761	0.257842	428.757	23.0691	2.31574	0.109439	59.5005	28.1493	15093.8	89.3479	491.855	0.659886	6251.46	70.9895	5752.34	2.38488	0.376143	0.166189	532.082	2.05959	177.228	1.88295	376.409	7.20806	1210.28	9.80461	2036.8	23.1834	
2.45495e+07	MFG_R_7_3	0.0242745	2.98918	0.0529671	5840.58	1096.14	1.09782e+06	0.00330033	2.5235	0.00330033	0.933934	0.177029	0	483.632	28791.5	2.59717	2.29589e+06	0	141.174	14.7266	0	9.12195	1.65907e+06	0	21863.6	0	0.0188729	3.10414	6.4141e+06	0	0.00401606	0.114277	125969	0	1550.4	3.01761	91793	0	73909.3	0	0	0.0303658	0	0.00854701	584.533	0.111773	0.0144928	0.879449	0	0.0595396	0.0270749	0.123106	26038	0	0.00483092	0	0.925268	0.00340136	0.00469484	0.0134034	2.29896	0	0.033804	0	0.536895	0.014788	0	0	0	0.0030581	5.82698	0	0.0535154	0	0.00617284	0	0.0238619	0	534.095	0	0.00497512	0	0.180213	0	3.66998	0	0.120251	0	0.290762	0	0.0693998	0	0.104903	0.0500487	0.145693	0.0120159	0.392491	0	0	0	0.114831	0	0.166456	0	0.604018	0	0.108247	0	0.269952	0	0	0	0.0130732	0	0.0326865	0	0.00323625	0	0.0703691	0	0.120516	0	0	0	0.00546448	0.55062	5.25264	0.0916056	2.08862	0	0	0.0956906	0.0196121	0	3.55228	0.0140366	0.228834	0	2.1242	0	0.00666667	0	0.158867	0	0.00546448	0	0.298758	0.200411	0.0756539	0.187107	0.0806098	8.83993	49.5465	0.00401606	0.0416667	0	0	0	0.0225289	0	0	0	0.803155	0	4.69423	0	0.00520833	0	0.31808	0.0035461	43.9151	0	0.0218379	0	0.509276	0	0.00546448	0	0	0	0	15.5007	0.0211854	0	0	0	0	0	0	0.003367	3566.53	20.3955	23573.7	0.653881	22972.1	0	5.42057	8.26947	14702.1	0.207598	39.4692	0	0.00416667	2.15001	886.791	0.0308517	0.0382124	13.1165	759.413	2.78595	0.212481	0	0.221198	0	0.286981	0.164994	0.575188	37.3437	246.353	0.355727	29927.6	0.168311	4749.59	0.469202	1558.28	0.956655	204318	0.827669	13880.1	0.0134414	42406.3	1.3529	39985.8	1.85513	748.635	0.00248756	0.821664	0.124708	18218.6	0.0808234	606.993	0.0649446	661.167	0.152499	1766.11	1.05924	3431.55	
2.39243e+07	MFG_L_7_4	0.0345515	51.8154	217.009	0.627877	651827	17968.8	30.9474	1.7749	0.501975	0.136389	0.00952381	1239.69	56185.5	4286.74	863268	36.0197	51169.8	0	4.72398e+06	9.12195	0	231.627	698268	9.33062	1204.24	0	76972.1	0.025641	6.28509	0.00680272	3.78845e+06	167.006	514.623	1.63781	804240	18.8051	36.5258	4.08897	7.48009	0	0	0	0.581903	0	0	0	0	0	0.010101	0.00294985	97995.8	0.0568389	404.856	0	3.59198	0.0616756	11.1426	0.0347627	12.1556	0.493027	3.31849	0	3772.73	0	0.0227032	0	0	0	52.3999	0.111219	20.8026	0	25.8911	0	4.54895	0	437.232	0	11.8073	0	235.208	0	33.6754	0	1011.91	0	9.12354	0	6.90259	0.003003	1.26392	0	9.70416	0.0136688	134.631	0	4.00376	0	3075.77	0	44.9268	0	8.03679	0.00383142	0.434319	0	15.2651	0	0.0299438	0	0.00289855	0	0.00289855	0	0.00584795	0	0.106682	0.00401606	0	0	13.477	0	49.6372	0	84.8264	0.00396825	3.86088	0	4.86721	0	0.268585	0.00396825	49.5853	0	65.7262	0	270.26	0	125.643	0	154.426	0	15291.1	0	0.348282	0	0.00546448	0.00444444	9.69999	0.0634966	0	0.0035461	0.0178018	4.30636	30.6928	0	0.00724638	0	5.50674	0	2.28084	0.013549	13.2903	0	1.51572	0	253.138	0.00757576	2015.08	0	0.929352	0	68.4138	0	0	0.142113	0	3.65695	0.0383197	1.76189	0.00343643	1.09107	0	0	0.00546448	2.44352	0	0	2.25477	0.234995	2.76722	0.0312815	155.037	0.0115951	0.409537	0.0430875	422.769	0.00287356	68.8505	0	0.0378643	0	120.799	0.002849	55.8493	0.300063	3.96122	0	2.53166	0	0.0213577	0.0147029	1.70005	0.0139318	326.551	8.09754	36.5111	0.859629	434.625	0	736.704	18.1131	8.88395	0.0115977	1612.16	9.34027	37496.4	59.5609	1647.81	0.152409	18583.2	12.7519	19915	1.8479	1.45468	0.0118577	1354.34	0.241079	298.75	0.487523	982.09	1.7247	3888.17	2.70946	7589.59	4.02063	
