data	data	4.43611e+07	9.80235e+07	2.11792e+08	1.04741e+07	3.27032e+08	2.49591e+08	1.38535e+08	8.67811e+07	3.2109e+07	2.29815e+07	3.46719e+07	8.00809e+07	1.48546e+08	8.28043e+07	1.091e+08	6.03e+07	1.21012e+07	3.00241e+07	8.70688e+07	1.02523e+08	2.84881e+07	3.54483e+07	2.31387e+07	5.58515e+07	9.15112e+06	2.69564e+07	1.80896e+08	2.67612e+08	8.79904e+06	833824	1.4735e+07	1.92046e+07	1.7839e+07	8.02144e+06	1.62912e+07	5.94481e+06	2.31981e+07	1.10298e+07	6.23188e+07	5.58856e+06	2.24085e+07	2.03476e+07	1.00842e+08	1.84095e+07	4.40842e+07	5.10568e+07	1.11342e+08	1.04588e+08	6.98479e+07	8.54898e+06	3.83526e+07	2.09236e+07	3.20004e+07	4.44694e+07	2.52785e+07	4.06077e+07	1.95183e+08	4.34968e+07	6.74257e+07	1.54791e+08	3.40079e+07	9.43129e+06	5.5799e+07	2.74747e+07	1.92542e+06	6.47742e+06	4.34439e+06	1.89864e+07	1.17415e+08	1.28108e+08	8.5189e+06	3.08515e+07	1.75775e+07	3.06223e+07	1.86588e+07	4.60139e+07	3.6645e+07	3.93355e+07	3.54665e+07	5.0005e+07	3.82377e+07	2.60183e+07	4.52408e+07	4.41609e+07	9.64611e+07	7.30596e+07	4.60152e+07	4.69901e+07	7.70811e+07	4.78826e+07	6.71744e+07	2.00834e+07	5.40121e+07	1.51648e+07	3.08493e+07	5.07212e+07	1.05049e+08	1.98847e+07	1.53256e+07	8.04103e+06	1.94418e+07	1.19564e+07	2.98333e+08	2.12224e+08	2.01386e+08	2.33817e+08	1.66944e+08	5.86043e+07	1.26977e+08	7.26188e+07	2.91581e+07	3.15613e+07	5.72957e+07	7.40784e+07	9.61884e+07	6.32755e+07	5.0895e+07	2.31365e+07	3.99653e+07	3.76998e+07	9.01712e+06	2.96151e+07	1.70992e+07	2.20765e+07	1.9719e+07	6.76725e+07	4.40349e+07	4.49841e+07	9.6023e+06	4.08664e+07	1.24008e+07	4.86013e+07	1.53766e+07	9.69416e+06	1.25174e+08	1.0328e+08	5.4303e+07	7.43559e+07	3.38395e+07	8.73028e+07	6.73911e+07	7.71935e+07	1.21828e+08	7.83732e+07	6.64151e+06	4.31936e+07	1.28259e+07	4.75212e+07	4.06658e+06	1.55751e+07	8.9031e+07	2.18931e+08	1.97745e+06	1.99571e+07	3.96954e+07	4.82144e+07	9.05901e+06	5.13677e+06	1.97081e+07	1.53242e+07	1.19822e+08	8.27975e+07	5.37756e+07	2.54514e+07	2.07905e+07	1.46829e+07	1.9518e+07	2.16295e+06	1.35341e+08	6.37815e+07	2.4641e+06	2.26515e+06	1.02339e+08	1.44011e+06	1.73528e+06	7.9292e+06	4.34949e+06	1.8162e+07	1.2409e+07	1.82483e+06	2.01549e+07	2.58225e+07	5.84516e+06	1.76431e+06	1.39738e+06	1.42739e+06	6.57415e+06	5.44233e+06	9.4534e+07	3.56463e+08	4.94096e+08	7.27585e+07	3.7586e+08	6.75846e+08	4.18301e+07	1.26241e+08	5.53589e+08	6.79815e+08	6.16657e+07	4.83766e+07	6.46734e+07	3.5821e+07	8.35717e+07	2.33635e+08	1.4156e+08	1.75714e+08	1.26882e+08	3.44987e+08	7.09353e+07	1.16805e+08	1.72641e+07	5.96831e+07	9.66828e+07	1.45139e+08	4.79403e+08	5.87429e+08	4.4583e+08	5.04763e+08	2.66329e+08	2.04244e+08	2.17044e+08	3.716e+08	3.49522e+08	1.88186e+08	3.99436e+08	2.50773e+08	1.4611e+08	2.8005e+08	2.15182e+08	4.17019e+08	7.86911e+07	1.18261e+08	2.39866e+08	7.68197e+07	6.08122e+07	5.91989e+07	1.12714e+08	1.31327e+08	8.52614e+07	9.34687e+07	6.06345e+07	1.31724e+08	1.20867e+08	1.87972e+08	1.21916e+08	1.43409e+08	
data	data	SFG_L_7_1	SFG_R_7_1	SFG_L_7_2	SFG_R_7_2	SFG_L_7_3	SFG_R_7_3	SFG_L_7_4	SFG_R_7_4	SFG_L_7_5	SFG_R_7_5	SFG_L_7_6	SFG_R_7_6	SFG_L_7_7	SFG_R_7_7	MFG_L_7_1	MFG_R_7_1	MFG_L_7_2	MFG_R_7_2	MFG_L_7_3	MFG_R_7_3	MFG_L_7_4	MFG_R_7_4	MFG_L_7_5	MFG_R_7_5	MFG_L_7_6	MFG_R_7_6	MFG_L_7_7	MFG_R_7_7	IFG_L_6_1	IFG_R_6_1	IFG_L_6_2	IFG_R_6_2	IFG_L_6_3	IFG_R_6_3	IFG_L_6_4	IFG_R_6_4	IFG_L_6_5	IFG_R_6_5	IFG_L_6_6	IFG_R_6_6	OrG_L_6_1	OrG_R_6_1	OrG_L_6_2	OrG_R_6_2	OrG_L_6_3	OrG_R_6_3	OrG_L_6_4	OrG_R_6_4	OrG_L_6_5	OrG_R_6_5	OrG_R_6_6	OrG_R_6_6	PrG_L_6_1	PrG_R_6_1	PrG_L_6_2	PrG_R_6_2	PrG_L_6_3	PrG_R_6_3	PrG_L_6_4	PrG_R_6_4	PrG_L_6_5	PrG_R_6_5	PrG_L_6_6	PrG_R_6_6	PCL_L_2_1	PCL_R_2_1	PCL_L_2_2	PCL_R_2_2	STG_L_6_1	STG_R_6_1	STG_L_6_2	STG_R_6_2	STG_L_6_3	STG_R_6_3	STG_L_6_4	STG_R_6_4	STG_L_6_5	STG_R_6_5	STG_L_6_6	STG_R_6_6	MTG_L_4_1	MTG_R_4_1	MTG_L_4_2	MTG_R_4_2	MTG_L_4_3	MTG_R_4_3	MTG_L_4_4	MTG_R_4_4	ITG_L_7_1	ITG_R_7_1	ITG_L_7_2	ITG_R_7_2	ITG_L_7_3	ITG_R_7_3	ITG_L_7_4	ITG_R_7_4	ITG_L_7_5	ITG_R_7_5	ITG_L_7_6	ITG_R_7_6	ITG_L_7_7	ITG_R_7_7	FuG_L_3_1	FuG_R_3_1	FuG_L_3_2	FuG_R_3_2	FuG_L_3_3	FuG_R_3_3	PhG_L_6_1	PhG_R_6_1	PhG_L_6_2	PhG_R_6_2	PhG_L_6_3	PhG_R_6_3	PhG_L_6_4	PhG_R_6_4	PhG_L_6_5	PhG_R_6_5	PhG_L_6_6	PhG_R_6_6	pSTS_L_2_1	pSTS_R_2_1	pSTS_L_2_2	pSTS_R_2_2	SPL_L_5_1	SPL_R_5_1	SPL_L_5_2	SPL_R_5_2	SPL_L_5_3	SPL_R_5_3	SPL_L_5_4	SPL_R_5_4	SPL_L_5_5	SPL_R_5_5	IPL_L_6_1	IPL_R_6_1	IPL_L_6_2	IPL_R_6_2	IPL_L_6_3	IPL_R_6_3	IPL_L_6_4	IPL_R_6_4	IPL_L_6_5	IPL_R_6_5	IPL_L_6_6	IPL_R_6_6	PCun_L_4_1	PCun_R_4_1	PCun_L_4_2	PCun_R_4_2	PCun_L_4_3	PCun_R_4_3	PCun_L_4_4	PCun_R_4_4	PoG_L_4_1	PoG_R_4_1	PoG_L_4_2	PoG_R_4_2	PoG_L_4_3	PoG_R_4_3	PoG_L_4_4	PoG_R_4_4	INS_L_6_1	INS_R_6_1	INS_L_6_2	INS_R_6_2	INS_L_6_3	INS_R_6_3	INS_L_6_4	INS_R_6_4	INS_L_6_5	INS_R_6_5	INS_L_6_6	INS_R_6_6	CG_L_7_1	CG_R_7_1	CG_L_7_2	CG_R_7_2	CG_L_7_3	CG_R_7_3	CG_L_7_4	CG_R_7_4	CG_L_7_5	CG_R_7_5	CG_L_7_6	CG_R_7_6	CG_L_7_7	CG_R_7_7	MVOcC	MVOcC	MVOcC	MVOcC	MVOcC	MVOcC	MVOcC	MVOcC	MVOcC	MVOcC	LOcC_L_4_1	LOcC_R_4_1	LOcC_L_4_2	LOcC_R_4_2	LOcC_L_4_3	LOcC_R_4_3	LOcC_L_4_4	LOcC_R_4_4	LOcC_L_2_1	LOcC_R_2_1	LOcC_L_2_2	LOcC_R_2_2	Amyg_L_2_1	Amyg_R_2_1	Amyg_L_2_2	Amyg_R_2_2	Hipp_L_2_1	Hipp_R_2_1	Hipp_L_2_2	Hipp_R_2_2	BG_L_6_1	BG_R_6_1	BG_L_6_2	BG_R_6_2	BG_L_6_3	BG_R_6_3	BG_L_6_4	BG_R_6_4	BG_L_6_5	BG_R_6_5	BG_L_6_6	BG_R_6_6	Tha_L_8_1	Tha_R_8_1	Tha_L_8_2	Tha_R_8_2	Tha_L_8_3	Tha_R_8_3	Tha_L_8_4	Tha_R_8_4	Tha_L_8_5	Tha_R_8_5	Tha_L_8_6	Tha_R_8_6	Tha_L_8_7	Tha_R_8_7	Tha_L_8_8	Tha_R_8_8	
4.43611e+07	SFG_L_7_1	0	2.66345e+06	1.3153e+07	13399	568196	235261	1.38172e+06	447055	42166.8	1678.85	27020.2	13959.8	19.4716	92.3807	965.389	17.6383	0.0265301	21.0922	0.263697	0.456795	0	0	135.4	296.337	2.18356	185.116	1.58872	10.8622	1958.81	0	0.256477	0.0037037	6951.45	0	0.0244167	0	942.914	0	498856	0	0	0	0.0677703	0	0.297793	0	3.44134	0.00628931	14.0195	0	0	0	0.638106	0	1.13084	0.104617	99.2841	0.0143635	91.3849	168.781	1.78235	0	1004.13	0	599.747	0.692809	23.7474	20.5805	505.018	0	0.233192	0	47.4803	0	0.110215	0	1.92823	0.00308642	0.538427	0	0.346382	0	3.02933	0.0538714	1.67775	0	7.28455	0	38.0877	0	4.56398	0	282.2	0.003367	0.311224	0.0310472	46.988	0	31.4579	0	33.0214	0	363.132	0	0.0382993	0.0540095	6.69149	0.00340136	149.9	0	0	0	0.522126	0	0.00469484	0	35.9345	0	0	0	0.0434844	0	0	0	1678.03	31.8259	722.509	0.004329	0	0	85.2674	4.76507	0.0225989	0	7564.92	0.188738	0	0.0346573	0.00505051	0	0.00505051	0	971.7	0	0	0	7913.97	2.61062	5363.83	19.5401	866.298	11.4377	235.344	115.891	0.977947	0	0	0	0.00537634	0	49.7666	0.00358423	13331.6	0	0	0	0.171797	0	15241.6	0	347.389	0	60413.8	0	0.686081	0.148085	8.67423	17241.1	4.04962	312.965	2256.41	127.226	39277.5	3.36137	737.295	0.383388	0	0	10.1591	54.4476	0.106253	0	0.402881	0	20.9006	15.2849	0.782457	0.00694444	44.2776	0	57.3181	0	0.0984845	0	18.5154	0.193336	0.382975	0	0.301767	0.0974953	1.95613	0.00343643	33.6545	0	10303.1	0.120113	1297.11	0.130589	13.5885	0.0047619	750191	6.22586	90.6895	0.197381	45.3774	0.185203	27211	155677	26102.9	0.514771	993.588	0.00343643	1.29436e+06	0	56.9705	0.189761	4226.96	0.00343643	68328.8	0.34655	28313.1	0.0172946	32488	0.00374532	544696	0.434342	
9.80235e+07	SFG_R_7_1	2.66345e+06	0	676350	335248	32245	462022	3.12585e+06	2.179e+07	429906	718251	7398.86	1.65045e+06	205.654	19726.9	157.184	15883.8	6.62276	14.0729	1.08381	477.302	0.129858	2798.37	7281.53	11083.4	35171.6	1142.11	14.5151	28.0153	20.9658	3346.24	0	2785.1	31.3876	157135	0	0.210467	3.38157	151375	394.365	149595	0.849222	0	0	0.0151515	0.0021097	0.0122706	0.116219	0.461515	0.0047619	0	0.129354	0.0750963	0	0.00757576	445.696	0.511143	660.808	1.62268	667.063	773.046	0.00641026	4.91517	0.0603209	0.3273	0.240335	183.031	9.35408	507.572	0	2.53698	0.00387597	0	0	0.0209138	0	12.0885	0	0.0448236	0	0.390116	0	0.0431	0.0130853	4.1263	0	0.340348	0.062945	0.0045045	0.0323479	12.6953	0.0760099	0	0.00258398	61.2133	0	847.424	0	0.0710138	0.0146804	0.0428977	0.0146804	0.113872	0.204675	0	0.639854	0	0.108425	0	0.0100699	0	0	0	0.00985663	0	0.0162578	0	0.00245098	0	0.00483092	0	0	0.00421941	0	110.02	1.49731	5551.52	1.22608	52.9705	0.0035461	0	0.346722	930.783	1.39956	0	5.70077	56.5959	0.0136842	15.1668	0	0.0180787	0	21.3582	0.221918	1.27403	0.00520833	32.2108	35.6389	317.832	0.539956	1069.21	0.850986	344.379	280.833	6815.51	0	0	0	0	0	0	25.0703	783.222	1.27826	413.051	0	0.00833333	0	52.3077	3.42223	20.269	0.0156884	25.0937	2.80726	1910.17	5.00979	288.162	457.904	27799	7.00314	15013	0.868566	4855.84	689.107	47417	0.1701	160.093	0.0512168	0	16.6363	1.21694	0.003367	0.00680272	0	0.473426	1.1225	0.0972129	0.0146705	0.113077	1.22967	0	0.298825	0	0	0.144004	221.578	0.0539423	0.0445472	0.0148641	1.04849	2.35212	0.195493	10321.8	0	53.337	11.4232	195067	0.206447	2018.57	0.0680767	7.62861	34.9631	2.64877e+06	0.115967	189.882	0.0704442	221.794	4395.56	3.54002e+06	4.86999	6009.14	0.00724638	953079	54.4583	3.7584e+06	9.63062	14.1761	0.154238	19744.3	10.0286	761296	0.168183	728672	0.120455	458976	9.30654	3.35446e+06	
2.11792e+08	SFG_L_7_2	1.3153e+07	676350	0	483.635	2.74108e+07	689916	2.62069e+07	41220.7	4.71191	1335.5	686.218	292428	20.8397	55.2196	9.3799e+06	7.33661	26.5487	1.64684	566.17	2.372	165.795	0	2.13553e+06	56.5633	80211.5	52.8229	968.194	6.18154	100427	0	619.056	0.0338384	267364	0.00378788	491.595	0	92609.7	0	6.64326e+06	0	0.00308642	0	21.614	0	4.49983	0	10.7872	0.04873	41.8783	0	34.965	0	95.3874	0	280.398	0.13152	9.23139	0.174419	2.27377	1.98497	8620.33	0	306110	0	0.00617284	0.10753	0	0.361961	1345.18	0	36.7459	0	665.327	0	26.8796	0	188.355	0	54.5929	0	17.8998	0	398.908	0.00340136	152.774	0.00277778	317.223	0	839.783	0	823.406	0	880.607	0.003367	17.8617	0.0303662	2168.03	0.00262467	1283.74	0	1066.13	0	3234.18	0	0.854158	0.676241	507.833	0.00340136	436.706	0	0.0370521	0	63.0544	0	0.00374532	0	69.0123	0	0.00374532	0	11.7191	0	0.240949	0	866.409	60.6482	93.6801	0.0154607	0.0173867	0	227.424	12.9351	0.746733	0	102108	0.0582516	1.43916	0.013862	0.433428	0	5.99791	0	22858.1	0	358.371	0	24.3253	0.854587	0.0437022	15.5515	0.228637	3.51411	2.26781	63.6248	31.1289	0	36.3258	0	0.776583	0	715.656	0.51353	377529	0	5.48442	0	49050.5	0	706261	0.00297619	3843.93	0.00277778	1.34292e+06	0	0.00456621	0.895492	80.3863	11608.3	0.157465	1008.16	0.00282486	52.3888	0.484404	1135.95	0	0.0266773	0	0	62.8332	304.663	0.59529	0	0.906032	0	101.418	79.3724	0.0418676	0	774.047	0	2180.78	0	0.488989	0	135.584	0.862401	0.782346	0	0.906664	0.0324208	597.334	0.0340861	130.735	0	96195	1.67731	6366.64	0.13268	53.4088	0.112709	6.23684e+06	27.9107	335.173	0.663367	15866.4	0.148607	199281	44154.2	1.04165e+06	1.14259	17784.8	0	6.48616e+06	0.0678933	524.743	1.44151	11678	0.0355906	152455	0.860434	58590.5	0.015695	89728.3	0.0355906	1.30785e+06	1.0981	
1.04741e+07	SFG_R_7_2	13399	335248	483.635	0	96.3923	2.40639e+06	5.13878	810303	0	0.010101	105.208	0	0	0	0.0148166	1.30671e+06	0.00724638	0.772711	0.00238095	54282.1	0	11676.2	2.42148	4230.62	1.05119	205125	0.113676	103.574	0	117.727	0	8262.69	0	21587.6	0	21.7564	0	6883.95	2.42316	1504.07	0	0	0.0362951	0.622447	0.182591	0.00885946	1.44049	0.00885946	3.27206	0	0	27.9378	0	0.00606061	0.0437756	4.20575	0.0571963	1.04913	0.0105255	0.266638	0	11.1202	0.00666667	0.681175	0	0	0	0	0.0253727	0.052657	0	0.0211538	0	0.160758	0	14.1344	0.0128633	0.288919	0	0.233427	0	0.114892	0	0.0956289	0	0.747162	0	0.115875	0	6.41419	0	0.0047619	0.0253727	0.605531	0	45.8252	0.00250627	0.160147	0	0.0161622	0	0.284273	0.0677892	0.178337	0.196112	0	0.0458304	0	0	0	0	0	0	0	0	0	0	0	0	0	0	0	0	121.113	0.280696	39.288	2.29066	56.7985	0.003663	0	0.00340136	5.55581	0.0907915	0.00546448	0.0566142	91.3992	0	19.1776	0	0.00497512	0	7.07543	0.0140366	0.04578	0	17.0948	3.20243	24.2622	0	0.774664	1.52618	2.77805	0.0372635	0.154389	0	0.00680272	0	0.00564972	0	0	0.00340136	4.48742	0.0916455	231.67	0	0	0	0.25514	0.174544	25.6272	0	18.5656	0.360926	492.232	0	0	0	0	0	0	0	0.0384658	0	0	0	0	0	0	0.294091	1.34931	0.185571	0	2.6882	3.88309	0.252325	0	3.87277	1.82541	1.13228	0.0602934	0.0750874	0	0.678395	2.10163	5.46973	0	0.0492701	1.58807	0.206544	20.7184	0.0683368	936.81	0.0445203	0.124412	0.390618	907.463	1.26678	5.79787	4.60504	0.0196994	1.00741	31556.2	13.2833	46.8862	9.7499	567.79	14.9864	2737.05	0.256183	7350.31	0.00226757	615.342	0.174169	1525.38	0.108037	0.00813008	0.067863	92.16	0.688834	414.954	0	522.851	0.140381	389.356	0.00289855	1467.28	
3.27032e+08	SFG_L_7_3	568196	32245	2.74108e+07	96.3923	0	1.54671e+07	209.478	85.9247	115.432	317.592	6.31514e+06	2.93098e+06	3.0077e+07	1.48937e+07	8.54624e+06	0	13.2528	0	9.71582e+06	59467.4	75895.2	0.055268	506.872	0	1.84966	0.00641026	1.84322e+06	1.14382e+06	137.726	0	2416.6	0.0151515	181400	0.0150664	36067.5	0.0126188	107551	0.00952818	125012	0	546.198	458.227	200.229	0.0613867	69.5178	0.0789643	1718.37	111365	488.681	3.18093	121954	0.110234	7.98374	0	0.461156	0.295589	57.2608	1.15741	37.9458	21.4672	335.738	0	77.1539	0	1.06724	1.1556	4.08206	13.3424	28684.8	0.0743484	24.2264	0	345.335	0.00326797	9.61633	0.00326797	478.04	0.0123457	240.237	0.00903632	9.71369	0	608.662	0.545623	922.394	0.00277778	218.869	0	710.018	0.00167504	2459.69	0	11976.8	0.0231321	19.5137	1.67652	8688.53	0	858.838	0	711.255	0	8444.33	0	1233.46	0.030109	1237.88	0	4328.47	0	12.5207	0	52.9958	0	3.66018	0	935.311	0	4.90968	0	4.46597	0	0.36667	0	28732.3	13092.1	3115.44	7.4281	0.00892351	0	2988.61	635.428	9.74537	0	111032	0.411531	7.60562	0.044363	1.39075	0	19.6216	0	26916.6	0	566.711	0	4759.37	63.4357	14.2448	1498.78	21900.4	162.343	616.201	1593.17	21.9866	0	44.2939	0	0.754487	0	991.333	8.40959	149026	0.00326797	62.9894	0.00323625	54766.5	0	884244	0.00297619	3180.95	0.0111111	567362	0	14.2897	166.382	280541	1.1091e+06	28531.5	9608.6	66333.7	628.518	15359.2	190.558	995.021	115.46	32.8839	8991.1	2643.6	75.7426	5396.37	0.00358423	12703.4	0.355011	31.8371	15.7411	83.0703	0.500168	18439.9	0.00323625	29401.9	0	12827.5	0.14697	59863.7	0.227989	9.89353	6.45898	38.24	2.65438	239.426	3.87458	3340.56	0.0707286	131226	191.375	179071	1.91689	21855.6	3.79778	1.22121e+06	347.872	20876.6	84.6221	4.04245e+06	30.7878	1.72695e+07	194.339	4.21032e+06	325.225	2.91533e+06	2.0454	2.82409e+06	0.837999	333.582	117.452	373458	2.28113	1.06352e+06	52.6561	550026	0.959773	1.3976e+06	1.90804	3.90663e+06	47.2876	
2.49591e+08	SFG_R_7_3	235261	462022	689916	2.40639e+06	1.54671e+07	0	2567.35	36791.9	411.272	125.972	2.45167e+06	3.0876e+07	242936	1.91596e+06	626933	34733.5	1.92412	0.121243	320.418	6.80819e+06	36.233	415754	310.544	682.732	714.451	1562.03	310.648	177672	49.7071	208.384	0.408552	573570	464.396	141925	0.200817	119065	315.302	36594.9	1731.8	25.4538	11.3664	0.364025	135.795	351.184	438.543	6.63197	2876.68	14.7613	15443.5	0.0928072	0.484193	13973.5	0.0170452	0.86596	3.42189	540.06	27.4138	216.825	19.0456	501.434	0.0919022	1489.32	0.137142	4.57604	0.0140366	58.6023	0.1763	8.10309	248.983	1180.18	0.003663	13.5148	0.902762	15.3127	0.003003	222.758	4.33393	2224.99	1.04167	69.1882	0	6.04765	2.26837	440.374	0.00243309	698.318	0.116372	10.8949	0.581677	1001.49	0.0727407	17.0798	179.667	986.542	0	7255.28	1.06703	565.35	0.00406504	31.5694	0.00406504	22.3535	47.0013	58.4502	202.11	0.455727	43.0785	6.09861	2.85145	0.153895	0.122744	0.247325	3.72164	0.976426	0.0144988	0.00179211	2.8308	0.290437	0.134974	0.188282	0	4.78138	0	1308.77	516.012	35850	8194.39	23424.4	0.0284004	0.0226021	2.68648	5301.24	1.39138	0.0204528	60.4427	203983	0.0282049	42326.9	0	7.27639	0.004329	110.43	3.93579	8.69011	0.00490196	851.303	15704.9	173660	0.596801	8389.6	3177.62	25106.4	1128.59	27487.5	0	36.4263	0	84.0556	0	1.54235	5.47846	8753.19	45.9723	14747.5	0.0553538	6.85908	0.139595	65.5214	67.5106	43989	0.00574713	5635.89	60.8857	14516.9	33.836	5454.58	28069.4	364918	444.549	27.6324	1.16138	39054.1	6.24795	59.921	0.103735	37.1815	0.00740741	0.0567633	48.5505	53346	55.5228	0.816	3033.54	92090.6	42.5654	3.09508	4158.96	75282.4	1023.5	111.062	273.39	7.25971	971.585	32507.1	3719.27	0.0539634	200.891	7824.19	189.491	88831.7	165.76	25309.7	96.9838	1138.55	537.089	31915.5	11466.6	31004.6	10404.5	576938	455.236	5.55097e+06	56614.5	289365	46531.2	6.93528e+06	2271.58	1.59653e+07	525.164	1.40757e+07	1.73825	6.28738e+06	241.317	1.0731e+06	511.21	4.55145	176.241	1.75934e+06	2743.21	466457	48.9728	1.68193e+06	229.543	2.34292e+06	79.515	2.32173e+06	
1.38535e+08	SFG_L_7_4	1.38172e+06	3.12585e+06	2.62069e+07	5.13878	209.478	2567.35	0	635039	1.01895e+07	699311	4.63373	3743.75	4.35779	7.55705	25471.3	5.41038	15.1509	0.0634058	13.4742	0.270873	1.76684	0	37254.5	41.6091	168369	38.9493	34.3377	2.82837	47273.8	0	0.331667	0	1195.43	0	1.22698	0.00362319	209.497	0	568465	0	0	0	0.784029	0	2.5892	0	15.653	0.398428	34.2613	0	1.97423	0	133.118	0.0147334	1.15949e+06	13.1434	723.614	10.2456	58593.5	407.596	5322.7	0.0147334	161535	0.0148148	583.003	34.5715	23.5833	930.946	167.619	0	2.16929	0	95.5661	0	4.54034	0	2.87265	0	2.7199	0	0.412788	0	12.3515	0.0538911	9.24026	0	12.9632	0	90.689	0	184.633	0	144.79	0.01327	0.389473	0.221136	195.87	0	424.057	0	382.218	0	392.931	0	0.19977	1.82168	103.858	0.0307218	31.2643	0	0	0	26.9584	0	0	0	11.3183	0	0	0	1.64843	0	0.0466652	0	18369.5	10.712	377.223	0.00343643	0.219075	0	14138.1	162.711	11.604	0	4590.15	0.015545	2.68424	0.0343064	0.00641026	0	0.145356	0	2323.63	0	0.00724638	0	375.954	5.66927	504.64	182.38	1.04808	8.84887	0.136641	19.64	0.151324	0	0	0	0	0	11927	5.31865	61873.4	0	0.00297619	0	23.7615	0	33491.5	0	0.199509	0	59073.3	0	0	0.00694444	0	9112.74	0	0.912332	6.66248	13.5751	59.5291	9505.57	0	0.260687	0	0	143.094	782.424	1.58795	0	0.413443	0	384.537	184.621	0.0182648	0	12.8122	0	23.8318	0	0.106033	0	222.337	1.88547	0.174165	0	2.27525	0.0324208	7440.1	0.0134991	3.80509	0	426452	3.74458	637.682	0.219233	144.385	0.0035461	7.08491e+06	36.2784	317.389	0.683564	176.5	1.63118	64174.1	18860.4	281889	2.67273	707.698	0	1.47768e+07	0.0565579	37693.3	2.29905	1471.64	0.004329	212679	10.8349	20306.7	0.241586	31924.1	0.00469484	1.58928e+06	8.14553	
8.67811e+07	SFG_R_7_4	447055	2.179e+07	41220.7	810303	85.9247	36791.9	635039	0	392125	4.54799e+06	2.34814	7.53336	5.71998	5.48604	0.120002	410584	0	2191.9	0.0900572	6205.92	0.0793247	48428.7	7.07362	264413	325.913	1.62968e+06	0.615356	34.3337	0	20311.1	0	21521.1	0	179700	0	27.3708	0	112099	0	1.10585e+06	0.003663	0	0.002331	0.0492504	0.0021097	0	0.0752164	0.0872997	0	0	0.110811	3.42495	0.444541	10.6164	696.828	481949	38.5359	1034.98	1.09072	38959.9	0	7309.06	0	40942.8	0.0511597	0.0598291	3.34346	23.2995	0.0223377	0.231148	0	5.78709	0.0108401	14.821	0	16.0604	0.0108401	0.216448	0.0108401	10.6894	0	517.752	0	5.32577	0	120.178	0	18.7093	0	257.827	0.02697	0.0876748	0.00248756	1.09105	0	614.532	0	7.30221	0	51.2768	0	1.86338	0.308125	0	2.80067	0.0173189	0.02697	0.0914579	0.00243309	0	0	0	0.00985663	0	0.00490196	0	0.0121922	0	0.00483092	0	0	26.056	0	821.886	5.11673	11478.1	0.0163009	197.214	0.0337107	0.0266773	2.7097	2591.58	7.35507	0.0708749	1.64994	10628	0.0906843	7952.24	0	29.3887	0	6883.24	1.50275	121.849	0	7515	0.00374532	41.7171	1.05649	82.9354	0	12.846	0	0.17847	0.00595238	0.481235	0	0	0	0.00653595	15.0187	89.6292	0	1023.94	0.002331	0.00833333	0	12.5974	0.002331	126.872	0	73.0054	0.002331	4068.71	0	0	0	0	0	0	0	0	17.8719	0	0	0	0	0	75.8786	3.89055	0	0	0	0.18032	7.90906	0.435756	0	0.0125467	0.012956	0	0.00314465	0.102404	0	0.094604	379.362	0.0275175	0	0.263046	0	1732.4	0.263653	13761.5	0	0.854568	42.8094	890081	0.258609	37.3397	0.1798	17.3167	40.4861	6.59502e+06	0.429445	12.7786	0.218749	65.9319	199.01	471419	0.233585	66728.8	0.0204451	122029	134.723	1.11599e+06	15.4584	1433.8	0.193438	144.222	8.6101	153913	0.447942	60830.7	2.77563	37154.4	39.9444	730743	
3.2109e+07	SFG_L_7_5	42166.8	429906	4.71191	0	115.432	411.272	1.01895e+07	392125	0	2.0064e+06	5.52894	1496.94	1.30463	1.29477	2.13585	0.00282486	0.00406504	0	0.0494536	0.160452	0	0	0	0	0.0493827	0.0668164	3.58652	1.76082	0.132102	0	0	0	0	0	0	0	0	0	0	0	0	0	0.0748864	0	0.0360561	0.279226	0.325938	0.7706	1.75639	1.63078	0.0231902	0	0.565496	0	1647.81	1085.67	7925.76	646.291	169044	12274.7	0	0	0.160726	0	3462.56	106.303	51115.2	1262.58	0.371327	0	0	0.00438596	0.00266667	0.00438596	0	0.00438596	0.013443	0	0.00374532	0	0	0	0.0536057	0	0.0166771	0	0	0	0.0857394	0	0.0999953	0	0.0865484	0	0	0	0.149002	0	2.06734	0	2.26088	0	0.111097	0	0.00438596	0.16479	0.0157796	0.00340136	0.048048	0	0	0	0.003003	0	0	0	0.0575414	0	0	0	0	0	0	0	32588.3	7.24712	285.944	0	0.0240416	0	18758.2	206.154	1.27748	0	5.2047	4.47918	2.15427	3.12585	0	0	0	0	14.0269	0	0	0	460.593	25.3538	8005.19	426.773	0	14.2694	1.35193	156.58	0	0	0	0	0	0	8808.94	11.4781	130.911	0.00438596	0	0	0	0	18.5792	0	0	0	5.83466	0	0.0378033	0.403701	0.0138889	1239.84	0.342873	0.906412	0	5.39091	74714.2	712.173	2032.67	31.6855	0	0	5.65651	112.364	0.162986	0	0.00421941	0	28.5748	21.482	0	0	0.0857336	0	0.0954964	0	0	0	7.91324	0.142017	0	0	0.0932119	0	550.654	0.0156884	0.183516	0	7842.21	0.0605757	0.150409	0	7.83201	0.00925926	143733	1.8465	18.4557	4.02568	10.0848	0.660379	5196.8	12.2796	477.878	4.03741	15.2349	0	2.1352e+06	0.00852057	34363.8	1.64463	0.808804	0	27623.1	5.64969	220.712	0.119848	2231.38	0	237330	4.81066	
2.29815e+07	SFG_R_7_5	1678.85	718251	1335.5	0.010101	317.592	125.972	699311	4.54799e+06	2.0064e+06	0	1.52893	2525.37	13.3687	55.5228	2.33945	0.251218	0	0.168263	0.449482	0.535098	0.0224105	0.00813008	2.52592	0.498831	111.398	0.456902	2.32497	0.955667	0	0.010101	0	0.00813008	0.00628931	0	0	0	0.00628931	0.0375661	0.00628931	4.5145	0.299792	0	0.00326797	0	0.012542	0.00416667	0.0909563	0.0196328	0.0362212	0	0.0224105	0	507.864	2.49381	446456	76301.5	37834.1	0.0133333	15092.2	479919	0	348.815	0	856.451	12.6311	3811.24	5698.41	572213	0	0.168298	0	0	0	0	0	0	0	0	0	0.00505051	0	0	0	0.0443626	0	0	0	0	0	0	0	0	0	0.0189135	0	0.0047619	0	0	0	0	0	0	0	0	0	0	0	0	0	0	0	0	0	0	0	0	0	0	0	0	0	0	0	0	14.0532	1285.01	1.69377	1.04972	0.00490196	0	15.4742	284.447	0.0939114	0	3.73138	7.76835	0.00438596	0	0	0	0	0.00606061	0.0673258	0	0	0.00606061	194.762	4055.74	12.949	14617.5	8.09854	2255.76	1937.2	71723.1	0.225532	0	0	0	0	0	337.876	37.2138	0	0	0	0	0	0	0	0	0	0	0	0.145198	74.0526	830.468	0.0429052	984.284	1.25697	0.0138889	1.87037	11399	234.855	97364.8	12.3589	19391.3	0	0	0.143553	0.285396	0	0	0	0.00483092	0.360385	0.0172914	0	0.00483092	1.64399	0	0.205644	0	0	0	0.213021	0	0.243555	0.00641026	2.59174	156.885	0	19.3365	0	0.117417	0.00350877	10682.3	0	0.47425	0.0774254	15.428	53.1075	232713	0.513791	1.01072	0.453808	18.8819	118.724	49397.2	0.115552	2.17995	0.00297619	9542.18	39.7013	836327	45.723	9886.86	0.0100186	0.00606061	40.9511	32338.1	2.92488	110.766	17.176	504.142	67.8179	464385	
3.46719e+07	SFG_L_7_6	27020.2	7398.86	686.218	105.208	6.31514e+06	2.45167e+06	4.63373	2.34814	5.52894	1.52893	0	354821	7.17921e+06	65404.4	256.782	0	0	0	1.12009	18454.3	0.574927	0	0.00520833	0	0	0	2.85717	54108.7	0.00628931	0	0.00980392	0	0.00793651	0	0.00877193	0	0.00793651	0	0.00641026	0	99.0584	0.735938	0	0	0.00294985	0.0474203	0.0234436	417.297	0.00505051	0	0	0	0	0	0	0	3.14667	0	5.26472	0.00537634	0	0	0	0	1.7673	0.00813008	1.38343	0.168147	0.00268817	0	0	0	0	0	0	0	0	0	0	0	0	0	0	0	0	0	0	0	0	0	0	0	0	0	0	0	0	0	0	0	0	0	0.00268817	0	0	0	0	0	0.00268817	0	0	0	0	0	0.94606	0	0.00387597	0	0.00497512	0	0	0	0	0	16.9003	0.0495877	463.928	2.83987	0	0	0.0481311	0	0	0	0	0.478579	0	0.0021097	0	0	0	0	0	0	0	0	32443.8	14.8877	137.241	0.0241967	62709.8	34.8072	3727.66	16.0197	0	0	0	0	0	0	0.00239808	0	0	0.0267914	0	0	0	0	0	0	0	0	0	0	5.16441	10.185	6124.32	13984.2	521886	1005.86	49835	38.4419	146361	0.407298	21834.1	0.937598	37.2599	0.982437	0	0	0	0	0	0	0	0	120.108	0	0	0	0	0	0	0	0.0101876	0	0	4.78575	0	1.11483	0.00387597	0.114999	0	0	250.479	0	0.329298	0	0.757766	0.00260417	0.012459	4.4431	2.34998	0.368555	0.0306718	0	0.887723	7.25285	0.00260417	1.14712	0.183256	0.637157	0.421236	0.124139	0	0	0.0293151	0.0983937	0.903966	0.0045045	27.2947	0.148762	0.173346	0.196622	3.30669	0.249452	
8.00809e+07	SFG_R_7_6	13959.8	1.65045e+06	292428	0	2.93098e+06	3.0876e+07	3743.75	7.53336	1496.94	2525.37	354821	0	124035	1.69494e+06	436247	0.00757576	1.96867	0	23.9018	3.98964	8.26193	1.29639	51.9889	0.03367	171.308	0.00925926	36.7198	264.397	17.0795	0	0.131158	9.42852	239.419	0.768447	0	0	140.289	0	473.206	0	84.8133	0.884945	0.00238095	0.00350877	0.00238095	0.0264052	0.00574713	48.8831	0.0712195	0.0772947	0	0	0	0	0.0837826	0.00387597	26.5773	0	31.0906	0.0167261	0.0244834	0	0.21913	0	0	89.6962	11.8911	174.142	0	0.103019	0	0	0.0474778	0.003367	0	0	0.0242139	0.0431838	0.0108932	0.0672818	0	0	0.11914	0.466962	0.003663	0	0.0142639	0	0.00333333	0.0020202	0.003367	0.012228	0	2.74313	0	8.7308	0.127678	0.003663	0	0	0	0	0.00333333	0	0	0	0.0130159	0.003663	0	0	0	0	0	0	0	0	0	0	0	0	0	0	0	0	0.0468431	96.5498	2.28552	0.060478	0	0	0	7.28072	0.0037037	0	6.41543	0.393905	0	0	0	0	0.004329	0	0.123926	0	0	0	48.4913	119.091	0.0660901	271.934	34.8669	2437.91	5866.38	114573	0	0	0	0	0	0	0.0396278	0.0379692	6.02764	0.003367	0	0	0	0	9.21798	0.0373536	0	0	7.73445	0	325.697	51447.8	10833.5	620456	7933.38	693281	5.12489	100602	1704.2	2713.67	79.7609	532.826	42.1287	24686.4	0	0.0860924	0	0	0	0.0552692	0	0.00350877	0.226271	0.193069	1.61824	0	0.407546	0	0	0.0310352	0.0126227	0	0.267109	0.0384273	0.998355	0.262253	0	0.321551	0	2.24227	0.110485	18.6165	0.0549778	31.3309	0.0310418	0.128323	22.7068	66.2535	0.209641	12.1579	0.170863	14.6491	293.754	16917.5	12.6905	34.3184	0	169.525	8.74523	10.8764	0.111532	0.00694444	0.00945674	176.822	0.212788	33.3469	0.014663	323.194	0.00945674	509.619	0.611556	74.8263	
1.48546e+08	SFG_L_7_7	19.4716	205.654	20.8397	0	3.0077e+07	242936	4.35779	5.71998	1.30463	13.3687	7.17921e+06	124035	0	6.2767e+06	129.653	0	0	0	536448	25845.7	2448.79	0	0.00666667	0	0.055401	0.00641026	1.80753e+07	2.67095e+06	0.0898738	0	0.310631	0	0.022964	0	181.075	0	2.01969	0.002331	0.241624	0	2.69683e+06	119132	10.9629	0.0255848	25.0376	447.222	404353	1.4029e+06	69472.1	773.73	14750	0.002331	0.00268817	0	0.0466758	0.00520833	1.69216	0.00520833	1.01916	4.64455	0.00213675	0	0.0393175	0	0.0549769	0.002849	0	0.0173189	173.459	1.10979	0.00297619	0	5.7927	0	0.00289855	0	21.2887	0.0356757	7.40188	0.0106673	0.0202765	0	68.5706	0.024548	44.8037	0	0.584712	0	10.4593	0.00167504	12.1502	0	34.0499	0.0103763	0.291423	0.181419	222.267	0	0.134794	0	1.27685	0	30.2875	0	413.257	0	31.9245	0	15.1905	0	1.7787	0	0.766618	0	5.75534	0	14.7049	0	0.726345	0	0.00231481	0	0.0305698	0	73.2982	11.8119	87.2998	6.92319	0	0	8.63954	2.0148	0.107129	0	382.865	0.262418	0	0.015506	0.003663	0	0.0153581	0	80.4844	0	0.0818936	0	11450.1	63.2233	68.0281	0.249959	119134	112.441	1804.24	42.1809	0.0107097	0	0.00323625	0	0	0	0.446404	0.00469484	10.4654	0.0119086	2.50027	0.139961	0.00993647	0	1240.73	0	0.0428175	0	1.81955	0	2233.44	1099.57	82717.8	117810	2.37872e+06	976.292	137250	573.531	683940	215.427	94820.9	4.73362	136496	21834.1	971.474	0.0514926	1640.2	0.00358423	3231.07	0.0451028	0.060416	0	307.693	0.0739223	733.087	0	1041.58	0	1932.68	0	10875.9	0.00223714	0.179713	10.9746	0.889064	3.39788	13.4202	0.0103779	71.8587	0.0246553	2462.06	0.739983	704.106	1.80806	55100.4	22.5342	237.896	1.3688	35330	561.661	227966	2.24194	86477.6	368.919	66859.5	6.07519	26563.4	0.303855	154.732	0.0275	2.48398	0.031236	3624.34	2.83606	851.935	0.0977084	2328.97	0.934713	20599.9	13.2865	7165.24	0.309116	
8.28043e+07	SFG_R_7_7	92.3807	19726.9	55.2196	0	1.48937e+07	1.91596e+06	7.55705	5.48604	1.29477	55.5228	65404.4	1.69494e+06	6.2767e+06	0	684.857	0	0	0	1516.4	173.459	9.77424	3.64081	0.0549012	0	0.292833	0	381301	5.95521e+06	0	0	0.0248276	0	0.0549772	0.161616	0	9.17697	0.00628931	10.9972	0.0573437	0	7453.52	2.6394e+06	9.53883	1.89697	35.9084	0.415814	33007.5	1.44562e+06	1655.47	11279.4	58.4347	78.2127	0	0	1.37829	0.183334	1.70835	0.0777296	0.757741	15.9954	0	0	0	0	0	10.1892	0.0296296	2.86255	0.196488	1264.28	0	0	0.0125198	0	0	0	0.0160189	601.349	0	0.387393	0	0	0	49.7421	0	0	0	0	0	0.0891895	0	0.107796	0.0115942	28.2718	0	23.5362	0.00243309	0.0166231	0	0	0	0	0.0945266	0.367281	0.896276	0.003663	0.623649	0.0372803	0.00246914	0.00262467	0.0101103	0	0.00260417	0.003663	0	0	0.0233439	0.0383333	0	0.003663	0	0	0	0	0.166436	284.572	181.71	106.43	0	0	0	19.4665	0	0	6.54911	148.699	0	5.90134	0	0	0	0	0.062053	0	0	0	199.538	1201.27	0.00529101	67.0163	316.714	2805.66	78.8924	7729.69	0	0	0	0	0	0	0	0.319893	0.0303273	1000.05	0.00238095	2.05867	0	0	0.053015	15.2944	0	0	0.0303273	0	2350.44	231416	200862	3.00736e+06	20025.7	33929.5	8.41093	186318	39.9347	24362.3	0	1000.84	15006.9	993765	0	5115.2	11.9579	9.70877	91.4559	4845.87	0	0.401139	99.433	5747.88	23.2328	3.13744	2.98143	0	10.0057	1359.38	7.29144	0.0164634	4.47856	176.29	10.6294	218.809	2.97172	0	1.64873	77.7791	1.47769	1964.88	38.5045	2578.83	201.652	105116	0.558382	360.832	1794.23	11670.7	1663.27	228575	15.2887	589432	5.37679	219210	0	29823	0.103709	1742.34	0.467111	0.0577946	0.0685955	29500	3.39495	454.542	0.0392856	12246.6	0.0243704	70720.9	0.00326797	432.119	
1.091e+08	MFG_L_7_1	965.389	157.184	9.3799e+06	0.0148166	8.54624e+06	626933	25471.3	0.120002	2.13585	2.33945	256.782	436247	129.653	684.857	0	0.00350877	276313	0	1.24877e+07	20.498	1.15322e+06	0	6.03525e+06	0.00350877	11435.6	0.00350877	61357.7	45.5919	26077.4	0	8226.43	0	45206.6	0	138455	0.00374532	28257.6	0	47643.7	0	0.138123	0	138.185	0.00268817	15.0134	0	8.16742	0.0517853	59.6981	0	27703.8	0	101.899	0	110.458	0.233665	47.282	0.610724	3.0454	21.2569	1025.83	0	663.915	0	0.00546448	0	0	0.0123204	2175.58	0.0101969	171.028	0	572.323	0	162.847	0	801.459	0.0018622	372.545	0	92.8134	0	1352.52	0.0126385	3240.56	0	732.192	0	2053.37	0	3673.79	0	1573.35	0	42.6824	0.151199	23319.3	0.00262467	1674.37	0	1387.19	0	3991.64	0	14.9062	0.0138262	1424.83	0.0035461	670.298	0	0.652173	0	20.1536	0	0.175316	0	106.55	0	0.184131	0	95.8734	0	4.53207	0	329.819	192.102	172.508	0.0298039	0.00932811	0	39.6258	21.3789	0.666937	0	186780	0.0129335	63.5931	0.00343643	13.2927	0	165.576	0	91356	0	742.943	0	52.7679	0.596984	0.0135177	40.1617	0.118782	0.261615	0.140375	2.05634	100.704	0	225.866	0	5.14261	0	681.913	6.49545	432055	0	107.773	0	359605	0	3.90331e+06	0	1388.82	0	2.48215e+06	0	0	0.206183	0	1.48812	0.278892	108.993	0.00343643	0.332182	0	0.324389	0	0	0	0.00877193	5.2126	12.5728	79.963	0	704.08	0.077318	6.66688	2.73752	0.0697292	0.153707	7988.94	0	23629	0	396.403	0.151664	5932.23	0.0152006	0.283803	0.0242442	2.50675	0.0138904	78.291	0.224547	327.374	0.00323625	8789	6.66179	11710.8	0.108716	36.0299	0.160032	271841	80.8827	985.198	2.3755	910800	1.49801	769038	1.89635	3.82522e+06	7.7565	169210	0.00406504	788646	0.0136069	53.3847	2.67973	15746	0.17259	84993.4	1.16475	37302.7	0.0357376	83630.5	0.0637143	657207	0.80896	
6.03e+07	MFG_R_7_1	17.6383	15883.8	7.33661	1.30671e+06	0	34733.5	5.41038	410584	0.00282486	0.251218	0	0.00757576	0	0	0.00350877	0	0	21443.6	0	8.14325e+06	0	2.09502e+06	0.00793651	1.73692e+07	0.468714	678298	0	5627.49	0	1336.41	0	16117.6	0	3784.47	0	3192.76	0	726.686	0	2749.24	0	0	0.00226757	15.9205	0.00226757	0.0113689	0.00226757	0.00340136	0.105296	0	0	890.611	0	0.160854	0.00555556	252.07	0	31.2068	0	42.5382	0	81.9557	0	22346.7	0	0	0	0.031075	0.00289855	0.012142	0	36.7659	0	34.1028	0	453.069	0	6.75642	0	968.259	0	1729.58	0	280.53	0	903.265	0	1063.38	0	1963.09	0	4.54021	0.00289855	6.1301	0	2146.48	0	67.0247	0	216.99	0	100.786	0	31.8279	0.003003	0.00311526	0	4.17954	0	0.0163753	0	0.0567874	0	0.0288622	0	0	0	0	0	0.0508286	0	1703.68	0	596.184	0.00340136	191.521	0	3.33064	0	1.61888	0	307.442	0	0.00505051	0	606.175	0	139.862	0	6.53947	0	706.433	0	24.2748	0	397.783	0.00358423	0.884851	0	0.0216189	0.0561559	0.296347	0.00358423	0	0	72.9733	0	2.31802	0	0.644083	0	118.126	0	31.9506	0	0.0277062	0	13.3786	0	56.9269	0	106.665	0	300.487	0	0	0	0	0	0	0	0	0	0	0	0	0	0	0	0.956979	0	0	0.0765041	1.37442	0	0.0784167	0.198498	1.36912	0.0278659	0.178176	0.0031746	0.53076	0.0120159	0.937281	0.126182	0	0	0.128252	0	136.565	0	0.425317	0	0.00929434	0.00974187	5.8586	0.0693025	0.453999	0.0595433	0.039842	0.00350877	58.4842	0.38196	1.53459	0.26376	7.96118	0	164.773	0.0093901	1863.76	0	1.04735	0.00350877	0.765153	0.00282486	0.195575	0	0.372646	0.0235507	2.53415	0.0100508	0.763845	0.00282486	0.211603	0.00282486	2.71498	
1.21012e+07	MFG_L_7_2	0.0265301	6.62276	26.5487	0.00724638	13.2528	1.92412	15.1509	0	0.00406504	0	0	1.96867	0	0	276313	0	0	0	404112	0	2.49808e+06	0	624547	0.00813008	346132	0	28283.3	0.00680272	737420	0	49916.6	0	4378.67	0	3.23344	0	2870.93	0	58663.7	0	0	0	0.47625	0	0.0106284	0	0.00260417	0	0	0	36.7128	0	17874.4	0	91.7422	0	28.0711	0	0	0	26.1508	0	916598	0	0	0	0	0	30.4629	0	11.7578	0	19.5664	0	1553.25	0	78.736	0	188.424	0	563.161	0	394.046	0	11185.6	0	3590.81	0	754.516	0	874.987	0	99.8717	0	15.8203	0	28339.9	0	10309.8	0	5895.36	0	310.41	0	0	0	21.6419	0	0.718331	0	0	0	1.99107	0	0	0	0.157572	0	0	0	4453.33	0	497.962	0	0	0	0	0	0	0	0	0	0	0	169.415	0	1.16822	0	1459.08	0	1283.99	0	68.6515	0	7.42837	0	0	0	0	0	0	0	0	0	114.633	0	0.305839	0	82.0679	0	3972.62	0	1541.64	0	0.107765	0	13.1558	0	1800.35	0	0.846321	0	2025.97	0	0	0	0	0	0	0	0	0	0	0	0	0	0	0	0	0	0	0	0	0	0	0	0	0	0.118201	0	4.38246	0	0	0	0	0	0	0	0	0	0.00617284	0	0.0129462	0	4.30901	0	9.96809	0	0.0144676	0	2025.16	0	0.150463	0	0.758441	0	0.119604	0.00813008	1345.59	0	0.0503442	0	53.1927	0	0.0264913	0	0.111953	0.00490196	0.0560569	0	0.0211111	0	0.0373144	0	1.62049	0	
3.00241e+07	MFG_R_7_2	21.0922	14.0729	1.64684	0.772711	0	0.121243	0.0634058	2191.9	0	0.168263	0	0	0	0	0	21443.6	0	0	0	2305.17	0	64052.3	0	4.23543e+06	0	126617	0	0	0	140358	0	5827.13	0	3356.31	0	0.129126	0	565.018	0	16034.1	0	0	0	0	0	0	0	0	0	0	0	0	0	1715.94	0	174865	0	1690.37	0	17.0674	0	288.419	0	6.06226e+06	0	0	0	0.237498	0	0.433677	0	0.962601	0	111.027	0	31.1186	0	93.3012	0	10051.3	0	603680	0	10015.8	0	1.72716e+06	0	383764	0	48365.3	0	133.488	0	57.4317	0	13560.9	0	39508	0	25181.7	0	4963.14	0	303.266	0	0	0	138.38	0	0.0168776	0	0.0423044	0	0.0555764	0	0	0	0	0	0.0555764	0	793546	0	254640	0	47.2429	0	0.125554	0	403.544	0	571.469	0	0.30816	0	69.0908	0	2.51715	0	78.8675	0	8192.88	0	227663	0	20.3557	0	0.00456621	0	0.00456621	0	0	0	0	0	358.801	0	0	0	50.6325	0	31.6201	0	9.22449	0	0	0	0	0	1.76627	0	0.107745	0	0.304306	0	0	0	0	0	0	0	0	0	0	0	0	0	0	0	0.0127924	0	0	0	0.407102	0	0.0555764	0	0.0127924	0	0.0300415	0	0.0772523	0	0.410107	0	0	0	0.0128665	0	0.267254	0	0.265392	0	0.0852131	0	7.08578	0	0.133662	0	0	0	43.8948	0	0.232353	0	0	0.108659	98.1197	0	22.2002	0	0.636861	0	1.20403	0	0.00374532	0	0.040404	0	1.52487	0	0.795172	0	0.481093	0	2.56523	
8.70688e+07	MFG_L_7_3	0.263697	1.08381	566.17	0.00238095	9.71582e+06	320.418	13.4742	0.0900572	0.0494536	0.449482	1.12009	23.9018	536448	1516.4	1.24877e+07	0	404112	0	0	26.3061	3.11651e+06	0.00973288	803859	0	922.981	0	9.74958e+06	125.949	10122.9	0	4159.29	0	5968.02	0.00246914	640316	0	9831.68	0.00980445	20511.3	0	0.0675398	0.0470779	50.114	0.0403195	5.06362	0.00330033	9.79574	9.53488	39.9383	0.00595238	268390	0.0219523	164.556	0	17.3126	0.00347222	10.7441	0.128196	0.332557	6.44601	8.37145	0	731.648	0	0	0	0	0.0123204	946.483	0.00314465	2.88382	0	199.603	0	23.4139	0	203.76	0	121.57	0	65.416	0	205.638	0.060813	595.725	0	219.06	0	133.138	0	1651.07	0	417.186	0	3.64719	0.0915567	6004.07	0	131.476	0	82.3514	0	536.499	0	38.2737	0	364.581	0	127.677	0	0.822694	0	7.98317	0	0.32887	0	43.9325	0	0.231641	0	150.352	0	33.4535	0	124.543	93.3321	60.8759	0.334811	0	0	10.812	10.4216	0.52497	0	59350.5	0.00326797	4.56209	0	13.3065	0	28.1932	0	22033.6	0	1.60331	0	10.02	1.33827	0	21.8426	0.451658	2.13557	0.0323749	0.577761	5.03563	0	0.315737	0	1.19667	0	101.226	1.10884	20661.7	0	150.232	0	17213.8	0	609058	0	0.801656	0	167836	0	0	0	0	0.00250627	0.0070922	1.6123	0	0.0125883	0	0.137141	0	0	0	0.00877193	60.0958	3.86288	609.692	0	1982.62	0.195546	0.843974	0.644538	0.0250901	0.365159	10730.3	0	14808.3	0	851.861	0.369243	9383.64	0.00220751	0.5091	0.0490535	11.7228	0.00326797	97.6229	0.159969	112.965	0.00314465	4967.25	5.33121	5964.61	0.0898501	181.219	0.236306	45625.4	11.9764	2073.52	4.16359	1.38094e+06	5.45699	1.08689e+06	0.034226	1.00543e+06	19.5319	510768	0	104325	0	6.1524	1.99389	7042.96	0.0460995	146827	1.18535	57190.7	0.002849	74704.2	0.002849	375735	0.940807	
1.02523e+08	MFG_R_7_3	0.456795	477.302	2.372	54282.1	59467.4	6.80819e+06	0.270873	6205.92	0.160452	0.535098	18454.3	3.98964	25845.7	173.459	20.498	8.14325e+06	0	2305.17	26.3061	0	0	4.28294e+06	0	512741	0.0521879	43.0757	48.2439	2.12956e+07	0.00595238	64.4257	0	9291.42	0	86.0298	0.00250627	88981.1	0	8257.93	0.0499278	823.11	0.0575716	0.178336	141.439	1299.83	251.694	56.0327	1390.06	5.79354	10015	0.554187	0	19430.4	0	0.0564388	0	81.3637	0.332596	16.3361	0.403114	28.9258	0	79.952	0	1637.53	0.0035461	0.883972	0	0.0992131	29.3203	15670	0	5.65714	0.0464855	16.6438	0	81.8083	0.110886	6024.53	0.103036	265.289	0	417.599	0.0662709	1361.15	0.00243309	321.323	0.0256497	320.411	0.0113494	530.693	0.00245098	3.7715	13.2571	151.194	0.00287356	2416.67	0.201407	16.3624	0	50.0708	0.00287356	14.3164	9.53248	39.2545	125.064	0.0110667	23.2336	0.772532	0.525929	0.10216	0.0100256	0.0110667	1.1289	0.0429693	0.0022831	0.00378788	1.74646	0.100826	0.0245139	0.0256269	0	396.323	0	158.995	31.3175	936.405	2589.41	5500.61	0	1.95992	0.597432	207.402	0.0316909	0.00505051	5.12573	2904.78	0.0031746	335.373	0	1.05493	0	150.193	0.099085	4.86006	0	55.749	2536.83	46490.3	0.0132013	246.213	2686.28	20668.1	1.98046	93.8383	0	13.9894	0	1.26464	0	0.156393	1.26185	77.5304	0.0242841	5979.68	0.00245098	319.193	0.00182149	21.5842	0.0396648	14598.6	0	63.4812	0.0191103	233.859	0	0	0	0.00358423	0.00595238	0	0.12271	6.79609	0	0	0	0	0	0	0.00254453	79914.9	148.304	57.8176	4188.6	62658.4	1.98728	8.06594	5460.16	90078.9	719.681	123.335	75.465	3.45208	861.593	16380.8	1104.8	0.723033	325.425	2488.9	372.138	6398.8	62.5798	0.0128251	41.7019	98.3798	106.768	4640.36	2343.77	8229.76	4945.22	427075	11.2391	17923.8	33886	61615.3	32650.8	4.40116e+06	15.8393	417370	140.178	3.6641e+06	0.199813	131896	0.00245098	35701.3	62.8924	0.812871	18.1504	80077.3	351.937	15627.3	0.992552	36348.3	16.4886	119605	0.443213	6790.85	
2.84881e+07	MFG_L_7_4	0	0.129858	165.795	0	75895.2	36.233	1.76684	0.0793247	0	0.0224105	0.574927	8.26193	2448.79	9.77424	1.15322e+06	0	2.49808e+06	0	3.11651e+06	0	0	0	872774	0	371.663	0	438993	5.04286	53773.4	0	3.52786e+06	0	15349.2	0	186264	0	7125.49	0	38095.8	0	0.0185897	0.117587	8.76197	0.00266667	0.468523	0.0104615	0.421425	2.32936	0.443723	0	2.05869e+06	0	42.6009	0	1.46448	0	0.093624	0	0	0.0035461	14.6086	0	645.124	0	0	0	0	0	49.7593	0	11.9779	0	19.0184	0	29.1646	0	87.1073	0	22.8574	0	15.1392	0	183.389	0	26.0307	0	77.2056	0	44.8975	0.0030581	17.0698	0	34.9478	0	7.08455	0.0030581	55.3494	0	45.2953	0	25.2588	0	67.0518	0	0.146213	0	44.8466	0	5.24731	0	0.0145724	0	0.632524	0	0.00416667	0	1.2671	0	0.00362319	0	64.3314	0	8.28479	0	37.183	15.2772	4.07641	0.013962	0	0	2.59344	3.92162	0.0199005	0	11890.4	0	0	0	10.3416	0	16.7307	0	2162.39	0	0.496432	0	0.357957	0.056324	0	0.23772	0	0.0325847	0.00358423	0.0147442	0.408527	0	0.00483092	0	0.243996	0	29.8062	0	23439	0	9.73892	0	4466.88	0	53772.1	0	0.444717	0	62139.4	0	0	0	0	0	0	0.270705	0	0	0	0	0	0	0	0	0	0.0148607	0.273899	0	0.21275	0	0.037037	0	0.0153338	0	310.971	0	777.434	0	0	0	2.08757	0	0	0	0.0150673	0	0.0862784	0	3.81759	0	77.1891	0.0250608	141.441	0.0030581	0.792552	0.0523649	882.736	0.0289127	17.2842	0.16695	199.082	0.204554	16114.9	0.0336088	17947.4	0.440362	92.6493	0	219.058	0	0.157981	0.0315045	223.734	0	268.568	0.140289	166.946	0	1168.61	0	93.7049	0.0985922	
