data	data	1.2843e+07	1.76067e+07	5.62872e+07	7.25479e+07	3.40553e+08	1.87131e+08	3.9752e+07	9.62489e+07	2.6464e+07	2.12752e+07	4.51712e+07	5.93814e+07	2.07644e+08	1.49872e+08	1.56505e+08	5.51422e+07	3.48609e+07	4.99866e+07	1.16241e+08	3.82637e+07	1.71839e+08	1.90529e+07	6.01734e+07	5.04987e+07	5.62898e+07	5.04326e+07	4.7936e+08	3.79269e+08	1.2409e+07	2.45267e+07	1.21629e+08	4.38473e+07	3.33579e+07	7.62163e+06	3.23096e+07	1.05151e+08	9.52132e+06	5.71528e+06	1.62468e+07	1.28746e+07	5.37781e+07	3.08645e+07	7.19578e+07	8.81103e+06	1.68677e+08	1.54755e+07	5.25431e+08	3.13929e+08	1.89584e+07	1.75421e+07	1.11176e+08	4.45012e+06	7.82025e+07	2.81746e+07	2.54004e+07	9.95088e+06	2.82793e+08	3.44072e+07	2.09814e+08	2.33959e+08	1.4194e+07	1.25382e+07	5.6145e+07	2.92398e+07	1.97758e+06	3.45788e+06	1.48404e+06	3.73014e+06	1.58123e+08	2.08452e+08	3.49639e+07	5.26932e+07	4.21655e+07	3.51315e+07	3.27423e+07	5.00347e+07	6.55096e+07	7.75115e+07	6.26069e+07	9.04332e+06	1.00378e+08	4.22998e+07	3.45145e+07	9.72745e+07	1.02527e+08	3.52798e+07	5.30498e+07	7.1998e+07	4.52195e+07	2.53681e+07	2.60394e+07	1.58113e+07	3.4842e+07	4.42662e+07	6.46787e+07	1.08492e+07	8.07761e+07	1.37237e+07	2.09568e+07	9.36253e+06	1.49019e+07	1.66385e+07	1.76505e+08	1.21701e+08	7.42006e+07	2.00099e+08	1.54511e+08	5.80372e+07	3.95966e+07	3.31681e+06	1.15706e+07	1.70342e+07	4.17485e+06	4.02631e+07	3.55455e+07	4.08961e+07	2.10167e+07	1.09071e+07	2.0311e+07	3.89148e+07	1.66652e+07	1.24841e+07	2.15315e+07	7.05311e+06	2.8407e+07	9.49544e+07	1.80222e+07	4.6597e+07	6.66635e+06	1.10011e+07	1.89073e+07	1.07856e+07	2.13207e+07	6.73361e+07	2.54872e+07	9.35978e+07	7.16217e+07	1.53348e+08	2.05457e+07	3.03561e+07	5.06128e+07	3.96181e+07	5.38417e+07	3.37004e+07	2.05373e+07	1.68169e+07	8.56196e+06	1.44331e+07	6.97977e+06	3.73072e+07	3.06667e+07	9.84337e+07	5.80658e+06	9.39866e+06	3.42249e+07	4.73164e+07	1.20387e+07	1.69961e+06	1.56243e+07	1.78986e+07	1.21364e+08	5.79743e+07	1.40836e+07	4.35103e+07	2.3273e+07	5.75878e+06	1.89978e+07	638127	8.38023e+07	9.91068e+07	5.90085e+06	7.22644e+06	5.37793e+07	5.60550e+06	303731	2.88479e+06	1.12896e+07	1.83497e+07	5.14884e+07	1.38244e+07	7.41675e+06	6.57359e+06	6.15749e+06	1.25952e+06	5.32412e+06	3.91594e+06	3.5227e+07	1.32772e+07	9.0973e+06	3.44388e+07	2.37409e+08	6.82863e+07	1.04272e+08	1.00816e+08	1.51333e+07	6.63283e+07	4.32972e+08	1.34331e+08	1.01747e+08	5.3581e+07	3.56561e+07	2.03263e+07	1.66042e+08	9.53669e+07	6.51697e+07	1.23439e+08	6.21766e+07	1.02303e+08	2.48781e+07	1.15017e+08	9.01394e+06	4.09346e+07	6.16535e+07	2.09302e+08	3.52949e+08	5.6217e+08	2.80899e+08	2.76083e+08	2.26843e+08	1.72625e+08	2.00765e+08	5.13085e+08	3.19138e+08	4.10873e+08	6.19958e+08	7.10894e+07	1.37169e+08	1.2506e+08	1.49887e+08	4.0968e+08	1.28543e+08	7.74274e+07	3.07606e+08	5.39174e+07	6.86202e+07	2.12768e+07	1.33639e+08	9.45096e+07	8.2031e+07	3.26694e+07	5.04894e+07	1.21462e+08	1.07304e+08	1.41926e+08	1.49578e+08	6.1345e+07	
data	data	SFG_L_7_1	SFG_R_7_1	SFG_L_7_2	SFG_R_7_2	SFG_L_7_3	SFG_R_7_3	SFG_L_7_4	SFG_R_7_4	SFG_L_7_5	SFG_R_7_5	SFG_L_7_6	SFG_R_7_6	SFG_L_7_7	SFG_R_7_7	MFG_L_7_1	MFG_R_7_1	MFG_L_7_2	MFG_R_7_2	MFG_L_7_3	MFG_R_7_3	MFG_L_7_4	MFG_R_7_4	MFG_L_7_5	MFG_R_7_5	MFG_L_7_6	MFG_R_7_6	MFG_L_7_7	MFG_R_7_7	IFG_L_6_1	IFG_R_6_1	IFG_L_6_2	IFG_R_6_2	IFG_L_6_3	IFG_R_6_3	IFG_L_6_4	IFG_R_6_4	IFG_L_6_5	IFG_R_6_5	IFG_L_6_6	IFG_R_6_6	OrG_L_6_1	OrG_R_6_1	OrG_L_6_2	OrG_R_6_2	OrG_L_6_3	OrG_R_6_3	OrG_L_6_4	OrG_R_6_4	OrG_L_6_5	OrG_R_6_5	OrG_R_6_6	OrG_R_6_6	PrG_L_6_1	PrG_R_6_1	PrG_L_6_2	PrG_R_6_2	PrG_L_6_3	PrG_R_6_3	PrG_L_6_4	PrG_R_6_4	PrG_L_6_5	PrG_R_6_5	PrG_L_6_6	PrG_R_6_6	PCL_L_2_1	PCL_R_2_1	PCL_L_2_2	PCL_R_2_2	STG_L_6_1	STG_R_6_1	STG_L_6_2	STG_R_6_2	STG_L_6_3	STG_R_6_3	STG_L_6_4	STG_R_6_4	STG_L_6_5	STG_R_6_5	STG_L_6_6	STG_R_6_6	MTG_L_4_1	MTG_R_4_1	MTG_L_4_2	MTG_R_4_2	MTG_L_4_3	MTG_R_4_3	MTG_L_4_4	MTG_R_4_4	ITG_L_7_1	ITG_R_7_1	ITG_L_7_2	ITG_R_7_2	ITG_L_7_3	ITG_R_7_3	ITG_L_7_4	ITG_R_7_4	ITG_L_7_5	ITG_R_7_5	ITG_L_7_6	ITG_R_7_6	ITG_L_7_7	ITG_R_7_7	FuG_L_3_1	FuG_R_3_1	FuG_L_3_2	FuG_R_3_2	FuG_L_3_3	FuG_R_3_3	PhG_L_6_1	PhG_R_6_1	PhG_L_6_2	PhG_R_6_2	PhG_L_6_3	PhG_R_6_3	PhG_L_6_4	PhG_R_6_4	PhG_L_6_5	PhG_R_6_5	PhG_L_6_6	PhG_R_6_6	pSTS_L_2_1	pSTS_R_2_1	pSTS_L_2_2	pSTS_R_2_2	SPL_L_5_1	SPL_R_5_1	SPL_L_5_2	SPL_R_5_2	SPL_L_5_3	SPL_R_5_3	SPL_L_5_4	SPL_R_5_4	SPL_L_5_5	SPL_R_5_5	IPL_L_6_1	IPL_R_6_1	IPL_L_6_2	IPL_R_6_2	IPL_L_6_3	IPL_R_6_3	IPL_L_6_4	IPL_R_6_4	IPL_L_6_5	IPL_R_6_5	IPL_L_6_6	IPL_R_6_6	PCun_L_4_1	PCun_R_4_1	PCun_L_4_2	PCun_R_4_2	PCun_L_4_3	PCun_R_4_3	PCun_L_4_4	PCun_R_4_4	PoG_L_4_1	PoG_R_4_1	PoG_L_4_2	PoG_R_4_2	PoG_L_4_3	PoG_R_4_3	PoG_L_4_4	PoG_R_4_4	INS_L_6_1	INS_R_6_1	INS_L_6_2	INS_R_6_2	INS_L_6_3	INS_R_6_3	INS_L_6_4	INS_R_6_4	INS_L_6_5	INS_R_6_5	INS_L_6_6	INS_R_6_6	CG_L_7_1	CG_R_7_1	CG_L_7_2	CG_R_7_2	CG_L_7_3	CG_R_7_3	CG_L_7_4	CG_R_7_4	CG_L_7_5	CG_R_7_5	CG_L_7_6	CG_R_7_6	CG_L_7_7	CG_R_7_7	MVOcC	MVOcC	MVOcC	MVOcC	MVOcC	MVOcC	MVOcC	MVOcC	MVOcC	MVOcC	LOcC_L_4_1	LOcC_R_4_1	LOcC_L_4_2	LOcC_R_4_2	LOcC_L_4_3	LOcC_R_4_3	LOcC_L_4_4	LOcC_R_4_4	LOcC_L_2_1	LOcC_R_2_1	LOcC_L_2_2	LOcC_R_2_2	Amyg_L_2_1	Amyg_R_2_1	Amyg_L_2_2	Amyg_R_2_2	Hipp_L_2_1	Hipp_R_2_1	Hipp_L_2_2	Hipp_R_2_2	BG_L_6_1	BG_R_6_1	BG_L_6_2	BG_R_6_2	BG_L_6_3	BG_R_6_3	BG_L_6_4	BG_R_6_4	BG_L_6_5	BG_R_6_5	BG_L_6_6	BG_R_6_6	Tha_L_8_1	Tha_R_8_1	Tha_L_8_2	Tha_R_8_2	Tha_L_8_3	Tha_R_8_3	Tha_L_8_4	Tha_R_8_4	Tha_L_8_5	Tha_R_8_5	Tha_L_8_6	Tha_R_8_6	Tha_L_8_7	Tha_R_8_7	Tha_L_8_8	Tha_R_8_8	
1.2843e+07	SFG_L_7_1	0	305233	1.35151e+06	16579.3	2.03185e+06	11111.8	1.24603e+06	174090	161202	26170.9	464846	678.484	32386.3	0.423623	54903.5	3031.34	97.2037	0.503127	2695.93	46.3499	129.255	1352.99	17.8962	0.635786	0.593354	1.96729	0.00854701	0.156089	272.306	6.30539	275.201	1641.14	11663.1	95145.9	2.72477	329.076	4544.81	7.07464	4886.07	339.904	0.0259491	0.207505	0	0	0	0	0	0	0.00813008	0.267626	0.319219	0	0.00497512	0	0	0	40.4511	0.0220521	1.16556	3.41848	0.010101	3.51109	0.0203669	0.113096	903.438	4.66193	70.1999	71.5498	5.26218	0.0259511	0	0	0.518909	0.0577065	0	0	0.12895	0	0	0	0	0.0709397	0	0	0	2.32449	0	0	0	0	0.00333333	0	0.0125887	0	0	0	0.0183987	0	0.00330033	0	0	0	0.483223	0	7.70176	0	0.234158	0	0	0	0	0.0180995	0	0	0.531184	3.12859	0.0740434	0.0045045	0.0184488	0.0180995	0	0	0	0	145.01	1.52171	9.16042	0.190657	0	0	277.432	0.149722	248.363	0.250195	31.3911	0.309701	116.708	1.43321	0	0	0	0.0445833	0.00483092	0.246034	0	0	324.107	86.3094	2299.15	228.155	133.694	102.993	143.366	765.263	0.0517976	0	0.00680272	0	0	0	70.8026	0.00197239	184.816	3.14324	0	0	0.010101	0	1541.4	7.59832	0.0877283	0.00362319	1016.76	0.0220612	0.181128	49.6315	383.163	815.136	1178.01	45.7373	120.491	477.5	27143.4	0.0166667	279.881	8.15386	0.841127	1.72364	2.90528	0.00421941	0.0182957	0.195506	0.0397121	0.106907	0.666833	0.0178285	0.233879	0.118903	0.00416667	0.135399	0.0182786	0.0037037	0.00416667	0.00383142	0.00444444	0.0359118	0	13.499	0	1.40062	0.0159686	0.151906	0.0767507	0	16.7633	1366.12	15.5242	20.765	0	0	938.807	4791.22	0.0141254	0.242457	0	0	4827.63	303736	144.003	26.824	1684.09	0	22514.2	0.0182242	0.598477	0.0273818	227.128	0	5637.65	0.0212197	2835.48	0.00628931	2413.02	0	27830.8	0.0433465	
1.76067e+07	SFG_R_7_1	305233	0	588204	748965	34007.2	176637	89536.6	1.60269e+06	1181.96	369907	94.3936	828062	11.5707	4092.96	6417.76	11129.7	13172.7	15010.4	1189.91	122.699	1883.46	22812.6	99229.2	38039.9	1.35843e+06	0	0.357159	0.985615	1.12054	15952.6	196.278	437.07	12.4172	299526	0.0518519	110.708	0	24.5551	0.321425	7209.67	0.216329	94.474	0	0.130486	0.0460891	0	0.783336	4.0661	0.158285	51.7214	0.0215278	0.0236155	0	0	0	0	0.125237	0	0.385716	1.15434	0.060016	0	0	1.18382	2.80258	8065.74	2.10245	2852.18	0.00564972	15.2523	0	0	0	0	0	0	0	0.0190515	0	0	0	0.195866	0	23.8585	0	2.39493	0	0	0	0	0	0	0.00280112	32.7998	0	0	0	0.0202438	0	0	0	0	0.00280112	0	4.04546	0.004329	0.00280112	0	0	0	0	0.0035461	0	0	0.0503015	0.0035461	0	0	0	0.0035461	0	0	0	0	0.990458	2142.18	0.150167	7.36834	0	0	0.756548	114.698	0.177781	0.043917	0.176757	0.297619	2.08506	10.1371	0	0	0	0.410048	0	0.63651	0	0.0070922	3.39755	1614.63	3.46015	142785	0.348071	44.2702	0.842878	94855	0	0	0	0	0	0	0.205574	1.23942	0.31747	7.34567	0	0	0	0.00877193	5.1935	28.0287	0	0	9.32858	0.0197628	0	0.869784	4.09142	3454.65	7.08294	144838	0.0839846	11.7123	601.021	149364	0.202091	28557.1	0.712385	463.783	3.13306	0.0167609	0.00294985	0	0.00294985	0	0.0183917	0	0	0.00387597	0	0.0728125	0	0	0	0.0375269	0	0.00406504	0	0.0155123	0	11.9454	0	0	0	2.06375	0.00362319	18696.2	0	91.1738	0.755744	0.025813	0.0809272	138904	0.172882	11.1875	0.0503539	0	29.8632	197088	1.41066	85.4614	0	46280.6	5.51314	606905	1.57321	6.43004	0.0525357	1.86968	0.371465	173308	0	46804.1	0.0959083	36754.8	0.00763126	318706	
5.62872e+07	SFG_L_7_2	1.35151e+06	588204	0	23871.6	1.41453e+07	51342.8	1.2956e+06	82797.2	0.0442105	2372.63	974.303	15204.4	1.47961	0.0666452	429458	3774.48	33610.8	0.0669627	1113.19	66.027	15452	1744.85	1.21584e+06	0.125034	14721.1	0.330141	6.57256	14.1036	128181	1.90125	24798	3468.78	174184	36712	14.4929	903.069	56152	8.13701	1.01254e+06	28.6733	0.012963	0.00277778	0	2.05507	0.538732	0.002849	0.908681	0.278229	0.014688	0.00277778	5.82234	0.0253991	0.169723	0	4.15227	0	1.51366	0.476748	3.5797	7.88151	11.1662	0.0633343	248.671	0.0280733	0.237062	2.60003	0.149773	56.6747	501.207	0.156081	1.19974	0	7.35123	0.00628931	0	0	10.5583	0.00333333	0.00497512	0	0.0232746	0.0045045	0.894302	0.0289919	0.0218579	0.214977	0.0524558	0	0	0	0.00333333	0	1.58161	0.027696	0	0	2.31228	0.0367003	0.0179001	0	0	0	262.847	0	5.99683	0.0567305	11.1931	0	0	0	0	0	0	0	0.0386956	1.46296	37.8574	0	0.00406504	0.00421941	0	0	0	0	6451.73	113.368	77.5587	2.44918	0	0	834.582	13.6231	6249.57	0.0618577	656.907	0.0146591	4352.4	0.387513	0	0	0.00520833	0.0194658	0.158228	0.123668	0	0	6.87449	158.021	14.2389	599.86	0.661509	10.7759	0.340387	714.855	1.1191	0	0.00680272	0	0.00584795	0	20.3059	0.144834	3922.29	0.570877	0.0107527	0	2.21055	0	46490.8	1.72308	2.28842	0	34443.3	0.0235867	0	17.4217	1.20552	225.748	0.159074	0.214535	1.02032	165.238	0	0.0757663	0.243721	2.34482	0	0	5.25938	0.218913	1.79538	0.00483092	10.4499	0	42.2497	1.48527	15.6171	0	1.85014	0.0326269	3.91322	0	6.82539	0	1.00871	0.0937003	0.272893	0.134522	0.0186562	0.184506	0.0224105	3.39253	2.56412	0.212307	2006.43	439.127	983.876	7.83884	0.483509	0.228331	125004	1571.64	1.13934	0.662851	1.21698	0	619735	570992	5409.33	24.5073	295495	0.00606061	2.44281e+06	0.373736	44.6542	11.0714	48288.5	0	383177	1.2145	213995	0.0222959	319901	0.20174	2.29685e+06	1.74806	
7.25479e+07	SFG_R_7_2	16579.3	748965	23871.6	0	5719.77	1.84555e+06	8111.7	6.40821e+06	5028.61	15.2228	4694.38	10.5233	14.0678	0.0035461	165.281	1.6982e+07	19.0156	415666	59.6313	717.647	22.4498	106058	2806.41	4.74946e+06	125023	3.06866e+06	0.571126	0.276529	0	165739	2.04886	52780.8	0.451864	734449	0.106336	30447.8	0	3502.5	0.00680272	127653	0.0264766	0	0	0.0948652	0.00294985	0	0.175928	0.003663	0.00213675	0	0.199894	0.0236155	0	0	0.136915	4.12915	9.55197	2.31662	12.4302	7.05796	0.00680272	64.7705	0	1094.01	0.00980392	0.657278	0.111726	1.73399	0.0136281	3.495	0.00362319	0.251949	0	0.839691	0	2.00605	0.0328715	0.00406504	0	0.0192334	0	7.95529	0.00362319	1.83048	0	84.2581	0	2.12095	0	0	0	0.00401606	0.0135387	5.57118	0	0	0	0.531614	0	0.0420803	0	0	0.00280112	0	5.81398	0.128068	0.00280112	0	0	0	0	0	0	0	5.28184	0	0	0	0	0	0	4.62002	0	0.565184	0.778192	120.802	0.0659108	15.1414	0	0	0.489518	4.76446	0.054704	31.5113	0.223993	6.00532	0.392053	69.8991	0	0.0991289	0	43.2024	0	33.862	0	2.3022	0.781313	0.698219	0.47889	64.6731	0.0492598	0.261957	0.00520833	4.20791	0	0.0584395	0	0.117667	0	0.0259511	2.09473	5.45998	0.0904746	134.538	0	0	0	0.191552	1.35888	514.145	0	25.135	3.40566	1.38569	0	0.0750313	0.82644	0.00813008	465.555	0	0.0238171	0.62951	0.589085	0	0.00833333	0.0555556	0	0	8.98077	0.0186562	0	0	0	0	0.122602	0.139634	0	0	0	0.476093	0	0.0439419	0	0.0151822	0	0.0417415	0	0.00378788	0	99.6439	0	0.0248134	0	0.261469	0	99223.1	0.0136281	28.1526	0.696702	0	0.241167	318492	0.00213675	0.017427	0.00133333	0.422323	1.73068	12339.5	0.141209	1652.03	0.0035461	3078.2	68.52	164815	6.795	0.232368	0.342262	68.3711	0.160905	3886.95	0	2365.99	0.60267	2502.06	0.0713506	30480.6	
3.40553e+08	SFG_L_7_3	2.03185e+06	34007.2	1.41453e+07	5719.77	0	2.41134e+07	122.808	171.215	45481.9	94.9812	1.31252e+07	1.2153e+06	5.30374e+07	5.99127e+06	3.17749e+07	78829.1	1717.35	0.0283816	1.73618e+07	75050.4	1.14109e+06	38020.8	1792.08	0.16821	1130.65	0.230267	1.26933e+06	1.06799e+06	50.4405	1.01445	36465.9	19023.4	14004	14463.2	77800.6	10735.4	1165.25	31.6842	607.474	1.07147	0.230982	0.463768	40.8832	745.897	0.432552	0.0026455	6.42363	9.11793	1.25691	0.088273	651559	251.883	1.05421	0	0.132347	0.0200603	60.7262	0.015695	3.32861	10.946	0.0357059	0.00584795	26.8961	0.0606284	13145.4	0.350023	2309.48	4.0097	363.95	0.202774	0.0138904	0	0.0416667	0.00584795	0	0	5.35858	0.012956	0	0	0.0165347	0	0.00350877	0.150735	0.0199005	0	0.00343643	0	0	0	0.00416667	0	0.147296	0.027696	0	0	0.0381476	0	0.0172009	0	0	0	98.9619	0	0.205147	0.0122987	0.424117	0	0	0.00392157	0	0.195631	0	0	33.1284	1.30182	39.8101	0.003663	19.2958	0.664099	0.00483092	0	0	0	1722.27	92.3718	217.964	2.75325	0.0162602	0	3856.03	5.87719	463.29	0.24512	25.9464	0.0037037	158.161	0.369968	0	0	0	0	0.152117	0	0.00595238	0	6439.43	85.9779	29200.8	160.175	34292.3	555.415	27194.6	314.321	0.0215054	0	0	0	0.00406504	0	204.773	0.221438	219.366	0.829556	0	0	1.35577	0	1466.51	2.15524	0.508418	0	830.749	0.00347222	0.365016	2.03054	67754.6	125840	116274	2.84789	9403.13	121.942	993.348	0.0503208	30018.5	0.415931	311.876	41.0869	0.1418	0.0177778	0.710842	6.63428	10.2913	7.44449	5.89109	0.285859	26.7823	3.76557	1.33234	0	0.520291	0	3.97559	0.00323625	0.346704	0.0318154	0.150372	461.42	0.0047619	0.853768	13.9146	0.128392	4.36005	0.266982	2282.34	13.1878	2804.7	15.2912	0.758259	0.345181	77626.8	9.69098	1.50512	1.07305	46.7115	0.00392157	513587	4315.84	864.865	5.7216	508733	0.0613812	288195	0.0145503	9.88598	5.06804	35809.6	0.0129402	152592	0.733082	114904	0.0123204	189520	0.206615	526386	0.84462	
1.87131e+08	SFG_R_7_3	11111.8	176637	51342.8	1.84555e+06	2.41134e+07	0	8.07374	106.522	69.91	2.26473	460771	2.1158e+07	1.51092e+06	1.888e+07	1.45009e+06	6.43407e+06	1125.36	102.571	1.87258e+06	4.83571e+06	123840	129708	17961.9	1965.59	12459.5	17.5528	9304.15	1.28748e+06	2.04061	41.7817	6601.95	204503	112.2	58545.1	156.635	1.09167e+06	0	13249.4	0	2.02952	2025.16	0.0658294	0	147.153	0.129335	0.0325168	1119.5	18.5255	0.605507	0.010101	32.7095	415.491	0.00308642	0	0.779992	4.23705	0.321597	1.63617	0.0246148	6.11592	0	30.3145	0.0185185	0.585402	3.94129	411.054	4.99236	1.47512	0.168331	426.953	0	2.01416	0	2.71686	0	9.77454	0.0356535	2.01554	0	0.0440017	0	23.6244	0	285.917	0.00292398	106.846	0	13.5511	0.00238095	0.0322131	0	0.0699861	0.00973703	521.038	0	0.0165945	0	1.08685	0	0.0748864	0	0	0.00973703	0.494138	1.1517	0.0656429	0.00973703	0.00421941	0	0	0	0	0	0	0	111.86	0	0.00401606	0	0.0164609	0	22.9856	0	3.25737	0.538898	2935.32	0.0568574	307.22	0.00323625	0	1.77786	172.705	0.0139267	458.891	0.0464518	37.3738	0.0319895	1039.7	0	1.6128	0	100.638	0.0030303	31.4857	0	12.5217	23.3055	3770.3	7.42856	25041.7	0	6717.11	53.668	557050	0	0.225489	0	0.25844	0	0.106799	0.356341	40.2328	0.00374532	2517.27	0.015224	0.232977	0	0.633791	0.201674	5380.53	0	140.52	0	191.419	3.45535	94.9278	152666	242213	12281.7	308016	0.0365393	4800.79	0.35734	1704.62	31.1428	5074.51	2277.19	19572.5	0.132815	0.0695898	0.0031746	0	0.0031746	1.68471	1.97109	0.155439	0.0123016	0.0215558	0	2.85483	0	0.222359	0.00297619	8.01051	0.00323625	0.00387597	0	1.5706	0	1316.31	0.0143635	1.80879	0.00497512	88.8221	0.410416	41232.4	0.159146	17196.1	4.81895	3601.19	0.111699	132992	0.164447	43.0445	0.506612	14666.1	37.0681	2.54435e+06	1.84378	33595.7	0.0612022	1.02047e+06	4.20182	748481	49.1148	4.63422	3.00409	62538	17.7631	111606	0.064309	362879	5.53857	573366	0.0767953	777328	
3.9752e+07	SFG_L_7_4	1.24603e+06	89536.6	1.2956e+06	8111.7	122.808	8.07374	0	812455	1.12198e+07	1.39468e+06	0	0.00793651	397.173	1470.89	44.2403	0.603855	78.1086	0.00401606	11.1655	71.669	149.313	2.80959	39.4626	0	1.31099e+06	11.8319	210.861	1584.11	97.2222	0.0225249	79.9339	0.132957	6.9857	17.2464	27.1108	8.46236	0.587982	2.63382	235.237	110.421	0.0164998	0	0.0042735	9.88552	0.0624236	0	0.104911	264.723	693.666	0	0.474191	0.398159	5053.48	0	276146	1120.16	308.448	1.14882	21605.7	169742	23641.7	3.70931	17937.5	0.0576923	1.11162	134.068	11.366	71287.8	2.28534	0.00416667	0	0	24.0167	0.00641026	0	0	0.0492156	0	0	0	0	0.017667	0	0.00416667	0	0.351336	0.00564972	0	0	0	0	0	0.404778	0	0	0	0.00653595	0.0168041	0	0	0	0	2.07777	0	18.305	0.0199182	2.66348	0	0	0	0	0	0	0	0.280775	2.51256	0	0	0	0	0	0	0	0	103.985	7.66274	0.181939	0.646193	0	0	131.288	1.81716	29.4984	0.0350893	169.608	0.0586258	1919.24	0.311639	0	0	0	0.0194658	0	0.0439045	0	0	0.155245	127.197	3.84015	1582.18	0.0289855	12.8147	0.104843	1173.35	0	0.00411523	0	0	0	0	31.9677	0.306844	318.484	0.996501	0.138645	0	8.31092	0	4907.23	3.00936	0.125637	0.00362319	2869.33	0.0328901	0	3.43128	0.00287356	0.116588	0	0.00497512	0.27233	250.175	2.09888	0.0329268	0.344686	1.52191	0.00287356	0.00497512	40.9292	0.0398629	0.117077	0	0.371656	0.00456621	157.5	1.22745	0.773802	0.00641026	0.164858	0.014737	3.9997	0.0145759	0.449916	0.00323625	0.0197542	0.202062	0.0045045	0.0436093	0	0.950678	4.73942	8.05127	0.00584795	0	31819	1500.26	0.801082	15.9711	0.015506	0	59589.6	4107.62	0.584586	0.195622	0.355802	0	42916.7	115510	35607.4	28.9182	0.0377459	0	1.36004e+06	0.200178	106.88	0.0853163	176.27	0	27956.5	0.143647	5766.27	0	8453.13	0.0807802	198502	0.273523	
9.62489e+07	SFG_R_7_4	174090	1.60269e+06	82797.2	6.40821e+06	171.215	106.522	812455	0	476655	2.30909e+06	0.00793651	0.00900901	2.51133	0.148496	3.9936	114.743	0.0222222	133008	16.1081	1.62082	1.32066	10184.4	349.443	65094.8	1.00419e+06	1.41414e+07	0.631142	1.9666	0	766927	0.00537634	100690	0.00537634	94106.7	0	22066	0	23968.5	0.00680272	1.40042e+06	0	0	0	0.215049	0.0279032	0	0.0495499	0	0.00213675	0	0.0323801	0.0532803	0.0586607	0.652007	137.457	651262	466.656	50847.3	3218.29	297958	0.00653595	280895	0	261461	0.846799	0.939765	0.201267	0.0923077	0	2.0564	0.00362319	0.0612415	0	2973.07	0	0.0612415	0.00362319	0.0414628	0	0	0	0.951597	0.00362319	3.55978	0	23.3947	0	0	0	0	0	0	0.0135387	0.640102	0	0	0	2.13153	0	0	0	0	0.00280112	0	13.245	0.244696	0.00280112	0.00490196	0	0	0	0	0	0	22.8659	0	0	0	0	0.00462963	0	0	0	0.0735638	12.6231	8440.12	0.15427	835.561	0.00387597	13.453	28.1376	633.599	0.173695	46518.4	0.353028	102.734	0.887761	3443.03	0	0.00775194	0	7.62696	0	7.60181	0	0	1.67364	0.200734	24.612	48.0177	0.135063	0.0239472	0.0843681	0.887306	0	123.018	0	0	0	33.3474	70.8051	163.58	0.132379	171.277	0	0	0	0.257124	2.9476	920.643	0	1.54097	4.75765	87.5781	0	0	0.28718	0	0.00793651	0	0.0979487	0.281147	1.1484	1.96477	0.0337607	0.0592885	0	0	104.731	0.679174	0	0	0	0.0045045	0.313345	2.48798	0	0	0	3.69371	0	4.92495	0	0.0409571	0	1.51905	0	0.00378788	0	300.938	0	8226.66	0	0.664378	33.5091	3.08304e+06	0.0132847	2.19597	0.116956	0	65.7998	1.08769e+07	0.119033	0.0860663	0.0127024	0.00330033	105.124	29465.2	2.09048	1853.17	0.00308642	756.789	10260.6	2.55158e+06	144.566	909.906	0.341399	0	4.70079	59325.4	0.372934	7967.96	1.37121	14892	1.45479	238647	
2.6464e+07	SFG_L_7_5	161202	1181.96	0.0442105	5028.61	45481.9	69.91	1.12198e+07	476655	0	285920	301.815	0.00757576	565.789	859.34	1523.42	0.148346	0	0.00401606	2645.99	4.64509	1.42475	0	0	0	0.517056	11.1484	35.828	951.552	0.00925926	0.00401606	1.24434	0.00694444	0	4.07525	0.92769	0.00641026	0	0.0584465	0	8.93648	0	0.0908989	0	0	0	0	0	398.417	699.695	0.00165017	0.0485009	0	11.234	0	13693.8	2285.25	104.527	0.129004	135137	440880	16.5717	0.780115	10.4383	0.0580694	17417.5	336.912	252745	41407.6	0.0030581	0.00416667	0	0	0	0.00653595	0	0	0	0.00165017	0	0	0	0	0	0.0116337	0	0.0169858	0	0	0	0	0	0	0.00333333	0	0	0	0	0	0	0	0	0	0.00333333	0	0.382599	0	0.00333333	0	0	0	0	0.00512821	0	0	0.0208384	5.70831	0.00512821	0.0424771	0.0208384	0.00512821	0	0	0	0	0.318459	17.0482	0.451688	0.00374532	0	0	3849.28	2.13725	0.0411313	0.00347222	0.536521	0.0158462	2.73272	0.0348805	0	0	0	0	0	0.0200603	0	0	12.9854	218.86	7132.24	2174	4.18443	42.4409	4.82088	1814.1	0	0	0	0	0	0	356.837	1.84516	0.228154	0.0325222	0.00833333	0	0.1335	0	7.91143	0.130541	0	0.00362319	1.52315	0.0146538	0.517718	0.196295	0	0.0849104	27.4034	0.00497512	81.9193	334.733	7756.52	0.0329268	39219.4	0.635909	1.02708	0.0360947	1.2067	0.0177904	0	0	0.0045045	0.0412861	12.9786	0.0181818	0.0045045	0.0529294	0	0	0.0192095	0	0.0045045	0	0.00497512	0.00387597	0	4.60064	0	0.014898	0.485372	0.777063	0	0	2466.87	43.9803	0.424946	41.0045	0.00165017	0	1333.74	35.4744	0.01269	0.0843254	0.00165017	0	89.3313	774.49	364.977	0.239247	0	0	53385.5	0	5.83148	0	0.010101	0	213.735	0	22.4724	0	7.82583	0	2704.01	0	
2.12752e+07	SFG_R_7_5	26170.9	369907	2372.63	15.2228	94.9812	2.26473	1.39468e+06	2.30909e+06	285920	0	0.192847	86.4953	1.86899	0.802749	0.726462	0.067406	0	35.006	1.49756	0	0.099824	0.123086	4.13032	0.0128205	696152	4.58124	2.91743	0.184326	0	16.9789	0.0332365	0.778657	0.0149113	0.475293	0	0.872982	0	0.948168	0	906.083	0.00297619	0	0	0	0	0	0.00297619	0.0461539	5.32948	0	0.0540642	0	492.898	0.41642	7648.03	179453	1349.2	0	3738.17	3.22411e+06	0	6769.63	0	4736.01	19.2389	881.705	155.443	41158.5	0	0.130762	0	0	0	43.2411	0	0	0.00378788	0	0	0	0	0	0	0.0202067	0	0	0	0	0	0	0	0	0	0.0216816	0	0	0	0	0	0	0	0	0	0	0.0695153	2.17519	0	0.00438596	0	0	0	0	0	0	0	0	0	0	0	0	0	0	0	0	0.397886	354.279	0	0.0857317	0	0	77.5341	47.537	0.0035461	0	0	0.0405405	0	0.118839	0	0	0	0	0	0	0	0	0.0176608	0.0816188	109.45	12280.1	0	0.0319088	0	599.7	0	0	0	0	0	0	2.44812	24.1726	0	0.322603	0	0	0	0	0	0.962174	0	0.0392157	0	7.88011	0	0	0.199599	0.24827	0.033891	0.0777778	0	0.701031	0.146375	66076.5	0.218174	361387	0	0	3.84772	0.489698	0	0	0	0.0045045	0.168533	4.06309	0	0	0	0.0417329	0	0.0045045	0	0.0185328	0	0.862539	0	0	0	0.171178	0.00401606	459.322	0	0.0481475	9.73724	153552	0.00392157	0.0211694	0.0137043	0.0131859	11.4239	1.08913e+06	0.00833333	0.0216816	0	0	5.20891	7830.17	0.147723	3.29384	0.00308642	0	14.7001	283447	0.599197	20134.2	0.0315407	0	0.0305421	28110.5	0	1161.55	0.116648	5536.92	0.0437452	51199.7	
4.51712e+07	SFG_L_7_6	464846	94.3936	974.303	4694.38	1.31252e+07	460771	0	0.00793651	301.815	0.192847	0	192584	4.44373e+06	75.1806	30071.1	119478	0.0469136	0	34.369	143.989	2.63373	1138.36	3.27322	0	0.315281	0	0.307602	2.38723	0	0	0.586593	2.84157	0.0452107	0.608688	0.010101	3.44296	0	0.00680272	0	0	22.1157	31.4596	0	0	0	0	0.160502	0.323182	0.267838	11.2265	0	0	0	0	0	0	0.110923	0	0.00537634	0	0	0	0	0	0.40675	0.00666667	0.0891775	0	0.081836	0.587255	0	0	0	0	0	0	0	0.00641026	0	0	0	0	0	0.0618032	0	0	0	0	0	0	0	0	0	0	0	0	0	0	0	0	0	0	0	0	0	0	0	0	0	0	0	0	0	0	0.163157	0	0.017205	0	0.0743616	0	0	0	0	0	8.04682	0	11.547	0	0	0	0.0996357	0	0	0	0	0	0	0	0	0	0	0	0	0	0	0	862.859	0.0462195	1024.65	4.2624	128.476	3.58041	162.686	48.3804	0	0	0	0	0	0	0.110923	0	0	0	0	0	0	0	0.00462963	0	0	0	0	0	0.0743902	0.0652778	19.6437	659.027	3.71871e+06	18998.8	10.2727	1.46214	20.3333	0.179461	65.6547	2.60171	235.066	379.436	0	0	0	0.00641026	0	0.015882	0	0	0	0.00406504	0	0	0	0	0	0	0.00406504	0	0	1.10331	0	0	0.0701243	0	0	0.00694444	0.235222	0.00555556	0.664873	0.00555556	0.00490196	0	0.0523077	0	0.446312	2.73143	0	0	0.0189367	0	0.00462963	0	0.711086	0	0.707491	0	0.00483092	0	0	0	0.526158	0	0.0392496	0	0.0251638	0	2.05808	0	
5.93814e+07	SFG_R_7_6	678.484	828062	15204.4	10.5233	1.2153e+06	2.1158e+07	0.00793651	0.00900901	0.00757576	86.4953	192584	0	124934	2.13896e+06	281335	151.699	4.6846	0	182709	2.90869	266.956	10.7031	252.314	6.17704	1.6565	0	309.083	8.40327	0	0.0941975	0.888777	4.72098	0.0559311	108.097	0	1.13248	0	0.040553	0	0	0.882405	140.886	0	0	0.00724638	0	0.488854	2.42587	0.529017	68.5305	0.294908	0	0	0	0.0190515	0	0.00273224	0	0.0160465	0	0	0	0	0	0.00775194	1314.89	0	2.72368	0.00606061	5.32905	0	0	0	0	0	0	0	0.00641026	0	0	0	0	0	0.364421	0	0	0	0	0	0	0	0	0	0.231	0	0	0	0	0	0	0	0	0	0	0	0	0	0	0	0	0	0	0	0	0	1.25633	0	0	0	0	0	0	0	0	0	0.63464	0	0	0	0	0	0.0224868	0	0.00462963	0	0.0185328	0	0.0414979	0	0	0	0	0	0	0	0	9.41062	2216.59	0.00653595	46588	0.0844017	2519.14	66.0549	596032	0	0	0	0	0	0	0	0	0	0.00462963	0	0	0	0	0	0.073849	0	0	0	0	1.52749	54.8841	934.2	110926	1485.48	2.56714e+06	0.00343643	85.3728	0.00469484	4432.73	1.28934	13043.8	1.25397	204389	0	0	0.00320513	0	0.0122365	0	0	0	0.0122365	0	0.003003	0.0045045	0	0	0.0122365	0.00401606	0	0	0	0	0	0.0181414	0	0.00406504	0.00606061	0.142727	0.0137978	15.512	0	25.2876	0.0336266	0.00628931	0	3.43984	0.157675	14.5642	0.00241546	0	0.0453428	60.7714	0.00416667	0.195918	0	8.78477	0.0137978	5.99261	0.014192	0.00323625	0	0.266516	0.014192	26.7716	0	18.0081	0	22.7431	0	7.3698	
2.07644e+08	SFG_L_7_7	32386.3	11.5707	1.47961	14.0678	5.30374e+07	1.51092e+06	397.173	2.51133	565.789	1.86899	4.44373e+06	124934	0	1.90606e+07	1.08822e+06	121.866	7.6492	0	758179	41240	16162	9.60846	1.65408	0	68.9704	0	6.1263e+06	6.83789e+06	0.00438596	0	132.488	0.0549564	0.0293144	0	3460.83	17.2159	0.241105	0	0.00438596	0.00546448	217402	2846.72	55.3009	65.426	0.00724638	0	23.9612	1.11077e+06	740.97	21.8611	375180	17.3634	13.3831	0	18.6794	0.0200603	6.57104	0	16.3673	8.00554	0	0	0.00438596	0	28.5634	0.0264052	63.861	0	95.7011	0.181227	0	0	0	0	0	0	7.15557	0	0	0	0.00641026	0	0.257804	0.0259119	0	0	0	0	0	0	0	0	0	0	0.0596719	0	0	0	0.00641026	0	0	0	0.00444444	0	0	0	0	0	0	0	0	0.00383142	0	0	101.032	0.140509	34.2071	0.0037037	41.709	0.0153257	0	0	0	0	1.76191	0	1055.72	0.250647	0	0	0.65974	0	0	0	0.0047619	0	0	0	0	0	0	0	0.0047619	0	0	0	19071.3	0.670421	5098.27	1.56827	83106.1	784.37	73845.1	19.0329	0	0	0	0	0	0	0.0542442	0.0194741	0.00416667	0	17.4476	0	0.00438596	0	1.34523	0	0	0	0.0371295	0	1.13643	0	315480	105143	7.86654e+06	1752.54	14331.1	64.4406	44279.8	1.76851	253369	1.1813	218629	1744.82	0	0	0.00406504	16.0363	0.00406504	150.927	0	0	14.0014	57.2912	0.587836	0	0.0047619	0	0.332292	0.00323625	24.3252	0	0.0166771	1138.25	0	0.145489	50.9486	0.0150702	5.58108	0	404.707	0.552796	1811.63	13.3626	52.7443	0	30.2927	0.371597	239.508	75.8116	143.307	0.00392157	21388.6	0.586418	1.14077	0	528.208	0.00292398	101.757	0	0.00416667	0.0042735	122.679	0.00292398	13.2294	0.00323625	55.3271	0.0123204	884.674	0.0123204	98.5548	0	
1.49872e+08	SFG_R_7_7	0.423623	4092.96	0.0666452	0.0035461	5.99127e+06	1.888e+07	1470.89	0.148496	859.34	0.802749	75.1806	2.13896e+06	1.90606e+07	0	296357	0.0035461	0.84594	0	111699	435049	4474.7	1859.7	0.220251	0	599.215	0	1.27057e+06	2.12938e+07	0.00595238	0	10.9798	92.4524	0.00564972	0.00680272	89.4569	5776.27	0	0.0959067	0	0	97718.1	211780	0.042489	2670.52	264.785	0.171717	152543	247304	236.471	392.499	1918.89	774.698	1.75675	0	86.78	0.00529101	44.5549	0.0839947	149.915	1.84935	0	0	0	0	0.00438596	33.6896	1.30705	0.212344	1.05265	100.896	0	0	0	0	0	0.0184127	0.00490196	10.9128	0	0	0	0.273787	0.00456621	1760.82	0	0.109134	0	0.0178979	0	0	0	0.00438596	0	47.427	0.00456621	0.0037037	0	0.00411523	0	0	0	0	0	115.218	0	74.4918	0	0.00330033	0	0.00350877	0	0.0133069	0	0.755082	0	149.907	0	0.247409	0	5.88469	0	0.113608	0	0.0047619	0.0296526	61.6719	0.422134	465.982	0	0	0	4.59527	0	7.59362	0.00297619	488.041	0	5217.02	0	0	0	0.00505051	0	0	0	0	2.1078	175.085	0.0722857	12646.7	0.0639125	11516.4	29.7484	157266	0	0	0	0	0	0	0.0151535	0.503155	0.00297619	7588.12	0.145968	0.185583	0	0	0.0413215	0	0	0	0.0160534	0	0.982158	544.471	181918	778985	157.755	385518	0.149274	20499.4	1.7445	4816.42	12.5508	9593.85	13722.5	364085	0	211.907	0.00326797	0.00421941	0.00326797	3215.2	0.0118521	17.189	0.00326797	0.229924	0	93.4192	0	21.654	0	12065.3	0.0135647	1.36843	0	2962.4	0.0287581	12821.4	0.00343643	16.8354	0.257564	24.6176	0.11271	2107.58	0.00326797	14320.9	20.5737	454293	0.0136756	2327.49	21.3848	14500.7	0.149419	768701	1.66197	370234	0.0137457	604422	0.042162	163900	0.24224	4983.54	1.44762	0.373742	0.105447	81951	0.802056	139.841	0.0037037	61066.5	0.199825	183672	0.010391	6393.69	
1.56505e+08	MFG_L_7_1	54903.5	6417.76	429458	165.281	3.17749e+07	1.45009e+06	44.2403	3.9936	1523.42	0.726462	30071.1	281335	1.08822e+06	296357	0	1052.27	12672.4	0	1.97446e+07	2127.65	6.68468e+06	662.129	1.60073e+07	0.959363	36187.8	0.00490196	170969	33689.6	18.1765	0.224718	7592.67	1066.04	1585.44	831.238	47400.6	365.228	43.2733	1.79788	33.365	0.775856	0.00275482	0.0217698	0.0047619	45.8537	0	0	0	0.0274943	0.00813008	0.00813008	55238	23.8773	0.752917	0	0.00595238	0	0.581971	0	0.128393	0.0179894	0.0773684	0.00584795	33.3898	0	29.9049	0	2.57961	0	2.97456	0.0133815	0.0153509	0	0.00793651	0.00584795	0	0	0.0685287	0	0.00416667	0	0.0425539	0	0.00350877	0.0105628	0.0194741	0	0.00462963	0	0	0	0	0	0.003003	0.0133815	0.0045045	0	0.00497512	0	0.0192654	0	0	0	0.640084	0	0.0031746	0	0.00392157	0	0	0	0	0.0634966	0	0	0.677423	0.191358	0.259513	0.003663	0.701975	0.191358	0.0187831	0	0	0	10.0221	0.76399	3.64603	0.0322872	0	0	20.7706	0.0357383	3.16593	0.00362319	0.348727	0	1.50079	0.0134007	0	0	0	0	0.0045045	0	0.00595238	0	323.785	0.145481	538.7	0.336859	841.642	18.1981	1071.1	2.16379	0.02375	0	0	0	0.00520833	0	0.557498	0.00387597	1.20062	0.0276965	0.0107527	0	0.117859	0	9.05662	0.12436	0.0517788	0	13.3292	0.00347222	0.00546448	0	774.224	1985.86	3161.68	3.83719	388.541	1.81329	23.3381	0.0418959	202.086	0.0035461	0.0138889	3.64186	0.0045045	0	0	0.181366	0	0.0318143	0.170371	0.0185507	0.124763	0.0335998	0	0	0.0166151	0	0.00326797	0.00323625	0.00392157	0	0	19.2393	0	0.0299049	0.393199	0.003663	0.0726212	0.00314465	46.7177	1.38358	42.212	0.795844	0.00813008	0.0035461	248.612	2.04628	0.00813008	0.00314465	0	0	11639	3042.13	9.01183	0.237846	1725.3	0.0423843	525.035	0.0213347	0.426691	0.174197	299.292	0.0035461	273.595	0.16434	662.798	0.0165735	2100.65	0.0358493	716.715	0.0765328	
5.51422e+07	MFG_R_7_1	3031.34	11129.7	3774.48	1.6982e+07	78829.1	6.43407e+06	0.603855	114.743	0.148346	0.067406	119478	151.699	121.866	0.0035461	1052.27	0	64.407	29904.9	307.729	110184	379.233	630589	5328.41	2.98785e+06	4568.12	62306.2	1.99986	42.9188	0.00653595	58.4454	162.359	5099.39	57.0366	3826.08	0.548723	4436.54	0	602.682	0	0.283077	0.0472069	0	0	0	0	0	0.279966	0.003663	0	0	1.08512	0.0133333	0	0	0	4.26013	0.0193888	2.69232	0	5.11294	0	32.7832	0	0.546957	0.0045045	0.0966136	0	0	0.0314312	10.674	0	2.2458	0	2.92541	0	10.2897	0.033113	0.00406504	0	0.0192334	0	30.0143	0	4.32822	0	96.5926	0	18.4722	0	0.0146026	0	0.0707689	0	15.5764	0	0.0174299	0	0.845717	0	0.117417	0	0	0	0.00323625	0.00314465	0	0	0.00421941	0	0	0	0	0	0	0.00358423	0	0	0	0	0	0	34.886	0	4.21228	0.0161017	192.294	0.00383142	15.1406	0	0	0.0152223	15.666	0	70.6835	0	2.31749	0	40.4707	0	1.07811	0	108.718	0	31.8044	0	22.8087	0.0161017	0.0808452	0	11.1839	0	0	0	0	0	0.0584395	0	0.344723	0	0.108099	0.0748137	22.9844	0	166.005	0	0	0	0.469522	0.0035461	423.403	0	292.483	0	10.3384	0	0	0	0	25519.9	0	0	0	0	0	0	0	0	0	0	0	0	0	0	0	0.0130109	0	0	0	0	0.231603	0	0.00483092	0	0.00320513	0	0	0	0	0	44.9614	0	0	0	1.03568	0.0603527	832.937	0.0314312	160.088	1.73701	0	0.00133333	4987.34	0	0.017427	0.00133333	1.69706	3.01822	34200.2	0.0970786	2796.66	0.0035461	3827.26	0.478958	2492.4	4.23611	0.0237162	1.12432	545.935	0.691901	1556.34	0.0030303	4038.65	1.34814	6208.45	0.00133333	2711.71	
3.48609e+07	MFG_L_7_2	97.2037	13172.7	33610.8	19.0156	1717.35	1125.36	78.1086	0.0222222	0	0	0.0469136	4.6846	7.6492	0.84594	12672.4	64.407	0	1.04034	28041.9	1.65183	8.76053e+06	3.16982	2.68417e+06	0.0296443	1.65091e+06	0.00555556	23427.2	4.36175	838928	8.84931	973884	34.0963	31593.6	7495.15	15699.9	4.18787	303.353	0.108664	69611.8	0.169475	0	0	0	0	0.00392157	0	0.0127451	0	0	0	1561.09	0	85595.2	0	6216.57	0	550.107	0.00401606	254.96	0.0170411	18688.5	0	2.15469e+06	0.0280733	0	0	0	0	0.198144	0	0.747897	0	3.0154	0	0.0147334	0	0.214978	0	0.408743	0	1.40999	0	0.46208	0.0156863	7.67918	0	0.379792	0	0.00456621	0	0.492907	0	1.36192	0.0156863	0.0736357	0	12.0142	0	4.63893	0	0	0	3.03387	0	0	0	4.39587	0	0	0	0	0	0	0	0	0	0	0	0	0	0.939017	0	0	0	15.2215	0.81393	0.0197802	0.0153257	2.65407	0	5.68496	0.281243	37.1824	0	367.719	0	252.307	0	0.0261841	0	0.30533	0	34.4802	0	0.133338	0	0	0.0153227	0.138672	0.820129	0	0	0	0	0.00813008	0	0	0	0.193046	0	2.70833	0.0045045	8.0093	0.0153257	0	0	0.0649187	0	197.278	0.0153257	0	0	386.909	0.00383142	0	0	0	0	0	0	0	0	0	0	0	0	0	0	0.00350877	0	0.00444444	0	0	0	0.00483092	0	0.00444444	0	0	0	0.262811	0	0	0	0.00208333	0	0	0	0	0.0153257	0	0	0	0.0115951	1.04453	0.107456	0.325262	0.0156863	0.0031746	0	636.886	1.62338	1.04668	0.0115951	1.30969	0	6152.71	2986.25	1641.42	0.0770317	186.382	0.228164	1602.93	2.30441	0.742406	0.0611232	36.7728	0	69.5912	7.12424	65.4506	2.69354	163.056	1.97534	776.659	1.62408	
4.99866e+07	MFG_R_7_2	0.503127	15010.4	0.0669627	415666	0.0283816	102.571	0.00401606	133008	0.00401606	35.006	0	0	0	0	0	29904.9	1.04034	0	0	0.125499	0.0272222	215944	0.581538	1.24528e+07	0.22511	1.53055e+06	0	0	0	5.10006e+06	0.0272222	525854	0	9238.18	0	27165.3	0	0	0	1030.69	0	0	0	0	0	0	0	0	0	0	0	0	0	1659.07	0	75200.4	0	7965.75	0	2372.23	0	0.0119048	0	1.91665e+06	0	0	0	0	0	0.142703	0	2.9912	0	0	0	8.2378	0	0	0	0.00529101	0	298.571	0	104.48	0	332800	0	25.5261	0	161.274	0	1343.13	0	132.622	0	138.483	0	111862	0	151.371	0	0.476282	0	212.754	0	0.00416667	0	12.6487	0	0	0	0	0	0.00416667	0	0	0	0	0	0.00416667	0	108.164	0	189.137	0	1035.38	0	130.446	0	0.255952	0	9.60816	0	3561.16	0	458755	0	1.18107e+06	0	1.56522	0	20307	0	406874	0	1.39915	0	0	0	0	0	0	0	0	0	5841.61	0	0	0	6331.09	0	994.75	0	0	0	0	0	0	0	0.00239808	0	0	0	0	0	0	0	0	0	0	0	0	0	0	0	0	0	0	0	0	0	0	0	0	0	0	0	0	0	1.66047	0	410.697	0	0.00330033	0	0.00546448	0	0	0	174.477	0	0	0	0	0	0.0851887	0	0.0134224	0	0	0	0.274864	0	0	0	0	0	0	0	0.00239808	0	0	0.00401606	0	0	0	0	0	0	0	0	0	0	0	0	0	
1.16241e+08	MFG_L_7_3	2695.93	1189.91	1113.19	59.6313	1.73618e+07	1.87258e+06	11.1655	16.1081	2645.99	1.49756	34.369	182709	758179	111699	1.97446e+07	307.729	28041.9	0	0	1688.66	8.6798e+06	114.103	329961	0.400901	4297.1	0.00564972	8.1712e+06	13931.9	2.49735	0.0240416	13560.8	47.6129	73.3326	48.2015	96416.7	316.679	2.34614	0.0537037	4.97441	0.140006	0.0434211	0	5.09778	79.4757	0	0	0.00362319	0.710149	0.302996	0	718553	34.7689	0.810951	0	0.269847	0.00529101	4.4817	0	0.547795	0.314586	0	0	22.6332	0	1315.58	0	209.794	0	0.751902	0.002849	0.0633971	0	0	0	0	0	0.0649009	0	0.0370408	0	0.116001	0	0.0145933	0.002849	0.076555	0	0.0393925	0	0	0	0.00401606	0	0.213912	0	0.0177809	0	0.266476	0	0.0170411	0	0	0	1.05827	0	0	0	0.496935	0	0	0	0	0.00396825	0	0	0	0.00396825	0.00438596	0	0	0.00396825	0.0420635	0	0	0	2.96143	0.542084	0.112629	0	0.0196078	0	201.065	0.00374532	0.665694	0	5.83774	0.00330033	1.33533	0.030002	0	0	0	0	0.227422	0	0.0885843	0	1.62375	0.0594517	1308.58	0.319118	186.307	0.192734	33.1401	0.0887283	0.0507692	0	0	0	0	0	9.24227	0.0047619	2.05249	0.00347222	0	0	4.99556	0	6.7234	0.0538916	0.629414	0	12.4496	0.00347222	0	0	694.974	1773.25	0.252509	0.988933	128.042	0.322606	0.788129	0.0176742	373.042	0.0035461	4.81089	1.14167	0	0	0	0	0	0.0137985	0.00456621	0	0.182559	0.003663	0	0.00330033	0.896	0	0.00421941	0.00323625	0.0161765	0	0	0.248161	0	0.030002	0	0	0.019938	0	9.632	0.224542	4.11083	0.0448537	0.00416667	0	259.326	0.731199	0.658188	0	0.0675673	0	8492.91	125.446	90.6555	0.101701	2187.06	0.0177505	913.719	0.0213347	0.186575	0.0508212	176.065	0	306.976	0.109495	738.156	0.0407333	1578.42	0.100961	1226.19	0.0184251	
3.82637e+07	MFG_R_7_3	46.3499	122.699	66.027	717.647	75050.4	4.83571e+06	71.669	1.62082	4.64509	0	143.989	2.90869	41240	435049	2127.65	110184	1.65183	0.125499	1688.66	0	170.797	1.05923e+06	21.9971	496.806	401.711	0.576392	623.51	1.07138e+07	0	0.0503324	33.1301	94531.8	0.319073	5.73301	118.994	1.14702e+06	0	1950.55	0	0	0.563835	0.00350877	0.00490196	144.558	0.0216415	0.0142607	4.91473	6.95573	0.276901	0.703375	36.4738	2892.28	0	0	0.694063	0	0	0.0209987	0.046176	0.00323625	0	0.00617284	0	0	0.00537634	0	0.082061	0	0.00520833	17.6971	0	0.00617284	0	0.0246914	0	0.0227623	0.0144148	2.15826	0	0	0	0.0403191	0	604.424	0	0.167096	0	0.0345206	0	0.0045045	0	0.00529101	0	8.23368	0	0	0	0.0421934	0	0	0	0	0	30.5021	0	32.6144	0	0.00456621	0	0	0	0	0	0.620434	0	0	0	0	0	1.38193	0	0.0196759	0	0.0202206	0.0149328	19.8546	0.132489	218.289	0	0	0.00421941	0.608576	0	5.1141	0	247.41	0	2440.71	0	0	0	0.0474013	0	0.00456621	0	0.00606061	0.0621935	0.0181481	0.0725281	1.56895	0.0952279	0.694832	0.00421941	0	0	0	0	0	0	0	0.00383142	0.183902	0	3184.05	0	5213.95	0	0.218357	0	3324.92	0	0.166233	0	0.00497512	0	0	0.336932	0.00680272	1.7959	0	0	0	0.0236252	0	0.0503196	0	0.0298656	0	0	3796.95	0.00229885	0.0047619	0	5384.23	0	9.74033	0.0134007	4.88172	0	38.0341	0	12.2389	0.0134007	31765.6	0	1.6687	0.00350877	721.299	0.0544526	4711.91	0.00387597	0	0.00520833	1.88006	0.0150779	29.6402	0	560.574	0.0724746	70664.1	0	1825.91	0.0362202	9649.45	0.039272	217127	3.06376	35067	0.0155039	159951	0.00884266	20800.4	0.0519491	1925.06	0.277193	0.192412	0.0752253	6752.73	0.257796	23.9694	0	5442.01	0.0477192	14530.8	0.00157233	2009.47	
1.71839e+08	MFG_L_7_4	129.255	1883.46	15452	22.4498	1.14109e+06	123840	149.313	1.32066	1.42475	0.099824	2.63373	266.956	16162	4474.7	6.68468e+06	379.233	8.76053e+06	0.0272222	8.6798e+06	170.797	0	70.9977	7.95278e+06	0.15433	134898	0.00564972	760536	1661.42	59349.9	5.35779	4.0327e+07	626.472	2.85682e+06	7877.8	4.93449e+06	271.871	1.43382	0.164621	65.8312	0.230802	0.0507242	0	0.00326797	9.37591	0.170709	0	0.670908	0.139373	0.0190632	0	839146	2.51026	4142.13	0	1935.85	0	5816.75	0	360.316	4.06748	32.2951	0	17407.7	0	0	0.0402581	0	0.107421	98.0168	0.204154	8.98816	0.00347222	44.2953	0.00347222	1.03084	0.00347222	5.62292	0.0130769	9.25042	0	6.32499	0	1.1182	0.406012	25.5491	0	3.726	0	1.63221	0	13.9077	0	127.221	0.0880792	0.380073	0	141.299	0	29.5169	0	0	0	406.14	0	0.0157077	0	578.3	0	0	0	0	0	0	0	0	0	1.06525	0	0	0	2.89718	0	0	0	3922.95	76.8838	23.8869	0.642898	183.103	0	3787.31	4.60943	4583.29	0	14973.4	0.00330033	7017.71	0.00330033	1.8057	0	0.631748	0	667.249	0	180.936	0	1.63074	8.21382	34.6842	27.2403	0	0.0357177	0.00383142	3.34482	172.595	0	49.7923	0	5.63338	0	572.972	0.151806	9516.87	0.0334052	1.24276	0	24908.9	0	53468.5	0.0328895	534.387	0	60839.7	0.00383142	0	0	0	0	0.135238	0	0	0.00378788	0	0	0.00505051	0	0	0	0.014425	0.0147347	0.105602	0	1.70946	0	1.22808	0.0149919	3.78069	0	0.707785	0.00330033	149.109	0	2.82742	0	0.819045	0.00411523	0.542407	0.003003	0.00411523	0.0328895	0	0.0134804	0.232545	0.393659	1690.07	4.55382	240.491	0.0565127	0.232279	0.105589	89770.8	13.1416	164.599	1.22585	98.3005	0	928634	1154.81	414914	0.644028	189760	0.0889388	353805	0.996747	69.4001	3.83335	14798	0	40549.6	4.98036	40985.5	1.53592	113097	1.87677	208247	2.73848	
1.90529e+07	MFG_R_7_4	1352.99	22812.6	1744.85	106058	38020.8	129708	2.80959	10184.4	0	0.123086	1138.36	10.7031	9.60846	1859.7	662.129	630589	3.16982	215944	114.103	1.05923e+06	70.9977	0	102.753	1.17902e+06	106.502	5109.93	7.10651	33116.3	0	29169.4	10.0757	5.05706e+06	2.24076	1481.37	4.79679	995063	0	3.54573	0	0.0185185	0.196135	0	0	0.0229953	0	0	0.832958	0	0	0	1.34635	2311.3	0	0	0.050565	0.484411	0	3.44463	0	22.4965	0	0.077168	0	294.389	0	0	0	0	0.00387597	0.017667	0	2.03172	0	0.254951	0	20.871	0	0.0401802	0	0.0403865	0	12.7238	0	1.2365	0	11.3498	0	22.4142	0	0	0	0.126125	0	0.100144	0	0.00438596	0	5.71681	0	0.0178979	0	0	0.00387597	0.0604674	0	0	0	0.0167971	0	0	0	0	0	0	0	0	0	0	0	0	0	32.9137	0	2.60142	0	48.8514	0	1.29835	0	0	0	1.0263	0	34.9186	0	10.281	0	28.8544	0	0.0996085	0	18.6483	0	2.0901	0	26.4881	0	0	0	0.323437	0	0	0	0	0	0.110773	0	0.230156	0	0	0	16.7845	0.00347222	32.8724	0	0	0.00347222	0.0494506	0.00347222	91.2088	0	139.368	0.00347222	10.8787	0	0	0	0	0.112537	0	0	0	0	0	0	0	0	0	0	0.00469484	0	0	0	0	0	0	0	0	0	0.180036	0	0.378308	0	0.00469484	0	0	0	0.004329	0	7.28376	0	0	0	0.0178979	0.00333333	11.6625	0.00387597	3.98798	0.0528383	4.52916	0	163.426	0	0.00444444	0	17.4734	0.4176	1006.2	0	1762.33	0	124.001	0.00333333	61.1948	0.0128827	0.00628931	0.0313642	24.5147	0.0148491	6.03141	0	51.9839	0.116646	142.269	0	64.8752	
