data	data	8.30226e+07	5.75818e+07	7.7855e+08	1.95741e+08	1.2168e+09	4.86125e+08	1.07145e+08	7.45649e+07	1.85739e+07	9.34847e+07	2.8691e+07	1.10291e+08	2.60531e+08	1.00428e+08	3.98222e+08	4.7261e+07	3.22646e+07	1.55957e+07	5.78818e+07	6.98606e+07	1.79921e+07	9.83693e+07	4.99881e+07	3.87078e+07	4.64202e+06	7.00507e+06	3.41371e+08	2.10119e+08	4.37159e+07	1.04832e+07	4.33078e+07	2.25171e+07	2.97963e+07	1.79341e+07	1.87908e+07	1.86148e+07	1.92681e+07	1.63974e+07	3.85169e+07	1.89515e+07	2.20487e+06	7.10582e+06	1.71292e+07	3.6647e+07	1.27956e+07	1.66004e+07	1.53492e+08	1.2626e+08	1.22331e+07	5.04928e+06	3.85975e+07	9.799e+06	3.59547e+07	3.72585e+07	4.78718e+07	9.63115e+07	2.84327e+08	2.86894e+07	3.94065e+07	1.25169e+08	5.06926e+06	7.50014e+06	3.13074e+07	3.10257e+07	631317	2.94296e+07	2.5488e+06	5.81417e+06	7.47867e+07	4.02624e+07	3.58908e+07	5.52426e+07	4.12983e+07	3.48939e+07	1.82044e+07	5.66904e+07	2.62493e+07	3.0574e+07	5.08304e+07	1.20672e+07	5.21784e+07	2.33135e+07	4.07647e+07	6.43219e+07	5.68168e+07	4.70163e+07	3.64728e+07	4.6752e+07	5.668e+07	5.59382e+07	1.26069e+07	3.34466e+07	3.77291e+07	6.63617e+07	2.36934e+07	2.44887e+07	4.1927e+07	5.73679e+07	3.22153e+07	2.81652e+07	2.70794e+07	4.42929e+07	1.53951e+08	7.76851e+07	1.32141e+08	4.36885e+08	9.44381e+07	7.39047e+07	8.261e+06	5.47025e+07	2.49453e+07	3.82303e+07	3.50801e+06	1.48646e+07	5.25638e+07	4.37249e+07	5.99044e+06	4.07278e+07	1.7183e+07	7.80981e+06	8.43839e+06	2.74991e+07	1.53993e+07	1.56048e+07	2.17908e+07	3.29766e+07	2.78498e+07	5.80115e+07	1.95827e+07	4.76837e+07	2.7335e+07	3.01143e+07	1.59927e+07	1.02696e+07	5.08463e+07	6.76322e+07	3.16205e+07	9.39855e+07	2.93039e+07	9.26901e+07	7.2759e+07	5.07554e+07	6.71508e+07	5.21904e+07	2.35613e+07	1.60503e+07	2.67599e+07	4.87631e+07	3.00922e+06	4.00823e+07	5.65179e+07	5.879e+08	3.48779e+07	1.70611e+07	2.33057e+07	3.16043e+07	4.31431e+06	1.03488e+06	1.69362e+07	3.55497e+07	7.14708e+07	4.52449e+07	1.3563e+07	1.31312e+07	8.42547e+06	2.33724e+06	1.02191e+07	4.82784e+06	1.30473e+08	4.74004e+07	3.53918e+06	1.6108e+06	3.37619e+07	8.62442e+06	309088	1.64198e+06	2.87936e+06	2.40966e+07	2.84046e+07	2.53547e+07	7.56596e+06	2.6227e+07	3.35334e+07	1.13028e+06	1.54105e+07	3.85762e+06	1.82065e+07	6.34956e+06	6.24045e+07	4.19698e+08	4.7386e+08	1.33705e+08	4.75162e+08	1.84309e+08	4.49697e+07	2.51199e+08	8.95763e+08	5.84755e+08	5.55373e+07	1.05816e+08	3.2073e+07	5.45848e+07	3.93876e+08	8.77602e+07	1.21734e+08	3.09292e+08	1.1423e+08	6.52675e+08	6.75889e+07	5.41394e+08	9.74376e+06	5.27934e+07	9.75091e+07	9.03897e+07	4.58244e+08	4.49932e+08	2.11083e+08	1.88305e+08	1.57483e+08	3.47049e+08	4.81475e+08	5.79029e+08	3.33216e+08	3.57604e+08	4.66112e+08	1.96354e+08	1.61766e+08	2.0003e+08	1.97987e+08	4.57108e+08	9.15195e+07	1.99534e+08	7.19644e+08	8.82812e+07	1.99835e+08	4.42712e+07	9.9717e+07	1.26523e+08	2.50098e+08	9.58004e+07	1.49406e+08	1.22511e+08	1.00907e+08	7.99688e+07	2.97786e+08	1.60858e+08	
data	data	SFG_L_7_1	SFG_R_7_1	SFG_L_7_2	SFG_R_7_2	SFG_L_7_3	SFG_R_7_3	SFG_L_7_4	SFG_R_7_4	SFG_L_7_5	SFG_R_7_5	SFG_L_7_6	SFG_R_7_6	SFG_L_7_7	SFG_R_7_7	MFG_L_7_1	MFG_R_7_1	MFG_L_7_2	MFG_R_7_2	MFG_L_7_3	MFG_R_7_3	MFG_L_7_4	MFG_R_7_4	MFG_L_7_5	MFG_R_7_5	MFG_L_7_6	MFG_R_7_6	MFG_L_7_7	MFG_R_7_7	IFG_L_6_1	IFG_R_6_1	IFG_L_6_2	IFG_R_6_2	IFG_L_6_3	IFG_R_6_3	IFG_L_6_4	IFG_R_6_4	IFG_L_6_5	IFG_R_6_5	IFG_L_6_6	IFG_R_6_6	OrG_L_6_1	OrG_R_6_1	OrG_L_6_2	OrG_R_6_2	OrG_L_6_3	OrG_R_6_3	OrG_L_6_4	OrG_R_6_4	OrG_L_6_5	OrG_R_6_5	OrG_R_6_6	OrG_R_6_6	PrG_L_6_1	PrG_R_6_1	PrG_L_6_2	PrG_R_6_2	PrG_L_6_3	PrG_R_6_3	PrG_L_6_4	PrG_R_6_4	PrG_L_6_5	PrG_R_6_5	PrG_L_6_6	PrG_R_6_6	PCL_L_2_1	PCL_R_2_1	PCL_L_2_2	PCL_R_2_2	STG_L_6_1	STG_R_6_1	STG_L_6_2	STG_R_6_2	STG_L_6_3	STG_R_6_3	STG_L_6_4	STG_R_6_4	STG_L_6_5	STG_R_6_5	STG_L_6_6	STG_R_6_6	MTG_L_4_1	MTG_R_4_1	MTG_L_4_2	MTG_R_4_2	MTG_L_4_3	MTG_R_4_3	MTG_L_4_4	MTG_R_4_4	ITG_L_7_1	ITG_R_7_1	ITG_L_7_2	ITG_R_7_2	ITG_L_7_3	ITG_R_7_3	ITG_L_7_4	ITG_R_7_4	ITG_L_7_5	ITG_R_7_5	ITG_L_7_6	ITG_R_7_6	ITG_L_7_7	ITG_R_7_7	FuG_L_3_1	FuG_R_3_1	FuG_L_3_2	FuG_R_3_2	FuG_L_3_3	FuG_R_3_3	PhG_L_6_1	PhG_R_6_1	PhG_L_6_2	PhG_R_6_2	PhG_L_6_3	PhG_R_6_3	PhG_L_6_4	PhG_R_6_4	PhG_L_6_5	PhG_R_6_5	PhG_L_6_6	PhG_R_6_6	pSTS_L_2_1	pSTS_R_2_1	pSTS_L_2_2	pSTS_R_2_2	SPL_L_5_1	SPL_R_5_1	SPL_L_5_2	SPL_R_5_2	SPL_L_5_3	SPL_R_5_3	SPL_L_5_4	SPL_R_5_4	SPL_L_5_5	SPL_R_5_5	IPL_L_6_1	IPL_R_6_1	IPL_L_6_2	IPL_R_6_2	IPL_L_6_3	IPL_R_6_3	IPL_L_6_4	IPL_R_6_4	IPL_L_6_5	IPL_R_6_5	IPL_L_6_6	IPL_R_6_6	PCun_L_4_1	PCun_R_4_1	PCun_L_4_2	PCun_R_4_2	PCun_L_4_3	PCun_R_4_3	PCun_L_4_4	PCun_R_4_4	PoG_L_4_1	PoG_R_4_1	PoG_L_4_2	PoG_R_4_2	PoG_L_4_3	PoG_R_4_3	PoG_L_4_4	PoG_R_4_4	INS_L_6_1	INS_R_6_1	INS_L_6_2	INS_R_6_2	INS_L_6_3	INS_R_6_3	INS_L_6_4	INS_R_6_4	INS_L_6_5	INS_R_6_5	INS_L_6_6	INS_R_6_6	CG_L_7_1	CG_R_7_1	CG_L_7_2	CG_R_7_2	CG_L_7_3	CG_R_7_3	CG_L_7_4	CG_R_7_4	CG_L_7_5	CG_R_7_5	CG_L_7_6	CG_R_7_6	CG_L_7_7	CG_R_7_7	MVOcC	MVOcC	MVOcC	MVOcC	MVOcC	MVOcC	MVOcC	MVOcC	MVOcC	MVOcC	LOcC_L_4_1	LOcC_R_4_1	LOcC_L_4_2	LOcC_R_4_2	LOcC_L_4_3	LOcC_R_4_3	LOcC_L_4_4	LOcC_R_4_4	LOcC_L_2_1	LOcC_R_2_1	LOcC_L_2_2	LOcC_R_2_2	Amyg_L_2_1	Amyg_R_2_1	Amyg_L_2_2	Amyg_R_2_2	Hipp_L_2_1	Hipp_R_2_1	Hipp_L_2_2	Hipp_R_2_2	BG_L_6_1	BG_R_6_1	BG_L_6_2	BG_R_6_2	BG_L_6_3	BG_R_6_3	BG_L_6_4	BG_R_6_4	BG_L_6_5	BG_R_6_5	BG_L_6_6	BG_R_6_6	Tha_L_8_1	Tha_R_8_1	Tha_L_8_2	Tha_R_8_2	Tha_L_8_3	Tha_R_8_3	Tha_L_8_4	Tha_R_8_4	Tha_L_8_5	Tha_R_8_5	Tha_L_8_6	Tha_R_8_6	Tha_L_8_7	Tha_R_8_7	Tha_L_8_8	Tha_R_8_8	
8.30226e+07	SFG_L_7_1	0	7.10558e+06	1.77609e+07	329356	3.6415e+06	102905	703956	61636.4	28498.6	1784.35	100962	51992.7	24.099	7.74842	3.63122	146.698	0.721298	0.493762	0.0223164	0.0111142	0	0.433281	0	467.499	62.5263	134	0.417364	0.108782	0.393831	2.36213	0.0836242	0.0532803	4.62358	16848.4	65.1989	0.0217507	66.7402	15799.3	3597.41	21287	0.0301634	0.0672002	0	0.00606061	0.0398891	0.00606061	0.267113	0.00606061	1.09744	0.115241	0	0.00628931	0	0	3.01718	2.73574	13.7977	0.0594257	7.92022	51.8133	2.09383	97.4717	0.218892	0.244216	1365.23	38.1265	41.4179	26.1875	25.2691	0	0.0700026	0.450712	0.0150895	207.089	0	65.7322	3.11406	0.0291427	0.0348294	0.0134578	0.0212982	18.2225	0.0353866	3.66327	0.00497512	0.386828	0	9.53213	0.084922	1.12226	0.0802143	0	2.21421	0.00411523	0.00340136	21.7515	0.173982	0	0.00456621	152.335	0	0.00406504	5.09313	0	0.070164	0.0035461	0.187189	0	0.00529101	0.00520833	0	0.00520833	0	0	0	0.375385	0.00529101	0	0	0	0	219.195	0	113.751	42.4715	15.5822	77.1514	23.973	0.0367647	0.0160664	3.73487	5.62397	1.97736	0.00383142	7.43451	0	24.5048	0.0944459	0	0.0160664	0.0269388	157.502	18.6124	0.173	0.0293076	58.3785	29078.6	83.8244	88615.5	119.157	6.02093	39.409	14058.6	48.8166	0	0	0.00680272	1.09561	0	0	33.4635	18.8041	27.0748	0.883091	0.495328	0	0.00383142	1.12782	2561.75	247.516	0.476529	0.0226228	10794.4	699.815	0	0.0133333	778.069	213.003	336.099	1919.28	0.265974	5.53905	125435	27096.2	110377	11.9638	0.103071	0.0808844	10.4612	3350.2	0.0713513	0	15.7157	0.0138772	0.148518	0.0726061	37.0978	0.0138772	1.44435	0.0157058	0.0383244	0	80.7682	0.0149018	8.52909	1054.23	85.13	72.4827	28.7964	105.246	0.881011	542.108	12.7718	0.00411523	14619.6	2568.7	0	0.00520833	0.247048	0.113855	533575	16778.6	124.411	0.475205	44.5168	0.198459	19951.9	1.14579e+06	493.613	782.406	15.023	556.243	7.22123e+06	563.637	10512.5	1.57719	0.00505051	0.00680272	46317.4	3514.85	9803.02	802.396	1769.46	76.4123	2.11046e+06	2418.32	
5.75818e+07	SFG_R_7_1	7.10558e+06	0	2.21065e+06	1.10603e+06	989410	4.38127e+06	861068	295090	84598.8	756908	652.389	1.51222e+06	0.263586	5.90818	53.9137	52.962	0.00900901	0.0486295	4.21398	0.815067	0	12.2168	0	0.230465	18.0372	6.32296	0	14.8105	0.00416667	0.0123457	0	0.058547	0.164936	219752	0.00343643	0.114203	0.0454121	186968	0.0266773	965508	0	0.00877193	0	0.176947	0	0	0	0.00416667	0.00438596	0.00877193	0	0.0200513	27.8605	10.3259	92.5027	111.279	88.5442	0	57.5608	31.1079	1.17588	2339.41	29.294	521.337	0.131158	2864.61	13.079	64.6637	0.162271	0.0189593	0.00387597	0.162537	0.0323849	2631.79	0	3.35933	0.00512821	0	0.00350877	0	0	1.68449	0	4.24427	0	0.361522	0	0.0867384	0	0.168208	0	0	0	4.43923	0	1.8228	0	0.0042735	0	7.67105	0	0.0047619	0.00311526	0.653805	0.0394967	0.062606	0.00326797	0.00340136	0.0042735	26.0164	0.0200603	39.5203	0	0.308578	0.0765384	48.6722	0.00483092	0.44812	0	0.0752294	0	9.57475	0	6.06872	4.25356	464.621	133.827	1295.82	0.61893	0	16.9334	9.26039	4.68561	0.135774	0.237064	0	0.0159686	0.0233313	0	0	0	2.8405	0.389173	0.154279	0	1.99471	19.4874	45885.3	7.51198	57267	2.17568	554.499	2.83115	64518.4	0.00724638	0	0	0.0375661	0	0	5.98284	62.9439	0.0159686	2.50768	0.234812	0	0.0580694	11.8575	8.40107	1117.01	0.00680272	1.02342	123.511	7953.87	0.065051	1.06028	1114	12.5224	0	16770	10.5844	3050.5	2.64757	333704	0.195825	925.134	0	0.0133333	25.7169	126.703	0	0.220927	0.0283856	2.06342	0.647888	0.113521	0.0616325	1.50795	0.0588749	2.73532	0	0	0.0836485	1.21372	20.6158	19.7597	1.4336	182.717	0.941154	342.877	0.0174658	143794	0.0686206	5.67148	1321.38	455014	0.126537	103.738	0	68.01	10149.8	4.56629e+06	0.197961	22.4332	16.107	19.1776	364.467	48641	179.245	38544.3	0	210.79	18318.6	1.5699e+06	81.5912	25928.7	0.0552282	6.60048	18.7298	130839	0.133003	5931.11	0.0232536	411.018	458.382	553581	
7.7855e+08	SFG_L_7_2	1.77609e+07	2.21065e+06	0	571261	2.66412e+08	7.9927e+06	1.70175e+06	1147.96	0.0538915	109.136	82845.4	2.25166e+06	17.129	230.522	6.33117e+06	9375.73	2.77768e+06	0.00775194	2206.27	4820.71	274881	7.14663	1.65577e+07	68.3246	4715.63	13.0044	9.05057	2.2654	3.70972e+06	0.33727	2.34276e+06	5.08441	2.67669e+06	4888.27	14312.7	0.139479	187372	3328.44	1.29416e+07	3940.26	0.0168803	0	0.0680088	0	1.94157	0	6.26671	0	10.1315	0	4.04098	0.00282486	3126.58	0	2185.95	25.7751	841.24	0.558552	63.1529	248.324	30662.1	13.913	374891	0.00653595	0.601677	306.301	0.00757576	0.0740534	735.202	0.00268817	49620.9	9.38866	1176.71	59.3728	357.903	43.5982	835.666	0.258708	101.783	0.0518121	31753.7	6.56179	11301.7	1.40156	3203.86	0.152782	1944.47	5.98975	102.817	1.18804	85.1123	0	1068.84	0.0879138	1907.88	9.84495	6417.92	0.00362319	6925.53	54.4704	10.0504	0.00406504	5227.82	0.0476124	6.27746	0.905102	73.1255	0	0.166492	0.0107097	0.571003	0.00268817	0	0.00999102	3.60368	0.359279	0.0434605	0.0138152	0.165587	0.00254453	199.131	73.2099	1.30939	28.2826	8048.75	60.9269	4412	83.4802	1614.08	0.0037037	1634.49	66.4483	14319.1	0.744291	4250.01	0	14624.8	0.620491	0.565106	0.00401606	1649.17	54.5421	11329.1	0.0421237	2943.55	20.7414	152.487	305.67	0.402356	222.262	3590.7	216.376	31.4961	2.18024	3557.08	0	36.9956	0.976898	1346.05	0	80944.2	445.287	319868	3.31489	627.636	0.00282486	570962	0.669158	3.9834e+06	185.806	7487	0.0293076	5.28684e+06	311.477	0	0	128.613	10147.4	234.602	3408	10.8757	0.514601	23.1476	1.86407	0.461226	0.00628931	0.0119048	0	225.793	54321.5	1.85722	0.0113477	1308.04	0.923018	2.9629	1.43236	6891.56	0.417682	12037.2	0.855288	396.515	0	22301	0.249125	1255.75	20599.9	30115.5	207.69	4244.86	243.732	4.15946	655.565	24.5102	0.209379	570558	4340.52	2011.73	1.01184	19.9887	15.8019	5.27291e+06	15565.1	1729.78	43.9005	231572	8.50272	457692	394424	603555	1727.54	14873.1	1619.75	1.83528e+07	1575.65	34216.3	17.481	685.766	0.405505	473117	9966.67	462247	2663.45	217077	365.038	4.27843e+06	6560.17	
1.95741e+08	SFG_R_7_2	329356	1.10603e+06	571261	0	902303	6.36056e+07	818.584	79552.5	4.03744	15.2912	98889	102.635	68.4958	0	67.6288	1.08234e+07	0	76350	4.64034	16264.5	0	5.2482e+06	0	2.09825e+06	0	5958.18	0.0412793	0.898069	0.0238372	869083	0.0202349	726939	0.318896	2.46795e+06	0.00343643	151.773	0.0166693	273408	0	1.26359e+06	0	0	0	0	0	0	0	0	0.0113002	0	0	0.0416188	0.00287356	0.423954	417.964	1163.32	939.78	2313.42	109.453	330.28	0	1570.73	0	420.122	0	0.65551	0	0	0.00280112	0.00512821	0	1575.52	0	2311.49	0	436.284	0	0.0353546	0	0	0	301.464	0.0026455	20.9993	0.0045045	944.51	0	70.5042	0	7.09535	0	0.0423735	0.0130832	1.37301	0	146.681	0	205.772	0.0045045	786.802	0	0.215347	0.0031746	0.267395	0.216527	0.818962	0.00326797	0.0157155	0	0	0.0035461	0	0	0	0.0134414	0.00462963	0	0	0.0035461	0	0	769.572	0	324.097	7.80191	1360.53	98.7361	3924.08	0.622499	1.32672	19.1156	204.25	5.919	2.55239	0	0.0455732	0	6.31323	0	131.85	0	12827.5	0	415.273	0	18292.5	6.61236	1650.88	0.00421941	12.7958	2.83339	15499.3	6.62794	0.495157	0	14.6604	0	46.1095	0	0.78703	83.1641	5288.42	0.00271003	382.134	0	0	0.0100178	9331.07	0.0226602	126005	0	638.462	0.00271003	64519.6	0	0	0	0	0.00877193	0	0.00416667	0.0389483	0.0398099	0	0	0	0	0	61.367	1961.11	0.0848799	111.503	4.58361	5155.25	4.28349	0.385526	3.63135	2764.04	0.00343643	11812.4	0	0.10628	4.0494	5205.1	44.9608	70.1392	1.27887	30061	0.707098	35010	0.0125198	281085	0.0454941	0.020202	3085.16	433542	0.0035461	1.99622	0.0101995	4.65209	7008.61	4.51673e+06	1.37323	82.8931	24.1522	3517.71	0.049211	164996	86.2513	963942	0	156234	8278.6	163268	98.3922	0.270658	0.149574	395.834	19.95	27148.2	0.0888501	2720.01	0.00282486	397.448	31.0919	205759	
1.2168e+09	SFG_L_7_3	3.6415e+06	989410	2.66412e+08	902303	0	6.92764e+07	703.019	258.109	0.536731	112.979	4.24704e+06	5.6328e+06	4.81897e+07	1.65918e+07	1.19341e+08	29516.2	348318	0	4.04154e+06	2.64503e+06	265743	64.563	18640.7	0.628431	25.5542	0	25331.1	1.99066e+06	485150	0.0708749	881323	28.126	1.23199e+06	5178.48	95821.6	1.91516	73458.4	1257.82	358025	1184.99	0.201037	11.2025	76.4804	1.06858	1.70306	0	43.3947	14025.1	8.19878	1.2477	160806	0.0100647	364.392	0	1218.29	14.0445	1279.62	0.243946	149.586	159.533	796.161	9.17291	5.45897	0	94.4305	388.997	18.6666	0.511617	2896.89	0	20614.1	24.1166	674.309	15.2204	134.449	156.23	2948.14	0.206693	99.5155	0.117982	13913.9	14.0739	7167.37	3.26367	1595.62	0.141136	896.092	8.6584	143.341	0.768515	55.3494	0	4103.64	0.0919194	1139.94	11.1753	2350.24	0	2890.43	46.8917	7.69727	0.0310915	40402.3	0.0511966	2242.07	0.603619	84.6721	0	37.4186	0.19773	164.67	0.109842	0.00444444	0.112698	2386.51	0.689786	57.3031	0.0161017	62.5386	0.0122575	55.8244	209.286	0.256822	95.6103	23928.1	94.9834	7774.92	185.723	1333.6	0.0663418	3771.65	282.557	20892.8	2.28621	3133.65	0	12734.9	1.05989	0.243662	0.00401606	562.965	114.303	7745.27	0.00490196	1225.49	37.4229	49288.1	682.672	10608.5	331.274	54357	481.363	130222	31.1564	1514.38	0	21.1861	1.24271	782.357	0	56172.8	560.921	321267	7.25427	3824.54	0.0100647	500307	3.13789	5.10096e+06	393.65	5490.69	0.105149	1.45043e+06	443.631	0.33346	0	32896.8	878950	16439.1	5459.28	30809.5	109.641	24895.2	17.9827	1605.81	0.00628931	0.143369	5.65139	6731.7	18317.7	10596.2	0.0664029	63403.1	3.08873	82.3829	0.416743	206183	5.04346	19873	4.83063	207.62	0	101474	2.32722	51588.8	10099.4	31192.2	662.18	3992.64	738.547	1.10673	193.363	34.085	0.493237	303485	1444.94	78479.4	5.18276	59672.5	48.8479	1.83093e+06	4575.7	5670.79	123.441	3.64926e+06	17.3798	1.37542e+07	126694	1.77224e+06	3000.56	3.39775e+06	1638.39	1.01434e+07	1735.35	63739.3	57.2172	137791	1.20342	2.2517e+06	9213.67	3.17539e+06	3096.37	1.8919e+06	520.875	8.42927e+06	5364.76	
4.86125e+08	SFG_R_7_3	102905	4.38127e+06	7.9927e+06	6.36056e+07	6.92764e+07	0	616.253	985.972	65.3685	961.109	1.49565e+06	2.46043e+07	898444	7.07901e+06	9.54533e+06	5.52973e+06	0	355.385	9925.11	9.56758e+06	0	5.81391e+06	0	970430	0	63.0398	3.92392	475866	0.0306554	51488.8	0.0202349	570161	0.0303187	2.12482e+06	0	171298	0	553976	0	202084	0.066932	0.0107527	0	1.55614	0	0.00520833	0.947033	2.07882	0.396547	0.00980392	0	5923.3	0.00287356	0.227352	549.63	2431.97	1865.57	3462.93	187.741	501.121	0	461.785	0	2.05444	4.67076	23.5366	12.9846	1.96455	0.105564	15.6647	0	1749.28	0	983.685	0	620.677	0	0.364443	0	0.00641026	0	444.96	0.0026455	177.509	0.0045045	1476.2	0	114.679	0	7.05393	0	0.0423735	0.216168	74.0006	0.0026455	164.109	0	309.469	0.0045045	904.787	0	0.283268	0.0819733	416.238	0.216749	0.81697	0	0.0157155	0.0972132	16965.4	0.0966287	24634.6	0	6.49947	0.309226	29668.7	0.0310182	448.43	0.0035461	31.8576	0	1163.75	0	464.483	9.61771	467.138	166.447	1632.92	1.35945	2.58758	39.2579	282.107	4.06823	3.55236	0.0149092	0.0204319	0.015882	10.5808	0	162.349	0	13101	0.0346699	746.831	0	21324.4	159.92	54064.4	105.926	32479.8	61.8058	77353.1	226.413	741207	0	76.2103	0	31.614	0	0.767384	157.07	7314.96	0.00271003	707.63	0	0.0238171	0.0100178	13389.1	0.254155	91079.7	0	779.802	0.00271003	43564.1	1.02228	439.625	55094.7	251460	520.47	40089.3	49.4893	434259	15.7221	16680.2	0.598948	7289.23	0.572195	0.0166667	113.782	6600.96	8.42342	860.668	95.8443	24948.2	5.96395	1.19231	96.9639	16842.3	0.0272071	15441.3	0	0.10628	96.4789	3249.15	69.7068	95.3143	8.6119	32551	4.69477	37993.8	0.791291	104006	0.40949	839.54	3126.69	494147	0.876377	67683.2	0.545642	906601	5739.17	4.41881e+06	11.109	1200.38	22.0542	155696	0.103489	5.01472e+06	136.336	1.13712e+06	0.0699767	6.61934e+06	5788.34	1.90984e+06	201.398	19.3985	0.362324	233275	76.1658	340582	1.18996	240225	0.012514	153111	4.18713	4.08207e+06	
1.07145e+08	SFG_L_7_4	703956	861068	1.70175e+06	818.584	703.019	616.253	0	599889	5.74122e+06	1.54941e+06	0.0732413	20.2637	0.144177	0.0933717	6.26921	8.3026	17308.4	0.193927	0.182114	8.13312	0	9.36934	681.288	4.239	788719	10852.2	0.0966438	0	339.591	3.30757	1.93691	1.63666	6.08658	1.70296	0.214973	0.590552	13.8074	23.1987	24620.7	162.548	0	0	0	0	0	0	0.00462963	0	0.321994	0.00641026	0	0.00387597	497818	6.56902	4.95014e+06	2543.6	35798.1	4.4055	330515	154.485	30832.3	28.0399	3.27593e+06	203.16	0.00653595	5.40362	114.587	1.3028	27.8413	0	0.136312	0	4.55824	0.186096	0	0	11.8313	0	0.0296883	0	0.771315	0	0.115435	0	0.145309	0	0	0	0.0538313	0	0	0.0176608	0.554106	0	0.0907851	0	0.855701	0.0176608	0.41641	0	0.00574713	0	0.902192	0	0.927981	0.123642	0.0393759	0.00350877	0	0.00520833	0	0.00520833	0	0	0	3.92151	0.00275482	0	0	0	0	0	0.00628931	0	0.26521	5.69856	1.5735	2.84501	0.0929834	0	3531.31	1.56695	0.112597	0.0164634	7.99898	0	13.5055	0	0	0	0.0703212	0.00323625	33.9251	0.00574713	0.00833333	0	0	1.35591	0.960249	4.40709	0.234979	0.739376	0	0.00628931	5.27188	0	0	0	0.16372	0	519.105	16.688	85.0424	0.133512	331.71	0	448.121	0.280234	5062.05	15.1588	2065.5	0.060016	401746	30.1939	0	0.00980392	0.0472089	0.211207	0	0.010101	0	0.182771	3.95747	13.4282	0	0.322902	0	0	127.494	4268.7	0	0	2.74902	0	4.46654	0.0704527	5.83575	0	7.4697	0	0.0515272	0	23.0161	0	23.7956	479.067	43.1344	1.68311	6.06152	2.43741	0.329186	578.99	6.08976	0	5.74722e+06	4218.37	0.00444444	0.00520833	0.0183917	0.0118519	1.0609e+07	11131.3	37.697	0	77.3457	31.8451	1051.98	90.0323	192372	182.895	0	0.00222222	1.52110e+07	0.00222222	3980.98	0.010887	0.105763	0.00222222	5510.29	0.00314465	589.053	0	26.0205	0	240118	0.0107338	
7.45649e+07	SFG_R_7_4	61636.4	295090	1147.96	79552.5	258.109	985.972	599889	0	528371	7.73695e+06	0	0	0.0103775	0.0047619	37.9408	3.80544	0	54.6259	2.58218	0.380967	0.0035461	425.281	0	39.6871	0.215981	731061	0.00358423	0.616428	0.00411523	12844	0	188.858	0.621331	1889.89	0	12.0763	0.102171	78167.3	0.102288	1.47807e+06	0	0	0	0	0	0	0	0	0.00444444	0	0	0.0818318	61.6246	25760.7	2778.72	2.13482e+06	1122.71	0.0684211	1797.06	2274.89	0.173376	1.33686e+06	9.44357	996392	0	202.641	17515.3	250.026	0.115935	0	0.0030303	0.00666667	0	2873.07	0	0.0231373	0.0454751	0.00490196	0.0030303	0.00490196	0	0.00469484	0.0030303	0.18746	0	0.0555597	0	0.0158645	0	0	0	0.00666667	0	0.0754495	0	0.0180477	0	0.514965	0	0.17501	0	0	0	0.0144551	0.00438596	0.0161486	0	0	0	0	0	0.004329	0	0	0	0.0042735	0	0	0	0	0	0.00666667	0	0	20.5121	2039.02	268.984	5076.31	0.28393	0	14.1778	15.3341	23.7663	0.00546448	0.0596299	0.00694444	0	0.952014	0	0.00793651	0	47.9518	0	25.0714	0	0	0	2633.74	0.00641026	327.151	0	1270.66	0	0.0246998	0.0671937	0.010101	0	0	0	0	14.4638	21.0922	0	93.0248	0.025679	0.00268817	0.0289855	478.608	1.76092	84078.6	0.0217299	97.6854	33.8363	271780	0	0	0	0	0	0	0	0	0.538628	0	0	0	0	0	6.57009	47.1709	0	0.0177809	0.016902	1.04367	0.0412594	0.0215054	0.00406504	0.0708835	0.00406504	2.87717	0	0.150513	0.00406504	1.16455	5.32111	12.577	0.027943	2825.8	0.014652	5468.6	0	559197	0.0160573	0.0478915	922.397	6.05652e+06	0	0	0	2.31691	5782.32	1.33739e+07	0.216806	1.32176	10.0676	1.63588	33.3662	3699.72	70.9544	592802	0.0025641	2.52358	10879.6	109736	32.4902	8262.91	0	0.0102504	10.5106	9147.23	2.23821	539.66	0.447307	196.375	66.6533	44479.5	
1.85739e+07	SFG_L_7_5	28498.6	84598.8	0.0538915	4.03744	0.536731	65.3685	5.74122e+06	528371	0	2.29363e+06	1.42476	357.586	0.0345095	1.52114	0.00497512	0.110111	0	0.0296296	0	0.00383142	0	0.697081	0	0.0189542	0.0123457	11412.5	0.0137471	0	0.00813008	0.11922	0	0.240049	0.00813008	0.0706724	0	0	0	0.754714	0.00833333	2.41279	0	0.069137	0	0	0	0	0	0	0.019591	0.0670911	0	0	457.093	37.9874	61346.9	83044.1	1790.87	0.00343643	100656	265.043	0	3.5394	79.3925	847.341	320.498	299.963	60788.8	1673.77	0.182361	0	0	0	0	0	0	0	0	0	0	0	0	0	0	0	0	0	0	0	0	0	0	0.00444444	0.0208333	0	0	0	0	0.00444444	0	0	0	0	0.0408654	0.00326797	0.0405603	0.00289855	0	0	0	0.0489159	0	0.0489159	0	0	0	0.59999	0	0	0	0	0	0	0	0	3.64595	0.096628	0.00546448	0.0602775	0	0	302.401	0.00653595	0	0	0	0	0	0	0	0	0	0	0	0.00574713	0	0	279.594	13.1059	3683.32	241.559	0.00497512	0.284567	19.017	7.09534	0.10468	0	0	0	0	0	0.167793	1.53791	0	0.00374532	0	0	0	0.0205008	0	1.79986	0	0	0	3.31694	0.0070922	0.0546265	0.212239	0.800252	0	47.097	0.00628931	21.8218	15724.2	2831.97	223.526	27.5724	0	0.00694444	2.38708	2.29441	0	0	0	0	0.0196248	0	0	0.00326797	0	0	0	0	0.00362319	0	0.424883	0	0.0594404	0.242857	0	0.312019	0.00653595	0.552988	0.258506	0.00326797	40682.4	7.87806	0.0229953	0.0782931	0	0	20396.2	35.1186	1.00943	0	0.502656	0	55.7163	4.21396	0.0320901	3.33682	0	0	199131	0	60.0721	0	0.0127595	0	76.6771	0	10.6565	0	0.167144	0	3266.68	0	
9.34847e+07	SFG_R_7_5	1784.35	756908	109.136	15.2912	112.979	961.109	1.54941e+06	7.73695e+06	2.29363e+06	0	0.182671	749.05	0.0236905	0.0111111	8.65696	0.0248134	0.0255102	2.5761	0.355383	0.789726	0	7.522	0	0.324988	0.0272109	793.919	0	1.10842	0.0529449	10.0975	0.0233918	1.23348	0.0719859	2.81268	0	0.136294	0.0160666	12.1191	0.0244669	96.7175	0	0	0	0	0	0	0	0	0	0	0.00456621	0	2051.48	10118.9	568242	1.39286e+07	48682.3	0.00294985	452178	69918.6	0	16543.1	9.35178	136340	137.554	52346	223694	818933	0	0	0	0	0	0.298762	0	0	0	0	0	0	0	0.00546448	0	0.172788	0	0.00628931	0	0	0	0.00537634	0	0	0.0189593	0.0815864	0	0.0409924	0	0	0	0.0876861	0	0	0.0189593	0.129432	0.004329	0.0134414	0	0.0035461	0	0	0	0.00520833	0	0	0.0847095	0.0193056	0.00537634	0.129432	0.00512821	0	0	0	0	0	53.4995	65.0224	285.76	59.8485	0.7814	0	99.1044	22.9447	13.3042	0	0	0	0	0.00757576	0	0	0	0.184857	0	0.0652997	0	0	2.02358	1023.73	1589.18	16346.3	0.113501	9.87378	1.05963	74.2518	11.0085	0	0	0	0	0	47.2138	67.7646	0	0.113908	0	0.00268817	0	7.15382	0.118367	212.451	1.19945	0.173477	0.525274	218.036	0	0	0.0529228	0.0531609	0	0.0111111	3.75297	47.3694	137.311	10606.7	0.33609	19.3398	0	0	8.32103	7.15451	0	0.0177809	0.0654665	1.02609	0.162245	0.00497512	0.0997543	0.069555	0.00406504	1.16665	0	0	0.0997543	0.226059	6.82519	2.9607	0.0493139	7.13762	0.00340136	12.435	0.0031746	97615.7	0	0.255353	1000.19	5.53868e+06	0.235202	0.00520833	0.00258398	1.03651	2899.72	1.21367e+07	0.459258	1.57938	3.58024	3.33589	55.3314	3505.07	64.662	74399.8	0.00258398	0.119779	6021.42	129555	91.6298	14182	0	0	64.5587	5610.93	20.5769	41.2505	4.27685	5.10881	120.999	31324	
2.8691e+07	SFG_L_7_6	100962	652.389	82845.4	98889	4.24704e+06	1.49565e+06	0.0732413	0	1.42476	0.182671	0	215436	913606	5181.56	171720	20305	0	0	0.138933	94235.2	0	2.81361	0	0.196612	0	0	0.0529915	372.881	0	0.0313769	0	2.49668	0	222.801	0	0	0	45.0029	0	35.6505	60.57	0.0111111	0	1.15776	0	0.602251	0	6.92612	278.431	0.157052	0	0	0	0	0	0	0.505055	0	0.275996	0	0	0.107478	0	0	85.7837	0.002849	75.8848	0.0646078	0.107226	0.0750155	0	0.0168885	0	0.224318	0	0.223355	0	0.003663	0	0	0	0.0131426	0	0.0131426	0	0	0	0	0	0	0	0	0.00444444	0.00383142	0	0	0	0	0	0	0	0	0.0338547	0.00358423	0	0.00387597	0	0	162.101	0.43831	1122.99	0.540622	0	0.0148313	16073	0.540622	110.502	0.0155993	601.531	0.0180974	0	0.0756037	0	0.0756037	220.886	0.00483092	0.594615	9.91949	0	0.00483092	0.334524	0	0	0.0193237	0	0	0	0.00456621	0	0	0	1.75044	0	0	0	0.0830536	674336	34.5181	17580.8	1.05558	56964.8	4.73231	1.51845e+06	497.313	0	0	0	0.025641	0	0	0.192118	0.002849	0	0.0633364	0	0	0	0.0634637	0	3.67142	0	0	0	1.90213	5.90184	0.173761	13241.1	3182.9	755226	49339.9	80883.2	172.211	3.09803e+06	12.5255	545828	25.6972	24099.8	1.48984	0	0.0556568	0.0045045	0.0125027	0.0597257	1.41477	0	0.00396825	2.21121	5.29644	0.00323625	0.0609583	0	0	0.126742	0.100203	0.0045045	0	0.0129462	14.1328	0.0827057	9.03364	0.0180213	0.100676	0.699983	0.0337412	20819	0.763439	19402.9	1.86786	0	0.003663	0	8.84782	0.376341	0.62511	0	0.0116271	0.605941	658.304	0.012542	17.6051	0	0	0.00343643	0.00641026	1.74381	0.0130462	0.032268	0.002849	14.7193	0.0637389	581.285	0.0113477	0.1846	0.0113477	0.00323625	0.00641026	
1.10291e+08	SFG_R_7_6	51992.7	1.51222e+06	2.25166e+06	102.635	5.6328e+06	2.46043e+07	20.2637	0	357.586	749.05	215436	0	19228.1	7.55391e+06	127740	14.196	0	0	1.13802	0	0	0	0	0	0	0	0.00469484	0.147104	0	0	0	0	0	96.4692	0	0	0	309.832	0	2.26781	0	100.429	0	0	0	0	0	0.392124	0.0540936	57.5969	0	0	0	0	0.180095	0.0189135	1.10275	0	0.0576628	0.079193	0	0	0	0	1.32877	15.6821	4.34262	3.74638	0	15.0511	0	0.10027	0	0.262097	0	0.748724	0	0	0	0	0	0	0	0.0335413	0	0	0	0	0	0.00421941	0	0	0.00411523	0.142781	0	0	0	0	0	0	0	0	0.00411523	447.823	0	0.00411523	0	0.00289855	0.00392157	27793.6	0.00392157	39641.5	0	8.8731	0.00392157	46597.1	0	875.956	0	46.1846	0	0.219529	0	0.219529	0.0173611	0.0206731	4.28457	1.61787	0	0	0.00387597	0	0	0	0	0	0	0	0	0	0	0.0284848	0	0	0	0.237805	42.4484	82920.5	30.3964	69343.6	28.4533	5195.88	112.535	2.87802e+06	0	0	0	0.00952381	0	0	0.55203	0	0	1.02009	0	0	0	0.178252	0	19.2487	0	0	0	49.3272	11.5627	11454.3	27679.5	296066	35871.8	8.02633e+06	82.6217	1.23587e+06	83.3902	93429.5	14.7362	113104	2.84239	39879.4	0.0382993	0.0173629	0.0455998	0.0503106	0.221574	0.00483092	0	0.0182683	0.221574	2.95846	0.00282486	0.0199717	0	0	0.0941013	0.00469484	0.00932446	0.0173629	1.46751	27.1073	0.896483	24.0532	0	28.6365	0	1096.48	1.20231	58069.6	0.0701762	56872.8	0.0586103	18.2876	1.03912	933.52	0.127648	27.4957	0.0847209	0.0142463	0.00246914	1007.06	0.22864	134.222	0	306.343	0.612751	7116.4	0.014881	1.5854	0	48.0375	0.0131687	11968.9	0.0157507	28.2914	0.00246914	5.10033	0	5531.03	
2.60531e+08	SFG_L_7_7	24.099	0.263586	17.129	68.4958	4.81897e+07	898444	0.144177	0.0103775	0.0345095	0.0236905	913606	19228.1	0	7.05182e+06	16958.1	0.200553	0	0	45893.4	11759.1	7423.17	55.9269	0	0	0	0	3.32062e+07	1.64652e+07	0	0	0	0.0662013	0	0	9959.98	1.61464	1555.88	0.440491	0.0330688	0	146607	89315.5	18131.9	6687.06	1.07428	3555.61	701.92	4.41919e+06	4307.6	452.303	275312	1.12602	0.0192462	0	0.0153629	0.0236905	19.6899	0	2.4549	0.0138803	0	0	0	0	0.00529101	0.031155	0.921169	0	4570.16	9.83941	1.20373	1.21344	1.82663	0.030018	2.05816	1.20953	3860.74	0.218905	22.7138	0.0522901	7.86867	0.0272113	1060.01	0.218473	12.0217	0	38.9359	0.212319	10.4805	0.0126727	0.401158	0	130.756	0.130241	22.7412	0.111313	3.56604	0	0.695383	0.0121829	0.13073	0.0271239	415.415	0	4619.3	0.0021097	8.84786	0	0.0396491	0.0694977	0.291638	0.10824	0	0.0042735	445.09	0.250802	18.5274	0.0112045	4.23581	0.114534	0	0.331573	0.00456621	0.0141097	300.056	0.232619	794.552	332.79	21.4637	0	23.6934	0.3546	589.613	0.289882	168.091	0	612.464	0.359189	0	0.0035461	2.68326	0.0037037	100.559	0	0.0595419	0.0139025	24137.7	79.3998	2.02303	0.349728	63950.4	21.093	189996	7.54307	0.757519	0	0	0.003367	0.260121	0	36.9454	0.0286888	3044.66	0.0999079	13148.2	17.6621	0.132291	0.0030581	581185	0.524002	1.34089	0	0.0123005	0	0.273481	3.37214	14626.4	1.04558e+06	478161	278.374	11219.8	7.13691	79856.6	0.015873	17138.7	0.533887	4137.1	716.804	21742.3	3.16872	111530	0.00260417	271240	0.112944	274.003	0.0021097	650032	0.427817	3591.62	0.0469455	2.64436	0	64131	0.114691	79556	0.022177	6243.05	13.3659	1148.65	22.5721	0.112431	3.65825	7.15441	0.611234	2165.43	0.357031	7773.42	10.2298	1.08609e+06	451.76	8361.58	25.1565	36660.6	2027.17	1.01201e+07	951.108	796640	0.0671596	692672	1630.93	1.03065e+06	0	1156.34	0	2224.73	134.844	160135	0	24601	76.91	32544.9	0.110095	118164	0	582770	20.5183	
1.00428e+08	SFG_R_7_7	7.74842	5.90818	230.522	0	1.65918e+07	7.07901e+06	0.0933717	0.0047619	1.52114	0.0111111	5181.56	7.55391e+06	7.05182e+06	0	2.25785e+06	0	0	0	7854.57	1322.29	0.271091	8234.78	0	0	0	0	889.507	3.05666e+06	0	0	0	0	0	0	0.0629433	200.206	0	0.508404	0	0	5.55979	12294.4	0	168.501	0	0.826721	20.0391	40272.5	1.40598	4984.55	0.0277778	956.563	0	0	0.00383142	0	1.27517	0	0	0	0	0	0	0	0.00546448	0	0.424147	0	0	0.0378418	0	0	0	0	0	0	0	0.00469484	0	0	0	0	0	0.0736211	0	0	0	0	0	0	0	0	0.00294985	0.0738893	0	0	0	0	0	0	0	0	0.00294985	0.0658884	0	0.00411523	0	0	0.003663	139.753	0	235.886	0	0	0.0155565	294.025	0.0155565	11.3459	0	0	0	0	0	0	0.00378788	0.00236407	0.00456621	0	0	0	0	0.00236407	0	0	0	0	0	0	0	0	0	0	0	0	0	0	2.91454	44.0964	0.0930567	76.9507	5.15779	205.758	51.9618	190992	0	0	0	0	0	0	0.00546448	0	0	0	0	0.0343434	0	0	0.0025641	0.474986	0	0	0	0	9.11773	16888.5	27165.9	2.31418e+06	6472.66	1.99565e+06	29.7707	352743	17.5813	68.8887	19.6084	11342.4	51.4412	399736	0.0174299	1.51009	0.541457	1.39852	0.22021	3.47212	0	0.302704	0.208416	8.95269	0	0.00512821	0	0	0.208416	0	0	0	0	0	0	0	0	0	0	9.55303	0.0666406	316.905	0.0728203	413.072	0.00258398	362343	0.00383142	29.5687	0.0565559	50.821	0.0411064	2370.11	0	345562	0	10.7272	0	350245	0.210327	2846.36	1.11273	0.0202067	0	115016	1.11273	277.665	0.0183315	113.477	0	589.945	0.0168776	43508.1	
3.98222e+08	MFG_L_7_1	3.63122	53.9137	6.33117e+06	67.6288	1.19341e+08	9.54533e+06	6.26921	37.9408	0.00497512	8.65696	171720	127740	16958.1	2.25785e+06	0	0.198059	5426.01	0	1.25704e+07	2.00349e+06	4.67856e+06	0.668821	767192	0	1.03212	0	4369.18	2098.1	4037.9	0	1.72382e+06	0.0310245	888505	0	2.36872e+06	0.969271	190508	0.00740741	1401.79	0	0.0355742	0.03367	34.7697	0	0.106348	0	2.71436	0.0860481	1.44674	0.0234848	145364	0	27.2496	0	49.332	1.44493	403.005	0.0360327	16.4718	8.07587	34.5208	0	0.46701	0	0.500008	39.4627	1.61603	0.119153	3745.92	0.00311526	558.811	2.47934	108.145	0.278195	2.14873	2.09149	5198.83	0.00314465	60.946	0.003003	508.809	0.541242	393.727	0.102876	648.444	0.0143386	20.9878	0.329589	60.5596	0.00326797	53.9947	0	1403.47	0.0136688	22.3444	0.644491	573.807	0	25.5493	1.38004	0.908608	0.0131519	19906.4	0	2693.15	0.275385	181.702	0.0128253	0.470998	0.0166718	1.73919	0.0045045	0	0.00383142	292.309	0.452855	3.86474	0.00311526	3.69295	0	0.216277	0.287312	0	0.0332688	2126.13	20.4825	1213.87	7.74712	35.9148	0.00421941	1003.58	116.448	1482.47	0.789366	1151.96	0	974.401	0.131731	0.0320366	0	7.39487	0.325476	7629.45	0.00392157	31.6542	0.447572	1028.15	39.3944	20.5739	42.1489	4491.74	6.59674	8920.48	0.162319	107.426	0	1.16924	0.0140351	3.09245	0	4561.19	58.2405	6942.46	0.221991	487.576	0	75305.1	0.00308642	4.49059e+06	0.256176	1051.31	0	156763	0.00308642	0.18771	0	1243.73	58704.6	236.176	3.40908	4444.28	1.0252	3625.67	0	355.111	0	0	0.321817	266.25	1822.42	31.4028	0.0106472	56012.6	0.0926602	1.16145	0.30313	124247	0.298926	57641.1	0.0121768	416.306	0	312821	0.0291348	138958	1090.7	3910.3	4.74155	295.463	4.30743	0.173551	110.131	13.9129	0.0298491	27122.3	266.168	30377.5	0.0166718	10.9081	6.00663	601656	558.475	3546.52	13.0521	3.84629e+06	1.24687	7.256e+06	2.374	2.74227e+06	36.5817	3.32603e+06	0.00456621	5.25649e+06	0.00289855	21413.1	16.9237	33472.9	0	1.17654e+06	2.99004	1.49501e+06	0.731749	557560	0.00469484	4.02076e+06	0.837983	
4.7261e+07	MFG_R_7_1	146.698	52.962	9375.73	1.08234e+07	29516.2	5.52973e+06	8.3026	3.80544	0.110111	0.0248134	20305	14.196	0.200553	0	0.198059	0	0	43744.5	0	779643	0	2.81199e+06	0	1.68052e+06	0	69045.6	0.0240218	0.0362986	0	302031	0	580134	0	527631	0	9636.76	0	49632.4	0	251212	0	0	0	0	0	0	0.010459	0	0.002849	0	0	0.0486295	0	0	3.74678	7.76185	2.49537	1.76674	0.248945	1.87025	0	16.013	0	0.00641026	0	0	0	0	0	0	0	22.5742	0	122.376	0	6.69678	0	0.0173392	0	0	0	4.107	0	0.315111	0	8.007	0	0.564119	0	0.127428	0	0	0.0130832	0.0452284	0	2.76815	0	1.13662	0	13.354	0	0.00497512	0.0031746	0.0190747	0.00438596	0.004329	0	0	0	0	0.0035461	0	0	0.004329	0.0134414	0	0	0	0.0035461	0	0	5.6919	0	3.15043	0.0151691	14.3971	2.76941	70.6483	0.00383142	0.264796	0.0668527	7.14986	0.034248	0.342789	0.00362319	0	0	0.188659	0	3.03303	0	224.873	0	3.28073	0	262.552	1.60704	20.269	0	0.0824594	0.483443	2567.09	4.05521	0.00546448	0	0.0689614	0	0.684068	0	0.0342105	0.143192	29.4399	0	13.4448	0	0	0	184.73	0.00254453	2622.76	0	10.9751	0	830.741	0	0	0	0	0	0	0.00416667	0.00555556	0	0	0	0	0	0	0.67107	404.828	0.198914	165.631	6.69572	2003.38	0.127343	0	3.01848	1575.67	0	395.564	0	0.00444444	3.01848	20.9421	0.152288	0.0391495	0.0890833	295.098	0.0900372	341.35	0.0457768	921.025	0.002849	0.00520833	10.835	385.346	0.0119231	0.59883	0.0108466	2.29886	19.6525	50453.7	0.447776	14.0987	0.190355	2816.94	0	6387.18	0.492596	15142.9	0	5650.43	20.0972	12819.4	0.681978	0.00680272	0.0269015	73.7557	0.554917	240.66	0.054972	299.48	0	179.552	0.00343643	4978.55	
3.22646e+07	MFG_L_7_2	0.721298	0.00900901	2.77768e+06	0	348318	0	17308.4	0	0	0.0255102	0	0	0	0	5426.01	0	0	0	14.316	0	69239.5	0	3.96042e+06	0	290607	0	0	0	5.44124e+06	0	789535	0	2470.11	0	3523.44	0	0.573104	0	18357.3	0	0	0	0	0	0	0	0	0	0	0	8.2456	0	765.556	0	283.323	0.0253013	193.728	0	3.27485	0.00584795	1.91847	0	2.0608e+06	0	0	0	0	0.096257	0.0697926	0	4607.15	0	0.0111111	0	948.516	0	0.195866	0	1.16055	0	8236.24	0	97.055	0	54378.8	0	44.7467	0	0.208913	0	15.6476	0	0	0	11.9182	0	174787	0	22260.8	0	0.211066	0	0	0	0	0	0	0	0	0	0	0	0	0	0	0	0	0	0	0	279.22	0	103.95	0	0	0	0	0	83.8257	0	3.80693	0	0	0	0.00497512	0	78.4207	0	80.4015	0	68674.3	0	3136.17	0	3082.03	0	0	0	0	0	0	0	0	0	3517.85	0	4.47289	0	446.702	0	1133.82	0	0	0	0.108466	0	1.01813	0	7.13192	0	0.656026	0	76.5522	0	0	0	0	0	0	0	0	0	0	0	0	0	0	0	0	0.00396825	0	0	0	0	0	0	0	0	0.0833302	0	1.1586	0	0.0444154	0	0.00490196	0	0.0436914	0	0.00483092	0	0	0	0	0	0	0	0	0	0	0	0.00396825	0	0	0	0.242562	0	0	0	0.593805	0	0	0	0.00396825	0	0.0111111	0	0	0	0.0111111	0	0	0	0	0	0	0	
1.55957e+07	MFG_R_7_2	0.493762	0.0486295	0.00775194	76350	0	355.385	0.193927	54.6259	0.0296296	2.5761	0	0	0	0	0	43744.5	0	0	0	0	0	14092.3	0	3.86498e+06	0	391681	0	0	0	1.9191e+06	0	8.81462	0	852.528	0	0	0	48.134	0	152300	0	0	0	0	0	0	0	0	0	0	0	0.00378788	0.00694444	7909.17	0.0657828	822.307	0	1709.18	0.00694444	7.28304	0	808.039	0	1.01685e+06	0	0.00653595	0	0	0	0	0	0.0318519	0	7.07985	0	0.00666667	0	0	0	0	0	48.465	0	0.0199182	0	73898.1	0	0.00483092	0	178.563	0	657.634	0	0	0	1065.08	0	122042	0	52996.8	0	1976.24	0	0.044591	0	0.0193565	0	0.453063	0	0	0	0	0	0	0	0	0	0	0	0	0	0	0	0.251172	0.00268817	0.43505	0	5.16109	0	72.1023	0	23.5939	0	4.41738	0	86.9937	0	1174.2	0	2.17195	0	20063.2	0	28566.8	0	0.00925926	0.00268817	0.523685	0	0	0	0.726513	0	0	0	2362.26	0	0	0	7.52947	0	399.949	0	0.0896825	0	0.00401606	0	0.109867	0	1.30655	0	0.0214004	0	1.33693	0	0	0	0	0	0	0	0	0	0	0	0	0	0	0.00411523	0.0642294	0	0	0	0.0128217	0.00411523	0.128675	0	0.0289413	0	0.00326797	0	423.064	0	0.00326797	0	0.0929491	0	4.08141	0	86.9936	0	0.163994	0	0	0	0.266321	0	0	0	0	0.00628931	14.26	0	0	0	0	0	7.45942	0	9.38805	0	0	0.0213505	0.00606061	0	0.00606061	0	0	0.0026455	0.00925926	0.0026455	0	0.0026455	0	0.00438596	0.00606061	
5.78818e+07	MFG_L_7_3	0.0223164	4.21398	2206.27	4.64034	4.04154e+06	9925.11	0.182114	2.58218	0	0.355383	0.138933	1.13802	45893.4	7854.57	1.25704e+07	0	14.316	0	0	152.471	1.50885e+06	0.0216201	3.36528	0	0	0	2.03475e+06	5732.12	0	0	7012.22	0	269.101	0	1.68742e+06	0	81488.2	0	0.117037	0	0	0	18505.2	0.00813008	0.00273224	0	2.62776	0.00262467	0.00292398	0	1.23365e+06	0	0.0871733	0	0.934931	0.0354472	8.49514	0	1.65995	0.0667825	0	0	0	0	0	0.0317581	0	0.00416667	1494.06	0	1.56756	0.0144656	1.62334	0.0299473	0.020915	0.0145357	1026.23	0.00314465	2.12073	0	0.918736	0.0134007	288.291	0.00248756	14.8556	0	0.345527	0.030002	1.03127	0	1.99848	0	48.6718	0.00248756	3.24424	0	16.0751	0	0.387161	0.0035461	0.181047	0	187.787	0	1231.03	0.0319314	6.65822	0	0	0	0	0	0.00444444	0	0	0.128127	0	0	0.00444444	0	0	0.00333333	0	0	67.5253	0.52897	82.7894	0.923927	1.85791	0	6.20728	0.536155	134.62	0.00378788	20.3839	0	61.8687	0.0145933	0	0	0.256749	0	77.3013	0	1.12835	0	0.165145	1.46987	0	0.438003	10.5408	0.365287	0	0	0.500905	0	0.00497512	0	0.135349	0	41.0703	0	589.277	0	6671.92	0	11.3207	0	279264	0.0116657	0.935855	0	5.56092	0	0	0	0	0.0246988	0	0	0	0	0	0	0	0	0	0	759.733	68.5862	843.476	0	9798.49	0	3.11038	0.0045045	43230.3	0	2413.03	0.0030303	8.10724	0	29486.4	0.0030303	24084.4	29.7975	583.675	0.294363	31.882	0.234642	0.0243275	7.43363	0.664133	0.00248756	558.545	14.7607	466.216	0	266.64	1.06037	95696.8	42.849	1388.43	1.31359	1.05276e+06	0.0455315	1.1651e+06	0	304425	3.66748	927519	0	555355	0	5864.77	0.0840331	3889.68	0	115386	0.00320513	123078	0.003663	30630.2	0	900091	0	
6.98606e+07	MFG_R_7_3	0.0111142	0.815067	4820.71	16264.5	2.64503e+06	9.56758e+06	8.13312	0.380967	0.00383142	0.789726	94235.2	0	11759.1	1322.29	2.00349e+06	779643	0	0	152.471	0	0	7.70946e+06	0	715.669	0	0	51.1467	2.25656e+06	0	2.58105	0.00724638	564448	0.268919	104.246	0	1.41932e+06	0.122686	65652	0	0	0.254928	0	0	966.523	0.940919	0.354748	23.8566	0.987595	3.75585	0.0397381	0	13644.8	0	0	0.184235	1.37567	4.61589	0.0529557	0.0601184	0.733482	0	3.31019	0	0	0	0.68834	0	0.00653595	0.106225	30.4426	0.0549945	0	0.215449	145.021	0	1.63695	0	251.137	0.275106	0.0129462	0.0031746	11.4028	0.0793708	419.921	0	0.192004	0.0283917	4.00589	0	0.0810323	0	0.0904922	0.201895	178.783	0	0.814784	0	0.0787907	0	0.174117	0	0.00462963	0.0774549	30.7164	0	1.17713	0	0.0242424	0.003003	0	0	0.00416667	0	0.159297	0	0.00416667	0.003003	0.488216	0	0.214385	0	0.00617284	0	0	0.472477	17.4828	42.9952	96.8278	0	0.128894	0.238152	23.18	0	5.12111	0.642283	0.00483092	0.0971428	4.68201	0	0.0196121	0	0.199633	0.00392157	0.081213	0	0.135595	34.7217	37.2492	0	2.61872	7.47841	108739	23.7609	0.257749	0	0	0	0	0	0	0	29.5932	0.0305556	2645.08	0	2.77851	0	132.349	1.68233	11316.5	0	0.935346	0.00277778	141.03	0	0	0	0	24.9566	0	0.0185221	1.2032	0	0	0	0	0	0	1.23074	10997.5	522.409	12384.7	396.319	33061.3	0.119124	60.9583	348.574	60300.8	0.0126673	2806.47	0	0	333.409	305.884	1.08394	1.40333	7.10837	28825	2.28045	14584.9	2.38969	20.7041	0.713181	29.9733	4.08563	334.685	0.589836	5451.57	17.6651	903658	16.0758	202953	153.86	22829.2	215.803	748378	0.0978188	1.1695e+06	10.7696	333807	0.140752	2.54755e+06	17.0386	505807	9.73547	42.3313	0.0680552	49015.1	36.5494	46037.6	5.35182	215909	0.167356	159070	0.150205	574820	
1.79921e+07	MFG_L_7_4	0	0	274881	0	265743	0	0	0.0035461	0	0	0	0	7423.17	0.271091	4.67856e+06	0	69239.5	0	1.50885e+06	0	0	0	120820	0	18.2647	0	42336.6	0.0990267	117.937	0	1.11982e+06	0	6133.01	0	860619	0	13.2006	0	4.45259	0	0	0	0.0133333	0	0	0	0	0	0	0	35997.2	0	0.254854	0	0.0613545	0	0.524477	0	0.0253991	0	0.0874459	0	1.38493	0	0	0	0	0	8.41428	0	0.302722	0	0.0636158	0	0.0254176	0	4.8823	0	0.0716349	0	0.139177	0	0.261448	0	0.538217	0	0.00343643	0	0.0588673	0	0	0	0.0753988	0	0.0174867	0	0.931909	0	0.0532695	0	0.0042735	0	0.402261	0	20.7905	0	0.111629	0	0	0	0	0	0	0	0	0	0	0	0	0	0.00564972	0	0	0	0.0839947	0	0.337518	0.00362319	0.00546448	0	0.0518877	0	0.781178	0	0.53002	0	1.36746	0	0	0	0.0951356	0	2.62704	0	0.0673856	0	0	0.00378788	0	0	0.120383	0.00378788	0	0	0.0663816	0	0.0114943	0	0.0251883	0	2.8628	0	8.16312	0	9.64616	0	39.7618	0	1473.75	0	0.706605	0	31.3009	0	0	0	0	0	0	0	0	0	0	0	0	0	0	0	5.45417	0	1.61298	0	62.2336	0	0.00529101	0	250.049	0	12.5676	0	0.00505051	0	148.354	0	125.868	0	2.276	0	0.126779	0.00362319	0	0	0	0	0.0035461	0.0035461	0.0236928	0	0	0.0110261	14.5422	0.0035461	3.10892	0.0110261	1909.66	0.00268817	152.809	0	1041	0.0110261	9.01003	0	18.5875	0	3.59607	0.00333333	0.0777244	0	24.7262	0.00333333	8.86873	0	1.39297	0	73.4287	0.00333333	
