data	data	7.53466e+07	2.57728e+07	1.14146e+08	4.36242e+07	4.57697e+08	2.23702e+08	9.37692e+07	3.93446e+07	6.17271e+07	6.97002e+07	6.99785e+06	2.08275e+07	5.39354e+08	6.6237e+07	1.63274e+08	7.56401e+07	2.40134e+07	4.63939e+07	1.76399e+07	1.62085e+08	3.47064e+07	2.66221e+07	1.46259e+07	3.78159e+07	1.46674e+07	2.76821e+07	5.25652e+08	4.98939e+08	1.24291e+07	6.19633e+07	1.08146e+07	1.64307e+07	1.86418e+07	3.56302e+07	3.29395e+07	5.692e+06	5.94731e+06	1.00894e+07	2.55409e+07	2.26123e+07	2.07616e+07	4.05809e+06	2.46785e+07	2.4964e+07	2.84321e+07	9.46025e+06	3.002e+07	9.81665e+07	4.37934e+07	3.7378e+06	4.07241e+07	2.93973e+07	4.87891e+07	5.87117e+07	2.19632e+07	1.36351e+08	3.06954e+08	5.27727e+07	2.48063e+08	1.64928e+08	1.82945e+07	9.29085e+06	4.15757e+07	2.03355e+07	2.50357e+07	2.20985e+07	3.81082e+06	1.88281e+07	1.21517e+08	1.64531e+08	6.555e+07	3.16887e+07	7.78029e+07	3.17304e+07	1.69069e+07	2.98396e+07	1.1551e+08	5.25497e+07	1.31258e+08	5.49003e+07	1.02607e+08	1.01333e+08	3.64832e+07	6.27198e+07	4.79752e+07	4.47554e+07	3.18059e+07	1.27765e+08	4.10062e+07	1.07437e+08	1.13535e+07	1.4251e+07	1.68946e+07	1.09429e+08	1.02427e+08	2.54983e+07	4.33394e+07	2.02561e+07	2.33855e+07	1.02576e+07	4.08332e+07	6.36265e+07	1.96636e+08	2.18854e+08	1.25113e+08	2.01833e+08	8.41089e+07	9.15275e+07	2.2419e+07	5.78653e+07	1.21499e+07	1.27112e+07	2.38261e+07	6.78007e+07	1.90567e+07	2.91034e+07	1.80794e+07	6.4867e+07	1.75985e+07	1.64316e+07	1.15576e+07	6.99844e+07	1.78288e+07	1.89169e+07	1.17778e+08	1.20157e+08	9.33373e+07	8.97251e+07	9.09187e+06	4.07913e+07	4.81797e+07	6.90512e+07	6.00859e+07	8.04805e+07	6.03912e+07	2.60415e+08	9.64368e+07	2.51181e+08	2.26014e+07	9.3023e+07	9.78452e+07	5.88412e+07	1.39322e+08	4.72397e+07	3.74929e+07	1.67673e+07	4.37708e+07	3.99261e+07	1.98515e+06	4.90569e+07	2.6489e+07	8.16012e+07	5.75399e+06	2.30051e+07	5.19269e+07	9.02587e+07	4.39964e+06	4.52348e+06	2.99494e+07	6.16196e+07	2.2759e+08	1.38181e+08	2.01334e+07	1.33025e+07	2.92899e+07	1.5221e+07	5.2007e+06	1.56926e+06	2.28614e+08	6.58089e+07	1.73891e+06	1.67433e+06	3.01674e+07	2.5016e+06	3.10195e+06	1.07666e+07	3.99821e+06	2.66238e+07	4.07878e+06	9.44245e+06	1.5792e+07	3.04072e+07	3.66831e+06	2.02785e+06	2.52294e+06	4.22664e+06	1.13421e+06	1.13858e+07	2.98976e+07	1.62724e+08	1.48412e+08	1.02071e+08	2.41309e+08	2.03403e+08	2.60207e+07	8.71047e+07	3.05158e+08	1.63208e+08	1.17911e+08	8.2195e+07	3.38189e+07	3.14933e+07	3.04681e+08	1.43781e+08	4.72483e+07	1.25606e+08	1.19032e+08	1.62169e+08	3.83284e+07	1.25323e+08	1.09746e+07	1.08019e+07	1.9699e+08	1.0873e+08	3.28695e+08	2.78877e+08	3.45402e+08	3.75191e+08	3.54274e+08	7.77232e+08	1.19353e+08	3.1013e+08	7.92566e+08	8.83257e+08	8.59048e+08	8.10853e+08	1.07416e+08	1.7191e+08	6.19193e+08	3.88979e+08	8.77959e+07	1.22352e+08	3.28363e+08	8.48643e+07	1.37192e+08	8.45604e+07	7.97224e+07	9.46234e+07	2.01463e+08	6.27975e+07	1.35833e+08	1.34545e+08	1.24254e+08	1.15714e+08	1.66217e+08	1.32113e+08	
data	data	SFG_L_7_1	SFG_R_7_1	SFG_L_7_2	SFG_R_7_2	SFG_L_7_3	SFG_R_7_3	SFG_L_7_4	SFG_R_7_4	SFG_L_7_5	SFG_R_7_5	SFG_L_7_6	SFG_R_7_6	SFG_L_7_7	SFG_R_7_7	MFG_L_7_1	MFG_R_7_1	MFG_L_7_2	MFG_R_7_2	MFG_L_7_3	MFG_R_7_3	MFG_L_7_4	MFG_R_7_4	MFG_L_7_5	MFG_R_7_5	MFG_L_7_6	MFG_R_7_6	MFG_L_7_7	MFG_R_7_7	IFG_L_6_1	IFG_R_6_1	IFG_L_6_2	IFG_R_6_2	IFG_L_6_3	IFG_R_6_3	IFG_L_6_4	IFG_R_6_4	IFG_L_6_5	IFG_R_6_5	IFG_L_6_6	IFG_R_6_6	OrG_L_6_1	OrG_R_6_1	OrG_L_6_2	OrG_R_6_2	OrG_L_6_3	OrG_R_6_3	OrG_L_6_4	OrG_R_6_4	OrG_L_6_5	OrG_R_6_5	OrG_R_6_6	OrG_R_6_6	PrG_L_6_1	PrG_R_6_1	PrG_L_6_2	PrG_R_6_2	PrG_L_6_3	PrG_R_6_3	PrG_L_6_4	PrG_R_6_4	PrG_L_6_5	PrG_R_6_5	PrG_L_6_6	PrG_R_6_6	PCL_L_2_1	PCL_R_2_1	PCL_L_2_2	PCL_R_2_2	STG_L_6_1	STG_R_6_1	STG_L_6_2	STG_R_6_2	STG_L_6_3	STG_R_6_3	STG_L_6_4	STG_R_6_4	STG_L_6_5	STG_R_6_5	STG_L_6_6	STG_R_6_6	MTG_L_4_1	MTG_R_4_1	MTG_L_4_2	MTG_R_4_2	MTG_L_4_3	MTG_R_4_3	MTG_L_4_4	MTG_R_4_4	ITG_L_7_1	ITG_R_7_1	ITG_L_7_2	ITG_R_7_2	ITG_L_7_3	ITG_R_7_3	ITG_L_7_4	ITG_R_7_4	ITG_L_7_5	ITG_R_7_5	ITG_L_7_6	ITG_R_7_6	ITG_L_7_7	ITG_R_7_7	FuG_L_3_1	FuG_R_3_1	FuG_L_3_2	FuG_R_3_2	FuG_L_3_3	FuG_R_3_3	PhG_L_6_1	PhG_R_6_1	PhG_L_6_2	PhG_R_6_2	PhG_L_6_3	PhG_R_6_3	PhG_L_6_4	PhG_R_6_4	PhG_L_6_5	PhG_R_6_5	PhG_L_6_6	PhG_R_6_6	pSTS_L_2_1	pSTS_R_2_1	pSTS_L_2_2	pSTS_R_2_2	SPL_L_5_1	SPL_R_5_1	SPL_L_5_2	SPL_R_5_2	SPL_L_5_3	SPL_R_5_3	SPL_L_5_4	SPL_R_5_4	SPL_L_5_5	SPL_R_5_5	IPL_L_6_1	IPL_R_6_1	IPL_L_6_2	IPL_R_6_2	IPL_L_6_3	IPL_R_6_3	IPL_L_6_4	IPL_R_6_4	IPL_L_6_5	IPL_R_6_5	IPL_L_6_6	IPL_R_6_6	PCun_L_4_1	PCun_R_4_1	PCun_L_4_2	PCun_R_4_2	PCun_L_4_3	PCun_R_4_3	PCun_L_4_4	PCun_R_4_4	PoG_L_4_1	PoG_R_4_1	PoG_L_4_2	PoG_R_4_2	PoG_L_4_3	PoG_R_4_3	PoG_L_4_4	PoG_R_4_4	INS_L_6_1	INS_R_6_1	INS_L_6_2	INS_R_6_2	INS_L_6_3	INS_R_6_3	INS_L_6_4	INS_R_6_4	INS_L_6_5	INS_R_6_5	INS_L_6_6	INS_R_6_6	CG_L_7_1	CG_R_7_1	CG_L_7_2	CG_R_7_2	CG_L_7_3	CG_R_7_3	CG_L_7_4	CG_R_7_4	CG_L_7_5	CG_R_7_5	CG_L_7_6	CG_R_7_6	CG_L_7_7	CG_R_7_7	MVOcC	MVOcC	MVOcC	MVOcC	MVOcC	MVOcC	MVOcC	MVOcC	MVOcC	MVOcC	LOcC_L_4_1	LOcC_R_4_1	LOcC_L_4_2	LOcC_R_4_2	LOcC_L_4_3	LOcC_R_4_3	LOcC_L_4_4	LOcC_R_4_4	LOcC_L_2_1	LOcC_R_2_1	LOcC_L_2_2	LOcC_R_2_2	Amyg_L_2_1	Amyg_R_2_1	Amyg_L_2_2	Amyg_R_2_2	Hipp_L_2_1	Hipp_R_2_1	Hipp_L_2_2	Hipp_R_2_2	BG_L_6_1	BG_R_6_1	BG_L_6_2	BG_R_6_2	BG_L_6_3	BG_R_6_3	BG_L_6_4	BG_R_6_4	BG_L_6_5	BG_R_6_5	BG_L_6_6	BG_R_6_6	Tha_L_8_1	Tha_R_8_1	Tha_L_8_2	Tha_R_8_2	Tha_L_8_3	Tha_R_8_3	Tha_L_8_4	Tha_R_8_4	Tha_L_8_5	Tha_R_8_5	Tha_L_8_6	Tha_R_8_6	Tha_L_8_7	Tha_R_8_7	Tha_L_8_8	Tha_R_8_8	
7.53466e+07	SFG_L_7_1	0	4.70345e+06	2.4146e+07	6300.76	1.23327e+06	72440.3	362354	255610	95035.3	9910.29	70359.2	12774.8	57.221	20.1404	282.01	150.925	0.051358	0	80.1651	0.0402937	15.638	0.00248756	163.511	0	3.99115	0.304666	63.7708	0.058731	52.0251	0.00724638	386.933	0	10890.7	131.771	241.27	0	168.793	4.86994	161083	65.2262	0.232313	3.77317	0	0	0	0	0.00574713	0.00606061	5.85396	1.42236	0.90626	0.00248756	0.199519	0.00396825	0.801767	42.9545	73.6526	0.0641657	187.971	59.5991	545.008	0	0.18887	0	381.793	10.5451	266.603	3.85537	20.0708	0.0169913	0.601238	0	1453.92	0	0	0	1.91209	0	0.00462963	0	0.717987	0.00406504	0	0	0.0642664	0.396617	0	0	0	0.010582	0	0.00362319	4.92341	0.00416667	1.09384	0	88.7088	0.0517943	0.0360046	0	0.0185185	0	3.37958	0.0141225	0.151683	0.426411	0	0.0275009	0.00564972	0.0141225	0	0	0	0.00273224	0	0	0.286301	0.0141225	0	0	0	0	0	0	203.663	124.974	204.823	74.6097	0.82532	0	79.9428	35.3731	1.21131	0.370623	2136.1	9.35505	57.5143	5.39048	0	0	6.5491	0	137.111	0.0304391	0	0.051928	1585.85	18.1039	176.488	11.7798	5.60735	0.104769	190.724	238.296	0.213167	0	0	0	0	0.00392157	393.207	75.16	85.0254	0	0	0	30.5008	0	28373.1	0.0152505	291.565	0	120882	0.0037037	0.176118	0.45753	365.933	10966.7	12.5415	1109.28	71.1828	0.136627	7563.79	20320.1	574.229	72.1865	0.0248276	69.6487	6.95207	48.4608	0.663033	0.00462963	2.12292	0.00252525	0.171114	0.147095	2.15213	0	1469.06	0.607944	0	0.156626	28.7215	0.211537	2.32501	123.127	225.953	0.0853882	1198.67	1.29368	0.0026455	0.00584795	21.2839	0.00416667	70934.9	47.6499	61.1303	0.0363352	260.429	0.266994	369605	268.259	180.827	5.90085	5625.71	0.0518046	52799.9	14602	3372.6	48.2497	3.46852	0	4.40919e+06	1.38746	13052.4	0.124215	185.345	0.00641026	181032	0.145176	102705	0.0952427	22262.7	0.0562805	1.08286e+06	0.278553	
2.57728e+07	SFG_R_7_1	4.70345e+06	0	1.78838e+06	329180	75380.4	2.67797e+06	571363	54083.8	138285	37949.5	9142.02	86692.6	1.24726	56.8025	2.02184	6220.21	1389.43	7718.27	0.641303	3.55581	0	21.8821	39861.1	7171.45	309.714	0.783955	1.23808	0.0755148	0.262042	40365.1	0	341.672	0.352255	133194	0	0.431726	0.184417	1087.72	77.7723	70261.6	0.757831	4.23421	0	0	0	0	0.219169	0	0.0518915	2.21627	0	0.00617284	0.0187881	0.0762821	13.7303	4.11981	15.1351	0.00340136	631.158	408.874	0.0242504	0	0.0501019	8.27646	5.8183	89190.9	37.2511	5603.73	0.108532	0.880121	0.00411523	0.0251572	0.664476	0	0	0.0251572	0	0.0031746	0	0	0.0166693	15.6282	0	2.23524	0	0.0173456	0	3.01365	0	0.25804	0	0	0	2.23671	0.0319005	0.0753205	1.45278	0.00512821	0	0.00512821	0	0.003367	0.0035461	1.00632	0.0035461	0.236092	0.0035461	0.078579	0.0035461	5.53375	0.00537634	1.09741	0.0035461	0.0857261	0.0478751	8.99997	0.00438596	1.10883	0.234411	8.10985	0	4.85725	0	0.0560196	5.19303	132.114	0.93586	89.442	0.0187793	0	0.7918	15.5504	0.711186	5.57406	3.70991	997.544	1.59786	363.523	0	0	1.80262	0.0293076	7.79061	0.0245164	0	5.93488	1689.46	5025.33	2.35929	8503.09	1.82909	773.586	405.858	60064.2	0.0453277	0	0	0	0	0.00833333	3.66729	110.627	0.0346438	11.9942	0	0.00617284	0.0634988	0.0123457	34.0956	1358.99	0	0	119.756	1008.21	25.3658	270.899	212.054	7983.17	0	21053.7	68.024	7823.53	1.45568	158431	14.9011	7460.09	0.0529671	103.454	0.179607	2.46564	0	0	0.00358423	0.0180477	0.019129	0.00555556	0	0.00877193	4.82739	13.0133	0	0.197429	0.00358423	0.110242	0.0624384	4.56286	1.81822	0.577799	1.53844	48.3808	0.00584795	0.148325	0.105165	0.270828	187.37	171.192	0.622591	44.6023	0	0.0265952	1119.26	164382	0.0119237	13.5004	3.72519	0.0919434	337.914	267397	8.49614	3003.91	0.17782	285556	4160.73	290440	2.98108	0.681616	0.4349	586.531	26.0423	59045.8	12.8274	95844.4	14.4725	10466.7	111.532	543227	
1.14146e+08	SFG_L_7_2	2.4146e+07	1.78838e+06	0	4969.86	1.35369e+07	122830	986180	159.658	0.261526	0.890542	0.681746	32880.2	3.39036	0	688988	34.3477	82.2648	0	102180	0.00358423	9873.23	0.00248756	530728	0.00653595	254.588	2.46291	2.92782	0.0117347	21467.3	0.0442992	4997.14	0.00653595	369542	32.9918	1416.9	0.00653595	26066.2	5.65071	3.53748e+06	5.87033	0	0	0	0	0	0	0	0	7.92318	0	21.7721	0.00248756	3.52292	0.00396825	21.7449	27.0523	18.3249	1.04166	10.1113	15.8214	1325.76	0	60.3098	0	18.9454	0.0345589	0	0	52.0883	0.0135417	373.588	0	17024.8	0.0030581	0.0429826	0	29.5327	0	4.94855	0	305.882	0	1.99003	0.00260417	98.7861	1.18751	18.8549	0	0.0161353	0.0238095	0.00374532	0	1.29333	0.0285666	351.947	0	21945.1	0.159961	14.4513	0	9.65471	0	0.756619	0.0238791	0.202156	0.831493	0	0.0275009	0	0.00260417	0	0	0	0.00260417	0	0	0.0912014	0.00260417	0	0	2.70864	0	0.0045045	0	812.281	301.367	1101.64	130.375	49.6981	0	66.5635	84.1022	16.7788	0.83404	8119.38	14.769	2856.3	10.3191	0	0	1452.82	0	10364	0.0309345	2.22432	0.00483092	7.65731	3.21068	4.19017	0.16635	0	0.0167722	0	0.152906	62.1607	0	0.974271	0	1.2583	0.00392157	2958.82	192.945	853.255	0.0030581	0.00900901	0	264.115	0	414791	0.0037037	2307.19	0	1.18144e+06	0.0037037	0	0	121.893	5015.7	0	0.0362745	0	0.0715241	0	0	0	0.0180213	0	0	8.42859	102.429	0.0125673	0.0186489	0.284963	0.00252525	0.302713	0.587051	1.28603	0	14329.7	0.598799	0	0.325125	1100.91	0.269242	4.85953	236.271	3166.27	0.167428	3567.28	1.29123	0.0026455	0.00584795	8.76854	0.00416667	158273	163.459	62.5162	0.0520408	43.8589	0.506431	1.22532e+06	1085.01	255.376	0.800104	25961.8	0.030589	32502.8	2492.31	83878.9	117.193	3262.43	0	6.11861e+06	0.110186	10736.2	1.01398	358.622	0.00641026	212478	0.325419	92619.4	0.0952427	10618.7	0.0905446	1.4849e+06	0.00401606	
4.36242e+07	SFG_R_7_2	6300.76	329180	4969.86	0	7958.04	7.31746e+06	42.334	336584	0	82.0285	6629.41	0	0	0.00411523	2.37556	1.27595e+07	1.62619	24393.1	0.168109	4206.08	0	91.1737	177.367	191544	4.28686	63602	0	0.0412988	0.00740741	114009	0	2109.74	0.00724638	214607	0	30.41	0	2160.34	3.35918	60758.6	0	0	0	0.004329	0	0	0	0.00236407	0.0108282	0	0	11.8893	0	0.117747	0	2177.2	4.09928	139.27	17.6496	446.591	0.0566449	0.00833333	0	5.99072	0.0756334	0.489525	0	0	0.508482	3.40272	0	0.964463	0.820261	0.0114943	0	5.10575	0.00628931	0.0161531	0	1.85313	0	72.226	0	2.16976	0	0.578087	0	25.3328	0	0.362971	0	0	0.0168803	7.95079	0.00229885	0.221906	4.72583	0.0518743	0	0.00505051	0	0.110046	0.0175439	1.5576	0	0.0030581	0	0.0850764	0	0.0819088	0	0	0	0.570173	0	0	0.00311526	0.211334	0	0	0	36.4364	0	2.1606	12.415	224.331	0.302171	156.719	0	0	0.14974	16.2262	0.377728	33.2222	0.0616799	2194.86	0.438737	1136.29	0	0	2.41765	0.103589	4.62232	0.769071	0	15.9713	3.41053	0.0465917	0.220662	0.91619	0	0	0.041101	0	0	0.11313	0	0.00877193	0	0.129699	2.21288	203.253	0.0356046	75.1547	0	0.00438596	0	3.71922	11.0638	3201.83	0	0.160116	27.7777	1854.54	0	0	0.00411523	0.252745	0	0	0.0184127	0	0.00584795	0	0.0047619	0	0	0	0.106841	0.16191	0.0037037	0	0.0329749	0	0.00529101	0	0.0145759	0	1.99035	27.3501	0	1.67778	0.0906098	0.226483	0.0374332	0.422534	0.846657	0.233456	0.034632	84.9745	0.00617284	0.571886	0.0150025	3.95067	11.8647	501.691	0.228591	6.02202	0.0125713	0.0689514	15.281	124056	0.0821435	6.31597	1.49781	0.232675	111.918	188940	1.20212	6986.15	0	9488.41	238.848	5565.73	1.81968	0.071221	2.94404	92.216	19.1546	1110.68	16.0127	3201.2	43.8201	582.786	7.47615	12455.1	
4.57697e+08	SFG_L_7_3	1.23327e+06	75380.4	1.35369e+07	7958.04	0	3.56831e+07	769.726	0.198123	79.0255	1.77393	1.34033e+06	1.94313e+06	3.32573e+07	4.45606e+06	5.03638e+07	13687.6	495.998	0.00387597	544483	596473	403639	10.9945	1910.76	0.110017	190.167	7.34449	597820	468873	307.36	0.0952876	82899.9	11.4868	37252	51.989	6.83958e+06	96.7813	93352.5	31.4277	138788	15.0366	0.529903	0.980655	45100.2	2.98269	2.48733	0	0.0136967	3450.49	5.81826	0	4.2038e+06	120.952	335.375	0	511.482	54.1223	7801.87	1.16218	351.259	4.23898	57.4682	0	88.0323	0.00234742	240.101	3.0976	6.46969	0	22708.5	1.60923	854.173	0	5958.02	0	3.20114	0	11301.2	0	170.518	0	1909.76	0.017019	366.591	0.00271003	584.819	0.00238095	513.646	0.00444444	0.0149092	0.002331	0.0357575	0.00362319	133.209	0.389941	1086.1	0	16216.9	0.00920635	68.4836	0.00222222	18.579	0.002331	295.924	0.369091	40.863	0.551783	0.606766	0.0143635	4.31105	0.168375	66.7796	0.0675721	0.01327	0.00209644	161.052	1.74946	1.54592	0.00932108	170.322	1.89416	216.385	0.00444444	0.384996	0	113408	312.122	120048	457.421	9481.87	0	8542.48	197.406	193712	0.680962	22359.8	0.921421	20824.8	0.536029	7.71935	0	5045.36	0.00462963	79693.1	0	20.2986	0.00462963	82267	82.785	730.413	37.4391	24094.9	3068.81	17268.2	36.6649	4125.85	0	6.65228	0	95.846	0	104693	37.6862	114021	0.0113002	1033.74	0	32295.9	0	1.30671e+07	0.146042	748.487	0	357623	0	694.35	49.8362	172045	819779	9410.02	251.895	88031	54.755	4947.25	0.724965	7779.35	2.31264	0.825745	1.862	65.1738	5.81604	681.896	4.26921	121613	541.731	9.22224	0.042094	171627	2.57357	154106	0.0754112	1.4663	0.002331	1.18976e+06	33.527	21897.6	2.42064	97828.9	1276.86	41442.1	480.633	0.180203	8.70356	432.604	9.31227	29890.3	14.9674	125368	5.61298	274097	733.808	1.854e+06	397.72	500676	1201.46	9.81357e+06	186.058	1.02787e+07	22220.4	4.47884e+06	155.078	2.81523e+06	54.9964	5.58853e+06	15.8463	1655.51	189.83	453866	2.61176	3.4834e+06	9.18527	5.20772e+06	2.28657	3.12307e+06	4.07993	7.46355e+06	71.0451	
2.23702e+08	SFG_R_7_3	72440.3	2.67797e+06	122830	7.31746e+06	3.56831e+07	0	148.245	29.6785	100.792	0.763377	1.04933e+06	6.67781e+06	638777	8.11067e+06	823810	6.80448e+06	0.369448	17287.7	4.95692	3.24022e+06	0.0284203	459782	11.1485	38624.3	15.7762	47.7647	3313.06	66092.5	0.357423	195953	0	182677	0.458113	1.80446e+06	35.1136	371917	0.243948	307717	42.3833	52392.1	90.8445	0.094888	0	13187	0.0070922	0.0128205	1.26467	0.125823	14.3357	0.0356481	23.9687	298350	0	16.7027	0.167366	133.298	15.9437	8.20821	127.354	58.4888	0.306335	492.733	0.0583315	56.0498	0.27735	662.18	3.17298	7.73785	5.59984	388.103	0.0158753	82.9904	9.89643	17.0207	0	59.6093	0.0468268	16.9583	0.0124098	4.67216	0.0158753	1668.33	0	1683.68	0.0165689	82.7085	0	469.84	0	41.9398	0	0.106554	0.015	2873.04	0.0638977	9.50505	41.2899	5.80984	0.0163605	0.748088	0	5.31013	0.0549546	587.807	0.02968	18.7027	0.0261571	20.5233	0.0035461	1738.38	0	251.857	0.0035461	212.127	0.0047619	10642.7	0	459.915	0.016616	3885.66	0	931.919	0	26.5324	26.9778	66879.2	20.6656	52010.9	0.165186	700.677	1.80501	2475.36	0.0580406	30000.7	1.24619	61848.3	8.96586	52453	0	1.82749	23.4042	6.60645	79.5254	18.4346	0	2733.61	1445.43	4522.67	1.34905	609.077	28.5542	13888.2	8576.93	327634	0.244044	618.996	0	3.90847	0.00497512	720.96	7.8674	2636.49	0.401067	13031.2	0	3411.76	0.00641026	4207.96	143.714	590886	0	90.8433	339.53	5349.28	298.734	8955.79	133091	1.13262e+06	764.656	99176.7	4.79441	649078	4.42228	2464.2	34.5764	7410.98	277.974	576.642	0.941504	84416.3	2.07162	119.112	10.4587	16130.5	0	17.5509	2.9365	646.543	16.6311	1805.84	0	77.302	9.01386	88256.9	0.552987	1357.26	60.5354	2221.36	66.7038	4862.26	0.52746	0.0342338	1.27958	48.7019	16.3391	54441.5	3.42442	114825	2.06883	562406	93.8489	3.24497e+06	8.90423	12016.8	35.3741	1.10149e+06	330.206	8.00926e+06	35.9991	3.90646e+06	0.0777778	6.65994e+06	1366.62	1.27013e+06	2.01015	6.53305	14.1113	431198	46.6947	43410.6	30.0917	1.69837e+06	60.662	1.56079e+06	10.5651	2.63778e+06	
9.37692e+07	SFG_L_7_4	362354	571363	986180	42.334	769.726	148.245	0	559463	1.77962e+07	1.50676e+06	0	13.8961	2812.13	0.025567	8847.66	0.103157	1528.66	0.00411523	6199.04	0.0123354	2255.12	0.0104577	3063.29	0.00411523	231834	2.66765	4422.21	0.00362319	69454.3	0.065452	1059.63	0	98002.6	8.24265	2725.66	0	5665.47	2.11857	784591	4.67205	0.0185185	0	0.00497512	0	0	0	0	0	15.4692	0	43.0006	0.041433	911.654	0.0170968	1.87523e+06	40.7835	4753.61	0.0131643	24043.8	2.84157	128973	0	83879.9	0	67.3631	1.37955	111.214	155.402	3.67853	0.00406504	0.0192095	0	5912.85	0.0030581	0	0	0.680868	0	0	0	0.0192095	0	0	0.0130515	0	0.119084	0	0	0	0.0893168	0	0.0037037	120.797	0.0537184	0.0192095	0.00273224	15.5298	0.0134007	0	0	0	0.0128719	65.1557	0.0240655	0.0145198	34.3695	0	0.0377667	0.0229953	0.00268817	0	0	0	0.0107527	0	0	0.666146	0.00268817	0	0	0	0	0	0	8161.55	260.981	14449.9	76.1294	0	0	121.077	62.9621	9.07151	1.2859	9862.13	22.6472	4.09434	6.77584	0	0	1.42725	0	79.775	0.0300138	0	0	1.87059	4.27283	100.935	0.091896	0	0.00262467	0	0	0.0307529	0	0	0	0	0	246.962	51.7014	2233.88	0.0121222	0	0	20.2215	0	180577	0.003003	6.7161	0	228597	0	0	0	0	0.283328	0	0.15594	0	0	0	0	0	0.00854701	0	0	418.46	157.78	0	0	0.0692874	0	0.325527	0.0190476	0.65272	0	5361.06	0.909756	0	0.384926	409.375	0.0548542	104.011	717.889	1418.41	0.157269	1176.77	2.16305	0.616831	0.146739	211.015	0.0136397	573452	905.385	0.0203574	0.0477737	16525.9	0.0747187	1.55534e+06	3817.36	4375.93	0.0136397	48649.7	0.117411	13267.1	17.32	78681.3	193.668	0.61816	0.112037	1.7107e+07	5.81564	47895.5	0.3298	0.402299	0	104268	0.0945468	19985	0.0341112	6763.1	0.0691147	1.71832e+06	0.608264	
3.93446e+07	SFG_R_7_4	255610	54083.8	159.658	336584	0.198123	29.6785	559463	0	1.527e+06	2.81896e+06	0	0	0	0.0206682	0.0164348	35797.3	0	18441.4	0	23.0459	0	210.541	0.723859	19370.5	0.0269388	248653	0	0	0	41965.6	0	73.5035	0	40918.6	0.00411523	6.47239	0.00411523	5322.64	0	65313.5	0	0	0	0.0697689	0	0	0	0	0.105682	0	0.00411523	0.213015	0	0.0386555	9878.71	1.98233e+06	995.869	1.79109	48890.1	20767.6	0	0.00900901	0.00680272	225.582	385.766	11.3458	1796.25	561.448	0.0653266	1985.79	0	0.240716	0	0.0236897	0	0.00694444	0	0.00555556	0	0.063697	0	0.0521408	0	3.27714	0	0	0	0.0422278	0	0.0537401	0	0.014555	0.00505051	2094.9	0	0.0242504	0	0.00512821	0	0.00512821	0	0.0030581	0.0042735	44.0012	0.00333333	0.58532	0.00333333	0.120755	0	0.0129499	0	0.00392157	0	0.0867276	0	0	0.00311526	0.0294248	0	0	0	0.0237343	0	0	29.246	1440.2	0	108.021	0	0.00952381	114.859	411.053	8.16286	31.8698	0.00378788	505.888	0.0153277	250.638	0	0	0	0	0	0	0	0	0.18679	0.0702627	2788.77	17.3178	0	0	0	0	0	0.00378788	0	0	0	0	118.418	4207.83	0	3.75222	0	0.00438596	0	14.3709	0.00378788	256.299	0	0	0	283.419	0	0	0	0	0	0	0	0	9.39109	0	43.5067	0	0	0	0.346293	5.90019	0	0	0	0	0.0377459	0	0	0	0	5.23903	0	0.0186708	0	0.15746	0.150873	9.16578	0	0.267654	0.00378788	6.96184	0.0178102	6.67694	0.0181353	2913.09	162.003	44771.3	0.0406036	0.0822755	0.634311	39.8514	153.831	4.80271e+06	0.727267	3916.01	0.0620831	4.6029	6.466	2796.41	1.28307	1413.11	0.7248	72006.4	1508.15	5.90803e+06	105.263	15.1129	0.691116	0.00628931	88.8671	34565.1	1.31169	1107.17	1.34722	4.06323	11.7379	687324	
6.17271e+07	SFG_L_7_5	95035.3	138285	0.261526	0	79.0255	100.792	1.77962e+07	1.527e+06	0	3.07102e+06	0.728747	154.823	2374.85	2.49813	3.30135	0	0	0	1.77035	0.00254453	0.165518	0	0	0	0.2316	0.0287849	3947.76	0	0.0360624	0.00401606	0.117061	0	0.00877193	0.0368939	2.74086	0	3.76281	0.0169858	2.17652	0.0165638	0.303026	0.514086	0.00497512	0	0	0	0.0242745	0	2.08723	0.0882353	0.441317	0	67.9022	0	1.34035e+06	29962	2216.6	0	1.05956e+06	3750.19	0	0	234.993	0	72035.3	41.9027	211097	289687	1.38323	0.004329	0	0	0.0337607	0	0	0	0	0	0	0	0	0	0	0	0	0	0	0	0	0	0	0	110.983	0	0	0	0	0	0	0	0	0	87.5462	0	0	0.00456621	0	0	0.00584795	0.004329	0	0	0	0	0	0.004329	0.0520369	0.004329	0	0.004329	0	0	0	0	77.9692	5.88626	13.7429	3.12395	0	0	231.899	0.502584	0.819525	0.0840718	5.16022	0.221929	0.00505051	0.0302052	0	0	0	0	0.0443502	0	0	0	2.2299	0.539439	1771.72	1.34501	0	0	10.4202	27.8857	0	0	0	0	0	0	303.229	1.89925	1.14153	0	0	0	0.00813008	0	89.027	0	0	0	67.5333	0	0.00813008	0.195375	0.612508	26.77	0.0133333	21.055	0.00653595	0	11919.7	739.554	64385.1	6.85926	0.00584795	2.4024	0.222351	0.919405	0	0	0.004329	0	0.00546448	0	0.004329	0	5.49729	0.0035461	0	0.0530746	0.412562	0	0.0732157	2.56399	1.69432	0	0.442716	0.0323877	0.147448	0	166.015	0	23668.7	4.63702	0.00505051	0	14667.8	0.00254453	65939.7	21.9422	3559.92	0.0865546	21498	0	20794.5	0.074641	355.196	4.36315	0.363074	0.00254453	3.89764e+06	0.920049	31836.9	0.0111607	0.177877	0	113370	0	32462.4	0	11763.5	0	902611	0.00254453	
6.97002e+07	SFG_R_7_5	9910.29	37949.5	0.890542	82.0285	1.77393	0.763377	1.50676e+06	2.81896e+06	3.07102e+06	0	0.0293928	0.390027	0.0259119	1.18186	0.00421941	81.5521	0	467.134	0	0.0457777	0	0.0293359	0	146.842	0	4765.65	0.0259119	0.0117477	0	1282.87	0	0.310459	0	221.796	0.00387597	0	0	0.405259	0	24.3435	0	0.0902413	0	0	0	0	0.00628931	0	0.0225926	0.0386555	0	0	0	0.0891266	79596.2	1.44016e+07	183004	0.360691	1.90074e+06	7.66645e+06	0	0.0380952	0	6.64779	553.897	6141.47	49520	815077	0.0400338	146.11	0	0	0	0	0	0	0	0.00529101	0	0.00529101	0	0.00628931	0	1.158	0	0	0	0.0254545	0	0	0	0	0.00462963	179.373	0	0	0	0	0	0	0	0	0.0042735	1.64263	0	0	0	0	0	0	0.00537634	0	0	0	0.0218638	0	0	0	0.00537634	0	0	0	0	0	0.10934	0.684964	0	0.466606	0	0	1.33419	1.45342	0.0119196	0.00833333	0	0.024882	0	0.114105	0	0	0	0	0	0	0	0	531.346	0.161289	1418.94	621.67	12.2972	0	1148.19	4969.5	0	0	0	0	0	0	23.6025	2006.64	0	0	0	0	0	0	0	0.0045045	0	0	0	0.0416667	30.2288	0	0.0388758	1.89653	0	5.89193	170.106	0	10.9044	77397.6	1006.24	37275.2	0	0.551917	0	0.216515	0	0	0	0	0	0	0	0	0	0	0	0	0	0.0397794	0	0.338544	0	0.00497512	0	0.00595238	0	0.00537634	0.0042735	224.436	0.87859	52.2822	0.0196581	0.0144945	0.0661383	7.48215	0.436747	395345	0.105821	304.262	0.00387597	1.38218	0	2998.03	0.0174299	0.258307	0.109524	676.295	2.27363	1.54174e+06	0.35193	2534.75	0.0293076	0.00606061	0.516449	16699.1	0.0035461	219.623	0.0035461	386.99	0.109524	207558	
6.99785e+06	SFG_L_7_6	70359.2	9142.02	0.681746	6629.41	1.34033e+06	1.04933e+06	0	0	0.728747	0.0293928	0	17745.5	319591	2700.06	0.212771	6919.73	0	0	0.0283688	56531.7	0	0	0	0	0	0	1.36771	14.5487	0	0	0	0	0	0.277208	1.00574	0	0	0	0	0.776208	1.85484	0.0208333	0	0	0	0	0.00813008	0.173641	0	0	1.00574	0	0	0	0	0	0.592651	0	1.02244	0	0	0	0	0	19.0887	0	0.506461	0	1.10675	0.00724638	0	0	0	0	0	0	0	0	0	0	0	0	0	0	0	0	0	0	0	0	0	0	0	0	0	0	0.00416667	0	0	0	0	0	0.00497512	0	0	0	0	0	0	0	0	0	0	0	0	0	0	0	0	0	0	0	0	0	0.779902	0.00411523	164.67	0	0	0	0.0919677	0.0168885	0	0	0	0	0	0	0	0	0	0	0	0	0	0	81842.9	0.023399	954.398	0.00757576	19114.7	0.065743	67654.5	3.78102	0	0	0	0	0	0	0.230278	0	0	0	0	0	0	0	0.0231667	0	0	0	0.0296883	0	411.581	0.0770583	2733.99	1313.52	255809	61.1081	11616.4	4.95266	151717	0.059596	25722.8	0.0322455	0.06	2.19281	0	0	0.0047619	0	0.0180708	0	0	0	0.0180708	0	0.00383142	0	0	0	0.0180708	0	0	0	0.00383142	0	0	0	0	0	0.0181807	0	0.135908	0	0.776805	0	0.105726	0.109032	0.0267196	0	0.0673531	0.211749	0.0554852	0	65.6541	353.063	0.0167881	0	0.00793651	0	1.80821	0	0	0	6.28604	0	6.04185	0	20.3529	0	23.7893	0	0.950384	0	
2.08275e+07	SFG_R_7_6	12774.8	86692.6	32880.2	0	1.94313e+06	6.67781e+06	13.8961	0	154.823	0.390027	17745.5	0	6689.33	53598.1	27769.7	0	0.423107	0	3.1312	14.603	0.070478	0.0138889	1.04566	0.120128	1.41457	0.0554551	1.26351	0.0325021	0.00740741	0.871453	0	26.1781	0.00740741	76.1355	0.0355671	0.107757	0.0657005	0.189732	3.73069	0.0641068	0.0317283	0.456129	0	0	0	0	0.00877193	0	0	1.24624	0.0114943	0.0496552	0	0	0.0291093	0.280393	0	0.0308248	1.3552	0.0486207	0.025641	0	0	0	0.00666667	699.934	2.86714	1.63999	0.157373	119.408	0.00387597	0	2.97521	0	0	0	0	0.00757576	0	0	0.00387597	0	0	0.0181373	0.00421941	0	0	0	0	0.00340136	0	0	0	0.0410948	0.00387597	0.00340136	7.8635	0	0	0	0	0	0.00343643	38.4981	0.00358423	0	0	0.00340136	0	2248.62	0	531.009	0	0.11916	0.0047619	13937.5	0	342.052	0.0047619	5913.61	0	0	0	0	0.128821	0.91802	0.204093	0.180967	0.00456621	0	0.0190827	0.00520833	0	0.082889	0.137421	0.0151182	0.538972	0.0151182	0	0	4.39062	0.00326797	14.0753	0	0	0.00326797	1872.75	3293.79	0.0144996	483.668	0.570556	14361.8	9351.48	415447	0.0203859	0	0	0	0	0	0.187749	0.00287356	0.0654827	0	0	0	0.00641026	0	31.3501	1.88703	0	0	75.3089	0	266.616	7522.49	14806	103825	2.31162	343853	2.29421	549400	1.00574	3293.58	81.0745	5210.18	0	7209.82	0.00358423	0	0	0	0	0	0	0.00628931	0	0.237566	6.27777	0	0	0	0.0323849	0.0424662	0	0	2.76514	0.00483092	0.818359	0.0159206	0	0.00231481	0.00343643	28.5772	0.2344	12766.4	0.203187	24897.2	0.0276173	0.287628	45.9989	16.6887	0.0800671	4.15683	6.31114	0.0996247	6.889	6204.04	11.9732	17.7563	0	1623.65	79.3374	37.9867	0	0.0380156	0.397372	295.925	0.238333	14.8682	0.758234	2920.88	1.02485	959.233	0.127975	133.461	
5.39354e+08	SFG_L_7_7	57.221	1.24726	3.39036	0	3.32573e+07	638777	2812.13	0	2374.85	0.0259119	319591	6689.33	0	7.94856e+06	49.0038	0	0.0203669	0	216054	14882.5	5908.01	0	0	0	0.0203669	0.00275482	1.5281e+08	2.53371e+06	0	0	0.0116096	0	0	0	30111.4	0	135.172	0	0	0	1.83701e+06	49194.6	156416	0	559430	0	242152	1.46782e+06	190487	337.11	1.23872e+06	0	6.4096	0	78.6919	0.00275482	17.8848	0	624.024	0.0628603	0.0246914	0	0.00617284	0	0.216651	0.0114324	11.3835	0	979790	79.5717	0.756183	0	1.74138	0	0.0047619	0	479873	0.912918	223.454	0	1428.23	0	35733.1	0.227429	0.00401606	0	1438.73	0	1282.46	0	12.8644	0	316.071	2.11195	4732.43	0	7.12492	0	0	0	8.21424	0	37363.1	0.778652	159942	0.056201	34926.3	0.00343643	174.143	1.03952	1214.86	0.0486915	4.20791	0.0125262	3927.73	4.80661	737.617	0.025998	5276.66	5.01471	0.0654255	0	0	0	18512.2	0.545981	43196.8	511.554	57.2157	0	2.76286	0.164249	8001.7	0	13425.8	0	312.114	0	0	0	0.291175	0	2263.5	0	0.0460953	0	2715.6	355.024	0.76634	0.0296485	5643	1999.78	14448.5	185.342	0	0	0	0	0	0	3.81206	0.0680551	1226.58	0	1.28452e+06	0.446986	5.10215	0	1.43047e+06	0.0422724	0	0	5.05412	0	164.15	350.306	418777	1.19562e+06	526911	3448.65	65902.7	222.498	38919	33.4329	17536.6	33.4942	44777.2	5953.24	22793.7	6.49639	199677	22.3658	1.21323e+06	808.162	1449.19	0.117552	598588	38.3359	146761	0.014425	21655.6	0.00350877	1.19315e+06	19.92	295658	0.662635	77438	967.113	29185.6	294.31	15.9589	12.0294	2617.42	21.3004	8153.8	24.7129	645130	721.156	4.43711e+06	14728.2	7793.27	0.876555	5.21467e+06	28120.9	4.22567e+07	10063.9	50958.4	0.18336	1.60553e+06	3983.57	442596	6.84018	101472	1.10488	2.09112	180.428	24799.5	38.5952	14256.9	180.909	22941.7	32.519	90741.5	0.122015	467349	139.466	
6.6237e+07	SFG_R_7_7	20.1404	56.8025	0	0.00411523	4.45606e+06	8.11067e+06	0.025567	0.0206682	2.49813	1.18186	2700.06	53598.1	7.94856e+06	0	12086.6	0.00383142	0	0.00606061	0.0648746	21842.4	0	35678.6	0	0.00383142	0	0.0380026	850981	1.68105e+06	0	0.0325203	0	0.160072	0	0.201316	38.9233	336.849	0	43.3839	0	0	6440.45	87668.5	0.120413	11335.1	12.9722	0.0104167	735.763	170123	14.7658	887.104	36.4794	19805.6	0	2.32946	0	0.565004	0	0.53138	0.0496719	0.648407	0	0	0	0.00520833	0	1.24859	0.0292398	0	0.0116968	23.1125	0	0.0867266	0.0490806	0.939385	0	0.0870909	0.0272533	7.9975	0.0261849	0.0242504	0	0.595835	0	5.63331	0	3.04088	0	0.176665	0	5.2158	0	0.0187831	0	3.44631	0	0.369991	0	2.15454	0	0.0398025	0	0.277776	0.0030581	15.2841	0	0.449574	0	2.80806	0	132.448	0	16.184	0	4.54796	0.0392167	1603.48	0.031339	4.11859	0	1167.76	0	0	0	0	0.0172395	1534.89	204.056	3338.18	0	36.4361	0	46.9819	0	3255.7	0	3360.42	0	6773.82	0	0	0	0	0.00438596	0.00529101	0	0.136186	13.0917	116.012	0	1.32036	224.515	1811.23	949.898	32981.8	0	132.253	0	0	0	65.3411	0.00326797	483.564	0	2062	0.00456621	336.369	0	0	0.50029	144536	0	0.373317	0	0	250.651	45175.6	21525.5	2.82473e+06	820.001	247960	1.30526	89743.8	1.59303	6592.55	2.634	3397.43	602.982	666245	0.00262467	371660	76.3772	3506.76	245.555	69705	0.00273224	260.448	127.686	19071.6	0	227.955	0	5.51538	87.6169	96583.5	0.00262467	6327.1	683.044	4671.49	611.155	918.56	0.0572126	0.0325139	0.113265	0.129102	0.721502	2732.39	0.360096	5585.59	131.919	486927	0.114116	726.879	42.221	132257	2.69185	2.71611e+06	0.0130769	87566.9	1.6987	1.17768e+06	0.21144	236945	0.0438932	11321.8	0.00226757	1.14543	0.508194	19044.3	0.206759	7.82898	0.0813214	29240.1	0.0297164	25537	0.00209644	28783.2	
1.63274e+08	MFG_L_7_1	282.01	2.02184	688988	2.37556	5.03638e+07	823810	8847.66	0.0164348	3.30135	0.00421941	0.212771	27769.7	49.0038	12086.6	0	11.1076	62134	0	1.80986e+06	10032.8	5.96975e+06	3.57874	1.85409e+06	0.0257438	81017.6	1.24727	194.537	35.0927	1784.38	0.00529101	111147	0.390356	11080.4	0.0488641	1.01191e+06	39.3768	35684.1	4.58617	573.817	0.0390151	0.0140412	0	97.4115	1.7863	0.0253369	0	0.00314465	0.517887	0.2915	0	4797.18	72.3229	1925.8	0	4758.62	10.0344	18855.9	0.066186	1726.31	1.06858	90.9645	0	769.298	0.00277778	0.2139	0.0346926	0.00546448	0	4549.17	0.0718563	1831.43	0	22441.7	0	8.3003	0	5061.48	0	89.0729	0	5898.75	0	49.3533	0.00362319	5624.69	0	1021.25	0	0.0186489	0	0.0042735	0	12.6775	0.0241871	1687.74	0	94373.4	0	233.468	0	44.0965	0	15.0654	0.0215457	0.16137	0.0492028	0.00490196	0	0	0.0684909	0	0.043305	0	0	0	1.2421	0	0	0	1.2421	1127.52	0	21.0726	0	32568.4	30.237	44167.4	9.55621	15173.1	0	4585.92	18.0784	51661.5	0.0840116	6257.94	0.0753849	75253.6	0.0122334	207.476	0	60333.2	0	127276	0	23.6331	0	318.54	1.78802	39.6795	3.47885	0.298095	182.626	0.0532533	6.03182	23697.9	0	6.71691	0	415.806	0	142094	4.19948	153965	0.002849	97.1142	0	244702	0	6.4208e+06	0.0277073	1635	0	618968	0	0.364166	35.5479	8.71066	430.532	0.00520833	30.9389	0	34.9522	0.004329	0.630698	0.00358423	1.61406	0.0182648	0.357875	1.37419	0.165528	31.0565	0.113261	1263.38	23.6194	1.94631	0	1905.57	0.00981719	28748.7	0.0115977	0.0440086	0	115388	2.90827	294.44	0.0949888	12185.6	41.0885	7424.45	13.5104	0.00529101	0.373755	10.5447	0.503781	1491.59	6.07616	21758.4	3.17692	275.412	51.1623	1.04057e+06	79.9213	3154.28	119.622	181778	10.0512	1.19388e+06	3.66755	2.04645e+06	14.3447	1.08314e+06	4.37126	447128	2.23762	0.475789	30.766	73375.9	0.197983	790363	0.453438	1.5353e+06	0.419836	683988	0.536989	1.27939e+06	3.87119	
7.56401e+07	MFG_R_7_1	150.925	6220.21	34.3477	1.27595e+07	13687.6	6.80448e+06	0.103157	35797.3	0	81.5521	6919.73	0	0	0.00383142	11.1076	0	0	3263.35	0.0629806	2.60427e+06	0	2.87281e+06	0	1.19804e+07	0	10626.4	0	0.15046	0	79921	0	126916	0	186130	0	25192.4	0.00833333	3890.09	0.0634637	11580.5	0	0	0	0.236933	0	0	0	0.0123039	0.0405508	0	0	245.197	0	12.6601	0	12773.8	0.374968	890.782	1.05351	2998.99	0.00666667	31.288	0	19.1097	0.0189363	0.290025	0	0.0251572	0.0284984	1.44066	0	19.0451	0.0272222	5.21067	0	24.3984	0	2.2566	0	33.4031	0	2373.72	0	21.8321	0	1146.53	0	505.179	0	28.8464	0	0.425347	0	29.2882	0.00396825	43.5874	0.595198	70.0449	0	7.01668	0	28.5462	0.0045045	5.92333	0	0.133655	0	0.577396	0	0.742508	0	0.00378788	0	2.48364	0	0	0	1.07494	0	0	0	1661.32	0	22.0914	0.97206	735.768	0.00330033	242.779	0	2.19553	0.160548	182.673	0	166.682	0	3101.14	0.10893	9877.22	0	0.11306	0.461959	3.92341	0.655763	191.29	0	242.377	0.711918	0.166328	0.0703288	1.26858	0	0.0157952	0	0	0	41.7479	0	1.30811	0	83.4122	0.627424	7442	0	132.933	0	80.2505	0	1371.7	0.33002	6837.39	0	83.9753	0.691826	1436.33	0	0	0	0	0	0	0	0	0	0	0	0	0	0	0	2.80787	0.0150702	0	0.0150702	2.26178	0	0	0.0150702	0	0.0606217	39.9965	0	3.65028	0.0150702	138.852	0	0.239792	0.0343552	5.13183	0	64.5886	0.0174138	0	0.00374532	0.176809	0.549558	222.57	0.0553179	306.707	0.0117457	305.975	1.47104	15441.3	0.0888382	1.70773	0.141178	420.158	30.0761	151076	0.286576	20452.7	0	9021.07	12.9878	2190.12	0.0535261	0.672836	1.5372	7669.43	2.30576	482.423	3.3969	6498.63	4.11207	15554.7	2.72133	3020.09	
2.40134e+07	MFG_L_7_2	0.051358	1389.43	82.2648	1.62619	495.998	0.369448	1528.66	0	0	0	0	0.423107	0.0203669	0	62134	0	0	0	9146.52	0	3.49975e+06	0	1.5804e+06	0	1.54371e+06	0	0.00497512	0	599871	0	403332	0	6942.7	0	55555.3	0	1291.63	0	63644.8	0	0	0	0	0	0	0	0	0	0	0	0.251481	0	74825.7	0	73450	0	65341.3	0	10240.3	0	6.36136	0	3.86787e+06	0	0	0	0	0	0.0037037	0.00396825	1.84669	0	111.496	0	0.00813008	0	0.0119048	0	0	0	2.74202	0	0	0	1.50911	0	0.0210091	0	0	0	0	0	0.00273224	0	4.66269	0	1128.92	0	0.924113	0	0.0870415	0	0.00273224	0	0	0	0	0	0	0	0	0	0	0	0	0	0	0	0	0	0	0	0.0293321	0	538.43	0.0363095	17.0367	0.0353166	11667.1	0	4767.71	0.00396825	762.603	0	19.8124	0	7232.28	0	79.7382	0	3871.34	0	2490.04	0	0.026426	0	0.00416667	0	0	0	0	0	0	0	23158.8	0	0.0386555	0	835.631	0	22950	0.0159732	0.891812	0	0.0119048	0	0.380104	0	793.453	0	0.00512821	0	3660.29	0	0	0	0	0	0	0	0	0	0	0	0	0	0	0	0	0.0391409	0	0	0	0	0	0	0.0181414	0	42.3162	0	0	0	7.01752	0	0	0.0697317	15.3831	0	7.65169	0	0	0	0.00273224	0	15.1843	0.0159732	0.0410218	0	0.00497512	0	190.004	0.0680215	0.162781	0.00396825	56.3737	0	0.266074	13.0856	172.031	0.0358646	0	0.00666667	840.192	0.00666667	6.35655	0	0.0480925	0	4.34148	0	0.0353342	0	0.0480925	0	192.31	0.00666667	
4.63939e+07	MFG_R_7_2	0	7718.27	0	24393.1	0.00387597	17287.7	0.00411523	18441.4	0	467.134	0	0	0	0.00606061	0	3263.35	0	0	0	15.4971	0	950.019	0	2.88523e+06	0	328604	0	0	0	1.81533e+07	0	281.453	0	44039.9	0	27.0842	0	265.99	0	6460.21	0	0	0	0.105405	0	0	0	0	0	0	0	0.418628	0	4725.37	0	36976.8	1.26921	768.895	2.96593	2135.79	0	0	0	855365	0	0.026802	0	0.00595238	0	0.0833842	0	1.57967	0	0.293296	0	1.19045	0	0.122534	0	0.999811	0	31799.7	0	4.36276	0	87594.1	0	4813.89	0	34.7125	0	0.0974788	0	1.81171	0	49.2918	0	4007.06	0	119.858	0	140.181	0	0.0653483	0	0.0153581	0	0	0	0.003367	0	0.003663	0	0.01406	0	0	0	0.003367	0	0	0	23558.8	0	4768.29	0.0472285	262.745	0	17.0199	0	488.729	0.0507126	282.281	0.0279026	171.055	0	5453.51	0	44420.7	0	5329.46	0	22439.7	0	552051	0	12.3104	0	0.00584795	0	0.372981	0	0	0	0	0	5059.85	0	0.00813008	0	2563.47	0.505048	6484.04	0	3.96906	0	0.0162098	0	0	0	18.7424	0	0	0	3.41218	0	0	0	0	0	0	0	0	0	0	0	0	0	0	0.00406504	0.0133413	0	0	0	0.00456621	0	0.00383142	0	0	0	0.496262	0	145.292	0	0.123598	0.00406504	0.0126198	0	0.0366473	0	1.72332	0	0.0274864	0	0.0478751	1.82639	641.891	0	0.107375	0	0	1.66862	3309.94	0	0.295426	0	0.00606061	0	2.56375	0	104.974	0	0.35607	5.22414	35.6854	0.748893	3.75666	0	0.0661836	0.547589	0.142724	0	0.195243	0	0.625224	0	2.99053	
1.76399e+07	MFG_L_7_3	80.1651	0.641303	102180	0.168109	544483	4.95692	6199.04	0	1.77035	0	0.0283688	3.1312	216054	0.0648746	1.80986e+06	0.0629806	9146.52	0	0	0	2.63713e+06	0	55713.4	0	35093.3	0.0999293	2.43589e+06	0.585856	272.823	0	557.274	0	1053.21	0	80799.4	0	2007.12	0	689.53	0	0	0	2705.99	0	1.60822	0	0	0.246983	0	0	354087	0	375.363	0	1834.75	0.196134	1211.99	0	394.745	0	36.4789	0	369.313	0	0	0	0	0	0.33833	0	409.633	0	5689.38	0	3.2229	0	379.467	0	10.2396	0	287.325	0	5.87059	0	1042.26	0	44.8531	0	0.0156852	0	0.0334433	0	0	0	175.027	0	6512.05	0	23.7057	0	4.49166	0	0.00469484	0	0.0430761	0	0	0	0	0	0	0	0	0	0	0	0	0	0	0	31.3825	0	1.85926	0	32.7702	0.0589337	72.5459	0	916.496	0	362.667	0.0148148	208.572	0	40.2957	0	9436.46	0	10.2386	0	10187.8	0	11087.2	0	33.7039	0	0	0	0	0	0	0	0	0	2122.39	0	0.767595	0	16.0889	0	8103.84	0.0335859	1847.99	0	326.365	0	10201.1	0	140748	0	574.606	0	223440	0	0	0	0.0318182	0.0318182	0	0	0	0	0	0	0	0	0	0	0.00469484	0	0.0166667	0	37.5145	0.0133347	0.00469484	0	14.4939	0	701.447	0	0.018018	0	788.398	0	3.12133	0	312.36	0.0132065	10.083	0.00323625	0	0	0.00469484	0	1.52552	0	3.11016	0	145.489	0.0025641	2930.15	0.77999	98.6568	0.0025641	13274.6	0.0025641	1.58232	0.00833333	68419.2	0.0547009	138.571	0	326.68	0	0	0	7.98415	0	8.12031	0	7.5218	0	27.0133	0	63.9715	0	
1.62085e+08	MFG_R_7_3	0.0402937	3.55581	0.00358423	4206.08	596473	3.24022e+06	0.0123354	23.0459	0.00254453	0.0457777	56531.7	14.603	14882.5	21842.4	10032.8	2.60427e+06	0	15.4971	0	0	0	1.07051e+06	0	1637.22	0	11.8217	395.76	3.64604e+07	0	10772.2	0	23593.9	0	1864.84	4.96699	52525.8	0	19395.4	0	2.07161	0	0	0	30988	0	83.5131	0	3.0114	41.6128	0	4.22083	77265.6	0	51.5575	0.00392157	153.812	0.0275753	9.21488	0.0511166	0.174475	0	311.327	0	12.3036	0.0022831	0.370308	0	0	111.524	20.053	0	250.839	0.117816	6.27997	0	127.383	0.0468772	1086.89	0.110017	30.6808	0	1341.01	0.00239808	365.399	0	251.286	0	259.743	0	10.3569	0	0.553394	0.0241205	94.6908	0	12.594	0	15.8456	0	5.13825	0	1.98045	1.66477	31.9243	0.0025641	9.169	0	15.3181	0.622484	2.54106	0	0.136054	0	12.6275	0	0.0194107	19.4994	5.0366	0.0131528	1.39624	0	538.586	0	3.32947	99.858	674.463	43019.9	26568	0	151.846	0.154472	452.98	0	417.162	0.00406504	15100.8	0.0045045	17424.9	0	0.866023	0	0.21922	0.0045045	33.069	0	1072.69	15356.4	4704.19	0	2.43963	13149.7	53816.7	71.0217	4.96131	0	1443.76	0	18.5756	0	3025.48	0.247922	3703.63	0.0510984	661.716	0	5525.91	0	9931.99	23.1446	527188	0	3223.96	0	786.477	0	0.0134929	0	0.0042735	0	0	0.353802	0.603963	0	0	0	0	0	0	0	631037	18112.4	80180.5	34537.6	125862	0.00273224	3463.36	52361.4	235777	0	7326.77	0	137.788	42891.4	108359	0.00421941	64863.9	8260.51	35481.7	14763.3	43296.8	93.6557	0.00343643	1720.1	1.37211	980.574	680.424	5.81377	32885.5	360.266	6.88395e+06	0.407394	7270.48	19367.9	6.26603e+06	7044.52	1.73766e+07	1.63985	278578	4346.26	3.12217e+06	0.0365365	211051	0.0514688	24134.4	0.231074	13.6942	2.54055	84229.8	101.443	12408	74.7477	32553.5	5.10007	82194.4	0.00925926	36320.5	
3.47064e+07	MFG_L_7_4	15.638	0	9873.23	0	403639	0.0284203	2255.12	0	0.165518	0	0	0.070478	5908.01	0	5.96975e+06	0	3.49975e+06	0	2.63713e+06	0	0	0	1.06334e+06	0	78755.4	0.00401606	252559	0.0111119	39897.4	0	1.83937e+06	0	15489.5	0	870608	0	3558.7	0	2146.96	0	0	0	22.9495	0	0	0	0	0	0	0	626316	0	23.9958	0	280.455	0.0352075	130.854	0	49.6724	0.00374532	94.011	0	140.38	0	0	0	0	0	0.230249	0.00289855	138.223	0	976.479	0	1.08594	0	143.568	0	0.329417	0	284.149	0	2.64361	0	160.425	0	26.0228	0	0	0	0	0	0	0.00289855	227.481	0	6670.69	0	4.36065	0	0.952808	0	0.00490196	0	0	0	0	0	0	0	0	0	0	0	0	0	0	0	0	0	14.8442	0	1.87425	0	41.7822	0	0.816892	0.003663	32.4591	0	26.7297	0	46.2599	0	5.66806	0	649.148	0	29.8949	0	2339.49	0	376.868	0	4.26721	0	0	0	0	0	0	0	0	0	33.0104	0	0.109644	0	3.40895	0	266.277	0.0338529	0.131723	0	12.6703	0	2250.64	0	4616.56	0	11.1522	0	9834.19	0	0	0	0	0	0	0	0	0	0	0	0	0	0	0	0	0	0.00462963	0.003367	2.28909	0.003367	0	0	7.06528	0.00343643	270.052	0	0	0	234.643	0	0.704503	0	89.6498	0.0321679	2.66537	0.0145724	0	0	0.00490196	0.00289855	0.114265	0	0.271858	0	0.00925926	0.0111119	670.468	0.138121	4.36217	0.0253635	535.79	0.0111119	6.09657	0	692.987	0.0133542	99.7403	0	43.4743	0	0	0	1.61281	0	40.4588	0	53.8484	0	8.78017	0	112.6	0	
