data	data	2.5633e+08	3.72585e+07	4.46062e+08	2.22326e+08	2.08929e+08	2.43591e+08	1.00688e+08	9.28243e+07	3.61608e+07	3.55334e+07	7.45141e+06	4.26087e+07	7.15291e+07	9.39879e+07	3.66789e+07	2.17316e+08	1.08458e+07	7.20907e+06	3.33683e+07	3.16082e+07	5.58899e+07	2.53278e+07	6.80937e+07	3.88254e+07	7.91014e+06	2.91256e+07	1.83515e+08	5.55355e+08	1.31142e+07	1.31445e+07	5.32161e+07	8.31407e+06	2.78126e+07	5.19001e+07	1.43375e+07	2.86401e+07	2.14805e+07	4.29586e+07	4.66485e+07	2.76838e+07	2.54493e+06	2.32594e+06	3.50574e+07	5.1195e+07	2.0648e+07	7.97026e+06	2.96864e+07	3.17805e+08	5.86939e+06	2.52334e+06	6.59107e+07	7.8128e+06	1.0611e+08	3.377e+07	2.42821e+07	5.50695e+07	3.90554e+08	4.59515e+07	1.81531e+08	1.6749e+08	2.76661e+07	2.13252e+07	8.88166e+07	4.02652e+07	1.59432e+07	1.43977e+07	2.8487e+06	1.62631e+07	6.47072e+07	7.20099e+07	2.28158e+07	4.29088e+07	6.52226e+07	4.75596e+07	3.07405e+07	4.4243e+07	1.54435e+08	3.03721e+07	1.7136e+08	5.13274e+07	6.07786e+07	5.79383e+07	1.01196e+08	1.95427e+07	4.44185e+07	5.61635e+07	4.14857e+07	1.03577e+08	6.15568e+07	9.3121e+07	3.31255e+07	2.47943e+06	2.53987e+07	3.81408e+07	7.69501e+07	1.14677e+07	4.31412e+07	2.37077e+07	3.94904e+07	1.15169e+06	3.66201e+07	5.13502e+07	1.61769e+08	1.85e+08	2.65023e+08	1.58557e+08	1.21281e+08	4.38494e+07	3.71272e+06	837710	5.15357e+06	2.11157e+07	1.3242e+07	1.29071e+07	6.77232e+06	2.07999e+07	2.42679e+06	1.28368e+06	4.26715e+06	2.94503e+07	2.53926e+07	2.74179e+07	1.82615e+07	1.62541e+07	5.99471e+07	7.1415e+07	4.10306e+07	9.41548e+07	7.16786e+06	1.68747e+07	2.57323e+07	5.09143e+07	4.42315e+07	7.10416e+07	3.97614e+07	7.59748e+07	4.06136e+07	1.06136e+08	3.76059e+07	4.16783e+07	2.65549e+07	3.17448e+07	5.38199e+07	3.98766e+07	1.96722e+07	2.1423e+07	1.22039e+07	9.27151e+07	8.06008e+06	2.53627e+07	3.68232e+07	1.71615e+08	2.62953e+06	5.77408e+07	1.28407e+08	3.71955e+07	4.31394e+06	3.49347e+06	5.46199e+07	1.57254e+07	2.65296e+08	6.6112e+07	2.51122e+07	7.26627e+06	3.06644e+07	3.09642e+06	1.45318e+07	3.26149e+06	3.3811e+08	3.83915e+07	1.21557e+07	1.02169e+06	2.25292e+08	2.75557e+06	5.86769e+06	3.81506e+06	1.43368e+07	9.92669e+06	1.51419e+07	5.56694e+06	5.0858e+06	2.22151e+07	2.27783e+06	418680	4.7965e+06	9.06208e+06	4.80012e+06	1.617e+06	5.8587e+07	1.57434e+08	8.51688e+07	1.3204e+08	2.01541e+08	9.3087e+07	9.10332e+07	1.01931e+08	4.66002e+08	2.71222e+08	8.40322e+07	4.89657e+07	1.64116e+07	3.27791e+07	2.78854e+08	1.27153e+08	1.09535e+08	1.2529e+08	1.05963e+08	1.29842e+08	2.32717e+07	5.94731e+07	1.09984e+07	1.27965e+07	3.808e+07	1.28992e+08	1.61603e+08	4.80146e+08	1.32228e+08	3.46023e+08	7.80673e+07	3.50683e+08	2.1002e+08	6.6101e+08	1.1783e+08	3.90661e+08	1.96202e+08	6.47605e+08	9.99757e+07	9.72858e+07	3.9763e+08	6.48222e+08	1.4393e+08	2.19428e+08	3.53769e+08	2.20578e+08	9.89114e+07	1.36152e+08	9.40417e+07	1.60376e+07	1.03187e+08	1.34567e+08	1.17095e+08	1.35651e+08	1.40553e+08	2.48045e+07	2.02953e+08	3.4043e+08	
data	data	SFG_L_7_1	SFG_R_7_1	SFG_L_7_2	SFG_R_7_2	SFG_L_7_3	SFG_R_7_3	SFG_L_7_4	SFG_R_7_4	SFG_L_7_5	SFG_R_7_5	SFG_L_7_6	SFG_R_7_6	SFG_L_7_7	SFG_R_7_7	MFG_L_7_1	MFG_R_7_1	MFG_L_7_2	MFG_R_7_2	MFG_L_7_3	MFG_R_7_3	MFG_L_7_4	MFG_R_7_4	MFG_L_7_5	MFG_R_7_5	MFG_L_7_6	MFG_R_7_6	MFG_L_7_7	MFG_R_7_7	IFG_L_6_1	IFG_R_6_1	IFG_L_6_2	IFG_R_6_2	IFG_L_6_3	IFG_R_6_3	IFG_L_6_4	IFG_R_6_4	IFG_L_6_5	IFG_R_6_5	IFG_L_6_6	IFG_R_6_6	OrG_L_6_1	OrG_R_6_1	OrG_L_6_2	OrG_R_6_2	OrG_L_6_3	OrG_R_6_3	OrG_L_6_4	OrG_R_6_4	OrG_L_6_5	OrG_R_6_5	OrG_R_6_6	OrG_R_6_6	PrG_L_6_1	PrG_R_6_1	PrG_L_6_2	PrG_R_6_2	PrG_L_6_3	PrG_R_6_3	PrG_L_6_4	PrG_R_6_4	PrG_L_6_5	PrG_R_6_5	PrG_L_6_6	PrG_R_6_6	PCL_L_2_1	PCL_R_2_1	PCL_L_2_2	PCL_R_2_2	STG_L_6_1	STG_R_6_1	STG_L_6_2	STG_R_6_2	STG_L_6_3	STG_R_6_3	STG_L_6_4	STG_R_6_4	STG_L_6_5	STG_R_6_5	STG_L_6_6	STG_R_6_6	MTG_L_4_1	MTG_R_4_1	MTG_L_4_2	MTG_R_4_2	MTG_L_4_3	MTG_R_4_3	MTG_L_4_4	MTG_R_4_4	ITG_L_7_1	ITG_R_7_1	ITG_L_7_2	ITG_R_7_2	ITG_L_7_3	ITG_R_7_3	ITG_L_7_4	ITG_R_7_4	ITG_L_7_5	ITG_R_7_5	ITG_L_7_6	ITG_R_7_6	ITG_L_7_7	ITG_R_7_7	FuG_L_3_1	FuG_R_3_1	FuG_L_3_2	FuG_R_3_2	FuG_L_3_3	FuG_R_3_3	PhG_L_6_1	PhG_R_6_1	PhG_L_6_2	PhG_R_6_2	PhG_L_6_3	PhG_R_6_3	PhG_L_6_4	PhG_R_6_4	PhG_L_6_5	PhG_R_6_5	PhG_L_6_6	PhG_R_6_6	pSTS_L_2_1	pSTS_R_2_1	pSTS_L_2_2	pSTS_R_2_2	SPL_L_5_1	SPL_R_5_1	SPL_L_5_2	SPL_R_5_2	SPL_L_5_3	SPL_R_5_3	SPL_L_5_4	SPL_R_5_4	SPL_L_5_5	SPL_R_5_5	IPL_L_6_1	IPL_R_6_1	IPL_L_6_2	IPL_R_6_2	IPL_L_6_3	IPL_R_6_3	IPL_L_6_4	IPL_R_6_4	IPL_L_6_5	IPL_R_6_5	IPL_L_6_6	IPL_R_6_6	PCun_L_4_1	PCun_R_4_1	PCun_L_4_2	PCun_R_4_2	PCun_L_4_3	PCun_R_4_3	PCun_L_4_4	PCun_R_4_4	PoG_L_4_1	PoG_R_4_1	PoG_L_4_2	PoG_R_4_2	PoG_L_4_3	PoG_R_4_3	PoG_L_4_4	PoG_R_4_4	INS_L_6_1	INS_R_6_1	INS_L_6_2	INS_R_6_2	INS_L_6_3	INS_R_6_3	INS_L_6_4	INS_R_6_4	INS_L_6_5	INS_R_6_5	INS_L_6_6	INS_R_6_6	CG_L_7_1	CG_R_7_1	CG_L_7_2	CG_R_7_2	CG_L_7_3	CG_R_7_3	CG_L_7_4	CG_R_7_4	CG_L_7_5	CG_R_7_5	CG_L_7_6	CG_R_7_6	CG_L_7_7	CG_R_7_7	MVOcC	MVOcC	MVOcC	MVOcC	MVOcC	MVOcC	MVOcC	MVOcC	MVOcC	MVOcC	LOcC_L_4_1	LOcC_R_4_1	LOcC_L_4_2	LOcC_R_4_2	LOcC_L_4_3	LOcC_R_4_3	LOcC_L_4_4	LOcC_R_4_4	LOcC_L_2_1	LOcC_R_2_1	LOcC_L_2_2	LOcC_R_2_2	Amyg_L_2_1	Amyg_R_2_1	Amyg_L_2_2	Amyg_R_2_2	Hipp_L_2_1	Hipp_R_2_1	Hipp_L_2_2	Hipp_R_2_2	BG_L_6_1	BG_R_6_1	BG_L_6_2	BG_R_6_2	BG_L_6_3	BG_R_6_3	BG_L_6_4	BG_R_6_4	BG_L_6_5	BG_R_6_5	BG_L_6_6	BG_R_6_6	Tha_L_8_1	Tha_R_8_1	Tha_L_8_2	Tha_R_8_2	Tha_L_8_3	Tha_R_8_3	Tha_L_8_4	Tha_R_8_4	Tha_L_8_5	Tha_R_8_5	Tha_L_8_6	Tha_R_8_6	Tha_L_8_7	Tha_R_8_7	Tha_L_8_8	Tha_R_8_8	
2.5633e+08	SFG_L_7_1	0	6.69452e+06	1.04857e+08	409072	217048	15164.2	3.93306e+06	5850.59	384614	138.552	360095	6252.25	149.133	0.107296	0.498098	134393	38.0401	0.173111	0.396274	0.00250627	19.4143	11.7486	0.831889	1325.18	0	182.24	0.994644	0.198873	24209.8	0.896336	1674.3	0.0598138	33291.5	172.023	18.1868	0.734849	57446.8	17.1876	144185	4675.78	0.00383142	0	3.11648	0.039581	0.193153	0	0.193153	0.0220067	0.00555556	0	8.20794	0	1.77196	0	10.9513	0.89723	3309.83	0.809395	84.9379	4.05129	19.113	0.706235	472.378	0	3229.25	1.29977	168.037	4.87801	0.329557	0	4.16732	0	6.00562	0.3084	1.19502	0.0031746	78846.5	0.0117495	13593.3	0.0160007	4994.12	0.0369129	365.887	0.0662602	479.897	0.0709714	206.495	0.0124357	0.0339983	0.305532	37.0677	0	2.56376	0.00416667	697.222	0.0262517	608.79	0.0178063	5506.5	0	12.7309	0.305532	0.258703	0.00326797	9.62152	0.0179043	0.530255	0.00392157	0	0	0.0202067	0	0	0	0.0202067	0	0	0	0	0	111.826	0.00326797	1.84883	0	2245.8	0.294904	12.6593	21.9982	932.157	0	5197.77	0.533779	764.324	0	546.99	0.0639408	886.351	0.0180995	0.00537634	0.0213347	0.323612	0.556547	489.087	0.00505051	2.37368	0.360634	3666.07	10.6035	383.223	0.758305	6.74202	2.68349	349.986	2.57843	45170.5	0	0.10381	0	28.3903	0	174218	0.817462	27191.8	0.0100251	0	0	709.754	0.359243	2.48771e+06	9.50654	2136.6	0.21784	5.2843e+06	0.531076	1.03535	1.69561	39.7872	26187.9	6.07432	1.67284	0.977521	2.04902	80.301	3.43722	367.403	21.9807	0.0830827	0	1.67353	56.7312	0.0173629	0	1.10292	0	1.72894	0.388484	19.6639	0	25.2724	0	2.40942	0	15.2907	0	0.43053	166.469	17.3149	12.9202	33.7454	0.00387597	0.044701	2.62653	0.0769256	0	2319.24	553.443	1.70305	0.213844	0.382084	0.20181	44222.1	7695.45	1.34071	0.293561	4.74718	1.11131	8378.87	66568.3	548819	141.206	98.1075	3.44198	1.55659e+06	89.0728	3301	12.6841	5.38213	0	30389.9	16.4091	5039.27	0.226431	3417.94	0	426034	81.2111	
3.72585e+07	SFG_R_7_1	6.69452e+06	0	5.43915e+06	257865	70964.3	259981	1.04515e+06	1.90726e+06	369048	247992	215.366	141026	20.98	0.0613937	0	2038.83	0	0.500875	0	0	0	0.221752	0	11.7545	0	4148.73	0.00387597	0.00483092	0	20.084	0	0	0	687.369	0	0.0107527	0	407.573	0.00617284	5590.84	0	0	0.00387597	0	0	0	0	0.00483092	0	0	0.00387597	0	0	0	49.237	0	12.7119	0.895676	9.03189	5.16461	0.51317	213.37	0.51317	0.489709	21.4345	35838.8	52.8902	12743.1	0.004329	5.11982	0	0.0486952	0	0.00925926	0	0.0860909	25.7723	0	4.88291	0	0	3.3954	0.00546448	0.418361	0	0.951187	0	0.188709	0	1.98303	0	0	0	0.181835	0	0.0412592	0	0.204433	0	0.00564972	0	1.26804	0.00462963	0.0466346	0.0429253	0	0	0.00520833	0.00505051	0	0.00505051	46.7675	0	0.0183865	0.179008	15.2256	0.0045045	0.0042735	0.020683	47.8111	0	0.190596	0	0.0205323	8.82186	0.838249	0.493146	6.67962	0	0	0.0343225	1.26233	0	0.0893044	0	0.253211	0	0.0464519	0	0.00724638	0	0	0	0.00606061	0	0.0572068	108.158	53052.5	4.93126	9041.48	4.81519	52.994	8.57199	9082.65	0	0.00617284	0	0	0	0	2.16233	5.61133	0	0	0	0	0	0.428635	292.613	33.7805	0	0.00952381	327.547	2.50491	0.347131	13.3099	13.5546	43759.8	0.0851393	14803.4	17.5362	1559.24	0.0900735	16101.9	0.270507	4300.32	0	0	0.233649	0.0189363	0	0	0.00358423	0	0.482741	0.0867832	0.894375	0	0.00358423	0.0045045	0	0.04717	0.292465	0	0.0394073	0.224969	1.22042	3.37882	0.170809	0.0478751	0.0220401	4.86282	0.017667	7.21505	1.9764	28082.4	0.646257	117.48	0	0.359761	4.26549	1.59687e+06	0	0.164731	0	0.153694	138.361	4640.8	1.92713	534.159	0	7479.99	4.67381	275798	0.23894	121.032	0	0.00925926	0.131147	3900.99	0	4.61526	0	0.151258	0.0513904	63728.3	
4.46062e+08	SFG_L_7_2	1.04857e+08	5.43915e+06	0	257271	2.57165e+07	33082.9	5.54957e+06	142.95	19.9725	40.8275	0.0104167	29870.3	0.00347222	0.021543	76757.2	71406.4	212352	0.747626	1.81967	0.0223466	49054.4	5.67526	2.31473e+07	324.315	1.39866e+06	118.974	3.94775	0.294524	1.52952e+06	0.115485	634578	0.808523	4.8165e+06	46.0943	1450.01	0.204495	4.05675e+06	1.7078	8.3004e+06	783.3	0	0	2.54388	0.12101	0.323838	0	0.3925	0.00976919	0.0275107	0	62.4744	0	58516.3	0	171276	0.164681	130697	1.81628	87.7103	22.5214	1143.88	0.10372	536238	0	160.541	0.004329	1.65536	0.284289	0.319005	0	24.7724	0	15.5688	0.551908	5.07621	0.0031746	220853	0.143288	76392.8	0.109792	25473.4	0.0814468	8384.16	0.0371951	4135.3	0.0042735	1931.32	0.106056	0.135338	0.201682	329.63	0	14.4084	0.0137097	4950.29	0.025646	5537.91	0	42674.8	0	134.585	0.0556954	1.01537	0	25.7229	0.0370606	3.74662	0.0171024	0	0	0.00401606	0	0	0	0.00401606	0	0	0	0.00396825	0	434.353	0.0116968	13.9643	0	10354.8	1.19999	1273.76	15.6994	4346.12	0	17323.5	1.99168	6397.77	0	3830.06	0.0332294	12179.1	0.0180995	0.398442	0.00529101	4.49396	0.0858467	2114.41	0	6.78065	0.0875561	71.9469	22.5118	336.97	1.74301	1.48675	2.80664	0.0259042	3.79098	550458	0	0.315936	0	2992.88	0	1.14991e+06	6.3119	44771.8	0.127201	0.00980392	0	255206	0.00680272	8.76689e+06	2.28422	11320.3	0.00680272	1.72103e+07	0.00724638	0	0.276676	0.0422705	9297.88	0	0	0.00396825	0.718261	0	0	0	4.02169	0	0	13.5529	177.693	0.723117	0.00401606	297.882	0	5.87557	0.824597	2557.15	0	967.901	0	10.2115	0	1941.35	0	3.50456	654.755	207.578	7.00789	115.742	0	0.127122	0.848865	0.0208792	0	997.24	182.779	6.83573	0.247322	0.324485	0.148653	77975.2	1537.51	1.14519	0.711637	5.37185	2.12277	26866.9	7865.57	3.75731e+06	117.262	7702.26	12.4676	2.81433e+06	153.919	4870.01	39.4687	20.4921	0.00297619	71837.5	32.2141	19922.9	0.215733	10659.2	0	694538	154.551	
2.22326e+08	SFG_R_7_2	409072	257865	257271	0	110273	6.37896e+06	12351.9	153374	590.383	0.179902	4758.63	163.019	259.119	0.601296	1.06692	6.97214e+07	0	14390.8	0	3.67302	0.128423	438009	0	1.33265e+06	0	7.06854e+06	0.00378788	3.98034	0	1.70878e+06	0.186103	93001.5	0.00775194	1.79235e+06	0	61004.5	0	430682	0	2.58432e+06	0	0	0.00378788	0.828144	0.00248756	0	0.00248756	0.130928	0	0	0.0299603	0.356564	0	87.7756	0	90346	14.0927	53054.5	30.9775	42418.8	0	2374.3	0	27342.2	6.27114	0	0.501404	0	0.0141192	0.108	0	3167.26	0.0283135	74.8957	0	1895.53	0.767642	0.441978	0.927455	344.739	0.002849	14452.3	0.0759478	0.624049	0	4182.65	0.0524184	2175.14	0	5569.91	0	250.041	0	4.88198	0.0131886	6.06486	0	4247.01	0	21.3455	0	3829.25	0	210.254	3.75247	0.0225989	0	0.771345	0	0	0	0.0369391	0	0.0179043	0	0	0	0	0	0.0173797	0	2232.35	0	147.04	0.537427	324.268	0.754147	43575.3	0	47.6012	0.308727	2895.31	0.0976809	726.956	1.444	41003.9	0	14343.9	0	30.7532	0	1510.22	0	4451.94	0	5162.12	11.4742	4257.44	0.0376769	0.283691	0.500665	2089.55	2.33482	2.06451	0	1522.32	0	1.16836	0	2.74069	2.19329	68926	0	154.434	0	0.047619	0	18963.7	2.62501	129994	0	694.558	0.584247	14727.7	0	0	16.3689	0	145.922	0	0	0.0789189	0.00925926	0	5.61666	0	0	0	3.98007	10.8583	0	0	0	0	6.54366	5.35452	0.0579812	0	0	27.5189	0	197.044	0.0579812	0.666165	8.89364	51.6983	0.0353235	26374.6	1.70042	698.935	0.540797	9.59236	0.134215	0.350764	14.47	505856	0	7.15778	0	1.80876	67.3701	1.51212e+07	0.353971	15.8837	0.0520618	90.3377	416.428	9249.15	1.18228	1.88881e+06	0.00628931	13224.1	63.5998	118828	0.039721	21.0759	0	0	0.168163	156.344	0.0658117	0.0684017	0.0174806	0.068759	0.092851	33264.2	
2.08929e+08	SFG_L_7_3	217048	70964.3	2.57165e+07	110273	0	1.922e+07	26384.9	1.77452	146.82	0.12124	2.37997e+06	1.7923e+06	9.13999e+06	1.06174e+06	2.17395e+06	20305	13483.5	1.94978	3.39129e+06	2071.02	1.09886e+06	355.334	144.19	822.975	1.76293	0.399849	373762	75945.9	50166.7	1.01366	1.45236e+06	29.1187	1.96477e+06	589.591	46449.2	25.2061	389331	99.2919	3360.87	95.9341	0	0.0272563	2282.51	7.0009	1.09445	0	2.20323	4.98389	0.00520833	0.00653595	969121	0.010257	119.925	0	2161.97	0.0417391	318882	0.237222	879.104	29.9136	1.92362	0.26838	1.87678	0.0376982	2253.76	0	20.0171	0.0205128	20.2265	0.0113993	7.10489	0.0290545	93.1553	23.5133	0.79563	0.0783668	159276	11.2032	190381	9.58105	1909.2	13.781	42932.6	1.48102	487.566	0.0042735	1363.9	22.3374	0.0602032	22.9985	37.8482	0.00350877	1318.91	3.31233	540.948	5.73436	953.926	0.0154199	7970.87	0.00314465	70.2349	2.72904	18.1057	0.960968	7.63172	0.00444444	0.351273	0	4.79699	0	18.6358	0.00280112	0	0.003367	297.835	0.0031746	10.5592	0	1.96075	0.0123362	20.5144	1.00081	0.768864	0	26910.4	10.4394	34155.2	18.2271	240.819	0	4467.27	2.72027	2150.94	0.0148166	8304.56	0.133607	1561.22	0.0150664	0.00505051	0.0209987	0.124766	0.00505051	171.304	0	1.07453	0.020683	17914.7	659.182	1175.78	2.91254	2384.98	19.3589	17170.8	96.5464	64337.9	0	0.101417	0	22.1558	0	426127	9.55364	12660.9	1.25478	0.249907	0.0025641	499593	2.25604	8.94633e+06	133.228	3343.61	0.409297	3.17075e+06	1.87267	1315.31	0.154736	81296	85909.3	11269.8	0.124418	1243.92	0.327059	1603.14	0	34950.3	2.83462	0.0573586	0	182.667	57.1742	40.3123	0.00401606	6639.1	0.00297619	7.52494	0.38882	50778.2	0	10544.9	0.00350877	1.07053	0	30984.4	0.00297619	10.9866	243.157	2115.98	4.29531	1623.92	0.003663	5.61022	0.898631	3.91366	0.00280112	838.211	86.3476	2578.53	27.6052	1.66729	3.20096	72457.2	1062.98	7.4047	2.37066	1763.9	31.5671	2.66628e+06	15777.3	4.30084e+06	687.108	1.98395e+06	228.303	5.34724e+06	269.694	7315.52	240.726	2830.2	0.0744303	800034	109.617	817406	1.34816	412942	0.0516536	1.97006e+06	566.45	
2.43591e+08	SFG_R_7_3	15164.2	259981	33082.9	6.37896e+06	1.922e+07	0	0.932195	63.3293	416.614	126.77	265563	1.73516e+07	314903	2.09496e+07	74167.4	6.89005e+06	0	2.40003	845842	2.76147e+06	97856.6	1.81574e+06	0	35458.8	0	315.577	1199.79	194380	0	47318.6	20.7397	602155	0.0549453	1.34846e+06	0.772975	992488	0	253927	0	19232.9	9.11334	0.0966457	3.16909	529.92	38.4731	0	97.7338	25.9022	0	0.514664	274.389	17811.9	0	9.4294	0	14.2286	205.594	7648.85	9.12845	36114.5	0	540.331	0	116.942	536.41	646.607	17.0401	1171.35	0.139168	1017.9	0.0035461	8662.14	31.1044	8473.59	0	6232.08	139.221	24.4356	176.602	510.146	0.0740847	3514.3	204.166	41.5206	0	165.318	2.42234	1618.45	0	3681.75	0	40.4595	34.1515	233.023	8.38753	27.0798	0	315.028	0.003003	0.886369	0.003003	2219.76	0.00374532	367.49	5.95642	0.0171645	0	0.120957	0.0156207	8.48633	0.0384582	27677.9	0.00374532	4.56119	0.147799	9963.87	0	1.66337	0	29268.6	0	2087.76	0	117.894	122.44	38814.7	353.573	120460	0	232.261	0.613322	56885.1	0.128194	6969.21	2.12792	5329.34	0.0563112	2904.11	0	4.18788	0	30.2741	0	1.6885	0	4012.63	7785.11	415342	29.9754	2728.05	1130.59	20067.2	3877.92	790850	0	263.081	0	4.08987	0	1.75738	8.70104	129002	7.21636	47288.9	36.5521	67.7155	0.294374	18751.5	112.946	751408	0	154.886	1.32517	1681.35	103.546	1653.68	181744	455605	5153.38	404880	74.6002	353440	16.2383	115.726	2603.61	175232	43.8812	3933.36	2.27013	863.602	0	0.116076	0.0264738	9.1576	2.66228	0.860862	20.511	6.88445	1.19927	493.755	0	19.8947	2.92568	91846	1.01897	3.90831	122.568	90696	18.1881	276.862	4.05598	2.65153	0.00292398	2520.06	37.7936	571888	1889.23	58032.3	3.77252	1.74327e+06	78.75	5.99031e+06	651.25	5238.61	880.881	5.43612e+06	55.2628	1.98485e+06	2400.65	1.17495e+07	7.01592	4.88821e+06	5.56508	1.13744e+06	37.2338	4970.81	0.0299508	0.718593	238.687	56962	84.749	3016.27	14.9554	1161.04	8.74677	3.01756e+06	
1.00688e+08	SFG_L_7_4	3.93306e+06	1.04515e+06	5.54957e+06	12351.9	26384.9	0.932195	0	241470	1.03726e+07	89390.6	0	0.003663	0	0.00320513	1.0723	6890.12	0.634369	0.161502	0.0165509	0	49.9073	0	239.435	3.77482	324389	38.9032	2.81975	0	60073	0	352.132	0	12078.9	2.12399	0.603896	0.64324	53083.3	0.715846	676637	16.0583	0	0	7.25858	0	0	0	0.0348078	0.00383142	0.0213456	0	21.5191	0	456793	0.00347222	1.93709e+06	16.8731	42644.3	13.8558	249526	9.74175	91456.5	2.63259	2.42649e+06	6.55137	1539.45	3.62299	64.9403	51.7164	5.43932	0	0	0	364.486	0	0.042863	0	158471	0	25138.3	0.00294985	113.94	0.0151384	22.5502	0.152881	162.413	0	3.4015	0.00294985	0	0.0114261	39.7961	0	0.0661831	0.0042735	26.2085	0	904.951	0	275.248	0	0.446086	0.0114261	0.00505051	0	8.09244	0.744587	0.0191453	0.300052	0	0	0	0.0045045	0	0	0	0	0	0	0	0.0045045	6.24865	0	5.57778	0	285.394	2.31384	43.0666	8.4096	888.845	0	1121.41	0.821573	341.565	0.0576182	649.062	0.0134735	2191.62	0	0.522678	0	24.1711	0	206.375	0	0.303688	0	0.150161	5.77551	0.549388	2.50799	0.0623714	3.68626	0.00555556	1.47957	14096.3	0.0313829	0.0266667	0	443.271	0	93169.1	1.89607	33734	0	0	0	1044.23	0.0175003	5.54113e+06	0.0201523	5435.28	0.00574713	1.2576e+07	0	0	0	0	121.966	0	0	0.00555556	0.0570133	0	0.0337607	0	0.00694444	0	0	1.84823	252.331	0	0	0.0185328	0.003663	1.54174	2.86491	8.45024	0	9.27213	0	0.112687	0	5.23188	0.003663	2.77625	391.922	0.855343	5.96387	46.5674	0	152.724	9.32591	1.7022	0	146253	2641.36	0.0547594	2.22532	1.63786	0.250271	580884	40683	119.828	0.550612	112.421	1.12262	208.895	684.526	668511	53.9492	0.00401606	15.177	2.70741e+06	1666.35	275.625	2.92511	0.136318	0	356.371	134.753	5.81175	0.0801004	6.32327	0	126427	450.095	
9.28243e+07	SFG_R_7_4	5850.59	1.90726e+06	142.95	153374	1.77452	63.3293	241470	0	678398	1.12324e+07	0.223079	0.00724638	0.00396825	1.0997	0	9683.71	0	133.53	0.00326797	0.003367	0.0294118	0.0373737	0	166.943	0	212637	0	3.82751	0	6744.14	0	0	0	71.3839	0	0.502169	0.00666667	572.29	0.00666667	19093.2	0	0	0	0	0.00311526	0	0.00311526	1.69229	0	0	0.00396825	0	0	243093	4209.13	2.99848e+06	234.048	18.4321	38256.2	57.4557	0.0566038	10289.4	0.0566038	1.04656e+06	743.766	104.26	41803.3	10084.3	0.0383161	0.876186	0	0	0	0.359707	0	0	1.24634	0	0.339049	0	0	20.3557	0.00416667	0.333662	0	10.6412	0	0	0	5.04491	0	0.0200348	0	0.186814	0	0.0790167	0	4.72705	0	0.212539	0	2.61559	0.004329	0.296558	0.16018	0.0489331	0	0.0203574	0.12501	0	1.51812	2.63689	0	0	18.4569	0.651107	0.467133	0	0.0473867	2.63268	0	0	0	0	136.481	14.6775	9.62667	24.8236	0	0.0290404	0.900643	99.5345	0.0326977	0.220365	0.00314465	0.731883	0	1.1866	0	0.00775194	0	0.0299966	0	0.00694444	0	0.0313769	3161.58	151.611	122.676	329.125	73.7254	35.7406	2039.14	233.238	0	0	0	0	0	0	33.2966	17.6716	0	0.00813008	0	0	0	0.0144551	14.0168	1.29636	0	0	13.7903	2.46707	14.4369	191.694	0.0397339	54.4218	0.0424547	0	864.635	1812.82	0.116258	0.14693	118.039	74.5273	0.0047619	0	3.79672	3.80002	0	0.00520833	0	0	4.91186	8.05287	0.167894	0.00793651	0.00308642	0	0	0.04717	0	0	1.7219	13.9367	0.978068	19.9449	0.0602008	0.125669	0.555981	2075.11	0.649991	1.51214	58.2589	1.92546e+06	74.9693	27.2212	0.00311526	49.7811	121.842	2.27104e+07	0.128441	8.27616	0.0148885	84.1453	0.775019	2235.82	1.08238	2301.45	0.00406504	1994.53	440.093	2.45452e+06	5.95089	21655.5	0	0	4.0679	14493.8	0.73775	1.62975	0.155117	0.0267899	1.60521	404315	
3.61608e+07	SFG_L_7_5	384614	369048	19.9725	590.383	146.82	416.614	1.03726e+07	678398	0	393589	3537.23	0.258917	0.235326	0.0139009	0.0221024	78.5682	0	0.0286772	0.0406994	0	4.74312	0.148058	0	5.41809	0	74.752	1.60158	0.0339662	0	0.0961163	2.75388	0.0999306	0.00952381	32.8291	0.0969697	1.7615	28.3638	21.9244	10.8691	1515.28	0	0	1.05882	0	0.00401606	0	0.0162626	0.0151535	0.134479	0	4.55959	0	31.3079	0.00347222	9209.07	405.49	15133.3	9.11296	498355	5.3531	4.44376	12.1121	14.5882	3.10734	8129.06	185.195	76586.2	4240.29	12.7033	0	0	0	48.1039	0.00680272	0.0439045	0	68229.6	0	20896.8	0	7.59324	0	9.71804	0.151313	1.19889	0.00258398	1.21593	0	0	0.116018	0.0391363	0	0.00387597	0	0.199974	0	1.754	0	2.02158	0	0	0.081391	0	0	2.96044	0.0710054	0	0.0190476	0	0	0	0.0045045	0	0	0	0	0	0	0	0.0045045	2.31084	0	0.0775955	0	19.239	1.03705	5.98109	8.64666	26.9577	0	44.2051	0.734441	10.5329	0.0129189	170.804	0	16.5532	0	0	0	0.00537634	0	17.1989	0	0.0559311	0.00392157	216.254	10.5783	1.04145	17.5451	1.06064	1.77846	27.8221	1.05645	113.483	0.0413467	0	0	0.529954	0	14655.1	1.46104	2864.37	0.0137823	0	0	32.9712	0.848822	1.0175e+06	2.19353	428.699	0.0250997	1.15247e+06	0.390197	0	0	0.987994	289.127	0.578118	0	0.055267	0.40672	395.325	375.088	315.752	71.5565	0.00456621	0	1.03111	11.9445	0	0	0.04037	0.003663	1.0714	0.300549	3.99539	0.0184371	3.70982	0	0.0185221	0	1.74555	0.003663	1.00832	22.4596	0.0385109	6.0774	11.8572	0.0035461	43.0901	16.6182	3.88938	0	67907.1	7360.05	0	1.82573	2.37751	0.617504	299861	102807	153.37	0.0140781	85.605	2.48639	6.409	5369.29	224318	109.413	0	22.5645	2.02344e+06	11522.7	313.536	25.7191	0	0	220.403	207.457	0.257676	0.0045045	0.00952381	0	238860	1274.85	
3.55334e+07	SFG_R_7_5	138.552	247992	40.8275	0.179902	0.12124	126.77	89390.6	1.12324e+07	393589	0	0.00775194	0.778272	0.00396825	4.3137	0	0.0133333	0	0.112258	0	0	0.00416667	0	0	0.0631909	0	3.85374	0	2.91456	0	0.0392496	0	0	0	0	0	0	0	0	0	0.0398099	0	0	0	0	0.00311526	0	0.00311526	1.35706	0	0	0.00396825	0	0	17698.9	2668.52	989645	679.219	0.00617284	308449	40701.6	0	106.658	0	7955.45	1167.8	9557.44	107180	431234	0.0407306	5.30526	0	0	0	0	0	0	0	0	0	0	0	0.00444444	0	0.744548	0	0.00416667	0	0	0	0.00617284	0	0.00406504	0	0.12982	0	0	0	0.00416667	0	0	0	0.00406504	0	0.493921	0.00456621	0	0	0	0.00512821	0.00497512	1.03441	17.7473	0	0.00595238	20.8535	4.36848	0.22751	0	0.131501	27.4896	0	0	0	0	253.357	1.30182	11.1289	0.0475591	0	0	0.00641026	7.34717	0	0	0	0	0	0.0199405	0	0	0	0	0	0	0	0	3002.18	797.516	215.633	852.012	77.4713	25.0282	1896.87	736.902	0	0	0	0	0	0	36.1777	12.7456	0	0	0	0	0	0	0	0	0	0	0	0	61.1183	348.162	0.0910824	260.685	0.0187793	0.0138889	2788.1	4352.95	0.00469484	19067.8	108.289	102759	0	0	0.533055	0.226388	0	0	0	0	0.533055	0.732507	0.567604	0.0250054	0	0	0	0	0	0	0	0.11171	2.21701	0.0393439	0.0177505	0	0.58175	5.83877	0.563454	7.10127	60.3625	70916	82.279	94.5701	0.0163315	19.3399	4.14702	928959	0.0146693	0.229143	0.0148885	6.62294	1.43819	7137.31	0	0.00421941	0.0159732	861.838	20.9031	2.05346e+06	0.460653	214593	0	0	0.642743	2392.81	2.06414	3.61635	0.232626	0.348453	3.05122	469544	
7.45141e+06	SFG_L_7_6	360095	215.366	0.0104167	4758.63	2.37997e+06	265563	0	0.223079	3537.23	0.00775194	0	6103.38	541772	16932.4	0	833.98	0	0.0237744	0.0644057	167.907	0.269922	174.146	0	830.113	0	0.0244283	0.0614606	8087.69	0	0.588757	0.0547345	3.98234	0.015873	485.85	0.0114943	2.73441	0	170.214	0	75.6404	0	0.347747	0	0.00653595	0	0	0	1.12635	0.0138889	0.394357	0	0	0	0	0	0	14.7851	0	0.744612	0	0	0.110923	0	0.00320513	356.402	0	8.8168	0	0.0169858	0	0	0	0	0.0832881	0	0	0	0	0	0.00505051	0	0.00462963	0.0042735	0	0	0.040408	0	0	0	2.52201	0	0.014425	0	0.00311526	0	0.00311526	0	0.0178063	0	0	0	1.57634	0.017094	0.0577035	0	0	0	0	2.34011	0	6.38404	0	0.003003	0	68.307	0	1.6149	0	1.27122	0	0	0	0	0	2.74601	0	0.383014	5.52317	0	0	0.0199717	0	0	0	0	0.00421941	0	0	0	0.00537634	0	0.0503796	0	0	0	0.00546448	9028.71	0.00680272	13.679	0	403.99	0.0151829	5687.97	0	0	0	0	0	0	0	0.157993	0	0	0.0037037	0	0	0	1.86914	0	20.3818	0	0.280073	0	1.29516	152.313	0	2612.27	756.173	94574.6	9430.38	116.542	0	261.887	0	7753.99	0.647427	0.123499	748.045	0	0	0	0	0	0	0	0	0	0	0	0	0	0	0	0	0	0	0.00347222	3.19401	0.0173629	0	0.276006	0.0137516	0.70768	0.00925926	31.6671	0.0141414	152.933	0.0533029	0.0428973	0.017205	0.00252525	15.3076	0.0042735	3.97953	0	0	0.753437	3575.7	0	15.5306	0.0708018	0.774293	76.6386	0.0229953	0.126026	0.0229953	0.0367744	0	2.14347	0.18055	2.00013	0.0306314	0.632873	0	1.34572	0.917319	
4.26087e+07	SFG_R_7_6	6252.25	141026	29870.3	163.019	1.7923e+06	1.73516e+07	0.003663	0.00724638	0.258917	0.778272	6103.38	0	490.369	55225.9	2666.24	66.876	0	0.271047	53698.2	0.00740741	316.189	48.2313	0	796.334	0	3.46176	0	2.37244	0	9273.54	0.00311526	424.956	0	22989	0	16.4234	0	2960.14	0	4669.19	0	1.30266	0	0	0	0	0	0.717409	0	3.2946	0	0	0	0.0930087	0	0.312349	0.00564972	69.0605	0.00505051	190.025	0	60.6182	0	3.44817	0.278717	116.677	0.061203	21.62	0	102.849	0	61.8964	0.003367	2.71704	0	59.1384	0.189564	0.00392157	0.270298	8.87853	0	300.388	0	0.0204082	0	13.6683	0	66.7046	0	62.3988	0	0.405059	0	0.0325511	0	0.0161775	0	19.7643	0	0.126274	0	38.6324	0	0.14511	0.0679735	0	0	0	0	0.78453	0.00444444	2134.25	0	0.06518	0.00444444	924.095	0	0.188436	0	2213.81	0	105.326	0	5.01448	1.55483	3.29807	1.70521	360.009	0	0.00483092	0	16.2816	0	1.3507	0.0165638	15.5579	0	0.295941	0	0.787372	0	2.25903	0	0.123874	0	225.115	3.98166	73028.3	0.0219523	145.934	12.2488	381.216	0.860692	99111.8	0	1.21633	0	0.436427	0	0	0.00564972	302.796	0.003663	2.51707	0	0	0.014461	788.22	2.17359	2965.82	0	17.4861	0.250115	254.479	0.291012	113.029	2324.67	51683.4	0.741221	1.41477e+06	1.64333	16304.1	0	31.214	0.0472284	11370.8	0	8099.82	0.0183917	0.0138152	0	0	0	0	0.0735807	0.0445696	2.07208	0.00595238	0	0.0045045	0	0.0173262	0.0575495	0.00268817	0.0363796	0.207346	14.4536	191.902	0.426412	0.219094	0	0.579857	0	240.966	0.0186254	15625	0.00444444	2791.34	0	0.252597	0.0651004	92973.2	0.00308642	64.1491	0	0.0652462	2.97673	9168.21	0.0349532	10503.3	0	1051.04	0.0188203	1276.69	0	0.701523	0	0.00421941	0	84.4127	0	0.244227	0	0.329494	0.00574713	474.753	
7.15291e+07	SFG_L_7_7	149.133	20.98	0.00347222	259.119	9.13999e+06	314903	0	0.00396825	0.235326	0.00396825	541772	490.369	0	5.53588e+06	0.0544093	122.857	0	0	75757.3	1722.87	59.729	1.43096	0	0.16169	0	0	1.29105e+07	1.65779e+06	0	0	0.0478632	0.00877193	0	7.91076	460.783	0.128042	0.808056	2.95403	0	0.285934	126212	31.3023	10948.5	4.364	0.0222222	40.5677	3591.43	599621	38.9617	0.243841	847251	0	0	0	0	0.0163753	0.0182957	0	0	0.0158753	0	0	0	0	1028.32	0	0.0604242	0.00392157	0.0332536	0	0	0	0	0	0	0	0.539827	0	0.00694444	0	0	0.0030303	0.104694	0.0177248	0	0	0	0	0	0	0	0	0.538525	0.00311526	0	0	0	0	0	0	0	0	0	0	0	0	0	0	21.3336	0	44.2338	0	0.00406504	0	3283	0	174.624	0	7.17817	0	0	0	0	0	0.0754077	0	0.673282	0	0	0	0	0	0	0	1.10515	0	0	0	0	0	0	0	0	0	0	0	7229.3	0.0924121	16.2176	0	558.632	0	16898	0.0226054	0	0	0	0	0	0	0.00438596	0	0	0	0.0325397	0	0	0	0.478885	0.00275482	0	0	0	0	62802.8	0.00680272	644054	210280	2.57314e+06	310.67	16118.3	0.0805703	164821	0.00595238	236009	0.10542	2520.63	160.711	0.165546	0	0.00421941	0	0.917002	0	0	0	11.168	0	2.39097	0	0	0	1.96677	0	0	0	1.2971	0	0.534511	0	88.1949	0	33.8216	0	4627.95	0	7319.1	0.0131034	6116.88	11.0223	247.579	0.00292398	3.0928	4.59694	11492.1	0.0140567	8656.71	0.271373	122.263	0.00275482	8603.89	1.26787	321.78	0.485334	0.0350688	0.289248	17.1063	0	65.8239	0.0610666	1860.58	0.00343643	292.663	0	7542.83	1.12491	
9.39879e+07	SFG_R_7_7	0.107296	0.0613937	0.021543	0.601296	1.06174e+06	2.09496e+07	0.00320513	1.0997	0.0139009	4.3137	16932.4	55225.9	5.53588e+06	0	1911.75	1.75434	0	0	141369	45150	11403.3	45687.3	0	0.0567408	0	1.16655	1.10424e+06	9.97082e+06	0	0.109315	0.283275	0.257014	0	21.0165	0	11257.8	0	323.825	0	0.14997	2706.19	119963	16.2388	16147.2	8.93277	0.2114	1693.58	333737	0.189663	27.8994	2826.49	1613.41	0	0	0	0.275102	0.0385289	0.037019	0.0637339	0.85389	0	0.0532581	0	0.0567504	0.232237	0.764476	0.411322	0.869956	0.0673259	7.22067	0	0.0243713	0.671438	91.45	0	0.479511	7.00356	0.0579365	7.05354	1.21264	0	0.0047619	7.02251	1.46707	0	0	0.0268676	0.143026	0	5.02163	0	0.0655135	0.491673	22.3186	0.187675	2.0058	0	0.004329	0.003003	0	0.003003	1.8576	0	17.4633	0.159874	0	0	0	0.0302131	0	0.012012	3.92832	0.003003	0.0175469	0.231537	0.177752	0	0.00358423	0.003003	6.98319	0	0	0	0	5.37145	2.01374	5.442	189.074	0	0.00456621	0.0310685	0.301956	0.00387597	0.00456621	0.0286786	4.56586	0	0.172776	0	0	0	0	0	0	0	0.00497512	131.53	40539.7	0.131193	17.4752	344.346	1611.35	50.183	108587	0	0.00311526	0	0	0	0	0.0385289	0.00520833	0.0895567	2.20897	4.19679	0.0211256	0.00245098	0	5.26273	2377.68	0	0	0	0	43.2367	2513.1	90003.2	843638	63.09	205420	29.3503	12254.2	0	473.067	0.139141	70850	821.787	142175	0.0569603	5476.37	0.098128	317.306	146.14	929.344	0.0105761	0.471533	670.782	4312.16	72.5125	21.3404	0	0	550.297	9425.09	0.424473	55.9416	179.904	11540.2	67.6247	179.406	0.073521	0.0644006	0.0973321	2.64382	4.51364	69.1762	70.214	810.859	17.0389	1.96399e+06	6.09307	13855.6	181.652	21478.1	155.116	2.24231e+06	12.2482	52558.2	80.6195	322919	2.97119	594173	0.210781	247378	7.36021	225.329	0.339864	9644.09	29.0135	4785.02	13.1915	718.933	5.12506	1958.89	2.08014	529900	
3.66789e+07	MFG_L_7_1	0.498098	0	76757.2	1.06692	2.17395e+06	74167.4	1.0723	0	0.0221024	0	0	2666.24	0.0544093	1911.75	0	0.0337607	108.171	0	4.92604e+06	2.13109	7.5179e+06	0	2.1437e+06	0.00724638	0.00813008	0	3.86472	0.098562	0	0.00724638	1.13954e+06	0.0299966	213413	1.45	13971.2	0.464044	2899.89	0.739559	0.606678	0.00757576	0	0	0.00617284	0.00254453	0	0	0	0	0	0	13.4659	0	0.00775194	0	0.0298895	0	0.0557453	0	0.00606061	0	0	0	0	0	0.0932079	0	0	0	0.0432956	0.00289855	0	0.00323625	0.0070922	0.0494239	0	0.00323625	1709.51	0.0490575	3269.92	0.00323625	0.00546448	0.0537042	1368.13	0.0115442	0.00546448	0	10.137	0.0271164	0	0.150453	0	0	1.39686	0.191328	0.00546448	0.1457	0.004329	0	0	0	0	0.00362319	0.0187793	0.0763519	0.0035461	0	0	0	0	0	0	0	0	0	0	0	0	0	0	0	0	0	0.00546448	0	17.7829	0.0155993	17.6005	0.00396825	0	0	1.49281	0	1.17364	0	5.15808	0	2.20341	0	0	0	0	0	0.0469438	0	0	0	0.699774	1.21871	0.454591	0	1.25356	0.091792	0	0.236388	0.11151	0	0	0	0	0	1.78655	0	4.65355	0	0	0	5306.98	0	31275.7	0.0681448	0	0	2265.02	0	0	0	1.15292	345.205	0	0.136215	0	0.01349	0	0	0	0.01349	0	0	6.7786	0	1.32593	0	67.2003	0	0.0398435	0	227.224	0	13.143	0	0	0	65.055	0	0.0035461	0	4.20076	0.00396825	5.67511	0	0	0.0116082	0	0	0.290426	0.0681381	1.73257	0.615852	0	0.00421941	137.562	0.205919	0.00497512	0.002849	2.20614	0.169884	2010.53	0.423856	1501.09	0.571232	656.352	0.513021	922.515	0.206912	1.69361	0.385215	5.6685	0	64.274	0.564585	384.64	0.0575874	367.817	0	322.232	0.928759	
2.17316e+08	MFG_R_7_1	134393	2038.83	71406.4	6.97214e+07	20305	6.89005e+06	6890.12	9683.71	78.5682	0.0133333	833.98	66.876	122.857	1.75434	0.0337607	0	0	23050.6	0	4.2883e+06	0.002849	4.32161e+06	0	1.12762e+07	0	959509	0.0471743	567.971	0	1.15116e+06	0.00740741	311263	0	1.67131e+06	0	806490	0	420608	0	1.35573e+06	0	0	0.00378788	15.675	0.00248756	0	0.00248756	0.0581407	0	0	0.0467233	2561.41	0	35.5879	0	5694.24	1.8924	9320.99	5.20094	16382.3	0	783.019	0	15754.4	0.244385	0.00564972	0.0810637	0	0.00343643	0.0169858	0	2690.41	0.0497505	657.29	0	1508.94	0.397329	4.02791	0.664196	174.877	0.002849	5328.83	0.148201	0.0070922	0	1736.73	0.0487886	918.514	0	3145.49	0	143.417	0.0485961	1.0375	0.0118142	1.98294	0	1762.26	0	4.79847	0	2251.33	0	73.6296	0.799198	0	0	0.407749	0	0	0	0.0390143	0	0.00438596	0.00358423	0.00438596	0	0	0	0.0172376	0	846.113	0	45.3314	2.32759	2690.82	2.09196	23065.7	0	113.257	0.185689	12671.4	0.0152426	2157.26	0.180016	21497.6	0	8413.2	0	40.1777	0	1046.38	0	1045.3	0	3501.77	2.52662	3058.35	0.189045	1.17628	1.0119	1030.28	2.0355	58.5609	0	336.174	0	1.43456	0	1.81863	0.449767	59033.8	0.0109253	2138.3	0.00246914	15.5046	0	10023.5	0.482836	127971	0	183.364	0.0455742	2824.22	0.0161622	0	9.09576	0	55.4317	0	0.0157155	0.117795	0.00925926	0	0.0448361	0	0	0	1.6882	8.3993	0	0.0426793	0	0.0715916	1.71286	0.948436	0.0145724	0.00378788	0	42.4864	0	57.145	0.0145724	596.391	1.73771	10.052	0.016282	14812.7	0.423328	267.514	0.215344	2.46902	0.060491	0.154489	7.83823	82864	0.0525543	1.06974	0	0.922308	26.9787	2.9654e+06	0.985058	18.8526	0.175419	15423.2	60.6742	630.708	3.70593	1.76551e+06	0.00628931	418.605	16.6213	11922.9	0.039721	7.55647	0	0	0.28463	0.457344	0.0999001	0.00520833	0.0598584	0	0.0728009	1866.26	
1.08458e+07	MFG_L_7_2	38.0401	0	212352	0	13483.5	0	0.634369	0	0	0	0	0	0	0	108.171	0	0	0	0.0144928	0	20715.1	0	3.12393e+06	0	253131	0	0	0	632125	0	100793	0	248213	0	0	0	15373.7	0	48059.1	0	0	0	0	0	0	0	0	0	0	0	0	0	7113.5	0	87.8782	0	396.621	0	0	0	0.756438	0	727749	0	0	0	0	0	0	0	0	0	0	0	0	0	0.0070922	0	0	0	0	0	0.00505051	0	0.00564972	0	0	0	0	0	0.370507	0	0	0	0.00505051	0	0.848806	0	0.00564972	0	0	0	0	0	0	0	0	0	0	0	0	0	0	0	0	0	0	0	0	0	0	0	0	0	0.0306554	0	0	0	198.269	0	71.1786	0	467.182	0	0	0	2435.34	0	2.14894	0	0.13386	0	0.200552	0	0	0	0	0	0	0	0	0	0	0	9975.94	0	0	0	1489.81	0	4572.28	0	0	0	0	0	0.0997381	0	0.0070922	0	0	0	0.573129	0	0	0	0	0	0	0	0	0	0	0	0	0	0	0	0	0	0	0	0	0	0	0	0	0	0	0	0	0	0	0	0	0	0	0	0	0	0	0	0	0	0	0	0	0	0	0	0	0	0	0	0	0	0	0	0	0	0	0	0	0	0	0	0	0	0	0	0	0	0	0	0	0	
7.20907e+06	MFG_R_7_2	0.173111	0.500875	0.747626	14390.8	1.94978	2.40003	0.161502	133.53	0.0286772	0.112258	0.0237744	0.271047	0	0	0	23050.6	0	0	0	0	0	2633.46	0	1.20169e+06	0	99383.3	0	0	0	308869	0	11.4222	0	40591.9	0	15.3079	0	332.334	0	520407	0	0	0	0.00740741	0	0	0	0	0	0	0	0.00740741	0	4514.4	0	32297.2	0.003663	3185.96	0.003663	149.919	0	21.8446	0	1.33786e+06	0	0	0	0	0	0.004329	0	0	0	0.0333333	0	0	0	0.00456621	0	0	0	0.210408	0	0.00456621	0	32.255	0	0.00520833	0	5.69521	0	0.0216816	0	0	0	0.00606061	0	35.5363	0	0.0240009	0	4.11591	0	0.582166	0	0	0	0.00529101	0	0	0	0	0	0	0	0	0	0	0	0	0	0	0	0	0	17.508	0	10.5435	0	52.8037	0	42.7198	0	1136.89	0	6843.62	0	3478.59	0	0.392603	0	0.200529	0	1.49177	0	0.0333542	0	0.0426559	0	0	0	0.122463	0	0	0	591.082	0	0	0	0.328239	0	1995.98	0	0.00483092	0	0	0	2.57978	0.0333523	24.2031	0	0.120128	0	1.69425	0	0	0	0	0	0	0	0	0	0	0	0	0	0	0	0	0	0	0	0	0	0	0.0150664	0	0.0150664	0.0229277	0	0.540148	0.0333523	0	0	0	0	4.39307	0	0.056762	0	0.135203	0	0.004329	0	10.5177	0	0	0	0	0.012756	605.508	0.00275482	0.0648862	0	0.13807	0.45753	0.629744	0.00378788	89.695	0	0	0.003663	0.00980392	0	0	0	0	0	0	0	0	0	0	0	0	
3.33683e+07	MFG_L_7_3	0.396274	0	1.81967	0	3.39129e+06	845842	0.0165509	0.00326797	0.0406994	0	0.0644057	53698.2	75757.3	141369	4.92604e+06	0	0.0144928	0	0	18.9472	1.24513e+06	1.57447	0.0175439	0	0	0	5.21481e+06	386.158	0.0144928	0	59.0908	0	1.80219	0	62.6576	0.190471	0.115385	0	0	0	0	0.0988465	5433.81	0.00248756	0	0	0.00383142	4.53219	0	0	740573	0	0	0	0.00529101	0	0.197056	0.00320513	0	0	0	0	0	0	0	0	0	0	0.0193277	0	0	0	0	0.048054	0	0	73.5264	0.048054	55.667	0.0136111	0	0.0768799	32.8839	0.026948	0	0	0.27811	0.0283502	0	0.10811	0	0	4.48624	0.886765	0	0.148406	0	0	0	0	0	0	0.015799	0.6079	0	0	0	0	0	0	0	0	0	0	0	0	0	0	0	0	0	0.00308642	0	0	30.1187	0.00416667	44.2671	0	0.00529101	0	0.410029	0	1.14725	0	7.68494	0	4.81466	0	0	0	0	0	0.127626	0	0	0	0.926249	5.48901	0.832249	0.00411523	4.38142	0.741329	0	0.761136	0	0	0	0	0	0	0.644228	0	7.75912	0.00258398	29.5348	0	94.9741	0	1811.61	0.0942517	0	0	42.7901	0	0	0	0.00483092	128.643	0	0.0494624	0	0	0	0	0	0	0	0	1.39436	0.00416667	0.465843	0	15.1817	0	0.117735	0	53.831	0	4.56702	0	0.00529101	0	15.0196	0	0.002849	0.00416667	12.3644	0	20.7348	0	0	0.00280112	0	0	0.0179001	0.188602	0.850891	2.357	1268.5	0.343493	348.579	0.239776	0.00490196	0.0127024	2661.58	0.270383	13934.9	7.97483	1431.51	0.851502	8313.59	11.7283	2796.56	0.422061	3.81353	1.08705	12.0086	0.00456621	196.152	3.84428	1284.62	0.317397	1634.25	0.0544875	7238.57	13.3758	
3.16082e+07	MFG_R_7_3	0.00250627	0	0.0223466	3.67302	2071.02	2.76147e+06	0	0.003367	0	0	167.907	0.00740741	1722.87	45150	2.13109	4.2883e+06	0	0	18.9472	0	4.26439	3.07703e+06	0	0.643146	0	2.25414	2.57643	4.08118e+06	0	0.0336086	0.00757576	21147.2	0	156.792	0.00757576	65699.7	0	8454.17	0	0.670252	0	0	0.0400277	71879.7	0.574757	0	1.99727	0	0	0	0.638598	18344.1	0	0.0629618	0	0.141035	0	62.3237	0	63.949	0	0.122697	0	0.465069	0	0.00529101	0	0.00574713	0	0.0156916	0	530.252	0.595356	1976	0	400.301	2.2023	25.5429	3.51473	40.3261	0.00292398	94.689	3.87629	0.278038	0	2.55421	0.108207	90.8432	0	80.2782	0	4.10403	1.20956	0.436964	0.432359	0.461326	0	10.5039	0	0	0	64.3132	0	2.71501	0	0	0	0.0165689	0	0.00378788	0	0.134346	0	0	0	0.0925805	0	0	0	0.134346	0	86.562	0	1.51787	7.15325	4801.42	14.3578	7203.33	0	20.7965	0.0615097	6401.16	0.0145759	751.669	0.0133347	638.959	0.00358423	420.475	0	0.00497512	0	0.0561931	0	0.0403604	0	49.5707	28.1697	1527.23	0.317313	7.7022	9.75008	156.356	29.9733	583.047	0	4.58683	0	1.77201	0	0.262285	0.00387597	4883.66	0.123661	10985.4	1.01095	80.861	0.00239808	16732.3	1.31808	141821	0	11.7461	0	92.458	0.036008	0	0	0	0	0	0	0.935869	0	0	0	0	0	0	0.00234742	845.886	0	0.00462963	0.0293203	10.6211	0.00234742	0	0.257477	5.20083	0.0514378	100.639	0	3.60172	0.258241	38468.6	0	0.00456621	0.112394	7126.63	0.343026	20.4521	0.0783745	0.141381	0	0.00340136	0.829503	8.93651	16.8944	6.92931	0.0684085	12270.8	1.69613	1573.21	11.6928	500.736	14.4818	325951	0.00292398	159.848	47.9757	763428	0.00292398	5218.54	0.00374532	1997.72	0.0428702	5.18867	0	0	2.78169	42.4557	1.29229	4.17289	0.246865	1.29879	0.0114977	2596.01	
5.58899e+07	MFG_L_7_4	19.4143	0	49054.4	0.128423	1.09886e+06	97856.6	49.9073	0.0294118	4.74312	0.00416667	0.269922	316.189	59.729	11403.3	7.5179e+06	0.002849	20715.1	0	1.24513e+06	4.26439	0	4.50595	981006	0	0	0.0260146	52804.1	23.9986	1.09266	0	1.29829e+07	0	4308.45	0.0204895	658699	0.0682759	1608.97	0	2.08003	0.019934	0	0	33.6478	0.0639307	0	0	0	0.0456745	0	0	465251	0	0.23269	0	1.25081	0.015083	28.4998	0.00320513	0.0845252	0.31787	0.0303637	0	1.34264	0	5.94077	0.0143468	0.0153116	0.00416667	0.472255	0	0	0	1.24329	1.46264	0.00546448	0	55692.9	1.33074	27605.9	0.472899	1.86282	8.68024	9706.76	2.78336	2.89106	0	14.6802	3.7973	0.0159732	2.86243	1.05881	0	59.1803	1.0732	5.82321	7.42886	13.5285	0	5.82808	0.00297619	0.544028	0.109173	0.19615	0.243619	0.447003	0	0.0683329	0	0	0	0	0	0	0	0	0	0	0	0	0	0	0.804176	0.11948	0	8482.96	8.56098	8495.07	3.43665	11.2059	0	525.581	0.0360508	377.193	0	1687.76	0.0139651	349.391	0	0	0	0.0846988	0	47.0232	0	0	0	118.542	207.938	61.5016	0.65694	367.461	6.68473	0.00537634	90.0277	0.225513	0	0	0	0	0	1447.48	0.0276944	1499.81	0.0102962	37.7665	0	257442	0	730218	8.85142	1.9824	0	119283	0	0	0	0	0.00330033	0	0	0	0.0167722	0	0	0	0	0	0	216.41	0	42.106	0	1440.04	0	11.7831	0.00520833	6290.22	0	843.526	0	0.403178	0	1830.5	0	2.44805	0	2404.86	0.0833232	4024.26	0	0	0.323859	0	0.003003	0.624452	4.55439	21.7958	19.2221	0.431075	0.0235778	26615.4	18.9531	0.117472	3.04264	32170.9	16.1801	614080	1.16131	253956	72.5355	164233	0.489874	146477	2.49097	272.58	71.1785	503.931	0	12346.2	11.823	83422.6	0.0141011	93005.3	0.0487833	88518.9	9.40393	
