data	data	4.16727e+07	1.16525e+08	2.92982e+08	1.38409e+07	3.1861e+08	1.07237e+08	1.28896e+08	9.05691e+07	1.16923e+07	2.59749e+07	1.20177e+07	2.72647e+07	1.07314e+08	9.13145e+07	3.0496e+07	3.36948e+07	8.17893e+06	1.12652e+07	1.6325e+07	5.35613e+07	1.45959e+07	3.18949e+07	2.18307e+07	3.38228e+07	1.61798e+07	9.57598e+06	2.44426e+08	2.96837e+08	1.07437e+07	8.38932e+06	2.71092e+07	2.14424e+07	2.28897e+07	2.28998e+07	3.76871e+07	3.03525e+06	1.42954e+07	1.16485e+07	2.9064e+07	3.32561e+07	6.44554e+06	6.90398e+06	7.19309e+07	1.896e+07	1.12614e+08	2.53436e+07	3.65052e+07	2.15844e+08	2.29508e+07	3.87539e+06	4.55541e+07	2.23336e+07	1.33257e+08	1.32001e+07	4.52626e+07	2.10504e+07	1.53416e+08	2.53002e+07	8.31137e+07	7.47571e+07	2.67895e+07	1.86031e+07	9.47839e+07	2.18669e+07	1.30192e+06	1.35139e+07	1.19997e+06	1.40068e+07	6.07572e+07	2.16984e+08	6.83251e+07	7.0808e+07	6.23729e+07	3.14182e+07	7.00709e+07	6.41407e+07	5.36426e+07	1.51766e+07	9.49726e+07	3.11744e+07	8.60631e+07	5.1847e+07	3.36286e+07	2.61792e+07	5.38818e+07	6.60432e+07	3.6659e+07	7.61878e+07	1.91612e+08	7.63068e+07	5.84974e+07	2.42562e+07	1.33639e+08	1.21331e+07	4.86166e+07	4.1067e+07	3.77745e+07	1.11081e+08	6.44005e+07	5.58202e+07	1.54425e+08	1.66234e+07	3.81928e+08	2.89371e+08	4.24873e+08	6.14037e+08	1.58893e+08	5.69296e+07	9.10294e+06	8.26796e+07	1.19198e+07	2.141e+07	5.1424e+07	1.14974e+08	4.32094e+07	3.56798e+07	3.8031e+07	3.53967e+07	6.98569e+06	2.12131e+07	1.69559e+07	1.52258e+07	2.58428e+07	3.08814e+07	1.96767e+07	6.19613e+07	4.73916e+07	4.84808e+07	3.40141e+06	4.38174e+07	1.22068e+07	7.30234e+06	1.59641e+07	3.68051e+07	4.60106e+07	1.7862e+08	5.53034e+07	7.56035e+07	1.06068e+08	1.86172e+08	1.6838e+08	1.23476e+08	6.41526e+07	5.12577e+07	3.05872e+07	4.54796e+07	2.22954e+07	3.00869e+07	3.38761e+06	2.61045e+07	4.26451e+07	2.31564e+08	3.09308e+06	1.73189e+07	5.75069e+07	3.27588e+07	8.38389e+06	8.04690e+06	3.72155e+07	5.374e+07	4.41946e+07	5.24857e+07	1.42637e+07	6.01116e+06	1.18132e+07	1.82396e+07	1.97593e+07	1.48472e+06	7.82126e+07	3.98214e+07	3.55463e+06	5.54305e+06	2.58998e+07	4.37753e+06	741085	1.14837e+07	5.09227e+06	2.70771e+07	1.18491e+07	1.41851e+07	1.07104e+07	3.41958e+07	4.34690e+06	1.19055e+06	3.51581e+06	2.8253e+06	1.44564e+07	1.24584e+07	1.51634e+08	9.62322e+07	1.34001e+09	2.34097e+08	2.74947e+08	2.15114e+08	9.20278e+07	4.33689e+08	1.21087e+09	3.88015e+08	1.17061e+08	1.70403e+08	3.1348e+07	6.31139e+07	2.07992e+08	2.74856e+08	2.37365e+08	2.71431e+08	5.25716e+08	1.25665e+08	2.28742e+07	5.96153e+07	8.34972e+06	2.12419e+07	7.79535e+07	2.43869e+08	2.53793e+08	5.10272e+08	3.23828e+08	3.8107e+08	7.77904e+07	7.77276e+07	1.72131e+08	4.20794e+08	2.72913e+08	2.54352e+08	2.04951e+08	2.50211e+08	1.74531e+08	1.63764e+08	1.00646e+08	2.91209e+08	1.15731e+08	7.98882e+07	3.02382e+08	3.50244e+07	7.39931e+07	2.3223e+07	1.99851e+08	5.67193e+07	1.11352e+08	8.52964e+07	1.77044e+08	1.52118e+08	2.34549e+08	1.29217e+08	1.80115e+08	7.43353e+07	
data	data	SFG_L_7_1	SFG_R_7_1	SFG_L_7_2	SFG_R_7_2	SFG_L_7_3	SFG_R_7_3	SFG_L_7_4	SFG_R_7_4	SFG_L_7_5	SFG_R_7_5	SFG_L_7_6	SFG_R_7_6	SFG_L_7_7	SFG_R_7_7	MFG_L_7_1	MFG_R_7_1	MFG_L_7_2	MFG_R_7_2	MFG_L_7_3	MFG_R_7_3	MFG_L_7_4	MFG_R_7_4	MFG_L_7_5	MFG_R_7_5	MFG_L_7_6	MFG_R_7_6	MFG_L_7_7	MFG_R_7_7	IFG_L_6_1	IFG_R_6_1	IFG_L_6_2	IFG_R_6_2	IFG_L_6_3	IFG_R_6_3	IFG_L_6_4	IFG_R_6_4	IFG_L_6_5	IFG_R_6_5	IFG_L_6_6	IFG_R_6_6	OrG_L_6_1	OrG_R_6_1	OrG_L_6_2	OrG_R_6_2	OrG_L_6_3	OrG_R_6_3	OrG_L_6_4	OrG_R_6_4	OrG_L_6_5	OrG_R_6_5	OrG_R_6_6	OrG_R_6_6	PrG_L_6_1	PrG_R_6_1	PrG_L_6_2	PrG_R_6_2	PrG_L_6_3	PrG_R_6_3	PrG_L_6_4	PrG_R_6_4	PrG_L_6_5	PrG_R_6_5	PrG_L_6_6	PrG_R_6_6	PCL_L_2_1	PCL_R_2_1	PCL_L_2_2	PCL_R_2_2	STG_L_6_1	STG_R_6_1	STG_L_6_2	STG_R_6_2	STG_L_6_3	STG_R_6_3	STG_L_6_4	STG_R_6_4	STG_L_6_5	STG_R_6_5	STG_L_6_6	STG_R_6_6	MTG_L_4_1	MTG_R_4_1	MTG_L_4_2	MTG_R_4_2	MTG_L_4_3	MTG_R_4_3	MTG_L_4_4	MTG_R_4_4	ITG_L_7_1	ITG_R_7_1	ITG_L_7_2	ITG_R_7_2	ITG_L_7_3	ITG_R_7_3	ITG_L_7_4	ITG_R_7_4	ITG_L_7_5	ITG_R_7_5	ITG_L_7_6	ITG_R_7_6	ITG_L_7_7	ITG_R_7_7	FuG_L_3_1	FuG_R_3_1	FuG_L_3_2	FuG_R_3_2	FuG_L_3_3	FuG_R_3_3	PhG_L_6_1	PhG_R_6_1	PhG_L_6_2	PhG_R_6_2	PhG_L_6_3	PhG_R_6_3	PhG_L_6_4	PhG_R_6_4	PhG_L_6_5	PhG_R_6_5	PhG_L_6_6	PhG_R_6_6	pSTS_L_2_1	pSTS_R_2_1	pSTS_L_2_2	pSTS_R_2_2	SPL_L_5_1	SPL_R_5_1	SPL_L_5_2	SPL_R_5_2	SPL_L_5_3	SPL_R_5_3	SPL_L_5_4	SPL_R_5_4	SPL_L_5_5	SPL_R_5_5	IPL_L_6_1	IPL_R_6_1	IPL_L_6_2	IPL_R_6_2	IPL_L_6_3	IPL_R_6_3	IPL_L_6_4	IPL_R_6_4	IPL_L_6_5	IPL_R_6_5	IPL_L_6_6	IPL_R_6_6	PCun_L_4_1	PCun_R_4_1	PCun_L_4_2	PCun_R_4_2	PCun_L_4_3	PCun_R_4_3	PCun_L_4_4	PCun_R_4_4	PoG_L_4_1	PoG_R_4_1	PoG_L_4_2	PoG_R_4_2	PoG_L_4_3	PoG_R_4_3	PoG_L_4_4	PoG_R_4_4	INS_L_6_1	INS_R_6_1	INS_L_6_2	INS_R_6_2	INS_L_6_3	INS_R_6_3	INS_L_6_4	INS_R_6_4	INS_L_6_5	INS_R_6_5	INS_L_6_6	INS_R_6_6	CG_L_7_1	CG_R_7_1	CG_L_7_2	CG_R_7_2	CG_L_7_3	CG_R_7_3	CG_L_7_4	CG_R_7_4	CG_L_7_5	CG_R_7_5	CG_L_7_6	CG_R_7_6	CG_L_7_7	CG_R_7_7	MVOcC	MVOcC	MVOcC	MVOcC	MVOcC	MVOcC	MVOcC	MVOcC	MVOcC	MVOcC	LOcC_L_4_1	LOcC_R_4_1	LOcC_L_4_2	LOcC_R_4_2	LOcC_L_4_3	LOcC_R_4_3	LOcC_L_4_4	LOcC_R_4_4	LOcC_L_2_1	LOcC_R_2_1	LOcC_L_2_2	LOcC_R_2_2	Amyg_L_2_1	Amyg_R_2_1	Amyg_L_2_2	Amyg_R_2_2	Hipp_L_2_1	Hipp_R_2_1	Hipp_L_2_2	Hipp_R_2_2	BG_L_6_1	BG_R_6_1	BG_L_6_2	BG_R_6_2	BG_L_6_3	BG_R_6_3	BG_L_6_4	BG_R_6_4	BG_L_6_5	BG_R_6_5	BG_L_6_6	BG_R_6_6	Tha_L_8_1	Tha_R_8_1	Tha_L_8_2	Tha_R_8_2	Tha_L_8_3	Tha_R_8_3	Tha_L_8_4	Tha_R_8_4	Tha_L_8_5	Tha_R_8_5	Tha_L_8_6	Tha_R_8_6	Tha_L_8_7	Tha_R_8_7	Tha_L_8_8	Tha_R_8_8	
4.16727e+07	SFG_L_7_1	0	2.99198e+06	8.64289e+06	459.237	1.76037e+06	1482.76	4.90273e+06	28734.8	70880.4	369.289	9047.46	9116.71	0.0723162	1.3539	0.0427094	384.913	0.17628	0.0287037	0.11699	1.5636	3.42769	254.163	0.830728	1244.56	10.5946	0.345581	1.05151	2.61196	390.594	5183.19	8.5246	209.063	557.517	17552.9	0.262058	0	45.3982	16.9704	29819.3	7376.52	0	0.234624	0.0384357	0.015484	0.471912	0	0.0160666	0.21059	0.234503	0.107931	0.0863382	0.0473867	0	0	0.0123457	0.0998614	72.2038	0.949302	6.20956	23.1987	6.32613	0	2268.85	0	48.6745	12.9115	50.2237	16.7721	4.07207	0.002331	0	0.00358423	0	0	0	0.00358423	0.0150025	0	0.00438596	0	0	0	0.00320513	0	0	0	0	0	0	0.0236887	0.226025	0	1.02755	0.00266667	0	0.00266667	0.0420579	0	0	0	0	0.0035461	10.3272	0.0104591	0.0125942	4.02548	0.00444444	0	0	0	0	0	0	0	0.480201	0	1.86346	0	0	0	0	0	0	0	1184.96	27.14	100.126	0.258125	0.0218638	0.0146104	175.023	0.0437138	11.7571	0.313379	1.14581	0.586121	0.496899	0.0627961	0	0.004329	0	0	0.0042735	0	0	0.00358423	4193.19	1.39891	1157.67	55.6933	3100.59	0.0411688	880.797	12.2888	0	0	0	0	0	0	1802.6	0.380132	0	0	0	0	0.00323625	0.00333333	7.37221	0.269652	0	0.0141287	262.286	0.0667311	0.119567	0.447834	1139.72	148.061	5.25514	71.4581	636.974	0.731774	15056.4	32.816	923.993	0.95696	0.171598	0.0290807	0.876418	6.49661	134.239	0	1.82008	0.00333333	11.5143	4.11578	156.234	0.0179661	0.433511	0	0.0738204	0	1.2702	0.00333333	0.0152486	3.22828	99.9611	0	0.081167	0.0160643	22.5816	0.0514319	16.2418	0	66.6358	186.559	37.1122	0	0.951101	0.00350877	7574.82	466.848	325.72	0	2.72199	0.00280112	9640.87	34706.4	24.3849	2.05765	3.41749	0.00350877	1.47659e+06	0.0489396	13042.1	0.491499	717.263	0	42568.8	0.506603	21683.2	0	15483.4	0.00392157	698116	0.205122	
1.16525e+08	SFG_R_7_1	2.99198e+06	0	2.87388e+06	737901	361256	5.96363e+06	3.65633e+06	1.91809e+07	341520	723218	34835.3	1.4512e+06	1381.93	272.68	181.687	599224	12.6312	10882.8	16.2227	1357.44	11.302	51764.7	9926.62	1.0554e+06	71881.3	26.0277	145.7	260.784	0.0630697	1.00936e+06	21.7077	27139.8	1397.51	1.19528e+06	4.59975	1.31273	98.4315	28178.2	12509.1	1.09138e+06	0.120177	0.189207	0.0153598	1.40429	0.0607596	0.0172009	0.418131	15.0153	0.655967	0.479696	7.69573	6.09142	30.4683	0.00980392	4.49094	29.4071	105.484	1.27316	46.0912	121.39	3.27401	1.09077	20.3768	26.8109	0.194927	2902.56	5.58092	583.022	0	18.9861	0	0.101924	0.0109858	0.0802881	0	0.116969	0.117262	0.0278906	0.117262	0.325199	0	1.43212	1.02012	0.204815	0	0.00546448	0	2.00662	3.39074	7.22537	0.0832238	0.0171187	7.22737	0.0582031	0.471454	1.27553	0.0135565	0.628178	0.0035461	0.0604388	1.95979	2.32668	1.30937	12.0106	0	28.0422	0.28844	0.0155556	0.00942754	0.0374425	0	0	0.00350877	0.148423	0	2.11856	0	0.846988	0	0.0766917	0	0.153973	0	0.956926	23.8049	162.71	0.983552	19.9133	0.004329	0.146318	89.7996	3.45231	3.32586	1.51237	0.210577	280.775	0.329756	0.702201	0	1.0508	0.00497512	11.7602	0	0.0552436	0.00529101	0.278252	37.3829	2645.11	31.3535	1360.56	70.5717	149.356	444.312	123293	0.00666667	0	0	0	0	0	17.597	9.60738	0.00207039	1.06672	0	2.0747	0.0348196	2.64905	7.51929	463.29	0.00666667	20.9784	185.522	368.94	0.0640555	218.951	3383.06	579.422	32.9248	16691.8	183.416	10932.4	3.97187	9860.85	0.493858	2334.84	1.96209	43.4108	62.6882	80.1365	7.74656	3.84652	0	5.86484	13.277	100.22	8.50323	634.779	0.220104	0.00490196	0	0.216234	0.337887	17.3414	0.328056	67.7909	6.49685	10.4079	0	0.0172946	0.0236007	7.94042	0	9.31188	35.6232	1.23938e+06	1.81356	265.255	3.55113	597.492	2538.73	9.99727e+06	1.38398	74.3875	0.139862	68.9581	2572.89	211023	145.427	7646.56	0.0361129	17606.7	6470.46	2.02139e+06	64.2614	4712	0.390187	1556.23	17.6142	139015	4.18877	71260.9	1.53407	65848.6	117.389	808882	
2.92982e+08	SFG_L_7_2	8.64289e+06	2.87388e+06	0	701.73	7.15594e+07	1.71969e+06	2.38874e+07	9254.55	1.19657	304.556	4916.96	674908	58637	11791.4	2.27296e+06	302.818	2826.72	0.115325	23422.7	3288.55	6882.09	941.123	2.69631e+06	349.933	9098.36	0.740164	67799.6	11785.6	154834	2416.85	67222.9	266.957	424098	2629.16	18807.1	0.00694444	48190.3	25.4664	1.99238e+06	811.446	2.59638	11.9419	120.158	0.0155945	34.5384	0.0443371	18.5834	1205.41	2.24005	0.0481391	16864.9	0.0395208	404.526	0	40.4854	3.83398	1031.83	18.934	327.476	138.042	17812	0	325573	0	0.512174	0.0782476	0	0.0512724	309.871	0.045558	9.81621	0.00268817	0.013443	0.00268817	0.00374532	0.00268817	32.5161	0	17.0813	0.0113287	5.16673	0.00234742	44.928	0.00223714	1.4076	0	1.06364	0.00929254	71.0165	0.242785	10.6527	0.00308642	905.645	0.002331	33.5901	0.002331	4.20637	0.0119699	0.803618	0	67.9925	0.0035461	1529.17	0.440298	15.8197	319.267	3.37656	0.0421083	0.113889	0	0.0329697	0	0.132713	0.00314465	18.8308	0	210.192	0.0385734	0.0923448	0	0.811295	0	0	0	3190.57	63.8035	3077.51	0.866036	0.00564972	0.135668	516.066	0.0140825	188.835	1.04979	337.73	4.81513	196.493	0.306394	0.0591207	0.0981757	0.0800679	0	0.714159	0	22.6118	0	342.085	0.439435	3.33013	27.1456	7.01102	0.084005	6.39735	1.63606	0.00666667	0	0	0	0	0	480.769	0.755408	856.355	0	8.29237	0.00250627	6037.89	0	93200.1	0.220595	101.139	0.00340136	39259.7	0.00740741	0.00406504	0.0451887	152.831	1616.5	22.9422	261.312	795.521	0.566883	13.8244	18.9004	2.26894	0.0233918	110.292	0.00813008	1639.42	1680.68	46557	0	178.172	0.0137472	1916.13	1431.36	46752.4	0.279416	359.968	0	6.98789	0.00939014	5820.68	0.0852451	14.5657	199.028	20020.1	0.168672	17.851	0.0160643	104.664	0.0916851	455.765	0.00396825	17071.1	7451.77	11121.5	0	75.4906	0.490694	2.40666e+06	9028.75	4595.02	0.015105	1700.52	0.0127415	449569	13489.2	142433	18.2458	207765	0.0386845	1.73368e+07	0.665404	73375.5	1.49094	180524	0.0222222	493813	2.03765	863939	0.0779888	606488	0.232992	5.76846e+06	1.2516	
1.38409e+07	SFG_R_7_2	459.237	737901	701.73	0	8415.19	1.19959e+06	9.79372	2.71618e+06	2.27665	0.275856	9736.71	0.00438596	31.2264	134.866	0.0948687	1.26219e+06	0.00694444	305.581	0.0821486	3319.48	0.045218	57041.6	1.42623	170927	0.304089	28177	0.0710529	148.435	0	86732.4	0.0587897	6262.41	63.2466	196036	0.00584795	16.6628	0.10516	5019.17	99.3588	90128.9	0.00347222	0	0	38.9232	0	0	0	2.37629	0	0	0	64.1519	0	0	0.0607921	104520	4.84732	417.16	2.19158	2102.14	0	0.0557871	0	3.54183	0.00392157	0.971468	0	0.0789729	0	228.517	0	0.0745414	0	48.1064	0	0.0203963	0	13.3917	0	1.7863	0	62.4461	0	0.560909	0	367.925	0	2.06439	0	24106	0	83.687	0.00273224	59.7757	0	65.8193	0	697.253	0	105.421	0	25.4386	0.0106324	36905.4	0.0308741	1.70557	0	1.29238	0	405.06	0	0	0	0	0	0	0	1046.63	0	0.00505051	0	0.0485219	0	4.84128	0.180963	1118.41	0.0333361	1.50603	0	171.802	0.191041	280.965	0.058785	408.914	0.0140193	53231.6	0.0140193	2809.97	0	42.7678	0	64.4053	0	6.18113	0	0.0170144	0.246201	0	0.0351343	6.9072	0.751359	0.0751609	0.104563	0	0	0	0	0.0353938	0	0.240899	0.301652	2.06555	0	13.6922	0	82.3444	0	5.08226	0.00347222	2251.8	0	196.53	0.330499	261.134	0	0	0.0214785	0.104961	0.0988138	0	0.158582	0.00383142	0.265661	0	0.0211694	0	0	0	0.144	1.73421	0.00347222	0	0	0.0183339	0	1.68802	0.00347222	0.172218	0	1.8025	0	3711.71	0.00347222	0.246006	0.0357804	2.54697	0	495.981	0	267.871	0.0030581	0.00813008	0	16.6359	0.190364	13695.3	0.0166982	3.44627	0	1.73865	15.4238	67613	0	0.0159811	0	31.9892	7.26822	986.347	0.0576389	3286.14	0	570.746	75.395	10015.5	0.781114	81.6211	0	11.7057	0.259966	418.871	0.0115363	415.543	0.0114807	122.25	0.102243	6605	
3.1861e+08	SFG_L_7_3	1.76037e+06	361256	7.15594e+07	8415.19	0	1.43719e+07	8.54713	74.0642	1.72499	15.2654	3.61375e+06	1.30353e+06	2.83232e+07	1.73619e+06	5.79099e+06	2274.14	7.80319	0.0289855	2.53938e+06	235734	16979.9	5351.99	4186.23	963.623	0.182948	0.385952	1.01502e+07	1.56812e+06	331.761	1003.51	70823.8	476.363	230767	536.66	174628	3.06215	8266.2	1.7281	4446.88	68.0632	163767	278.139	69840.7	0.00245098	2542.47	1279.89	1924.24	300070	25184.3	0.33247	360718	0	0.0680389	0	0.00753512	0.63883	870.62	0.823064	338.548	11.7321	0.0243027	0	1.64481	0	1.41256	0.110041	0.0450801	0.467577	476.936	0.0261397	13.6289	0.0300532	0.148874	0.00268817	0.013443	0.0300532	77.4143	0	35.5092	0.025765	4.06739	0	51.7133	0	0.0568334	0	1.39123	0	64.0657	0.247113	51.5291	0	1617.45	0.00999534	35.4543	0.0233964	20.7056	0.00289855	0.370581	0	50.9302	0	4347.54	0.198402	19.3831	69.679	17.8789	0	0.297814	0	0.0145724	0	0.232447	0.0149018	113.446	0.00362319	385.937	0.0289008	0.444218	0.00378788	0.0255401	0	0	0	3272.06	32.7577	10018.1	1.18864	0.0220521	0.0313317	339.33	0.0135946	365.47	1.47708	923.244	0.783674	497.186	0.0837708	0.00546448	0.0313317	0.0838131	0	0.837722	0	29.3007	0.0146591	26093	2.2264	2500.59	2.49591	32254	0.865249	47388.1	12.7575	0	0	0	0	0	0	173.818	0.30584	1558.09	0	32.8948	0	4989.78	0	43948.6	0.00941302	112.481	0	2140.46	0.0070922	77.8756	0.933287	65827.4	191501	40290.3	1.39134	23261.4	11.8669	37666.2	0.147786	2818.06	0.0588972	11342.3	0.798237	186.093	257.681	55502.4	0.00333333	1913.17	0.0304167	551.249	228.132	52920.1	0.242871	526.143	0	29.6968	0.00236407	12024.6	0.121886	5.38178	43.558	16187.4	0.0546926	115.581	0.00378788	8.48103	0.0586559	515.288	0.0150779	28468.7	633.915	46342.4	0.287156	67476.1	411.813	677476	667.64	27024.9	565.05	123458	0.0700263	1.71338e+06	6315.1	146746	4.65331	746029	2.11461	2.687e+06	0.689667	19679.5	0.855349	682575	0.33572	744882	3.19786	1.80303e+06	1.00835	1.80616e+06	1.96429	2.50813e+06	1.27324	
1.07237e+08	SFG_R_7_3	1482.76	5.96363e+06	1.71969e+06	1.19959e+06	1.43719e+07	0	455.385	386.76	4.46828	1.10357	403400	9.52526e+06	385846	5.79898e+06	44249.9	1.58437e+06	0.0262346	0.0138889	6542.12	487001	35.3879	65261.1	63.7498	20125.4	4.05726	0.0507663	150681	470555	0	43.7777	19.7484	21333	545.346	3666.44	15.9662	7419.72	8.62474	904.968	723.504	7.25252	333.438	1298.51	1655.56	2.99654	144.243	6.21434	829.956	83168.7	48.7344	7.03262	13148.3	5512.48	0.00438596	0.0313769	0.00378788	0.0350671	36.1249	2.29945	9.96447	9.85214	0.00438596	0.00680272	0	0.0609542	0.114674	2.27978	0.045873	2.86632	0	100.238	0	0.432519	0	0	0	0.255281	0	0.00387597	0	0.013847	0	0.227894	0.226783	0.779748	0	1.33177	0	0.163599	0	1.20662	0	0.0655641	0.0856974	0.00343643	0.0318077	0.128525	0	14.335	0	12.1384	0	0.781403	0.21179	6.66592	0	2.75868	0	0.00383142	0.015105	0	0	0	0.0331838	0	0.0150287	0.0172395	0	5.14124	0	0	0	0	0	0.229001	5.04893	12.9795	1.00852	7.51563	0	0.401058	0.324381	0.988527	0.0623846	0.474133	0.0123499	326.615	0.0123499	2.89658	0	0.774083	0.00497512	4.81128	0	0	0	7.57908	17.7762	14.5595	0.8784	9.25661	51.7032	509.462	760.749	110811	0	0	0	0	0	0	1.76284	96.2779	0	2.8812	0	0.0253766	0	2.11985	0.0524519	539.392	0	22.848	5.83331	1.60284	0.0548692	1482.89	53952.7	338373	375.902	26576.4	106.489	113753	3.02099	37.413	0.136441	653.282	140.88	201.488	0.114821	14.2273	0.414016	136.448	0.00258398	58.8305	0.034972	9.34603	0.786316	2866.24	0.0105417	0.0684506	0	0.0340269	0.0686491	37.5129	0.0149541	19.1361	0.0832552	8.72171	0	0.0166693	0.0030581	0.387034	0	25.0656	0.0732078	117421	7.10816	22559.7	395.543	216390	35.4169	276433	59.054	72.9355	0.572946	3719.27	349.336	3.08394e+06	0.0520643	24727.5	8.78047	2.08431e+06	478.456	1.0043e+06	1.85695	13.512	9.86317	106350	0.184891	149035	0.796727	789468	11.4533	622092	3.99585	2.12392e+06	
1.28896e+08	SFG_L_7_4	4.90273e+06	3.65633e+06	2.38874e+07	9.79372	8.54713	455.385	0	252885	3.54889e+06	988218	0.0325397	5046.35	0.0130435	0.0366402	0.0643212	0.0211765	14.8427	0.0191793	0.85347	0.108702	12.6403	0.0354541	1435.42	0.76513	263805	8.98778	4.6413	0.377907	33611.9	2.62095	31.2931	0.0962633	728.096	175.835	106.456	0	523.082	20.8966	466213	166.539	0	0.00497512	0.705061	0.0299582	2.56957	0	0.036295	0.0412474	0.279268	0	0.474901	0.00529101	64285.6	0	1.01308e+06	8204.11	647.862	232.619	36674.9	5632.43	127849	0.00374532	736946	0.42818	0.778455	5.35485	0.558778	141.089	32.0612	0.0363535	0	0	0.00383142	0	0.0400047	0	0.0355619	0.0021097	0	0.00231481	0.903232	0.12146	0.141439	0.00260417	1.60133	0.0120725	0.0930308	0.295458	9.39165	3.07996	0.228247	0.00277778	12.4749	0.0483515	0.668253	0.0226673	0.117716	0.0249311	0.214983	0.0110652	10.3138	0.00250627	6.77001	9.54889	86.0518	117.575	0.117312	0.159709	0.00340136	0.00223714	0	0	0	0.165987	0	0	4.17327	0.209595	0.00416667	0	1.37508	0.0500118	0.00438596	0.00308642	981.304	47.9195	97.6321	0.385388	0.00925926	0.0327851	529.08	0.0305238	15.025	0.092699	1.90527	5.94898	1.22904	0.187263	5.1833	0.0159044	1.71136	0	0	0.00294985	0.00757576	0	6.38778	0.394159	0.944058	64.8788	0.136772	0.103672	0.0632558	10.2114	106.177	0	0.0833762	0	0.0647549	0	483.437	5.6151	0.0123499	0	0.0355619	0.00946903	36.4073	0	711.613	0.194043	0	0.00340136	1565.07	0	0	0.00595238	0.00456621	0.314788	0	1.8377	0.00854701	2.07495	0.015873	4022.51	0	5.29385	0.00456621	0	5013.34	947.572	2191.63	0.00343643	1.90714	0	1521.34	701.851	2275.23	1.07297	11.4558	0	0.167873	0.0649581	38.6755	0.010588	98.8507	99.421	1755.56	0.575609	0.0213347	0.123291	200.769	0.0780561	117.347	0.00223714	151791	7482.32	2.92483	0.0159685	5.94944	0.400223	1.67102e+06	14059	3666.8	0.0129199	31.5277	0.261775	21327.7	13167.8	339263	47.4942	1.56808	0.00350877	2.07863e+07	0.31272	35080.9	4.4842	308.619	0	7527.27	0.822506	5598.45	0.0205033	10259	0.0556608	1.35456e+06	0.554903	
9.05691e+07	SFG_R_7_4	28734.8	1.91809e+07	9254.55	2.71618e+06	74.0642	386.76	252885	0	259788	2.40967e+06	0.0296443	0.818111	0	1.41121	0.0585175	422713	1.3868	16581.7	0.172997	1013.63	7.34554	43829.5	41.3114	386030	205.803	23304.7	0.0138173	18.0079	0.0276944	364427	8.73795	4100.54	4.75293	1.05119e+06	0.804386	0.129373	5.65051	37522.5	5.88049	4.40288e+06	0	0	0	22.7426	0	0.0251055	0	0.734073	0	0	0	85.8529	10.5065	1.02736	2.36608	420522	62.5229	2111.23	8.76787	6462	0.0857233	936.182	2.51874	13467.8	0.0047619	10.4246	0.00793651	29.4771	0	130.912	0	0.146093	0	21.3017	0	0.449121	0	8.76507	0	2.49539	0	32.4558	0	1.02276	0	134.73	0	5.18565	0.0149092	6325.93	0.0112431	12.6638	1.16571	38.0396	0	31.9786	0.0112431	209.187	0	28.7398	0.0149092	7.3395	0.79676	12506.2	0.0488934	19.7053	0	1.57101	0.00250627	203.238	0	0	0	0.0985813	0	0	0	498.293	0	0.00250627	0	1.04606	0	15.3612	1.11903	932.319	0.937725	10.2788	0	52.4592	24.4804	110.036	3.71049	142.769	0.902831	20439.3	0.433111	1172.75	0	51.7337	0.00520833	456.423	0	5.13029	0	1.88944	0.457283	1.38159	0.0714212	35.5197	0.179403	0.641191	0.00387597	0.173043	0.00666667	0	0	0.00396825	0	0.16481	11.1298	1.93584	0	5.73469	0	47.6122	0	15.4325	0.0784069	1299.93	0	92.5841	0.389826	196.359	0	0	0.00416667	0	0	0	0.166195	0	0.0950975	0	0.00925926	0	0	0	173.652	65.9573	0.0912913	0.458818	0	1.70543	54.0342	87.4266	0.0912913	3.37963	0.00343643	0.955619	0	1305.42	0	3.92486	0.141822	40.9146	0.0912913	250.089	0	122.287	0.0236007	8.70473	0	23.0803	38.8671	2.27453e+06	0.041453	5.91427	0	92.8244	1746.24	1.04308e+07	0.0887321	18.0671	0.0224232	213.179	62.0699	53863.1	11.2597	4742.43	0.0369305	8.67824	5358.34	257821	25.929	6383.42	0.0582874	18.7938	6.25402	52297	0.875083	17174.8	0.177868	22470.1	2.92839	53806.1	
1.16923e+07	SFG_L_7_5	70880.4	341520	1.19657	2.27665	1.72499	4.46828	3.54889e+06	259788	0	809083	0.142891	24.5574	0	0	0	1.66785	0	0	0	0	0	0.136179	0.0533333	2.50095	1.9768	24.9268	0	0	0	0.050565	0	0	0	0.0216931	0	0	0	0	0	0.00555556	0	0	0	0	0	0	0	0	0.004329	0	0.00512821	0	186.238	0	33334.5	132630	510.593	1728.45	164046	116377	0	0	11.921	0.108366	12352.4	174.659	157556	4068.49	0.0823815	0.0461716	0	0	0	0	0	0	0	0	0	0	0	0.00238095	0	0	0	0	0	0.00238095	0	5.17352	0	0	0	0.118082	0	0.00260417	0	0	0	0	0	0	0	9.38677	0.230387	0.215345	0	0.00396825	0	0	0	0	0	0	0	0.0217161	0.00520833	0.625563	0	0.00564972	0	0	0	0	1878.5	0.333686	0.190563	0	0	0	4210.96	0.0962029	0	0.0224105	0.00813008	3.67712	0.0223208	0.018018	0	0	0	0	0	0	0	0	40.9308	2.80276	658.948	18.9693	11.035	1.20431	5.26242	166.637	6.67091	0	0	0	0	0	22002.8	24.6615	0	0	0	0	0	0	0	0	0	0	0	0	0.010101	72.8955	1.18468	0.425762	0	0.0293928	89.2248	469.216	1114.24	14.3575	63055.7	879.27	0	0.00694444	71.7323	0.276022	2.35826	0	0	0	13.6238	0.108336	2.52523	2.34723	0	0	0	0.0126984	0	0	0.358287	0.430745	2.52523	0.0249404	0	0	0.0778342	0	0.0778241	0	400.547	82.2945	0	0.233762	0	0.00444444	39.4189	206.617	9.23625	0.00537634	0	0	8.46502	4.05993	0.0628324	4.98023	0	0	96920.1	0	38.6351	5.7698	0	0	3.59644	0.0455655	1.66403	0.095403	0.870685	0.0202513	407.42	0.0245661	
2.59749e+07	SFG_R_7_5	369.289	723218	304.556	0.275856	15.2654	1.10357	988218	2.40967e+06	809083	0	0	81.593	0	0.107435	0.135709	0	1.73067	863.443	0.036855	0.207632	0.629125	0.261087	12.1895	0.0744094	41.2007	5.08528	0.0176971	1.00967	0.0483875	5.53688	0.566804	0.29365	0.430527	1.48863	0.03125	0	1.20966	0.553247	1.33512	1087.15	0	0	0	0	0	0	0	0.137674	0.101675	0	0	0.00617284	58629.5	114.285	198954	519708	6614.36	64.5703	53340	258865	0.00282486	117.694	27.4256	28993.4	1.77629	6182.02	44.2032	133698	0.00520833	0.937019	0	0	0.00865947	0	0	0	0.00219298	0.00258398	0.00219298	0	0	0.00268817	0	0.014177	0	0.00574713	0	0	6.14573	4.19629	0.0120201	0	4.03813	0.112271	0.00213675	0.0045045	0	0.00258398	0.00217865	0.00258398	4.65325	2.6184	0.126367	9.86448	0.00192678	12.1897	0.465572	0.00462963	0	0	0	0	0	0.0465037	0	0	0.00520833	0.324611	0	0	0	0	0	0.00641026	0.242344	67.824	0.17452	3.51036	0.0031746	0	1.2844	0.101622	0.693613	1.95787	0.0298219	7.38142	0.0345108	0.188819	0	0.054004	0.00520833	1.51319	0	0.00574713	0	0.0254176	1.19973	896.015	5.27938	1511.22	0.305095	36.3731	28.1395	10103.7	95.4497	0.0375661	0	0	0	0	3.41924	0.510812	0.00213675	0	0	0.0042735	0	0	0.00213675	0.0165791	0	0	0.00416667	0	0	1.40899	0.759735	0.646017	0	0.0222222	9.18528	191.6	0.00900901	25702.7	0.665411	2891.91	0	0.0396825	43.8529	37.4555	0.0643536	0.292361	0.00229885	1.07751	7.65319	42.2921	0.0643536	31.0274	0	0	0	0.110719	0.00229885	3.90095	0.0171053	54.6381	0.0422874	1.31861	0	0.016855	0.493405	0.0220459	0.00520833	2.52323	159.822	616821	0.0804819	2.09055	0	49.2826	3065.69	5.25699e+06	0.660221	13.4248	0	20.8267	0.494226	35739.8	348.878	36.8502	0.00595238	0.47451	4260.45	702691	2.1985	19753.9	0.0323811	6.44842	0.330953	40996.9	0.197877	12356.2	0.0422589	11553.6	0.489309	42400.1	
1.20177e+07	SFG_L_7_6	9047.46	34835.3	4916.96	9736.71	3.61375e+06	403400	0.0325397	0.0296443	0.142891	0	0	348.362	1.62866e+06	75171.4	0	220.594	0	0	0.00271003	1338.19	0.00271003	43.0187	0	54.3454	0	0	4553.15	28668.9	0.0410354	0.232187	0	2.3423	0.523999	8.73791	0	0.0756685	0.0507663	0.237527	0.0933063	0.0242623	730.439	9.08855	0	0	0.0327029	115.509	0.00326797	8098.35	79.7916	1.60871	0.0035461	0	0	0	0	0	0.00546448	0	0.00340136	0	0	0	0	0	1.79266	0	0.00854701	0	0	0	0	0	0	0	0	0	0	0	0	0	0	0	0	0.0026455	0	0	0	0	0	0	0	0	0	0	0	0	0	0	0	0	0	0	0	0	0	0.0030303	0	0	0	0	0	0	0	0	0	0	0	0	0	0	0	0	0	0	2.28437	0.0129189	0.151929	0	0	0	0.00628931	0	0	0.0030581	0.0042735	0.0153277	0	0	0	0	0	0	0.0042735	0	0	0	12440.6	0.0157796	1721.37	0.00980392	15154.9	0.0157796	24323.3	8.25867	0	0	0	0	0	0	0.0576349	0.0456508	0	0	0	0	0	0	0	0.0309281	0	0.00793651	0	0.00793651	16.1881	5.1953	3079.76	3338.86	13834.3	3758.31	268.513	0.125656	103045	1.8099	3848.54	0.00900901	89.1542	78.3564	0	0	0.118665	0	0.0386323	0	0	0	0.664482	0	0	0	0	0	0.0386323	0	0	0.0030303	0	0	0	0	0.00438596	0	0	0	0.0232536	0.116576	7.20573	0	25.541	1.87852	0.272757	0.634995	3.13725	8.28563	0	0.0507811	0.145263	0.0950325	0.0128205	0.271419	0.0215876	0.0357631	0.857818	0.0309652	0.0371505	0.0150696	0.0572508	0	0.135976	0.00456621	0.230044	0	0.060126	0.0409714	0.271849	0.0364933	
2.72647e+07	SFG_R_7_6	9116.71	1.4512e+06	674908	0.00438596	1.30353e+06	9.52526e+06	5046.35	0.818111	24.5574	81.593	348.362	0	4796.17	216506	2098.52	0.0852901	1.0765	0	573.097	0.0323565	1.04469	0.00877193	393.048	0.249677	39.626	0	4835.68	5.94252	0	0.358242	1.21994	0	116.56	1.91249	0.20052	0	1.06735	0	452.272	0.903929	2.28964	42.7141	141.355	0	14.0588	0.00323625	7.15175	8.1891	0.0888122	5.37906	299.852	0	0	0	0	0	0.0283908	0	0.00362319	0	0	0	0	0	0.00537634	2.46345	0	0.010101	0	0.0648694	0	0	0	0	0	0	0.0569129	0	0.0569129	0	0	0	0.0569256	0	0	0	0	0	0.00378788	0	0	0	0.0148221	0	0.00362319	0	0	0	0	0	0.00378788	0	0	0	0	0.0497568	0	0	0	0.00505051	0	0	0	0	0	0.229209	0	0.00456621	0	0.00505051	0	0	0	0	0	0	0	0.0339662	0	0	0	0	0	0	0	0	0	0	0	0	0	0	0	0	0	0	0.113589	45.4727	0.177247	6.07925	0.899511	151.547	590.058	155023	0	0	0	0	0	0	0.0341879	0.00271003	0	0	0	0	0	0	0.390414	0	0	0	6.69079	0	0.0235076	2839.31	75.9103	67872.8	45.863	168169	3.30875	34413.2	0	147.28	0.00641026	304.794	0.607177	1194.44	0	0.104985	0.219197	0.283702	0	0.0135535	0.0298003	0.0739509	0.219197	1101.56	0.0145724	0	0	0	0.003663	0.00326797	0	0.0124621	0.166156	0	0	0	0	0.0405603	0	0.00564972	0.0035461	9.32392	0.0543658	8.25833	29.6546	8.16007	38.5718	5.58572	2.20779	0.625275	0.00456621	0.012945	11.2715	125.458	0.170747	0.0118925	0.359867	46.0944	94.3348	16.3654	0.0620313	0.00469484	0.126498	5.41421	0.00555556	14.0459	0.066225	33.9549	0.279729	30.5443	1.05966	41.4018	
1.07314e+08	SFG_L_7_7	0.0723162	1381.93	58637	31.2264	2.83232e+07	385846	0.0130435	0	0	0	1.62866e+06	4796.17	0	2.45723e+06	82944.1	0.212418	0	0	15454.9	43790.2	630.251	0.566053	0.0104167	0.0582235	0.00190476	0	1.68281e+07	1.87459e+06	0	0	85.8532	0.148646	9.28975	0	5652.08	0.148646	61.6329	0	0	0	599606	5223.54	5176.73	0	6106.35	290.004	38912.6	384869	41021.6	0.684321	9556.12	0	0.00199601	0	0	0	6.94378	0	3.78342	0.0333581	0	0	0	0	0.275603	0.0156852	0	0.0333581	1.18351	0	0	0	0	0	0	0	0.50427	0	0.285523	0	0.0289546	0	0.160531	0	0	0	0.0122489	0	0.0459218	0	2.09434	0	12.1018	0	0.0254507	0	1.03191	0	0.00347222	0	0.0124089	0	65.5411	0	0.891373	0	0.510534	0	0.0030581	0	0.00340136	0	0.0142101	0	0.0376838	0	0.387233	0	0.014668	0	0	0	0	0	2.51232	0.719624	538.518	0	0	0.00250627	0.442247	0	0.983122	0.210727	7.06492	0.0035461	3.41914	0	0	0.00250627	0	0	0	0	0.0238399	0	6357.19	0.0136752	2586.33	0.0037037	5193.31	0	15513.8	2.3869	0	0	0	0	0	0	0.411155	0	1.80985	0	0.192926	0	0.0159686	0	33.6713	0	0	0	0.00396825	0	21.4226	0.911474	108260	271746	115192	0.47769	3573.24	0.0361216	15988.8	0	2794.34	0.0197247	61733.5	5.81785	1.97815	0.0512042	937.204	0	77.8034	0	0.607128	0.0106133	669.637	0.00387597	4.61482	0	0.228919	0	311.27	0	0.169002	0	144.373	0	1.86914	0	0.153251	0.00926105	2.04158	0	180.707	0.297677	913.158	0	80484.4	464.444	340.953	0.291188	14561	581.005	10148.5	0.0975848	90551.8	2.33164	1267.01	0.165302	8278.01	0.480915	4842.5	0.029884	69.674	0.0354244	11986.2	0.175179	695.523	0.0566374	2481.77	0.353254	10626.7	0.504722	4998.78	0.0865186	
9.13145e+07	SFG_R_7_7	1.3539	272.68	11791.4	134.866	1.73619e+06	5.79898e+06	0.0366402	1.41121	0	0.107435	75171.4	216506	2.45723e+06	0	4123.11	0.417449	0	0	18565.7	1.52278e+06	86.6215	1.97258	0.63711	0.244905	0.00595238	0.0307366	2.31318e+06	2.66874e+07	0	0	21.1918	0.0145403	7.69089	0.457733	207.591	0.0494422	0.988979	26.4804	0.572194	0.0346642	6993.69	1.01417e+06	6867.98	5892.39	13452.3	14.4222	88808.9	1.49738e+06	1509.99	512.541	22939.3	8422.87	0.00330033	0	0.00330033	0	0.0279888	1.28392	0.0127595	0.471625	0	0.0165735	0	0.00323625	0	0	0	0	0.0168287	3.80149	0	7.29245	0	0.986247	0	6.18393	0.00238095	1.39509	0	1.20414	0	4.46269	0	0.803981	0	0.154129	0	16.0856	0	7.04093	0	0.0141011	0.472307	0.493397	0.00239808	6.23472	0	0.557605	0	0.660125	0.00239808	0.448796	2.04123	2.9535	0.0229686	0.330066	0	0	0	0.0134578	0	0	0	0.012219	0	0	0.0168287	0.317069	0.00250627	0.003003	0	1.5056	0	7.05042	0.0131338	17.2671	2.44052	3.34439	0	0.57942	0.0176608	1.15218	0	2.95299	0.0120004	10.7377	0	0.164857	0	4.50877	0	11.6558	0	0.237256	0	80.4495	13.427	0.016167	2.44732	0	40.8728	13.1481	99.8078	6918.94	0	0	0	0.0202206	0	0	0	660.71	0	3.9416	0.00229885	54.7004	0	0.00323625	0.222658	320.802	0	0	0	0	0.0684435	4908.91	54734.3	966388	22.2559	462.265	63.0093	9548.44	15.9651	1.70895	2.30849	2884.08	9045.13	2319.15	0.565283	0.0393028	4.43998	10.9049	1.13084	6.68966	0	0.00416667	6.52317	179.878	0.024039	0	0	0.0815105	0.801709	150.751	0	0.0401992	0.643693	12.155	0.0128827	0.161481	0	0.131721	0.0168287	0.951803	1.58817	514.853	13.1591	659.312	1229.96	381591	1.47169	32613.1	621.727	247.089	8.08452	163123	1443.6	251004	0.306019	25306.5	23.9785	152878	28.1714	8922.72	0.374397	0.136986	56.0366	6995.11	5.31528	159.924	16.4338	27999	68.065	19050.2	25.8931	13900.5	
3.0496e+07	MFG_L_7_1	0.0427094	181.687	2.27296e+06	0.0948687	5.79099e+06	44249.9	0.0643212	0.0585175	0	0.135709	0	2098.52	82944.1	4123.11	0	3.67122	113.034	0	871783	2321.07	1.58492e+06	3.7875	4.23648e+06	1.33234	12115.7	0.0156884	137281	2725.77	0.0448718	0.00628931	4693.51	0.933966	15783	0.163573	27507.1	0.389045	3429.12	0	255.851	0	0.16157	0.185003	1798.44	0	39.5939	0	29.229	28.04	0	0	83957.3	0	0.152045	0	0.0356125	0	4.78001	0	1.41279	0.0924161	0.00757576	0	0.0920795	0	0	0.00383142	0	0	1.64169	0	1.20477	0	0.0306122	0	0	0	1.5976	0	0.387367	0	0.0668713	0	4.4678	0	0.00537634	0	0.035799	0	5.2776	0	0.33952	0	68.3779	0	1.54822	0	0.0545352	0	0.0157058	0	6.12186	0	43.5772	0	0.203593	0.272558	0.519735	0	0.0030581	0	0	0	0.00416667	0	0.129988	0	0.895118	0	0	0	0.0205566	0	0	0	4.77154	0.0104886	40.3191	0.00330033	0	0	0.886838	0	0.42637	0.00323625	8.33409	0.0572548	4.29507	0.014737	0	0	0	0	0.00396825	0	7.0923	0	4.28178	0	0	0.00383142	0.0658589	0	0.00340136	0.0136054	0.229577	0	0	0	0	0	1.07127	0	55.5749	0	2.18769	0	951.831	0	4832.96	0	11.0303	0	444.549	0	0	0	0.182375	11.4007	0.0193316	0	4.99247	0	0.00401606	0	0	0	0.126706	0	0.449666	0.836211	2149.25	0	6.01258	0	1.06569	1.00235	2027.74	0	15.7131	0	0.303851	0	420.126	0	0.136173	0.148472	693.503	0	0.409909	0	0.047418	0	1.11859	0	128.195	2.51406	411.248	0	375.421	0.0213577	1398.33	1.67615	100.94	0	2694.15	0	16329	1.13913	3888.31	0.0143635	7987.87	0.00392157	4712.07	0.00292398	68.9818	0	2685.58	0.0375223	642.881	0.0226249	2163.06	0.0459752	5029.7	0.175706	4729.71	0.00292398	
3.36948e+07	MFG_R_7_1	384.913	599224	302.818	1.26219e+06	2274.14	1.58437e+06	0.0211765	422713	1.66785	0	220.594	0.0852901	0.212418	0.417449	3.67122	0	0.022723	2183.14	1.61305	1.03321e+06	3.36062	683697	0.235895	1.0921e+07	0.105321	330305	0.479093	0.55904	0	51.384	0.229121	1071.23	15.384	67.5627	0.0542208	82.4486	0.126351	27.6624	9.41755	1.42976	0	0	0	0.0256956	0	0	0.00497512	0.24899	0	0	0	0.809718	0	0.173757	0	1373.29	0.0971833	6.07564	0.102166	10.2028	0	0	0	6.5937	0.0177778	0.358196	0.00456621	0	0	0.440487	0	0	0	0	0	0	0	0	0	0	0	0.00330033	0	0	0	0.0467034	0	0.00350877	0	7.66688	0	2.68133	0	0	0	0	0	57.0463	0	15.6213	0	0.0383197	0	20.1912	0	0.0166151	0	0	0	0.0958554	0	0	0	0	0	0	0	1.49775	0	0	0	0	0	0	0.101661	0.674596	0	0.0749383	0	0.00469484	0	0.251059	0	0.0587097	0	193.58	0	0.190408	0	0.109482	0	0.470748	0	0.523409	0	0.00793651	2.41787	0	1.03043	1.24526	2.22155	0	0.151405	0	0	0	0	0	0	0	0.015506	6.74103	0	0.00584795	0	0.0110698	0	0.0236155	0	4.67818	0	0.0892236	0.00694444	0.0322462	0	0	0.004329	0	0	0	0	0	0.383051	0	0.0771879	0	0	0	0.00387597	0.0391594	0	0	0	0	0	0.0432703	0	0	0	0	0	0.402763	0	0	0	0.146581	0	0.00469484	0	0	0	0	0	0.0128251	0	268.759	0.00362319	3.42396	0	10.2818	0.0830142	1003.88	0	0	0	1.24284	0.985262	80.9411	0	400.048	0	76.0304	1.39999	164.47	0.00546448	6.7608	0	3.65263	0.00606061	10.8781	0.00606061	44.2877	0	22.1777	0.193771	170.905	
8.17893e+06	MFG_L_7_2	0.17628	12.6312	2826.72	0.00694444	7.80319	0.0262346	14.8427	1.3868	0	1.73067	0	1.0765	0	0	113.034	0.022723	0	0	4554.13	0	60687.8	0	1.39604e+06	0.163319	590471	0	997.419	0	564584	2.08707	485617	0.111726	47320.2	0.17094	525.646	0	173.706	0	85576.7	0	0	0	0.0411911	0	0.0392393	0	0	0	0	0	0.984243	0	26709.8	0	7015.33	0.0353173	22.2936	0.0302992	1.76951	0.552867	2009.04	0	468710	0	0	0	0	0	0.0045045	0	1.47035	0	0.650048	0	0.206956	0	1.55073	0	2.98525	0	6548.58	0	24.0488	0	14542.3	0	12.6759	0	127129	0.00248756	1262.45	0.0030581	57187.4	0	10593.7	0	14.6404	0.0030581	6492.28	0	89998	0	1664.66	0.00248756	0	0.105002	16030.6	0	0	0	0	0	0	0	0	0	0	0	0	0	706.984	0	236.616	0	0.255602	0.00362319	0.091574	0	1.47165	0	0.592806	0	7.89232	0.00362319	4.34256	0.0030581	60.8731	0	807.164	0	1102.07	0	100.168	0	0.0259042	0	0	0	0	0	0	0	0	0	978.759	0	0	0	393.919	0	118.639	0.0128378	0.260057	0	0.319745	0	1.19142	0	40.115	0	0	0	1313.47	0	0	0	0	0	0	0	0	0	0	0	0	0	0	0	0.067116	0.610368	76.9529	0	0.00266667	0	0.256384	0.420906	65.7475	0.003663	2.82498	0	0	0	3.95132	0.003663	0.00190476	0.0654832	60.5174	0	0	0	0	0	0	0	2.50186	19.5245	0.00266667	0	0	0	1291.44	20.3576	0.813776	0	0.11007	0	1.57026	0.74074	102.129	0.0301263	0.0021645	0	6006.49	0	23.5689	0	0.0021645	0	7.0148	0	0.642767	0	0.00952381	0	393.414	0	
1.12652e+07	MFG_R_7_2	0.0287037	10882.8	0.115325	305.581	0.0289855	0.0138889	0.0191793	16581.7	0	863.443	0	0	0	0	0	2183.14	0	0	0	0.00606061	0	37.7238	0	1.16637e+06	0	443348	0	0	0	260785	0	1.17966	0.00666667	3507.97	0	0	0	78.3357	0.0264052	5789.83	0	0	0	0.0656673	0	0	0	0.0143791	0	0	0	0.252432	0	110.962	0.00666667	278.589	0.00326797	278.273	0.0211765	122.609	0	0	0	3.63316e+06	0	0.0070922	0	0	0	0.880731	0	0.00757576	0	3.66658	0	0.226867	0	0.968764	0	2.05863	0	66.1718	0	0.0630563	0	7578.88	0	28.2323	0	20.9324	0	168.996	0	0.592129	0	0.629848	0	8602.26	0	1833.17	0	0.0395875	0	26.6846	0	0.00392157	0	0	0	0.0615304	0	0	0	0	0	0	0	0.385906	0	0	0	36.1524	0	3.43597	0	0.683277	0	0.0457716	0	92.6043	0	0.00724638	0	0.0586003	0	5862.66	0	6383.72	0	5384.25	0	3172.13	0	41101.4	0	0	0	0.00537634	0	0	0	0	0	0	0	11.1343	0	0	0	252.39	0	786.371	0	0.36444	0	0.264411	0	0.0186083	0	14.3392	0	0.204058	0	0.150555	0	0	0	0	0	0	0	0	0	0	0	0	0	0	0.00483092	0	0	0	0	0.0155525	0	0	0	0.00469484	0	0	0	0.579111	0	0.0428988	0	0.0158753	0	0.0961342	0	0.0238171	0	0.06194	0	0.0150702	0.0134088	471.388	0	0	0	0.00483092	0.0300142	5972.19	0	0	0	0.154962	0.0047619	0.870377	0	35.5994	0	0	0.137838	0.306371	0	1.23542	0	0	0	1.15197	0	0.122824	0	0.0463426	0.00392157	0.573984	
1.6325e+07	MFG_L_7_3	0.11699	16.2227	23422.7	0.0821486	2.53938e+06	6542.12	0.85347	0.172997	0	0.036855	0.00271003	573.097	15454.9	18565.7	871783	1.61305	4554.13	0	0	2579.72	2.49705e+06	0.442464	15978.2	0.489468	67070.2	0	1.86726e+06	7265.39	0.404904	0.0888889	3.05176	0.0498911	16.0265	0.129639	9485.9	0.00653595	156.084	0.035304	16.1584	0.0183339	0.0774927	0.431191	71619.3	0	3.38318	0	2.70368	35.1938	0.119857	0.00813008	123750	0	332.693	0	328.492	0	3.91615	0.0317029	0.646742	0.0549857	0.443423	0	1042.53	0	0.0892655	0	0	0	0.212863	0	0	0	0.00529101	0	0.0030581	0	0.226569	0	0.0998479	0	104.209	0	21.8082	0	61.5881	0	0.00323625	0	559.413	0	3.45526	0	412.318	0	253.026	0	0.164475	0	63.053	0	821.161	0	9.76345	0	0.00350877	0.138419	25.0256	0.00411523	0	0	0	0	0.00350877	0	0.00469484	0	0.172105	0	0.00350877	0	21.5169	0	0.00529101	0	0.238188	0.0346995	3.84818	0	0.089302	0	0.0468826	0	0.736871	0	2.3554	0.0291801	6.81882	0.0136054	4.83623	0	5.90457	0	0.748253	0	0.292679	0	0.16673	0	0	0.0155375	0.0042735	0	0.034326	0.0587788	6.31832	0	0	0	0.228029	0	2.76301	0.00362319	8.73856	0	0.0386555	0	57.8285	0	215.838	0	1.20205	0	42.4868	0	0	0.00411523	0.2336	2.10614	0.0247678	0	0.113566	0	0	0	0	0	0.241636	0	0.10151	5.12235	663.448	0	44.6476	0	0.114208	4.62037	620.378	0	4.27728	0	0.0359311	0	188.691	0	0.00406504	0.0339632	153.188	0	0.11119	0	0.0198063	0	0.231421	0	9.24045	4.06023	27.9499	0	18.4864	0.00483092	1035.18	3.6406	35.6609	0	6914.68	0	1076.7	0.287235	1469.21	0.0303092	486.73	0	1039.98	0.00378788	15.5235	0.00396825	327.556	0.00555556	78.5307	0.0405597	181.034	0.022807	467.171	0.0453216	617.894	0.0155123	
5.35613e+07	MFG_R_7_3	1.5636	1357.44	3288.55	3319.48	235734	487001	0.108702	1013.63	0	0.207632	1338.19	0.0323565	43790.2	1.52278e+06	2321.07	1.03321e+06	0	0.00606061	2579.72	0	365.924	4.88642e+06	2.17073	403.815	0	223.318	12183.1	1.61247e+07	0	0.0321195	109.334	21397	53.9347	0.317842	167.009	99567.2	0.00653595	3737.67	1.15626	2.67293	189.474	0.283569	110.517	14813	6.49404	0.403468	1.57149	1289.73	37.2343	0.00333333	911.195	492177	0.00330033	0.64208	0.00330033	4.79145	0.0120364	60.0472	0	19.6516	0	38.0976	0	2.9336	0	0.5309	0	1.55755	0.00277778	86.5794	0.00340136	571.909	0	5.61753	0	373.501	0	6.02267	0	16.9148	0	302.833	0	12.8512	0	233.032	0	215.686	0	239.172	0.00311526	12.9099	0.171031	5.88288	0.00239808	194.38	0.011854	1387.91	0	1254.41	0.00239808	7.7066	0.381646	117.793	0.022502	0.703045	0.00311526	0.0047619	0	0.267835	0	0	0	0.0159824	0	0	0.00277778	8.86188	0.0099508	0	0	7.68272	0	170.366	2.52355	227.342	0.0586399	26.7142	0.0360046	8.86351	0.808901	63.3417	0.321589	34.4441	0.0292287	1092.21	0.0132026	8.09257	0	283.299	0	1296.16	0	4.13909	0.00340136	5361.99	0.422859	0.234368	0.170763	2.16629	2.26995	78.7747	1.16623	0	0	0	0	12.4154	0	0.00520833	0.00497512	24865.6	0	32.1539	0	346.44	0.0120111	1212.85	0.682147	17041.6	0	1705.05	0	22.4556	0	0	0.45205	0.304228	0.914946	0	4.64012	0.0222662	1.23993	0	0.0974951	0	0.364848	0	0.0108932	0.37529	0.0748489	55.1051	0.0108466	68.2181	0	0.688008	0.151318	300.023	0.012582	0.00456621	0.0121373	3.40486	0.0108466	809.311	0.00416667	1.46752	0.207175	56.1444	0.0133387	0.218351	0	1.1685	0.00277778	23.2106	0.00277778	8102.48	0.731711	3466.03	54.9831	324156	0.188871	74793.7	12.3401	41.8686	0.185202	184840	72.7756	217185	0.908937	613382	1.02962	141251	5.48375	22207.5	0.727037	0.195534	0.59192	12484.2	1.26446	4460.7	1.21053	41920.2	2.50512	47328	5.58047	27818.4	
1.45959e+07	MFG_L_7_4	3.42769	11.302	6882.09	0.045218	16979.9	35.3879	12.6403	7.34554	0	0.629125	0.00271003	1.04469	630.251	86.6215	1.58492e+06	3.36062	60687.8	0	2.49705e+06	365.924	0	1.5897	340365	0.808089	180527	0	348729	496.508	966.973	0.357113	1.76474e+06	0.17008	11039.1	0.69443	432149	0.00694444	199.559	0.0161622	130.112	0.00529101	0.484609	0	0.169021	0	0.44367	0	0.191791	7.6214	0.00952381	0	5918.32	0	1838.96	0	1649.03	0.014898	17.09	0.090038	2.29786	0.0891304	0.925526	0	8664.31	0	0	0	0	0	0.898062	0.0100529	2.18059	0	0.116527	0	0	0	0.913672	0	0.500518	0	908.273	0	174.538	0	418.744	0	0.146452	0	4941.44	0.00238095	37.671	0	4033.6	0	2100.21	0	0.27535	0	649.333	0	6548.36	0	122.901	0.00238095	0.0282336	0.478774	416.481	0.00411523	0	0	0	0	0	0	0.0224232	0	0.316959	0	0	0	157.618	0	0.00529101	0	0.406313	0.123377	3.99619	0	0.147859	0	0.197639	0	1.57716	0.0144486	2.81523	0.0311517	16.2314	0.0138949	33.7759	0	45.5702	0	4.85073	0	15.8872	0	0.411633	0	0	0	0	0.00326797	0.00350877	0.00350877	23.4915	0	0	0	1.6994	0	36.7161	0.0150895	36.5823	0	1.62986	0	1524.87	0	1687.58	0	14.5773	0	587.698	0	0	0	0	0	0.00653595	0	0.126565	0	0	0	0	0	0.00653595	0	0.0192334	12.4234	395.125	0.00326797	0.109265	0.00326797	1.76953	10.3995	357.162	0.01327	3.39878	0	0	0	13.8698	0.00326797	0.00438596	0.195553	290.156	0.00330033	0	0	0.00546448	0	0.583331	0	18.4494	35.987	24.9866	0	0.355113	0.0202206	1911.03	30.1592	6.02427	0	0.0477092	0.00990317	390.44	5.39053	746.331	0.26171	192.974	0	2602.55	0	23.1908	0	143.196	0	114.196	0	314.903	0	255.645	0	362.941	0	
