data	data	8.20648e+07	8.46049e+07	3.03092e+08	3.39848e+07	5.7968e+08	2.31908e+08	1.19857e+08	1.07622e+08	3.43917e+07	3.86524e+07	1.47782e+07	3.99014e+07	1.77212e+08	1.8372e+08	7.88373e+07	2.75712e+07	2.8364e+07	5.42273e+07	2.77979e+07	2.63571e+07	3.42897e+07	3.27217e+07	5.54522e+07	3.31823e+07	1.16815e+07	5.29212e+07	2.47978e+08	1.32398e+08	3.50792e+06	8.97112e+06	2.45473e+07	3.1492e+07	2.20962e+07	3.46588e+07	2.33273e+07	4.3901e+07	2.25385e+07	6.84759e+07	3.4288e+07	3.11333e+07	3.32392e+07	1.21108e+07	3.36553e+07	2.14391e+07	1.23068e+08	2.00225e+07	1.78682e+08	1.02078e+08	1.38451e+07	7.59511e+06	2.62223e+07	4.6172e+07	5.239e+07	2.95042e+07	8.0952e+07	3.81936e+07	8.68042e+07	2.14155e+07	6.67831e+07	1.11693e+08	1.48692e+07	1.35653e+07	4.10386e+07	4.63032e+07	6.77934e+06	9.85588e+06	4.07901e+06	1.65417e+07	5.68722e+07	6.05357e+07	4.49378e+07	4.45883e+07	6.33467e+07	9.71803e+07	5.05467e+07	5.24417e+07	6.57645e+07	5.87518e+07	9.97506e+07	4.8444e+07	5.35429e+07	1.92495e+07	2.06258e+07	1.02031e+08	8.55222e+07	5.82402e+07	3.61358e+07	5.0913e+07	4.23544e+07	1.33375e+07	2.87962e+07	9.78635e+06	6.60868e+07	4.87325e+07	3.39965e+07	3.49754e+07	3.44953e+07	3.7366e+07	2.6879e+07	6.66252e+06	2.77261e+07	1.15671e+07	1.53864e+08	1.67108e+08	2.13749e+08	3.01014e+08	1.82744e+08	7.97783e+07	5.95893e+06	7.39714e+07	4.64103e+07	1.28542e+07	6.50328e+06	2.20585e+07	2.75932e+07	4.58032e+07	5.76607e+06	3.56186e+07	5.05138e+07	4.35984e+06	1.49205e+07	2.20575e+07	5.09331e+07	2.69375e+07	5.44526e+07	2.82452e+07	4.30226e+07	3.39665e+08	1.30413e+07	1.13693e+07	2.98994e+07	3.60116e+07	4.34381e+07	6.17732e+07	2.04438e+08	1.48032e+08	1.03927e+08	9.54069e+08	2.50014e+07	3.00064e+07	6.44798e+07	7.64843e+07	2.18754e+08	7.56201e+07	6.82889e+06	2.23851e+07	3.97347e+07	4.39728e+07	8.58667e+06	2.15331e+07	7.33184e+07	3.05475e+08	5.17868e+06	2.71256e+07	3.59533e+07	3.85892e+07	5.95244e+06	5.15396e+06	2.08677e+07	2.40372e+07	6.21781e+07	5.81042e+07	2.09529e+07	4.66463e+07	1.69529e+07	1.08483e+07	2.30035e+07	9.49469e+06	1.53764e+08	8.98818e+07	1.35239e+07	1.94764e+06	1.26516e+08	6.84595e+06	2.10557e+06	4.42029e+06	2.54731e+06	3.11022e+07	1.16308e+07	4.201e+06	2.71873e+07	2.92836e+07	6.19072e+06	6.40012e+06	5.15205e+06	5.99888e+06	1.20372e+07	1.22639e+07	9.65019e+07	1.34516e+08	1.02414e+09	3.91335e+08	6.50382e+08	3.08246e+08	4.9529e+07	7.85638e+07	1.32955e+09	6.57214e+08	1.20431e+08	4.34955e+08	3.41974e+07	6.2836e+07	3.25618e+08	3.10707e+08	1.54766e+08	2.16153e+08	1.17666e+08	2.30315e+08	5.9762e+07	8.55721e+08	1.94192e+07	2.76701e+07	8.34146e+07	1.6959e+08	2.10854e+08	3.98337e+08	2.04522e+08	3.05892e+08	1.18511e+08	3.59819e+08	1.71303e+08	3.29035e+08	2.15112e+08	3.6055e+08	4.48948e+08	4.04209e+08	8.31209e+07	9.67985e+07	1.09402e+08	4.49808e+08	1.07338e+08	1.75021e+08	2.03964e+08	8.13629e+07	5.02005e+07	2.69918e+07	1.43596e+08	9.64985e+07	8.93901e+07	5.73433e+07	6.11469e+07	6.50233e+07	1.18612e+08	6.467e+07	1.72343e+08	1.13303e+08	
data	data	SFG_L_7_1	SFG_R_7_1	SFG_L_7_2	SFG_R_7_2	SFG_L_7_3	SFG_R_7_3	SFG_L_7_4	SFG_R_7_4	SFG_L_7_5	SFG_R_7_5	SFG_L_7_6	SFG_R_7_6	SFG_L_7_7	SFG_R_7_7	MFG_L_7_1	MFG_R_7_1	MFG_L_7_2	MFG_R_7_2	MFG_L_7_3	MFG_R_7_3	MFG_L_7_4	MFG_R_7_4	MFG_L_7_5	MFG_R_7_5	MFG_L_7_6	MFG_R_7_6	MFG_L_7_7	MFG_R_7_7	IFG_L_6_1	IFG_R_6_1	IFG_L_6_2	IFG_R_6_2	IFG_L_6_3	IFG_R_6_3	IFG_L_6_4	IFG_R_6_4	IFG_L_6_5	IFG_R_6_5	IFG_L_6_6	IFG_R_6_6	OrG_L_6_1	OrG_R_6_1	OrG_L_6_2	OrG_R_6_2	OrG_L_6_3	OrG_R_6_3	OrG_L_6_4	OrG_R_6_4	OrG_L_6_5	OrG_R_6_5	OrG_R_6_6	OrG_R_6_6	PrG_L_6_1	PrG_R_6_1	PrG_L_6_2	PrG_R_6_2	PrG_L_6_3	PrG_R_6_3	PrG_L_6_4	PrG_R_6_4	PrG_L_6_5	PrG_R_6_5	PrG_L_6_6	PrG_R_6_6	PCL_L_2_1	PCL_R_2_1	PCL_L_2_2	PCL_R_2_2	STG_L_6_1	STG_R_6_1	STG_L_6_2	STG_R_6_2	STG_L_6_3	STG_R_6_3	STG_L_6_4	STG_R_6_4	STG_L_6_5	STG_R_6_5	STG_L_6_6	STG_R_6_6	MTG_L_4_1	MTG_R_4_1	MTG_L_4_2	MTG_R_4_2	MTG_L_4_3	MTG_R_4_3	MTG_L_4_4	MTG_R_4_4	ITG_L_7_1	ITG_R_7_1	ITG_L_7_2	ITG_R_7_2	ITG_L_7_3	ITG_R_7_3	ITG_L_7_4	ITG_R_7_4	ITG_L_7_5	ITG_R_7_5	ITG_L_7_6	ITG_R_7_6	ITG_L_7_7	ITG_R_7_7	FuG_L_3_1	FuG_R_3_1	FuG_L_3_2	FuG_R_3_2	FuG_L_3_3	FuG_R_3_3	PhG_L_6_1	PhG_R_6_1	PhG_L_6_2	PhG_R_6_2	PhG_L_6_3	PhG_R_6_3	PhG_L_6_4	PhG_R_6_4	PhG_L_6_5	PhG_R_6_5	PhG_L_6_6	PhG_R_6_6	pSTS_L_2_1	pSTS_R_2_1	pSTS_L_2_2	pSTS_R_2_2	SPL_L_5_1	SPL_R_5_1	SPL_L_5_2	SPL_R_5_2	SPL_L_5_3	SPL_R_5_3	SPL_L_5_4	SPL_R_5_4	SPL_L_5_5	SPL_R_5_5	IPL_L_6_1	IPL_R_6_1	IPL_L_6_2	IPL_R_6_2	IPL_L_6_3	IPL_R_6_3	IPL_L_6_4	IPL_R_6_4	IPL_L_6_5	IPL_R_6_5	IPL_L_6_6	IPL_R_6_6	PCun_L_4_1	PCun_R_4_1	PCun_L_4_2	PCun_R_4_2	PCun_L_4_3	PCun_R_4_3	PCun_L_4_4	PCun_R_4_4	PoG_L_4_1	PoG_R_4_1	PoG_L_4_2	PoG_R_4_2	PoG_L_4_3	PoG_R_4_3	PoG_L_4_4	PoG_R_4_4	INS_L_6_1	INS_R_6_1	INS_L_6_2	INS_R_6_2	INS_L_6_3	INS_R_6_3	INS_L_6_4	INS_R_6_4	INS_L_6_5	INS_R_6_5	INS_L_6_6	INS_R_6_6	CG_L_7_1	CG_R_7_1	CG_L_7_2	CG_R_7_2	CG_L_7_3	CG_R_7_3	CG_L_7_4	CG_R_7_4	CG_L_7_5	CG_R_7_5	CG_L_7_6	CG_R_7_6	CG_L_7_7	CG_R_7_7	MVOcC	MVOcC	MVOcC	MVOcC	MVOcC	MVOcC	MVOcC	MVOcC	MVOcC	MVOcC	LOcC_L_4_1	LOcC_R_4_1	LOcC_L_4_2	LOcC_R_4_2	LOcC_L_4_3	LOcC_R_4_3	LOcC_L_4_4	LOcC_R_4_4	LOcC_L_2_1	LOcC_R_2_1	LOcC_L_2_2	LOcC_R_2_2	Amyg_L_2_1	Amyg_R_2_1	Amyg_L_2_2	Amyg_R_2_2	Hipp_L_2_1	Hipp_R_2_1	Hipp_L_2_2	Hipp_R_2_2	BG_L_6_1	BG_R_6_1	BG_L_6_2	BG_R_6_2	BG_L_6_3	BG_R_6_3	BG_L_6_4	BG_R_6_4	BG_L_6_5	BG_R_6_5	BG_L_6_6	BG_R_6_6	Tha_L_8_1	Tha_R_8_1	Tha_L_8_2	Tha_R_8_2	Tha_L_8_3	Tha_R_8_3	Tha_L_8_4	Tha_R_8_4	Tha_L_8_5	Tha_R_8_5	Tha_L_8_6	Tha_R_8_6	Tha_L_8_7	Tha_R_8_7	Tha_L_8_8	Tha_R_8_8	
8.20648e+07	SFG_L_7_1	0	8.37414e+06	1.21918e+07	57188.3	4.53204e+06	12716.3	7.37926e+06	1.31675e+06	2.7141e+06	21857.7	575054	12818	140.729	20.7264	0.589841	226.006	7.68884	352.648	0.158611	0.026426	0.180035	0	24.2532	1044.89	1.57334	202687	2.24403	0.201502	0	1.18052	0.150132	0.00653595	0.240363	2075.58	0.171854	0.00273224	22.9299	1080.6	9.98226	2205.3	0	0	0.00378788	0	0.0335859	0	0.0335859	0.148907	0.0174218	0	0.0104987	0	0.0310078	0	5.73077	22.4994	1782.09	0.79619	1105.76	207.268	1.62282	9.03877	0.314007	0.139408	58572.3	10.1436	4608.21	7.1568	0.235541	0.0557426	0	0	2.35878	2.81621	0	0	2.53084	0	2.36635	0	0	0	1.41235	15.1663	0	16.2993	0	0	0.0018315	0.627777	0.00401606	0.0152426	1.30979	43.7284	0.012945	0.030002	0	33.7501	0	0.00387597	0	0.0138262	0.323123	15.1497	0.561469	3.05072	0.0691658	0	0	0.017667	0.0194658	0	0	0	0.0194658	0.412916	0	0.153934	0.0194658	0	0	0	0	0.0424771	3686.08	1.01861	213.695	440.439	0.00628931	0	4369.33	17.2573	956.651	0.651808	7041.24	1.93857	9969.24	569.813	0.0194658	8.09803	0.129025	90.2261	12145.7	0.0424771	0.0517938	0.185253	25523.1	0.136472	34327.8	51.5553	1686.76	0.891211	1225.21	8.86425	0	0.00529101	0	0.133803	0	0	3006.03	2.03079	344.538	46.8477	0	0	0.32529	0.228123	3688.62	8.60037	65.097	3.65681	2943.06	15.1689	7.95747	9.52227	0.148397	560.062	502.975	44.039	4.08169	44.3556	443559	5.30156	27257.4	0.353708	0.0166667	0	15.5499	154.081	0.188231	0	0.0527033	0.0143386	18.2547	14.9119	0.68384	0.0167082	116.124	0.351057	0	0.0030581	0.982009	0.223492	37.5989	150.127	34.1728	0.44944	2.83518	531.064	0.248895	11.8999	0.736554	0.0644934	4494.46	111.155	0.493269	0.504436	0.0215918	0.868705	394206	1846.71	3.82246	0.854041	6.69162	0.341455	60843.6	270097	11381	687.922	24153.1	0.586374	1.40527e+06	0.0266773	1356.74	0.00942391	3711.2	1.26956	138937	0.0723501	14412.6	0.0859231	22762.2	0.214092	628447	0.194012	
8.46049e+07	SFG_R_7_1	8.37414e+06	0	1.71041e+06	6.03074e+06	1.26207e+06	329666	1.2441e+06	8.54982e+06	298733	1.22324e+06	16103.5	1.43134e+06	10.3149	11.4565	2388.09	120941	29.8075	189152	3.86952	178.516	208.633	682.071	3441.08	178766	21.089	50477.3	0.122177	0.728373	0	756801	1.33254	228.889	5.15533	1.07883e+06	13.6945	23.167	19.5133	421688	634.523	1.94456e+06	0	0	0	0.00297619	0.208936	0.207774	0.208936	0	0	0.004329	0.0952533	0.0180736	128.755	0.114999	2815.24	35.76	155.017	21.7281	195.609	16.9926	7.78074	399.569	20.3522	245.113	1241.2	41980.7	635.525	1137.25	0	0.856583	0	18.7031	5.67721	43.5167	0	19.1523	0.0026455	0.207524	0	2.34124	0	5.14511	0	191.734	0	277.439	0	38.747	0.903758	2.3911	0.792636	0.295348	0.683843	348.868	0	37.3408	0.00444444	173.117	0.0166151	0.0193277	0	0.154636	0.331301	85.5023	0.946626	2.45947	0.222031	0.0356015	0.0193277	0.00444444	0.233339	0.00444444	0	0.136852	0.383485	0.843019	0.0174359	0.0739627	0.316987	0	0	32.3179	0	32.9495	245.311	5.16799	22.6039	15094.7	0.0240416	0.0878077	59.8021	929.698	0.332167	515.286	42.5603	314.134	0.109945	26540.6	0	201.02	0	2513.29	0.175128	161.103	0	252.136	1654.78	210.685	1266.4	138853	152.214	139.135	380.277	682.948	0	3.42826	0	0.698415	0	0	76.6393	1149.8	0	2295.9	0	0.0042735	0.376032	13.5914	61.6594	1712.02	0	515.342	437.96	8603.37	100.716	4.95184	16.1576	231.965	5.29196	2891.18	119.256	297.773	3223.31	44.0189	284.245	1820.09	0	0.0654762	1658.43	4.90311	0.0249467	0.152279	0.0446549	5.82896	58.1285	1.24711	0.104905	53.7427	20.9648	109.364	0.00343643	3.63363	0.887821	70.3911	2057.82	2.68078	7.49569	330.432	0.134404	20155	0.0157155	56388.4	0.061962	0.373649	2.02978	88664.1	0.469392	10.7492	0.00260417	0.562644	51.3229	4.16623e+06	0.481921	128.266	0.827091	24.1771	42793.4	109843	1.55894	184877	0.640952	76457.7	12.3043	1.40355e+06	0.800678	35.3352	2.95148	0.11083	2.77754	127483	1.07668	13947.2	1.32089	26497.5	0.903906	496927	
3.03092e+08	SFG_L_7_2	1.21918e+07	1.71041e+06	0	21486.7	8.72256e+07	741770	7.41929e+06	168215	7212.12	65.5325	4313.71	64277.4	1221.68	2213.65	1.38773e+06	2314.5	67877.7	362.254	44178.3	0.408151	25594.4	0.00628931	8.813e+06	351.619	308314	83833.2	8514.27	0.883144	258062	1.16215	244002	0	1.72121e+06	617.728	70728.7	0.0324129	351333	307.939	7.50968e+06	583.808	0	0	0.151456	0	9.93049	0	12.6183	0.328812	0.369478	0	2362.97	0	447.404	0	10623.2	1.58813	4407.95	0.103476	1846.36	10.8106	13519.3	5.69944	24456.3	0.0528846	67.3927	1.9757	2.90468	0.0494183	12.1028	0.0310389	951.836	0	14200	1.83815	383.933	0	598.541	0	2196	0	810.756	0	165.096	1.65932	663.212	0.689047	592.103	0	13207.4	0.0287942	2741.43	0	6810.47	3.23423	201.798	0	571.794	0.799626	116.057	0	571.617	0.003367	9911.62	0.594408	3527.72	3.53688	1747.22	0.0042735	2.37384	0.017667	0.0410959	0	0.19237	0	0.39879	0.00268817	0.065554	0.0124104	0.0979383	0	74.9769	0	138.968	0.074183	28869.7	10.7884	407.971	22.9991	5.02059	0	28967.6	91.3372	6070.17	0.0338384	474866	0.236765	89703.1	45.6411	108.294	0.475791	18971.2	11.9371	103808	0.0421237	8471.02	0.0733843	4247.59	0.295113	5991.3	82.8272	152.496	0.178087	31.0707	0.223722	0.800471	0	18.699	0	2.86588	0	14096.7	1.0613	9378.94	2.31992	0.437514	0	116342	0.0566038	1.68123e+06	0.991345	616.326	0.452822	7.19019e+06	5.94486	0.23548	0	0.00362319	28.6939	0.0151515	0.305293	0.258322	0.31492	723.832	10.2512	218.12	0.0912023	0	0.0151868	470.404	282.087	27561.5	0.0168585	36268.9	0.00688172	139.31	75.7292	153238	0.00688172	256542	0.0111139	99.382	0.0135595	11434.4	0.003663	19539.4	215.25	97113.2	0.366853	1176.97	38.7217	0.970989	4.48934	1.96134	0.0585977	716.525	36.2588	693.816	0.747808	1.21565	2.50643	1.80449e+06	250.226	50.3275	1.90002	162188	1.77021	255196	5978.74	1.74411e+06	47.9478	125722	14.5064	3.45098e+06	4.57896	2847.44	0.0438515	56313.2	2.54632	399593	24.7852	84870	6.26056	128337	14.8978	2.3608e+06	14.9194	
3.39848e+07	SFG_R_7_2	57188.3	6.03074e+06	21486.7	0	26789.3	670101	1147	4.36226e+06	3.88777	20.9046	688.477	0.325166	0	0	75.2726	2.60583e+06	1.16231	44323	0.356162	109.637	6.15463	101.651	136.808	671613	0	611887	0	0.514203	0	193748	0.101758	183.899	0.236847	499266	0.379231	0.181704	0.0992482	243231	1.30686	765418	0	0	0	0.00297619	0	0.0513173	0	0.00330033	0	0	0	0.00297619	0	0.0241453	0.0047619	32.0045	0.0163967	23.6994	0.0388807	0.395303	0	221.575	0	149.738	0.0876271	0.0530585	0.00694444	0	0.00320513	0.191762	0	104.954	0.0249243	81.8713	0	85.4483	0.00320513	0.614632	0.00320513	4.01313	0	2.64744	0	100.577	0	198.889	0	38.9788	0	2.9419	0	0.68245	0.0123208	168.302	0	21.9565	0	102.538	0	0.077376	0	0.0166901	0.00268817	70.1381	0.0189211	2.59498	0	0.0417004	0	0	0	0	0	0.234533	0	0	0	0	0	0	0	62.1576	0	79.1501	0.0407559	0.247635	0.0193237	4629.29	0	0.0208537	0.016011	11.983	0.104869	149.935	0.0148166	442.779	0.0152778	10712.1	0	321.51	0	3875.9	0.003663	72.426	0	1240.18	1.52355	0.0167775	0.0916822	0.0920774	0.0698676	211.001	0.267678	0	0	2.04676	0	1.70727	0	0.00574713	0	179.353	0	893.413	0	0.0042735	0	5.32661	0.0385419	1387.08	0	230.895	1.56907	5289.73	0.00606061	0	0	0.00383142	0	0	0	0	0.375073	0	0.561896	0	0	0	16.7917	0	0	0.004329	0	13.3819	0.469399	0	0	201.975	0.00362319	430.534	0	8.65862	0	286.172	37.3208	0.036589	0.00314465	416.051	0.00314465	8270.98	0	179.555	0	0.00266667	0.00512821	646.742	0.00320513	0.0973937	0	0.0314213	0.740344	70674.5	0.0122778	270.913	0.00266667	0.653847	76.2954	567.586	0.0148166	72343.4	0.0254176	12.5211	0.502889	224.643	0.13582	0.017667	0.00416667	0	0.148148	36.6863	0.025679	4.41151	0.0766797	18.0784	0.27535	97.4388	
5.7968e+08	SFG_L_7_3	4.53204e+06	1.26207e+06	8.72256e+07	26789.3	0	2.6455e+07	9653.66	11.8109	31192.9	29.2086	4.55109e+06	2.27199e+06	4.29292e+07	2.10142e+07	1.7909e+07	64464.8	900.726	0.0586735	323609	3.51434	30098.7	0.488876	9092.31	320.346	9.7011	8.45638	8.44465e+06	44583.6	429.972	20.8051	214933	0.641499	1.23092e+06	3043.44	265541	0.631813	333246	1367.08	192581	1116.34	6.92961	0.324329	224.558	0	29.2371	0	34.1634	371.825	9.41861	0.0214372	76790	0.0422962	61.8699	0	2287.63	0.703087	428.011	0.0817975	180.599	2.07029	64.9441	27.6281	18.2681	0.00606061	8598.56	24.4824	24.1254	0.968224	184.42	0.0722425	1775.89	0	4451.34	7.70834	644.588	0	2737.19	0	6473.15	0	1985.83	0	667.584	10.2504	675.09	4.90175	1537.22	0	23620.3	0.326031	2681.91	0.00374532	31665.7	32.6644	409.481	0	586.077	7.90753	173.427	0	1069.56	0.030303	36963.1	9.52508	25588.4	0.0565238	3206.52	0	47.6775	0.116167	1762.97	0.0428728	0.384874	0.00314465	2870.38	0.263135	12.7556	0.189753	2669.82	0	85.9564	0	142.096	0.231767	23310.8	119.324	146.502	301.436	5.36035	0	40514.8	1180.56	35054.2	0.522754	934142	1.45645	150547	361.811	55.2444	6.10556	41435.3	94.6635	325364	0.169496	23770	0.306305	104295	129.863	2032.92	1198.46	153126	846.522	182768	43.7696	0.113998	0	21.7487	0.0158367	6.6072	0	9321.26	11.8559	46539.6	18.4239	3.99753	0	1.08548e+06	0.047769	6.69978e+06	3.71144	1687.48	0.364937	6.69021e+06	6.38758	793.876	0.04367	10315.5	315530	199263	573.198	32789.1	1042.21	452758	0.0776859	432105	3.39149	0.629761	1409.49	14972.1	35.9103	480637	36.0008	631333	46.2929	547.951	14.7284	2.60086e+06	121.78	849976	0.485495	374.421	0.0030581	93554.4	0.285207	277296	6.65177	289795	149.676	6913.36	335.177	8.13419	0.812571	95.079	0.562175	7171.19	16.4928	51660.7	210.133	7458.25	62.1462	4.73729e+06	1337.78	1067.49	29.7102	3.39338e+06	36.4066	5.60851e+06	80309.7	5.71784e+06	578.827	2.47714e+06	50.8435	6.93532e+06	15.8163	7332.33	0.0727911	1.1385e+06	5.8691	1.89132e+06	14.0798	1.65504e+06	14.7284	2.54141e+06	51.9665	1.07163e+07	35.299	
2.31908e+08	SFG_R_7_3	12716.3	329666	741770	670101	2.6455e+07	0	28.4818	8239.59	17.5493	249.042	409586	1.02083e+07	109213	3.88905e+07	445522	1.31582e+06	35.5475	37.4838	12.4453	3.30562e+06	52.3958	1.32155e+06	15913.9	7277.24	0.00653595	311.625	18223.2	590852	0	9659.96	0.30481	629384	0.596334	95299.5	5.61271	1.0635e+06	0.181499	107368	1.61423	2544.15	12.0147	0.0106673	0.0188385	84.0617	7.61108	0.707452	19.7055	27.0933	0.591081	0.00330033	0.132491	1225.05	0	0	0.269332	111.138	0.80583	567.536	1.37015	5.01021	0	503.142	0	5.85348	5.34316	286.924	0.333353	6.67877	0.0156966	848.255	0	72.44	0.00584795	82.6945	0	82.714	0.0333489	38.9084	0.00308642	17.9413	0	3.79553	0	6028.78	0	123.427	0	288.967	0.00226757	11.1568	0.0025641	11.017	0.181891	12450.6	0	56.0053	0	199.56	0	0.0754103	0	0.807638	0.151866	1212.91	1.46959	67.4097	0.160381	16.7565	0.0729149	1417.69	5.14707	105.374	0.00411523	2.85249	7.16746	4670	0.00982079	946.432	7.85755	17.1482	0	270.524	0	133.538	72.4324	1948.98	129.4	10300.8	0	1.60861	9.4357	23362.3	34.9821	137.734	4.77026	20611.5	0.0128146	27877.9	0	623.069	0	5624.8	0.0256322	26.579	0	940.587	2078.35	17579.9	18.9364	7642.98	580.122	58115.5	3435.34	292845	0	338.303	0	41.7815	0	0.026455	0.826448	6853.52	0.0109253	619.838	0.0047619	0.0978478	0	2.18183	44.109	9371.32	0.0025641	388.246	3.75339	347.862	104.8	954.118	3337.32	255446	1821.58	9979.87	105.796	129187	336.689	11.8288	413.182	420.267	4.92154	414.625	1004.87	5321.84	1089.69	19459	559.588	15662.1	55.6844	154.561	704.23	96280.8	20.9287	21259	0.00282486	17.142	136.538	11622.3	3983.4	3341.51	129.236	22615.7	250.948	27432.5	0.0492949	648.016	0.0519621	682.155	9.02856	63311.1	24.3516	99514.6	6.29492	1.21464e+06	11.8828	8.00858e+06	43.0016	26072.6	160.783	869894	61.6511	7.00409e+06	0.872857	2.04159e+06	1.62927	2.89303e+06	7.81895	1.86539e+06	3.39471	4.99248	1.44023	6728.34	11.2773	592264	1.02228	407525	1.04691	1.11604e+06	4.0899	1.82172e+06	
1.19857e+08	SFG_L_7_4	7.37926e+06	1.2441e+06	7.41929e+06	1147	9653.66	28.4818	0	1.06122e+06	1.02268e+07	1.78219e+06	1.86737	102.248	588.954	0.033559	58.4864	0	831.007	211.75	666.17	0	946.909	0.0167775	3004.17	58.557	692620	50702.8	922.74	8.09817	645.175	0.0207329	74.0499	0	312.747	0.0216816	153.756	0	162228	0.00546448	213830	0.0522105	0	0	0.115732	0	1.87662	0.25642	1.68694	52.8698	322.834	0.0179043	11.5678	0	7039.21	0.165359	1.70841e+07	4396.9	3839.14	0.923346	48664.3	210.412	70895.1	0.73258	162411	14.7469	436.694	7.91815	191.247	19161.1	1.28081	0.0181007	0.1042	0	29267	0	1.57367	0	779.041	0	1054.05	0	3.15853	0	257.752	0.635404	3.47226	0.0149573	0.326901	0	0.983872	0	0.0396493	0	52.5371	0.549093	0.420618	0	0.110418	0.00320513	0.304479	0	0.142161	0	40.3354	0.00444444	14.5651	57.2715	0.589393	0	0.0120159	0.00444444	0	0	0	0	0.121008	0.615054	0	0.273152	0	0	0.598116	0	2.82853	0	5155.3	1.86461	195.473	1.12552	5.15041	0	20942.6	895.801	1834.83	0.00350877	136081	0.0357692	142164	3.10094	0.715948	0	7.06023	0.00392157	147324	0.00392157	0.827575	0	940.862	70.1063	6769.8	1208.34	0.0211536	0.775003	0.0584887	51.3139	3.28772	0.0497268	2.15356	0	0.00595238	0	4894.57	30.2686	171208	0	0.0968079	0	1349.84	0	557784	0	161651	0.00374532	3.63948e+06	0	0.0220715	12.5636	0	1.04648	0	0.569583	0	45.0106	1.17726	7.36029	0	0.0360604	0.0617551	0	1213.85	368.82	2.76607	0	11.2447	0	154.997	64.5128	35.3071	0.00292398	626.914	0.0127208	0.0166771	0.0149573	8.27871	0.0127208	2741.41	518.309	181.099	0.158933	902.055	2.48957	129.977	126.339	3.06773	0.0588124	286249	1207.34	1.52364	3.31305	1.48694	3.70162	2.8375e+06	2018.31	33.8891	2.33914	495.29	1.213	16473.8	1.88431	1.09966e+06	2.15836	4020.31	1.33856	2.7235e+06	0.0022831	16078.3	0.125872	43.9613	3.15726	55580.1	0.0426245	647.446	0.0165517	3429.77	0.0344091	189609	0.0673061	
1.07622e+08	SFG_R_7_4	1.31675e+06	8.54982e+06	168215	4.36226e+06	11.8109	8239.59	1.06122e+06	0	496723	3.60024e+06	0.0412391	17.0005	0.166944	20.7998	0.692156	12263	0.0505987	47339.6	0.0429232	2.07324	0.176807	297.642	1.50719	37803.4	3.51398	1.51514e+07	0.0031746	0.280575	0	25461.8	0.0243148	611.111	0.025641	178828	0.0227937	2984.88	1.41116	900523	6.64439	3.4222e+06	0.0135025	0	0	0.0378892	0	0.0618606	0.0135025	0.126261	3.59769	1.25409	0	4.40079	225.162	23.1433	6141.04	2.49383e+06	40.135	66998.8	24.0626	1708.51	0.231809	793253	1.73675	3.55698e+06	167.749	1.85586	76.7331	2.31866	0.184797	0.276655	0	0.0247678	0.221146	824.769	0	0.190629	0	1.14556	0	1.16854	0	8.21974	0	37.2836	0	554.196	0	117.161	0.0022831	1.94988	0	0.0527571	0.056296	102.868	0	58.4991	0	242.407	0	0	0	0	0.0904842	53.1711	0.608339	9.57647	0.017094	0.0187943	0	0	0	0	0	0.00350877	0.00537634	0	0	0	0	0	0	55.0407	0	0.500145	1678.3	161.941	1.21526	234086	0.00584795	2.24444	358.581	53324.3	0.514326	7705.8	2.0905	350.286	0.0611281	448532	0	3.29255	0	18.1049	0.241489	72.9065	0	0.0258924	979.213	0.193273	1994.14	0.229905	0.00287356	2.32285	0.00280112	0	1.86795	1480.9	0	0	0	10.2611	11.2585	53831.1	0.00374532	2555.73	0	0.00320513	0	1094.55	0.580237	1641.44	0	182.667	7.96191	2586.34	0	0	0.0135025	0.0135025	0.0169913	0	0	0.004329	0.185633	0	0.0408336	0	0.104466	0	1158.69	27.2268	0.0101556	3.13902	0.0533671	6.42927	105.803	48.6438	0.0241619	9.63653	0.014425	4.33344	0	16.0253	0.00320513	2.12864	1217.72	13.2411	0.00350877	7347.69	0.0152785	380418	1.17188	123189	0.976322	0.0186254	26.8273	1.15414e+06	0.00483092	0.153232	0	0.0759678	776.72	4.33142e+06	3.15626	9.6782	2.30034	1.98982	1823.77	5802.33	0.29809	409050	2.35902	1229.02	185.44	255320	1.11956	132.153	0.0580512	0.322251	6.68873	8146.97	1.757	11.2931	1.79242	636.523	3.84704	51278	
3.43917e+07	SFG_L_7_5	2.7141e+06	298733	7212.12	3.88777	31192.9	17.5493	1.02268e+07	496723	0	1.16517e+06	11053.7	188.491	56.4549	0.340484	0.261028	0.0455921	0.00358423	26.0699	2.18005	0	0.042164	0.00411523	0	14.109	0.193207	774.075	43.2143	4.31945	0	0.00490196	0.00358423	0	0	0.0244669	0.135777	0	165.887	0.0232746	47.6428	0.307441	0	0.0261841	0	0	0.00512821	0.519334	0.00512821	32.1105	149.417	0.0612374	0.129634	0	6.65297	0.110174	316904	5873.72	4983.71	0.17055	293124	111.398	2.3308	0.406272	0	3.39089	182525	47.7158	109914	4027.22	0.0295646	0	0	0	23.5032	0	0	0	31.9996	0	46.2852	0	0.013847	0	18.0615	0.00383142	0	0.0042735	0.00330033	0	0.00323625	0	0	0	1.1579	0	0.0128827	0	0	0	0	0	0	0	1.39176	0.003663	0.0370089	2.39937	0.0167881	0	0.0030581	0.0162149	0	0	0	0	0.0178121	0.976294	0	0.274018	0	0	0	0	0	0	8468.96	0.00343643	288.909	0.087591	0	0	3122.43	0.320717	0.524738	0	5739.92	0.0174359	15432.9	0.175961	0	0	0	0.00392157	21564.2	0.00392157	0	0	81218.4	0.115485	110095	67.6575	282.011	2.27973	121.303	34.0826	0	0.0224232	0	0	0	0	3680.23	7.27764	21957.8	0	0.024201	0	0.257013	0	50790.9	0	9063.13	0	67698.3	0	0.060698	12.9096	0.00555556	4.4616	0.240241	11.721	0	83.8313	507038	22.2461	219823	8393.77	0.0691248	6.35624	12.7535	4.10382	0.01332	0	0.132528	0	0.86574	3.38483	0.580668	0	14.7528	0	0.00406504	0.0042735	0.107699	0	37.8043	8.74741	2.51762	0	0.0735802	0.124157	0.267552	15.0988	0.0384127	0.0162149	26058.9	148.277	0.0030581	1.23387	0.612675	0.379316	62806.3	184.306	5.97794	1.3596	28.7749	0.0172222	55.9469	0.116172	52398	0.272757	30.4631	0.11855	46707.7	0	47.2582	0.0263095	0	0.168927	377.996	0.0191571	3.3404	0.0165517	19.8978	0.00574713	1680.66	0.0198276	
3.86524e+07	SFG_R_7_5	21857.7	1.22324e+06	65.5325	20.9046	29.2086	249.042	1.78219e+06	3.60024e+06	1.16517e+06	0	33.1523	7836.53	0.0144725	0.0190476	0	0.891343	1.07524	42.223	0.004329	1.10643	0.0205177	417.978	0	0.9223	23.6498	7.66083	0	0.163496	0	2.72982	0.0202206	1128.56	0	21.4192	0.0814765	2609.14	0.47125	907.979	1.50602	1838.36	0	0	0	0.00529101	0	0	0	0.07679	0.117802	0.214125	0	0.591131	75257.7	169.317	1.02626e+06	1.87662e+06	1567.37	3.66498	127777	112990	2.77151	8560.87	54.2209	202506	2809.81	73758.5	31130.4	2.95252e+06	0.00505051	0	0	0	0.717116	1.40959	0	0	0	0	0	0	0	0	0	0.00497512	0.003663	0.0716721	0	0	0	0.0153765	0.00438596	0	0.0138904	0.0477123	0	0	0	0.11152	0	0	0.00438596	0.0153765	0.0138904	0.00350877	0.0947592	0.615332	0.00287356	0	0	0	4.67392	0	0	0.00350877	5.28519	0.0500635	0.0173189	0.0174342	7.59882	0	0	0	0	0	1220.44	0.286708	48.3557	111.658	0.0259119	0	524.596	127.167	0.00358423	2.25894	0.0322909	0.111858	0.0173474	186.273	0.00438596	0.0788802	0	0.123476	0.0144351	0.0445957	0	0	2120.58	4.25414	3863.54	94803.9	393.678	10.4759	823.63	5.68266	617.982	0.0104167	0.00564972	0	0.00628931	0	284.396	634.972	0.00374532	34.6907	0	0	0.0236451	39.4947	0.00949244	15.6028	0	1.29907	4.21444	243.96	21.4464	0.300846	0.320181	0.00757576	0.00537634	0	144.375	16.4396	23.7059	46.8895	187.267	20353.1	0.00537634	0	296.427	10.8636	0.0119758	1.35428	0.0237357	2.601	38.201	55.8434	0.043447	9.45297	0	0.930932	0.00287356	0.0172107	0.0117477	0.593348	259.679	2.11575	0.00311526	5.72962	0.00311526	137.586	0.0173189	4713.59	0.108316	0.134149	43.3853	1.50572e+06	8.97986	0.790852	0	0.042879	501.379	2.84349e+06	0.204573	4.69996	0.194517	3.17603	0.011546	4852.47	0.00347222	224122	0.148386	721.026	92.9537	178471	1.31269	4682.74	0.0770418	1.43675	0.0104167	38501.7	0	140.708	0.00406504	4265.77	0.535541	88192	
1.47782e+07	SFG_L_7_6	575054	16103.5	4313.71	688.477	4.55109e+06	409586	1.86737	0.0412391	11053.7	33.1523	0	303115	630018	15764.1	8.99283	507.913	0	0	0	0	0	0	1.06624	5.40824	0	0.0412391	1.4049	0.0261887	0	0.240091	0	0	0	66.5149	0	0	0	27.3148	0	24.2139	202.342	2.24667	0	0	0	0.0250292	0	5.83176	0.4287	0	0	0	0	0	0	0.003367	0.0493219	0	0.209805	0.0529557	0	0.474135	0	0	936.295	101.929	0.182104	1.60752	0	0.331024	0	0	0	0.0844346	0	0	0	0.00505051	0	0	0	0	0	0.13866	0	0.0166693	0	0	0	0	0	0	0	0.114646	0	0	0	0.0166693	0	0	0	0	0	0.013175	0	0	0	0	0.017316	0	0.875675	0	0	0	1.28526	0.004329	0	0	1.14299	0	0	0	0	0	0.611285	0.00289855	0.869099	0.358639	0	0	0.0222284	0.00220751	0.00546448	0.00392157	0	0.00411523	0	0.520904	0	0.00497512	0	0.125248	0	0	0	0	8181.87	1.95291	63.4256	334.251	5208.13	0.991893	8760.12	8.36976	0	0	0	0	0	0	0.0505361	0.0588839	0	0.015506	0	0.0464015	0	0.00680272	0.00273224	0.116552	0	0	0	0.0272109	116.357	0.0234728	6.63598	137.608	519458	576.311	50.3094	2.64455	281371	0	45101	37.3924	909.072	3.93464	0.0108991	0.0035461	0.0035461	0.0144182	0	0.0035461	0.00282486	0	0	0.0322656	0.00273224	0	0	0	0	0	0.023875	0	0	0.0293819	0	0.355656	0	0	0.00416667	0.00273224	1.30313	0.151685	1.30415	0.158926	0	0.0316888	0.127394	4.0817	1.41192	0.254292	0.00273224	0	0.0565984	21.3744	0	0.728392	0.13974	1.63532	0	0.615365	0.0045045	0	0.0264328	0	2.30795	1.21157	0.451258	0.0960285	0.280146	0.221501	1.90296	1.60686	
3.99014e+07	SFG_R_7_6	12818	1.43134e+06	64277.4	0.325166	2.27199e+06	1.02083e+07	102.248	17.0005	188.491	7836.53	303115	0	137752	3.18944e+06	145952	4.87707	0.0945654	0.00641026	0.135924	0.463281	0.0853132	0.469213	306.368	15.9081	0	19.0195	5028	0.00584795	0	0.0423387	0	0.0423387	0.0181062	23.4145	0.00483092	0.101823	0.0845455	2.65882	0.0177919	22.766	121.886	339.875	0	0.00900901	0.00258398	0.163531	1.68601	2.2287	8.90235	1.97742	0	0.00900901	0	0	0.142617	0	10.1013	0	15.367	0.0666098	0	0	0	0	48.5121	11074	11.6188	134.875	0.0196248	1.65454	0	0	0	0	0	0	0.0361039	0	0.00222222	0	0	0	0	4.82459	0	0	0	0	0	0	0	0	0	11.8905	0	0	0	0	0	0	0	0	0.0622896	0.00931869	0.0911409	0	0.00273224	0	0	196.792	0.00411523	124.397	0.00411523	0	0	4292.77	0.00222222	423.045	0.00411523	0.209052	0	0	0	0	0.254742	1.48584	4.07428	1.22959	0	0	0.160101	46.1057	0.0920741	0.00462963	0.555027	0.0181818	0	1.266	0	0	0	0	0.00213675	0	0	0	10240.6	101454	20.6283	94032.6	3.62501	7279.52	1818.38	570140	0	0	0	0	0	0	12.9705	5.70512	0	0	0.0047619	0.0899625	0	0	73.7661	0	0	0	2.1717	0	173.581	1124	1690.49	360624	69936.8	780657	0.261491	84653.7	20.7287	8647.22	25.9123	27155.7	826.289	15898.4	0.0130182	0.00374532	4.6715	3.80123	6.23304	1.45908	0.00438596	0.00401606	14.679	18.6535	20.5103	0.0128557	0.003003	0	0.275224	0.0128557	1.36492	0.00374532	13.7466	1.98993	3.76757	1.11746	0.00793651	555.504	0.00793651	33.5112	0	4887.34	0.0259089	6962.47	0.256284	8.83185	12.242	435.732	13.2779	15.4136	31.8615	0.395724	1.98204	2901.06	10.0434	0.82527	0	360.589	0.616145	486.947	0.00289855	0.0257937	0.00421941	0.295125	0	383.289	0	487.122	0.00421941	382.199	0.144332	681.776	
1.77212e+08	SFG_L_7_7	140.729	10.3149	1221.68	0	4.29292e+07	109213	588.954	0.166944	56.4549	0.0144725	630018	137752	0	1.13529e+07	85453.8	0	0.003367	0.00323625	249.494	0.0781056	40.8269	0.0246998	0.00326797	0.00323625	0.0430346	0.113017	1.72835e+07	1.50171e+06	0.00350877	0	184.227	0.0246998	128.855	0	951.55	0	609.061	0.00314465	30.0098	0	4.46903e+06	29494.1	308.194	0	1.36639	61.4586	79.0109	2.4514e+06	173.579	75.2867	12192.4	0.0233313	0.347759	0	7.31567	0	0.596988	0	0.292103	0.00871149	0.372168	0	0.139939	0	68.0127	0.320221	0.105414	0	113.451	2.02009	1.86683	0	17.118	0	0.233755	0	109.209	0.377299	110.922	0	20.8487	0	33.4953	0.213812	2.48567	0	20.9917	0	13.9071	0	5.16532	0	531.784	0.0100529	1.10635	0	0.760518	0	1.79381	0	0.122851	0	531.214	0.00271003	4421.74	0	277.297	0	19.1796	0.0563726	1052.26	0.0428728	0.0296289	0	1664.06	0.161511	27.9228	0.0901184	1359.59	0	0.0536478	0	0.0432831	0	1716.08	6.54827	76.8929	4.66276	0.0141844	0	2120.9	87.8179	1968.09	0	86946.3	0.00252525	1558.3	0.140191	0.00505051	0	76.3756	0	35105.7	0	97.1267	0	8626.8	200.371	35.8731	66.3616	17339.1	63.653	49089.9	505.476	0	0	0.239872	0	0.0567504	0	148.255	1.28358	1596.88	0	0.10124	1.01941	2237.51	0	235938	0.577308	131.582	0	13444.9	0	739.115	2.97357	6901.29	186820	1.50662e+06	982.666	10012.8	106.382	122735	11.5194	106807	10.8772	210041	3078.07	9219.21	0.0504552	70715.8	3.10983	77256.7	3.27299	111.558	0.00343643	357455	9.56856	16083.5	0.00250627	71.2328	0	4828.06	0.00250627	43700.8	0.0026455	3418.64	6.30695	718.189	0.140191	6.61695	0.0927554	131.118	0.169399	6132.71	0.979654	14584.2	18.5436	90891.1	61.6927	114536	11.623	3764.85	146.59	2.40615e+06	176.348	897130	12.3844	146797	7.06637	231455	3.09578	125795	0.297927	182.52	0.048845	87088	0.401377	8792.95	0.454169	14608.1	1.39817	136624	2.16772	116106	1.18843	
1.8372e+08	SFG_R_7_7	20.7264	11.4565	2213.65	0	2.10142e+07	3.88905e+07	0.033559	20.7998	0.340484	0.0190476	15764.1	3.18944e+06	1.13529e+07	0	352853	0.00374532	0.201423	26.8877	12.8988	3756.75	15.5803	56002.9	69.9724	7.17785	0	59.9579	358425	1.49195e+06	0	0	0.0533038	24035.4	0.0487485	98.612	4.93938	44476.6	0.0219251	3368.31	0	0.0535828	73928.9	1.21003e+06	0.0524045	16.8415	72.4992	544.843	15137.1	560735	15920.8	7736.91	0.0186952	608.471	4.94739	0	1.74818	0.0885487	0.017316	0	0.198269	0.70817	0	0.0031746	0	0.00537634	0.323042	0.419354	0	0.0205177	467.757	2110.22	0	0.015882	0	0.0357278	0	0.0031746	156.82	16.6954	3.91287	0.0031746	0	0	11.0416	209.818	0	0	0	0.0284969	0.00343643	0	0.0025641	0.248775	5.15127	2163.57	0	0.0270329	0	1.84456	0	0	0	0	1.07418	521.955	0.793667	2.81164	0.0399508	0.185841	0.587541	1144.98	0.38378	39.8198	0	0.0105435	1.37973	890.666	2.27798	480.51	0.463356	0.152761	0	0	0	0	40.1737	231.166	23.4315	206.011	0	0	7.33408	1581.67	25.5935	0.0156916	2.46372	212.511	0	147.472	0	0	0	0.0628707	0.0529951	0.00314465	0	0.00406504	4675.78	40189.7	0.231992	191.343	41.306	3806.03	668.496	206301	0.201769	0	0	0.0037037	0	0	0.0386323	0.185172	0.0025641	0.13927	29.0197	504.22	0	0	613.679	19.1392	0.0025641	0	2.93874	0	76.1673	592.2	25652	2.53345e+06	4041.96	73004.9	6.84607	20111.3	116.32	1772.43	153.761	2461.14	27542.1	467174	3.69871	505.375	1163.83	1918.6	830.986	763.325	2.12763	0.428822	1194.58	6068.33	49.1312	384.777	0.00282486	0.0203574	17.8644	77.3595	84.689	172.382	34.3175	1187.22	16.691	362.076	17.8216	97.7115	93.2802	1024.41	28.8576	11916.5	5.73249	22390	7856.4	2.72905e+06	391.771	369194	18552.1	31579.6	1624.15	1.1411e+06	13.9326	1.32003e+06	1066.17	31111.7	1.55925	2.73134e+06	62.119	296902	0.317959	0.750904	5.57858	96605.3	9.63213	49888.3	4.52525	36220.7	2.61604	352686	20.7067	485624	
7.88373e+07	MFG_L_7_1	0.589841	2388.09	1.38773e+06	75.2726	1.7909e+07	445522	58.4864	0.692156	0.261028	0	8.99283	145952	85453.8	352853	0	670.653	334.338	0	3.32053e+06	0.330556	2.43418e+06	0.0279942	9.19702e+06	199.142	16.4793	0.11834	242895	0	1.1396	3.82718	1366.82	0.358072	4549.59	455.247	46890.6	0.119688	15642.7	138.403	206.573	120.695	0	0	0.0114288	0	0.409649	0	0.490726	0	0.0611104	0	4603.67	0	0.302283	0	70.9013	0	1.42804	0	2.14093	0	0.0934172	0.416529	0.85739	0	0	0	0	0	4.59459	0	0.891646	0.0174218	15	0.148938	0.276599	0.0174218	45.8048	0	22.1244	0.00401606	8.04105	0	9.13286	0.0478796	0.886995	0.00406504	0.528451	0	11.8104	0.00333333	2.15808	0	317.264	0.0484585	0.144436	0	0.0626725	0.00406504	0.232123	0	0.0953356	0.00333333	409.805	0	2785.49	0	41.7971	0	0.104246	0.00268817	0	0	0.0108282	0	0.0122953	0	0.0107338	0.00268817	0	0	0.303666	0	0.113724	0	396.005	0.147284	0.034705	3.57197	0.00497512	0	932.921	11.3845	363.89	0.0153277	58476.3	0.00406504	14616.9	4.04421	0.0612766	0.0191856	1456.06	0.236373	19134.2	0	68.286	0.0174218	0.0394813	0.058017	0.33335	0.617936	0.509827	0.013913	0	0.431649	0	0	0.00793651	0	0.0569598	0	74.9566	0.00358423	7386.66	0.0147334	0.260859	0	470347	0.00641026	1.00542e+06	0.0037037	3.9478	0.00680272	566624	0.602754	0	0	0	0.860396	1.87445	0.203594	0	0	0	0	0	0	0	29.1704	890.075	0	20738.2	0	44683.3	0.00362319	10.7929	0.00865801	317087	0.00362319	97347.5	0.014737	10.1143	0	19717.3	0.00362319	45918.2	0	28435.6	0.00362319	2634.92	3.79762	0	0.00456621	0.533172	0.00268817	3.4629	0.0511722	454.589	0.0233534	0.00343643	0.15685	117978	4.20064	4.57874	0.00362319	79763.7	0.0133547	236767	109.541	118964	6.76306	119082	0.0889053	112845	0.00193798	87.1626	0	8823.28	0.00362319	18820.4	0	53987.3	0.00362319	62375.9	0.11747	163135	0	
2.75712e+07	MFG_R_7_1	226.006	120941	2314.5	2.60583e+06	64464.8	1.31582e+06	0	12263	0.0455921	0.891343	507.913	4.87707	0	0.00374532	670.653	0	36.858	14.7203	7.82809	2.81405e+06	52.8282	288860	1509.69	6.26576e+06	0	255442	0	0.145865	0	863.32	0.0584615	2248.49	0.252204	4057.66	1.58163	9.32156	0.00653595	1426.62	0.701087	1504.26	0	0	0	0.0115442	0	0.00282486	0	0.00282486	0	0	0	0	0	0.0047619	0	14.8939	0	8.84927	0.0345429	0	0	117.819	0	3.12432	0.00392157	0.481634	0	0	0	2.33385	0	16.4776	0.00653595	22.6168	0	17.2033	0	6.12434	0	3.74591	0	1.51591	0	125.151	0	30.2794	0	219.661	0	2.84534	0	0.229287	0	132.912	0	28.9226	0	9.4709	0	0	0	0.054391	0.00314465	47.3446	0	0.24101	0	0.157698	0	0	0	0	0	0.0987956	0	0	0	0	0	0	0	316.542	0	80.9411	0.003663	1.56391	0	221.091	0	0	0	38.5919	0	5.80994	0	20.673	0	615.282	0	85.3245	0	637.912	0	7.77077	0	320.35	0.0135535	0.00505051	0	0.857902	0.0854567	98.1245	0.0140491	0	0	2.88277	0	2.58278	0	0	0	81.7521	0	29.304	0	0	0	0.31375	0.0310562	136.383	0	26.1291	0.134177	63.4764	0	0	0	0.00383142	0	0	0	0	0.0331606	0	0.0901956	0	0	0	1.41987	0.200519	0.0122324	4.67747	0.0972477	16.8786	0.042292	0	0.0122324	121.963	0.233338	134.766	0	0.168818	0.0035461	96.8849	3.21841	0.0315763	0.225129	34.4465	0.029128	434.657	0	0.0254545	0	0.013978	0	7.35935	0	1.19136	0.004329	0.138855	0.058706	10139.2	0	125.867	0.00266667	7.31427	4.61517	1220.8	0	10327.3	0	39.5819	0.01349	14.7088	0	0	0	0.00292398	0	133.134	0	65.125	0	112.842	0.00323625	61.1982	
2.8364e+07	MFG_L_7_2	7.68884	29.8075	67877.7	1.16231	900.726	35.5475	831.007	0.0505987	0.00358423	1.07524	0	0.0945654	0.003367	0.201423	334.338	36.858	0	0	133626	0.0259511	3.28713e+06	0.0272222	5.81528e+06	0.183749	867932	0.00724638	0.0613377	0	107144	0.0616497	1.14479e+06	0.0612415	532810	1.66042	242780	0.00617284	15.1861	1.43855	38680.6	0.936614	0	0	0	0	1.11516	0	1.11516	0	0	0	384.136	0	67718	0	73656.2	0	376.543	0	0	0.00387597	109.78	0.00606061	1.168e+06	0	0	0	0	0	0.00396825	0	3.43344	0	392.545	0.00606061	6.55246	0	22.3164	0	420.891	0	80.3252	0	53.0466	0.00326797	66870.3	0.00438596	47.5636	0	7168.38	0	22429	0	4536.14	0	8048.52	0	93663.9	0	37691.9	0	12038.6	0	4.79631	0	0.173849	0	1.39513	0	0	0	0	0	0	0	0	0	0	0	0	0	5.1768	0	1071.9	0.00497512	0.134961	0	0.00512821	0.17687	597.587	0	2.39159	0.00396825	6.88161	0	1156.68	0	176339	0.230506	54359.8	0.0182683	116674	0.226423	22665.5	0.00438596	0.157929	0.00505051	0.00358423	0	0	0	0	0	0	0	291.761	0	0.0836513	0	218.018	0	292.139	0	0.710063	0.0147334	0	0	2.14358	0	141.622	0.003663	0.251374	0.00680272	179.926	0.00680272	0	0	0	0	0	0	0	0	0.00358423	0	0.00358423	0	0	0	0	0.0595467	0.00462963	0	0.0151072	0	0	0	2.67859	0	53.4151	0	15.311	0	4.79312	0	0.744585	0.0595467	21.5064	0	0.148413	0.230506	0	0	0	0	0.00942579	0	0.114136	0	0.00294985	0	110.348	0.235064	0	0	3.60541	0	3687.73	30.352	7.03337	0.32473	1.1469	0	22.1741	0	0.108508	0	7.31419	0	4.33852	0	1.43038	0	12.612	0	12.7277	0	
5.42273e+07	MFG_R_7_2	352.648	189152	362.254	44323	0.0586735	37.4838	211.75	47339.6	26.0699	42.223	0	0.00641026	0.00323625	26.8877	0	14.7203	0	0	0	0.0988082	0	1556.03	0	4.31904e+06	0.0970055	2.13119e+06	0	3.86278	0	2.76167e+06	0	201.584	0	6559.32	0	0.307195	0	1449.65	0	35754.2	0	0	0	0.0139712	0	1.49612	0	0.0289431	0.275266	0	0	0.00271003	2.54357	515.499	21.8417	19885.7	0.00666667	9091.89	0.164591	47.9239	0.00641026	5.27714	0	2.06392e+06	0.00505051	0	0	0	0.0047619	1.70955	0	0.273607	0.00617284	3.05865	0	24.6209	0	7.27823	0	53.8989	0	184.676	0	430.233	0	42389.7	0	393.537	0	216.889	0	13.9148	0	6334.13	0	1247.34	0	10668.4	0	0.89556	0	11.8203	0	3504.9	0.0045045	2.20585	0	15.6645	0	0.00350877	0	0	0	0.715389	0	0	0	0.00350877	0	0	0	172.053	0	15.0816	0.0788915	1.89721	0	124456	0	9135.37	0.00497512	349.911	0	363185	0	325073	0	1.34647e+07	0	6958.7	0	8109.66	0	138654	0	0.222844	0.0189135	0	0.0462059	0.00564972	0	0.0131519	0	0	0.0289992	7664.22	0	1.15248	0	224.51	0.00469484	2399.16	0	11.9532	0	0	0	0.188468	0	21.2586	0	2.8146	0.00617284	4.59712	0	0	0	0	0	0	0	0	0	0	0	0	0	0	0.83161	0.0030581	0	0	0	0	0.0203186	0	0	0.0320407	0	0.160876	0	4093.83	0	0.0125998	0.323174	0.0271982	0	43307.3	0	909595	0.0233313	43.7185	0.0492827	0.025646	0	64.8284	0	7.82639	0.00166667	0.0283347	0.0355024	1107.13	0.0381536	0.582716	0.00980583	0.583998	10.2873	5620.38	0	267.686	0	0.435399	0.0929904	16.9277	0	0.0666919	0	0	0.00628931	9.54767	0.0233313	0.0164099	0.00628931	1.83267	0	15.2167	
2.77979e+07	MFG_L_7_3	0.158611	3.86952	44178.3	0.356162	323609	12.4453	666.17	0.0429232	2.18005	0.004329	0	0.135924	249.494	12.8988	3.32053e+06	7.82809	133626	0	0	0.00497512	5.63749e+06	0.00520833	271803	0.00520833	942.39	0.004329	3.1033e+06	0	5.23606	0.0860215	370.887	0.0478831	334.217	0.192524	83971.7	0	12981.5	0.048499	494.188	0.0843462	0	0	28.6563	0	0.0440534	0	0.0440534	0	0	0	60966.9	0	29.4433	0	3587.05	0	70.2583	0	0.0153421	0	15.1566	0.00512821	441.7	0	0.0445696	0	0.00297619	0	0.0116968	0.00266667	0.198269	0	4.63264	0	7.44706	0	495.508	0	307.905	0	511.74	0.0031746	126.011	0.00266667	141.089	0	387.86	0.0116825	10.0089	0	3.56787	0	80.134	0	26.574	0.00266667	1.80943	0	77.3686	0	2.96923	0	80.4329	0	879.125	0	15.0539	0	0.195489	0	0	0	0	0	0.0124055	0	0.0117284	0	0	0	31.4436	0	48.5686	0	59.6624	0.0035461	0.00406504	0.00320513	48.8836	0	413.608	0.0608072	60.7574	0.00320513	74055.4	0	2123.26	0.00320513	3.33604	0.00396825	30.6262	0.0353166	16957.3	0.0116825	16.4298	0	0.0199005	0	0.357886	0	0	0	0	0	0	0	0	0	0.0329293	0	112.959	0	251.273	0	4.74679	0	16027.9	0	431551	0	59.2406	0	17657.3	0	0	0	0	0	0	0	0	0	0	0	0	0	0	0	1127.75	0	8045.72	0.0176608	11507	0	26.4502	0	61985.4	0	3691.83	0	11.4969	0	357.972	0	8717.81	0	659.44	0	22.6973	0.00320513	0	0	0	0	0	0	44.7408	0	0.00271003	0	5645	0	3.70267	0	154769	0	10801.3	0.907118	66479.1	0.00320513	252.217	0	1068.86	0	1.41792	0	292.171	0	2.64313	0	163.353	0	249.692	0	600.857	0	
2.63571e+07	MFG_R_7_3	0.026426	178.516	0.408151	109.637	3.51434	3.30562e+06	0	2.07324	0	1.10643	0	0.463281	0.0781056	3756.75	0.330556	2.81405e+06	0.0259511	0.0988082	0.00497512	0	0.0205323	1.75212e+06	0.54178	445300	0	0.17047	0.406205	4.72651e+06	0	75.7102	0	26517	0	795.74	0	44656.6	0	783.003	0	68.7786	0	0.0026455	0	321.258	0.0379678	0.00280112	0.0587977	0.431662	0	0	0	1463.32	0	0.0226249	0	0.143964	0	0.533653	0	0.00564972	0	6.79286	0	0.0268033	0	0.0193888	0	0	0	41.0895	0	1.46142	0	5.35939	0	2.6547	0	18.2012	0	1.00406	0	0.083422	0	22.2114	0	0.748438	0	7.58048	0	0.231551	0	0.182078	0	3.63604	0	3.97265	0	2.03016	0	0	0	0.0581303	0	4.83914	0	0.242172	0	0.380149	0	0.0323774	0	0.0445696	0	0.0169739	0	0.183605	0	0.0916859	0	0.257059	0	3.10576	0	0.862022	0.0127595	0.204077	1.47735	60.3284	0	0.0691412	0	1.19404	0	0.471783	0.0815595	419.652	0	472.072	0	1.08001	0	9.43507	0	0.243134	0	14.0518	0.120968	1.73774	0	0.103926	1.39413	57.2362	0	0.00462963	0	0.634666	0	2.45415	0	0	0	13.7305	0	2.02377	0	0.0026455	0	0.03822	0	2.74056	0	32.1576	0	3.99021	0	0	0	0	0	0	0.107864	0.0253981	0	0	0	0	0	0.0026455	0	190.062	13.942	372.437	5.21466	49.2219	0	3.33528	10.8434	930.517	0.050796	40.1007	0	0.441897	1.76814	9.76318	0.0137955	37.5549	0.632661	160.822	1.43891	182.911	0.00280112	0.0145933	0.00280112	0.457648	0	1.30611	0.109885	5.70335	0.0574263	61.4705	0	81.5103	0.487111	61.4122	1.31301	28495.4	0	14.8321	0	24120.7	0	86.5801	0	4.67042	0	0	0.00892111	19.1904	0.0468335	14.1259	0.101927	8.26599	0.00892111	4.51308	0	18.7026	
