data	data	4.94473e+07	1.37775e+08	1.06015e+08	1.29242e+08	2.14399e+08	1.32434e+08	1.10384e+08	9.68736e+07	4.58333e+07	6.85286e+07	1.57276e+07	3.20193e+07	1.17532e+08	9.91586e+07	2.7594e+07	1.42008e+07	2.90041e+07	6.99701e+06	2.67286e+07	1.57144e+07	4.64761e+07	2.80336e+07	1.75843e+07	2.55787e+07	3.96723e+07	2.50628e+07	9.2107e+07	7.74314e+08	1.82209e+06	5.81115e+06	2.51987e+07	9.93456e+06	1.6314e+07	4.67193e+07	4.07861e+07	2.661e+06	3.43724e+07	3.16026e+07	2.6021e+07	2.35092e+07	6.72537e+06	4.55649e+06	1.49107e+07	2.00394e+07	4.18587e+07	1.47251e+07	7.2216e+07	4.36623e+08	2.55767e+06	2.46944e+06	2.88214e+07	1.06674e+07	4.50709e+07	3.36924e+07	1.80554e+07	5.82646e+07	1.61266e+08	3.01618e+07	8.47398e+07	1.15869e+08	9.83382e+06	1.57952e+07	3.51366e+07	4.05104e+07	7.76121e+06	5.33168e+07	7.18921e+06	5.37234e+06	1.49025e+07	5.48231e+07	1.87408e+07	2.92628e+07	4.22414e+07	4.68067e+07	1.71212e+07	4.37497e+07	4.20528e+07	1.4319e+07	4.93246e+07	3.37077e+07	3.35931e+07	3.29132e+07	1.83263e+07	1.52818e+07	5.19174e+07	3.66853e+07	2.68699e+07	5.33134e+07	1.34165e+08	6.82682e+07	8.94223e+07	3.18730e+07	3.06377e+06	3.18071e+07	2.34989e+07	1.11953e+07	5.87821e+07	2.50863e+07	5.65166e+07	2.16338e+07	2.25108e+07	1.95799e+07	2.8025e+08	1.48051e+08	2.86418e+08	3.64529e+08	1.90077e+08	1.72292e+08	5.91495e+06	5.09929e+07	1.09293e+07	2.73366e+07	1.19471e+07	5.47941e+06	1.65973e+06	2.70195e+07	4.10139e+06	2.36170e+07	7.49126e+06	7.22171e+06	3.2927e+07	2.54513e+07	2.12839e+07	1.07548e+07	8.05718e+07	2.64557e+08	5.44524e+07	6.36558e+07	3.08045e+07	3.57256e+07	5.21446e+07	7.88808e+07	3.27421e+07	2.367e+08	2.98715e+08	3.68296e+07	4.79091e+07	4.84076e+07	6.87222e+07	9.12909e+07	8.3068e+07	1.16889e+08	6.26702e+07	4.36002e+07	2.44842e+07	4.34752e+07	1.30732e+07	7.78626e+07	1.29717e+07	3.58932e+07	3.25133e+08	4.66302e+08	3.89483e+06	3.26697e+07	4.07347e+07	5.51306e+07	1.90856e+07	1.09618e+07	4.60356e+07	3.37903e+07	9.2086e+07	5.8152e+07	4.66359e+06	2.45933e+07	9.30415e+06	7.33649e+06	1.5478e+07	3.5049e+07	4.83906e+07	2.62698e+07	1.55388e+06	4.88288e+06	3.32323e+07	3.58703e+07	686031	1.03723e+07	4.75769e+06	1.63054e+07	9.31006e+06	1.16789e+07	6.60577e+06	1.40182e+07	4.09601e+06	1.78658e+06	8.07773e+06	5.32842e+06	3.3846e+06	1.52256e+07	1.58571e+08	4.72561e+08	5.90363e+08	7.82307e+08	2.5262e+08	4.61837e+08	1.06058e+08	2.12195e+08	1.02484e+09	9.23932e+08	8.07123e+07	7.68578e+07	6.75009e+07	7.25422e+07	2.15566e+08	1.90798e+08	1.45063e+08	2.41347e+08	6.07247e+08	3.24853e+08	4.985e+08	7.97424e+07	8.59484e+06	3.67309e+07	1.69008e+07	1.25092e+08	2.18492e+08	4.37375e+08	2.2651e+08	2.47422e+08	1.40603e+08	5.52323e+08	2.84786e+08	5.82088e+08	3.01136e+08	5.37684e+08	3.53032e+08	4.28284e+08	6.28655e+07	1.17287e+08	2.4874e+08	4.36477e+08	1.2162e+08	1.13827e+08	4.62535e+08	1.08039e+08	1.45118e+08	1.61568e+08	1.17016e+08	4.30248e+07	2.56691e+08	2.69636e+08	2.24036e+08	1.51257e+08	1.6292e+08	8.36032e+07	2.64834e+08	3.60587e+08	
data	data	SFG_L_7_1	SFG_R_7_1	SFG_L_7_2	SFG_R_7_2	SFG_L_7_3	SFG_R_7_3	SFG_L_7_4	SFG_R_7_4	SFG_L_7_5	SFG_R_7_5	SFG_L_7_6	SFG_R_7_6	SFG_L_7_7	SFG_R_7_7	MFG_L_7_1	MFG_R_7_1	MFG_L_7_2	MFG_R_7_2	MFG_L_7_3	MFG_R_7_3	MFG_L_7_4	MFG_R_7_4	MFG_L_7_5	MFG_R_7_5	MFG_L_7_6	MFG_R_7_6	MFG_L_7_7	MFG_R_7_7	IFG_L_6_1	IFG_R_6_1	IFG_L_6_2	IFG_R_6_2	IFG_L_6_3	IFG_R_6_3	IFG_L_6_4	IFG_R_6_4	IFG_L_6_5	IFG_R_6_5	IFG_L_6_6	IFG_R_6_6	OrG_L_6_1	OrG_R_6_1	OrG_L_6_2	OrG_R_6_2	OrG_L_6_3	OrG_R_6_3	OrG_L_6_4	OrG_R_6_4	OrG_L_6_5	OrG_R_6_5	OrG_R_6_6	OrG_R_6_6	PrG_L_6_1	PrG_R_6_1	PrG_L_6_2	PrG_R_6_2	PrG_L_6_3	PrG_R_6_3	PrG_L_6_4	PrG_R_6_4	PrG_L_6_5	PrG_R_6_5	PrG_L_6_6	PrG_R_6_6	PCL_L_2_1	PCL_R_2_1	PCL_L_2_2	PCL_R_2_2	STG_L_6_1	STG_R_6_1	STG_L_6_2	STG_R_6_2	STG_L_6_3	STG_R_6_3	STG_L_6_4	STG_R_6_4	STG_L_6_5	STG_R_6_5	STG_L_6_6	STG_R_6_6	MTG_L_4_1	MTG_R_4_1	MTG_L_4_2	MTG_R_4_2	MTG_L_4_3	MTG_R_4_3	MTG_L_4_4	MTG_R_4_4	ITG_L_7_1	ITG_R_7_1	ITG_L_7_2	ITG_R_7_2	ITG_L_7_3	ITG_R_7_3	ITG_L_7_4	ITG_R_7_4	ITG_L_7_5	ITG_R_7_5	ITG_L_7_6	ITG_R_7_6	ITG_L_7_7	ITG_R_7_7	FuG_L_3_1	FuG_R_3_1	FuG_L_3_2	FuG_R_3_2	FuG_L_3_3	FuG_R_3_3	PhG_L_6_1	PhG_R_6_1	PhG_L_6_2	PhG_R_6_2	PhG_L_6_3	PhG_R_6_3	PhG_L_6_4	PhG_R_6_4	PhG_L_6_5	PhG_R_6_5	PhG_L_6_6	PhG_R_6_6	pSTS_L_2_1	pSTS_R_2_1	pSTS_L_2_2	pSTS_R_2_2	SPL_L_5_1	SPL_R_5_1	SPL_L_5_2	SPL_R_5_2	SPL_L_5_3	SPL_R_5_3	SPL_L_5_4	SPL_R_5_4	SPL_L_5_5	SPL_R_5_5	IPL_L_6_1	IPL_R_6_1	IPL_L_6_2	IPL_R_6_2	IPL_L_6_3	IPL_R_6_3	IPL_L_6_4	IPL_R_6_4	IPL_L_6_5	IPL_R_6_5	IPL_L_6_6	IPL_R_6_6	PCun_L_4_1	PCun_R_4_1	PCun_L_4_2	PCun_R_4_2	PCun_L_4_3	PCun_R_4_3	PCun_L_4_4	PCun_R_4_4	PoG_L_4_1	PoG_R_4_1	PoG_L_4_2	PoG_R_4_2	PoG_L_4_3	PoG_R_4_3	PoG_L_4_4	PoG_R_4_4	INS_L_6_1	INS_R_6_1	INS_L_6_2	INS_R_6_2	INS_L_6_3	INS_R_6_3	INS_L_6_4	INS_R_6_4	INS_L_6_5	INS_R_6_5	INS_L_6_6	INS_R_6_6	CG_L_7_1	CG_R_7_1	CG_L_7_2	CG_R_7_2	CG_L_7_3	CG_R_7_3	CG_L_7_4	CG_R_7_4	CG_L_7_5	CG_R_7_5	CG_L_7_6	CG_R_7_6	CG_L_7_7	CG_R_7_7	MVOcC	MVOcC	MVOcC	MVOcC	MVOcC	MVOcC	MVOcC	MVOcC	MVOcC	MVOcC	LOcC_L_4_1	LOcC_R_4_1	LOcC_L_4_2	LOcC_R_4_2	LOcC_L_4_3	LOcC_R_4_3	LOcC_L_4_4	LOcC_R_4_4	LOcC_L_2_1	LOcC_R_2_1	LOcC_L_2_2	LOcC_R_2_2	Amyg_L_2_1	Amyg_R_2_1	Amyg_L_2_2	Amyg_R_2_2	Hipp_L_2_1	Hipp_R_2_1	Hipp_L_2_2	Hipp_R_2_2	BG_L_6_1	BG_R_6_1	BG_L_6_2	BG_R_6_2	BG_L_6_3	BG_R_6_3	BG_L_6_4	BG_R_6_4	BG_L_6_5	BG_R_6_5	BG_L_6_6	BG_R_6_6	Tha_L_8_1	Tha_R_8_1	Tha_L_8_2	Tha_R_8_2	Tha_L_8_3	Tha_R_8_3	Tha_L_8_4	Tha_R_8_4	Tha_L_8_5	Tha_R_8_5	Tha_L_8_6	Tha_R_8_6	Tha_L_8_7	Tha_R_8_7	Tha_L_8_8	Tha_R_8_8	
4.94473e+07	SFG_L_7_1	0	2.42603e+06	1.29531e+07	92268.6	159604	36.8843	477865	25796	215305	38529.6	82177.9	1690.76	303.235	0.0374813	0.0460317	49.596	10.6681	0	0.00666667	0	41.9773	0.0500835	0.0738095	551.19	0	3.58264	0.00378788	0.0165072	421.459	0.0329268	41.3524	0.0500835	14.3624	115.46	1050.69	0.110075	10.9209	137.447	120693	1524.93	0	0.0951049	0	0	0.0448675	0	0.0448675	0.0165072	0	0	0.0238171	0	0.0827546	0.00793651	1.47675	6.48016	52.6651	0.00406504	338.344	77.6333	420.945	184.426	11088.6	276.399	286.631	3.04584	1035.94	9.19709	1.56872	0.0167775	0.00537634	0	9.00535	0	0.361917	0	0	0	0.00537634	0	3.56786	0	0.11935	0	1.1974	0	0.155131	0	9.03765	0	2.83778	0.0123552	0.167232	0.0684263	2.62607	0	0.824893	0.00323625	6.41152	0	2.98614	0	504.414	0.0304456	0.0543697	1.82749	1.9442	0.0123552	0.227172	0	0.816531	0	0	0	12.0719	0	2.75751	0	0	0	4.84342	0	0.522698	0	14.7517	49.2098	5.69912	0.275574	0.224318	2.45194	15.789	28.8666	0	28.8792	2.04659	0.00383142	2.19888	2.11517	1.88326	18.8041	26.476	74.7837	1.96374	4.19904	5.68816	0.047627	5164.5	12.0502	940.433	5.45239	3784.97	0.0979082	7151.8	19.9311	0.0677273	0	0.537279	0	0.0272222	0.089354	34.1684	3.59409	0.203782	0.302052	0.151659	0.101401	228.631	0.518804	60.114	0.239505	0.123911	0.00666667	8277.93	0.162291	0.117287	0.0262346	4253.87	42.8454	0.0546956	816.388	43.6559	0.0455682	781.757	55.1934	13508	5.1457	0	16.5738	3.68707	24.6239	3.11674	0.0832748	2.5161	0.242442	4.0045	0.286965	14.0018	0.083928	0.00333333	0	0	0	0.253041	0.154304	16.2322	159.229	26.2813	0.0305891	30.0849	0	5.35976	9071.15	48.2497	1.69442	15822.4	27032.5	5530.17	8.63775	0.0390014	0.166398	1.75464e+06	384252	131.514	4.91383	4.02357	0.0330424	8569.61	39632.3	1371.21	22.4792	10.125	633.883	4.46032e+06	76808.4	117.429	740.699	8778.84	0.471645	145512	10697.7	172527	439.456	73834.3	33.4597	799950	69589.8	
1.37775e+08	SFG_R_7_1	2.42603e+06	0	381023	3.55616e+07	545562	2.09521e+06	29981	2.6828e+06	2422.57	216234	2834.79	2.89394e+06	13.922	3.98647	0.193882	67.4694	0.0303658	1335.46	1.28753	50.83	262.6	321.311	27.8629	212.883	0.0286772	48.209	1.28533	1.87459	0	333410	3.79156	222.614	118.404	2.54841e+06	1.58509	145.495	8.64205	932252	122.192	3.11618e+06	0	1.06426	0	0	0.0289855	0	0.0541166	0.500124	0	0.0229945	0	0.688018	1.34108	10.7997	8.83706	26.2744	232.647	3.211	68.2485	146.261	0.238738	614684	1.65015	368263	2.09863	407.613	424.446	1803.48	0	0.00757576	0	0.0222284	0	14.2135	0	0.0222284	0	0.00925926	0	0	0	1.62092	0	0.00462963	0	13.5048	0	0.0215278	0.0123457	0.106785	0.65458	0.154941	0	0.319138	0	0.163591	0.00260417	0.548567	0.0279379	2.3936	0.0134169	0.221479	0.0123457	0.232611	3.38689	0.013399	0.48921	0.0705668	0.00280112	2879.89	0.00483092	3036.38	0	0	144.045	4303.06	0	91.8876	0	74.7471	0	0.0215278	0	0.147243	19.0047	529.973	19.7344	5.14136	0	20.9045	16.7107	12.7519	2.16853	396.823	16.4636	0.173163	0.0136756	511.685	0.00537634	4781.98	0.0352192	11778.9	0.0152625	254.838	0.00490196	6.09733	374.782	28630.4	0.895716	6634.71	35.8303	20872	79.1334	228570	0	0.857772	0.00584795	0.00775194	0	5.8658	24.7111	16.9989	0.432151	160.108	0	23.9402	0.170857	196.601	11.7074	55.8946	0	0.0308511	7.16011	76.7152	0.606242	142.47	7434.47	17141.8	0.221052	21022.8	76.0916	61050.1	9.72226	31233	0.127906	40390	0	31.8153	75.6376	0.528692	0	0.110024	0	0.031541	197.231	3.51593	1.18592	4.81711	0	0	0	0.004329	0	0.00358423	272.576	1.09514	4.39013	0.482714	58.0512	0.0401899	17.7719	408731	0.0200119	4.41422	813.763	1.5744e+06	0.152464	12244.4	0.611121	1.81626	9748	9.49443e+06	38.736	14.2481	1.03406	53.2834	0.0375425	9819.38	237.275	7996.03	7.56538	5594.11	41958	1.13751e+06	1.01062	10005.2	1.5915	271.483	207.714	73146.1	0.976347	8018.05	0.39088	118.008	4447.17	837010	
1.06015e+08	SFG_L_7_2	1.29531e+07	381023	0	9010.66	1.1847e+07	249.771	3.34723e+06	851.217	6.99422	86.8749	38.5572	406.452	3.03158	0.135395	349000	5.56184	1784.73	0	15595	0.0246416	90559.2	0	2.05175e+06	143.074	24975.4	5.23545	1319.76	0.138814	108377	0	14769.5	0	427262	10.1466	37158.8	0	28083.6	9.5127	3.83818e+06	591.715	0	0	0	0	0	0	0	0	0.00757576	0	1.92402	0	159.032	0	125.338	17.2447	42.8063	0.00406504	5.36635	399.762	28291.5	119.659	774115	176.135	14.1482	3.84989	0.282392	50.0609	0.00483092	0	45.1505	0	47.1479	0	54.6454	0	0.0165638	0	4.74912	0	425.198	0.0035461	3.13419	0	74.6834	0	61.7275	0	641.62	0	258.802	0.0031746	1.61876	0	173.529	0	83.5491	0	460.401	0	398.376	0	638.805	0.0744447	0.21764	4.10236	197.786	0.0135177	0.00483092	0.0189135	0.00378788	0.0189135	0	0	0.2713	0.0189135	0.00483092	0	0	0	827.387	0.0035461	67.845	0	140.365	41.8892	1.10025	0.497168	5.15425	4.85883	51.5826	57.3905	10.501	18.2496	319.84	0.0147876	211.283	0	225.437	1.11804	2728.48	7.74885	173.641	0.164414	637.028	0.0767426	1.79505	6.27613	1.65887	5.28808	202.506	0.003003	0	0.0173423	10.8709	0	20.2817	0	4.09074	0	115.192	14.3869	220.01	0.131682	2.62928	0.00606061	28157.4	0.0944323	10014.1	0.181644	3.08934	0	365630	0.0236155	0	0.00333333	0	0.0682053	0	0	0	0.0289606	0.0606061	0	0.0401952	0	0	0	2.12168	68.6134	2.32346	0.115102	0.907451	0.298708	1.73251	8.29902	62.4733	0.115102	0.0394782	0	0.0173423	0	0.337187	0.188642	5.60341	376.921	325.387	0.0126408	1110.25	0	0.382001	988.261	10.6424	0.0998944	115356	5762.71	1387.2	60.0715	0.0172946	0.10284	5.96354e+06	40541.5	63.0769	1.37283	49.0523	1.50346	2349.2	15876.4	26363.5	40.424	30.909	146.759	8.82932e+06	13912.9	173.93	219.956	3189.94	0.294803	193864	10951.8	151455	877.538	35149.2	164.549	827122	20986.5	
1.29242e+08	SFG_R_7_2	92268.6	3.55616e+07	9010.66	0	41217.7	5.23054e+06	179.445	5.40264e+06	0.114627	101.082	1446.77	121.398	42.2001	6.18585	0	1.33751e+06	0.368002	6779.24	0.217607	131799	22.994	108311	3.0752	160174	0	144345	0.0584615	19.7682	0	532450	0.450465	7697.97	4.42739	8.02244e+06	0.081482	1145.37	0.32324	2.58125e+06	3.13632	2.33941e+06	0	0	0	0.0533333	0	0	0	0	0	0	0	1.7248	0.0650455	28.0884	0.952517	36.7394	35.1124	2.12898	7.98085	2.85548	0.0070922	195253	0.0225177	925620	0.0238171	0	0.00595238	0.15786	0	0	0	0	0	32.4357	0	0	0	0.00925926	0	0	0	14.4664	0	0.0664503	0	33.1678	0	0.0461158	0	0.156147	0.0553898	0.159686	0	0.00383142	0	0.291103	0	0.240434	0.031016	4.21762	0.01327	0.75044	0	0.0313952	1.01203	0	0.0553898	0.0171193	0	0	0	0	0	0	14.947	0.0031746	0	0	0	0	0	1.41137	0	0.718024	0.531135	1071.5	0	7.5418	0	35.3326	0.376293	2.33989	0.138335	808.859	0.003663	0.385413	0	631.231	0	41340.6	0.00490196	76879.6	0	712.465	0.00490196	959.428	0	1.91793	0	0.048499	0.0306939	0.227831	0	0.0253991	0	2.79501	0	0	0	25.7258	1.38276	0.462548	0.0475514	833.764	0	48.0479	0.0183987	1299.66	0.731282	270.948	0	0.0392157	0.0411115	1185.19	0	0	109.178	44.8698	0.832349	0.0133333	0	0.0413102	0.0337607	0	0	0	0	0	19.8609	0.0750639	0	0.00333333	0	0.0151055	86.5798	1.10789	0.0315456	0.0174897	0	0	0	0	0	0.00333333	55.0522	0.0645544	0.0552621	0.763696	0.0555772	0.114905	4.14029	102562	0	0.00537634	115.406	97071.6	0.0170173	1.40237	0.0406974	0	536.819	1.37872e+06	1.90782	0.0191915	0.068355	6.52653	0.034593	249.349	9.91572	39789.7	0.81576	356.537	271.812	20408.5	0.131123	0.0640641	0.462985	13.4901	14.5288	1270.47	0.157966	138.804	0.544495	0.258916	3.15604	19486.1	
2.14399e+08	SFG_L_7_3	159604	545562	1.1847e+07	41217.7	0	1.17521e+06	91.4973	12.3746	1.75872	18.5539	7.25387e+06	641313	3.69052e+07	1.05638e+06	8.46661e+06	60.1581	3310.55	0.0070922	1.79628e+06	25.1648	1.27364e+06	6.21386	224382	5.21598	14.5072	0	46952.5	120858	22578	0.00724638	138206	0.850219	4.11722e+06	10995.9	1.23495e+06	5.81238	2.24328e+06	3415.79	1.52423e+06	3.877	0	0.00555556	155.364	0.185825	0.0114943	0	0.00347222	1935.47	0	0	204843	0.262132	11.833	0	5.1947	8.18168	13.4524	0.00520833	19.2091	68.0391	11248.1	2.65908	1280.36	0	3.61168	0.355511	15.4915	1.31929	188.915	0.00401606	982.588	0	418.876	0.00239808	90.3493	0	609.85	0.00239808	205.518	0	508.258	0.0323749	3.60608	0.00333333	1.99687	0	54.5063	0.00239808	491.864	0.00326797	3139.71	0.00340136	2.51496	0.00387597	598.782	0	29.207	0	429.337	0	107.169	0.00326797	3048.32	1.3886	7.21278	5.03288	4039.82	0.0295254	21.6084	0.0178979	5.87582	0.0178979	6.58709	0	1.86396	0.0178979	263.146	0.0169455	0	0	40.3485	0	0.241644	0	2857.26	50.6685	7.92553	2.15663	1.88362	0.0729943	169.22	0.583054	387.695	19.14	6990.63	0.00392157	8.29279	1.08773	379.919	79.6226	374.913	248.543	36.9035	2.90779	3442.62	0.96469	200.425	23.8409	18.0239	2.7444	20503.3	1.96308	5860.99	2.63129	5.95516	0	250.51	0	0.661921	0.128229	45.5438	1.34442	6132.15	33.1747	1769.6	0.304976	15263.1	0.908156	691628	4.15215	3.46784	0	578335	0.666986	0.333919	0.00333333	33869.6	77043.9	15.4054	0	3333.46	4.44243	0.0893109	0	958.951	0	8.01159	0	13.1763	57.2315	89.1604	0.722941	2282.94	0.566834	13.67	4.59873	10726.6	1.03349	2090.12	0	5.86573	0	9910.89	0.183728	113.478	314.766	21275.2	0.127283	42851.7	0.00378788	2.99912	624.305	298.926	0.68573	90413.6	1499.21	123386	164.523	43067.5	4.52688	1.85474e+06	50059.2	106.852	6.75164	66925.4	2.31769	475534	12029.5	243402	365.985	3.1027e+06	7730.77	5.6653e+06	48583.2	2202.95	41.3685	91107.1	89.2109	407590	15521.7	1.68701e+06	3871.71	938983	578.807	9.57464e+06	63630.9	
1.32434e+08	SFG_R_7_3	36.8843	2.09521e+06	249.771	5.23054e+06	1.17521e+06	0	41.4943	297.707	0.928599	26.7009	17913.6	1.12076e+07	186794	7.14077e+06	669.843	153005	0.00724638	0.634947	1927.97	519220	1137.11	746178	3.79171	120825	0	62.5006	5367.07	163153	0	4964.04	47.1899	323063	276.704	2.67429e+06	499.362	366879	27.8061	1.54336e+06	13.4158	104.023	1.35722	0.183185	0.0671937	6686.23	0.059949	1.52685	4.87972	0.350087	0.0337607	0.00952381	2.29974	108612	0.366753	14.9061	10.8193	192.234	221.086	39.1918	37.6828	46.5402	0.055141	1626.19	0.0147661	24.642	0.11887	17.6529	1.85366	27.847	0	0.527048	0	3.26996	0	125.848	0	0.34713	0.00392157	1.23587	0	0	0.00999102	1382.51	0	6.16995	0	1945.85	0.00254453	27.032	0.00248756	9.68415	0.0318077	23.9277	0.0372064	1.05952	0	13.0457	0.00266667	31.082	0.00266667	384.285	0	31.111	0.00248756	4.31249	22.9595	0.0304113	0.087556	7.84024	0.00280112	286.551	0	301.037	0	0	41.6248	421.307	0	9.71214	0	8.75325	0	353.291	0	158.982	7.08478	82757.1	3.08129	1685.64	0	429.399	20.2272	117.665	0.0324416	35992.2	4.33239	43.5808	0	4395.38	0	78295	0	134279	0.014898	2681.55	0	10408	180.475	7135.98	0.00564972	251.21	8.15476	6988.46	37.0897	39920	0	18.0276	0	0.729184	0	57.4762	46.8861	25.5897	0.0368041	112398	0.00392157	893.236	0	71561.1	6.18372	33706	0	704.116	1.28339	33089.4	0.431794	2526.15	10144.7	46997.5	173.587	2783.25	3.79829	11386.1	0.19224	42.0515	0.0231373	3830.96	294.918	39.572	256.274	0.508346	0	0.088102	0.00358423	0.235949	1517.86	1.45107	1.07521	6.69514	0.0115942	0.0047619	0	0.0396584	0.0122696	0.0867835	497.384	0.170841	4.88063	71.5551	16.1894	5.8793	0.470544	27109.9	0	8.48225	476.148	87967.2	0.031404	6907.57	0.0156229	823013	1385.67	1.5965e+07	3.02785	34.6609	2.14355	846310	0	2.3914e+06	77.5038	1.03724e+06	5.02301	4.42954e+06	929.368	2.01258e+06	9.42559	6.979	0.201365	16263.5	339.555	318686	0.673914	282730	0.0297403	71407.2	12.6814	3.3557e+06	
1.10384e+08	SFG_L_7_4	477865	29981	3.34723e+06	179.445	91.4973	41.4943	0	6824.35	1.50236e+07	237469	0.00330033	0.0816689	0.0878952	1.77081	0	0.00396825	514.563	0	0	0	1406.47	0	121.265	0.00396825	573952	4.62996	0.00462963	1.32898	14151.8	0.00584795	2819.33	0	4.12576	0.0527869	23112.4	0.00406504	536.32	0.00666667	41965.7	8.27736	0	0	0	0.0353072	0	0	0	0.0117754	0.0290404	0	0.166426	0.0836052	4.97977e+06	84.4278	1.46357e+06	1265.03	15.0035	6.8618	75236.6	259.47	56602.6	16.554	5.32432e+06	22.0148	0.0301225	7.20628	0.260911	3100.62	0	0.166486	1.54831	0	0.306311	0.0329461	20.8829	0	0	0.00289855	0.0189135	0	103.524	0.0126385	0.975926	0	5.51531	0.0128253	23.3418	0.00289855	313.285	0.0113968	28.3379	0.00308642	0.696405	0.0830092	29.9893	0.0113968	8.61841	0.111339	73.6165	0.0480824	23.3082	0	60.4138	0.158052	0.12937	2.17558	25.6426	0.140359	0	0.0189135	0	0.0189135	0.00378788	0	5.50714	0.0189135	0	0	0	0	153.476	0	7.19899	0	7.4812	6.10072	0.0281321	1.53865	1.68728	0.450148	12.9414	14.1346	0.208197	1.07618	48.1789	0.0138203	9.3173	0.03093	10.8869	0.089614	523.587	0.0139651	3.60382	0	225.172	0.00401606	0.102756	1.92599	0.116659	6.92807	75.1313	0.0724025	0	0.0045045	38.5678	0.0215419	0.152693	0	1.75414	0.0142607	7.11646	7.9023	12.8065	0	1.31285	0.00248756	33551.9	0.00595238	599.843	0.0234047	0.010101	0	124280	0	0	0	0	0.00483092	0	0	0.00275482	0.0136785	0	0.00980392	0.0112568	0	0	0	1.06236	10.7631	0.0513161	0.34913	0.00250627	0.525931	4.1354	6.48558	11.7648	0.164563	0.0101805	0	0.00416667	0	0.063726	0.0785515	1.74904	34.1467	75.783	0.100473	210.953	0	20.1952	88.8846	6.03959	3.06546	260149	11345.4	0.364046	34.1462	0.042734	0.787478	1.32085e+06	47114.4	2.30126	12.0906	7.80336	27.994	18.3169	2595.12	97268.1	58.1455	0.069337	0	2.13741e+07	12718	260.067	1069.33	0.586173	0.0328631	2834.49	5550.09	1211.69	1017.91	33.3712	196.176	191084	15575.6	
9.68736e+07	SFG_R_7_4	25796	2.6828e+06	851.217	5.40264e+06	12.3746	297.707	6824.35	0	14577.3	1.57913e+07	0	0.0933178	0	0.0223776	0	644.199	0	96470.1	0	0.00793651	0.0699337	11.6997	0	32498.8	0	1.76733e+06	0	0.26557	0	101542	0.10994	4.18554	0	151156	0.0711889	0.257225	0	17569.9	0	1.18155e+06	0	0	0	0	0	0	0	0	0	0	0	0.787751	4.54652	27714.4	34.4981	2.69745e+06	175.469	5439.56	54.0883	7099.59	0.00666667	408406	1.00596	7.6892e+06	0.00694444	29.0535	19.8481	0	0	0.00330033	0	0	0	0.224106	0	0	0	0.00490196	0	0	0	1.01491	0	0.0155951	0	0.0290404	0	0.0045045	0	0.0491575	0.00347222	9.96079	0	0.0208537	0	0.0159824	0	1.80719	0	1.26104	0	0.0166771	0	0.0165509	0.68219	0	0.00347222	4.54403	0	0	0	0	0	0	57.9569	0	0	0	0	0	0	0.0045045	0	0	1.43557	1313	0	93.1006	0.0035461	171.767	11.2708	2423.4	0.298007	355.169	0.0137189	4.54084	0	11.1655	0	133.301	0	182.162	0	3.43506	0	0	0.0541905	61.1165	0.15772	3.16043	0.0141097	20.5794	0.00666667	0	0	9.81717	0	0	0	0.525555	19.5558	9514.64	0	1147.8	0	14.2353	0.00469484	98.5495	0.0141097	29.8506	0	0.00854701	0.224273	43.1039	0	0	0	0	0	0	0	0	0.00854701	0	6.86593	0	0	0	13.2621	0.122036	0	0	0	0	17.4027	0.827303	0	2.39009	0	0	0	0.0173189	0	0	17.8631	0.0700993	0.0035461	40.2285	0.0556572	3.22839	14.6381	20026.6	0	0.972302	2194.17	2.83351e+06	0	0.00653595	0	0.0274943	3083.31	7.28763e+06	1.23447	2.13558	0.00529101	14.88	0.0277778	4.48748	68.5442	88656.1	0.0638837	0	9595.97	56802	0.419436	983.179	0.0981697	0.399529	31.9643	211.872	0.521732	10.2831	0.0277778	2.87921	7.37897	8619.95	
4.58333e+07	SFG_L_7_5	215305	2422.57	6.99422	0.114627	1.75872	0.928599	1.50236e+07	14577.3	0	1.52724e+06	0.840511	6.36157	0.191954	0.0940209	0	0	0.527352	0	0	0	0.208106	0	0	0	0.00900901	16.6605	0.0190632	0.0278409	2.45204	0	0.466455	0	0.0337607	0.00595238	3.95796	0	0	0.00595238	34.2213	0	0	0	0	0	0	0	0	0.00347222	0.00694444	0	0	0	679387	349.964	273663	12369.7	117.473	3.4107	66180.1	875.66	1550.44	0	111216	26.2187	69806	34.4604	73429.2	13466.4	0	0	0	0	0	0	0	0	0	0	0	0	0	0	0	0	0	0	0	0	0	0	0.00416667	0	0.00469484	0.0171053	0	0	0	0.00330033	0	0	0	0	0.0796537	0	0.183935	0.00358423	0.00416667	0	0	0	0	0	0	0	51.0397	0	0	0	0	0	0	0	0	0	1496.39	5.97312	0.0163958	0.0591353	0.0502917	0.173706	165431	2.18846	0	0.358902	0.073849	0	0	0	0	0	0	0	0	0	0	0	924.503	9.13523	69325.8	153.834	0.282582	0.111552	64.1893	169.043	20.7433	0	0	0	0	0	3813.61	0.398522	0.00456621	0.175947	0	0	1.87288	0	0.911616	0	0	0	10.0644	0	0	0.220248	0.069161	0.938454	1.23611	28.2843	0.00275482	3.23912	1847.08	15116	141008	2553.71	0	0.261357	2.2021	0.0311253	0.003663	0.00378788	0	0.0259185	2.4032	0	0.038895	0.003003	0	0	0	0.00330033	0	0	4.82963	0.0131745	0.107026	0.111552	0.158759	0	5.73822	14.8388	3.59764	1.11389	143.05	20695.8	0.235841	0.739414	0.00529101	0.0719894	437.305	159798	0.643799	4.66079	0.00444444	0.196818	98.8235	137.769	28.3042	40.3731	0.0749097	0	4.02617e+06	61421.6	1096.47	3336.89	0	0.0178529	2257.19	1451.4	1284.21	178.607	1.94204	12.5913	118539	31737.8	
6.85286e+07	SFG_R_7_5	38529.6	216234	86.8749	101.082	18.5539	26.7009	237469	1.57913e+07	1.52724e+06	0	0.727802	5.95287	0.00483092	0.329999	0	0.291461	0	3631.86	0	0	0.464113	1.68411	0	263.228	0	2889.68	0	0.00469484	0	61.081	0.787367	0.447488	0.00564972	37.3747	0.789581	0.0272109	0	5.45261	0.0258924	6346.04	0	0	0	0	0	0	0	0.00469484	0	0	0	0.031746	317.714	15039.1	2408.29	1.99046e+06	106.64	49.1327	714.851	26110.8	0.0275177	12916.5	22.6459	447286	20.9162	681.182	2656.28	193522	0	0.0163726	0	0	0	0.32306	0	0	0	0	0	0	0	0.067965	0	0.00387597	0	0	0	0	0	0	0.00350877	1.45369	0.0045045	0.00505051	0	0.00387597	0	0.00416667	0	0	0	0	0	0.102802	2.16703	0.0137472	0.0159064	1.0663	0	0.00617284	0	0.00617284	0	0	223.138	0.00617284	0	0	0	0	0	0	0	0	1.20933	705.934	0.0573975	12.644	0.0035461	65.2529	7.87962	319.747	0.131204	157.634	0.0139631	0.0819677	0	9.78601	0	1.05382	0	4.18061	0	0.120961	0	0	78.4228	67.9409	52.5213	2002.55	2.83146	6.99191	94.2152	265.706	0.0286772	4.61792	0.00694444	0	0	0.0818713	14.3405	221.222	0	134.382	0	0.297682	0.223767	1.84032	0.129378	3.87969	0	0.00854701	2.29606	0.825626	0.117452	0	7.41294	24.4796	0.00483092	4.53773	17.8291	4.11421	2.94775	171516	133.162	5304.1	0	0.0464744	35.4034	0.555733	0	0	0	0.112326	40.1366	0.95749	0.00350877	1.1056	0	0	0	0	0	0.0148441	59.5484	0.201491	0.0324006	10.593	0.127743	0.970286	16.6573	7008.04	0.00520833	3.18176	1647.97	3.31895e+06	0.0812783	2.78886	0	1.34908	2679.21	8.33323e+06	0.365146	12.3633	0.0175996	7.18884	0.0277778	1040.13	35.4015	7640.39	0.101913	0	781141	700058	0.455671	113664	0.0999033	2.16387	202.975	35877.4	1.76269	1900.45	0.0605346	346.563	47.9109	260588	
1.57276e+07	SFG_L_7_6	82177.9	2834.79	38.5572	1446.77	7.25387e+06	17913.6	0.00330033	0	0.840511	0.727802	0	48455.7	129202	465.076	1195.48	0.40248	0.0133333	0	333.917	0.0304446	3115.45	0.00628931	157.396	3.91284	0	0	43.908	0.300209	0	0	1112.27	0	14296.4	478.879	137.11	0.180369	702.259	191.149	2.63862	1.49337	0	0.00555556	0	0	0	0	0	0.00555556	0	0	2.98626	0	0	0	0	0	0.0218855	0	10.3844	0.0792972	0	1.08411	0	0	0.893831	0.102735	14.1845	0.135084	6.0586	0	0	0	0	0	0	0	0	0	0	0	0	0	0	0	0	0	0	0	0.0130084	0	0	0	0	0.0174138	0	0	0	0	0	0	0	0	5.11289	0.217694	0	0.0035461	0	0	3.76811	0	7.97726	0	0.00555556	0	4.82525	0	21.859	0.00396825	0.00584795	0	0	0	0	0	0.0609121	3.31212	0.214088	0.106218	0	0	0.0296492	0.00438596	0.00323625	1.41004	0.0186708	0	0	0.172374	0	16.734	0	63.8562	0.0181007	0.854531	0	0.509348	965.714	4.66273	9.69987	0.0799388	3390.11	3.64953	4474.96	11.0317	0	0	0	0	0	0.00505051	0.00653595	0.00438596	0	2.02982	0	0.062709	0.108094	0.250715	0.609306	0.6333	0	0	0.758458	0.0280982	1.59585	0.383786	1302.91	497.089	309.555	1957.71	249.81	1.93996	211.369	0.218109	4597.37	1.17765	0	2.8742	0.053204	0.236866	0.0306238	0.0255711	0.013862	0.0707604	0.449901	0	0.0583756	0.0936388	0	0	0	0	0.003663	0.0111119	0.227883	0.322612	0.211451	0.0172763	0.284291	0	2.0602	69.4465	10.2422	0.0677946	275.702	56.7786	619.211	12.7741	0	0.0344782	14.8692	6026.65	0.369936	0.815925	0.0844742	0.003367	76.898	840.205	2.6433	35.2255	29184	3375.03	34458	30494.1	52.362	0.0701913	147.251	16.0052	9191.68	2818	12767.9	251.439	4664.79	42.7641	120251	31710.6	
3.20193e+07	SFG_R_7_6	1690.76	2.89394e+06	406.452	121.398	641313	1.12076e+07	0.0816689	0.0933178	6.36157	5.95287	48455.7	0	12833.2	119972	47.2726	18.8121	0.00793651	0	480.213	61.8925	882.308	451.516	32.3019	51.2417	0	0	855.078	0.496987	0	0.173477	26.5936	590.762	322.018	4572.41	18.8833	56.4953	54.5387	3761.47	98.8532	0.00900901	0.107191	11.3524	0	0	0.0303658	0.00358423	4.79801	0.7166	0.0330484	4.3533	0.00378788	0	0	0.00680272	0.0290889	0	0.423805	0	0.0378552	4.3045	0.026763	0.0737609	0.0270714	0	0.062963	2.8769	1.13554	10.732	0.00280112	0.0889111	0	0	0	0	0	0	0	0	0	0	0	0.0360051	0	0.00350877	0	0	0	0	0	0.0035461	0.175366	0	0	0.0708205	0	0	0	0	0	0	0	0	0	0.275134	0.14797	0	0.128808	0	0.00280112	1064.59	0	1219.71	0	0	0.361298	1753.26	0.00280112	10.476	0	57.0173	0	0	0	0	3.83507	38.8298	2.36293	0.171126	0	0.0429346	0.383516	0.295302	0.0992455	10.0545	7.40702	0.0723255	0	0.56199	0.00537634	54.049	0	27.8192	0.0154271	0.0197617	0	0.706589	983.143	17776.9	0	457.005	33.0876	22783.6	100.778	229091	0	0.00694444	0	0.00775194	0	0.101869	0.00308642	1.20788	0.208861	41.8553	0	0.03367	0	0.0375661	26.09	5.13588	0	0.0070922	5.79745	0.0793574	0.89168	12349.2	260.079	48294.6	29.2001	226615	29.5941	46035.7	3.7452	1130.61	0.363692	17700	2.1286	44546.5	2.89625	0.0333973	0	0.299586	0	0.101466	14.9812	0.0047619	1.28657	4.57288	0	0	0	0	0	0.004329	7.17686	0.0136069	12.9583	0.0773353	46.9577	0	0	172.439	0	1.20703	0.665021	4736.71	0.0347908	7181.3	0.160891	8.77541	120.333	65561.7	0.211526	121.352	3.17551	142.99	0	85758.6	32.3253	129.741	4.49853	58714.6	32.8734	31278.7	0.131607	3.277	0.00374532	179.597	9.69464	34866.2	0.0648259	13420.6	0.0347908	1254.58	11.2826	94472.8	
1.17532e+08	SFG_L_7_7	303.235	13.922	3.03158	42.2001	3.69052e+07	186794	0.0878952	0	0.191954	0.00483092	129202	12833.2	0	7.91212e+06	73570.4	5.2219	0	0	14215.6	1.4172	1004.42	0.133993	0.0107527	0.0900735	0	0	2.85006e+06	3.41353e+06	0	0	2.27055	0.0728633	0.035304	504.18	377145	0.264781	252669	76.3407	0.0119048	0	247780	27.7122	875.1	5.62991	2.48695	9.00367	8823.14	355094	1504.18	0.144621	197837	0.742387	0.00564972	0	0.0030303	0	0.271521	0	0.0785804	0.37202	0	0.00813008	0	0	0.625689	0.00444444	0.0249243	0.0183987	59.103	0.790022	2.16179	0	0.748499	0	3.85844	0	1354.85	0	5.70595	0	0.159756	0.0351573	0.583717	0.0196078	0.0377825	0	2.83233	0	6.94756	0	47.824	0.00340136	0.602695	0	0.0157929	0	1.56179	0	2.59981	0	0.200886	0	705.245	0	25.3585	0.00347222	197.356	0	322.981	0	1585.17	0	6.60189	0	823.849	0	1425.72	0	0.00490196	0	0.0682141	0.00387597	0	0	70.6851	2.53122	0.460171	0.239979	0.585771	0.00289855	8.2169	0.0178979	22.359	0.743914	1525.98	0	0	0.140158	0	0.140093	14.6275	2.11791	4.62767	0.0851217	33.6845	0	7405.04	9.1271	1.9889	0.0947069	39695.8	3.82707	66034	20.4704	0.0222284	0	0.00564972	0	0	0	0.611619	0.0708633	28.3839	2.79339	2545.26	0.00653595	317.825	0.00757576	393184	0.186417	0.0042735	0	42160.1	0	697.871	14.4329	231184	220300	668591	117.448	38499.9	0.847594	29611.6	0.0847381	367451	2.24947	5453.33	2991.05	9.34135	0.194226	207.37	0.129432	8836.49	0.0287989	0.827328	0	21750.6	0.129432	6139.59	0	31.4372	0	32864.6	0.010257	422.821	0.0131859	22537.8	0.0528166	20147.4	0	817.102	3.46175	174.725	0.0694549	50786.8	12.8696	149213	0.251087	114070	24.6002	23208.7	1952.37	171.263	867.867	216062	27.3009	578492	93.6433	15606.1	26.0114	1.13396e+06	465.508	70487.7	2291.68	61.6406	4.06632	67161.7	3.89593	7540.19	445.502	422946	3.48263	354770	0.308791	373391	2110.33	
9.91586e+07	SFG_R_7_7	0.0374813	3.98647	0.135395	6.18585	1.05638e+06	7.14077e+06	1.77081	0.0223776	0.0940209	0.329999	465.076	119972	7.91212e+06	0	218.764	0.00757576	0	0	487.793	7.30909	728.454	2212.52	0	0.504751	0	0	1.84396e+06	2.17965e+07	0	0.037296	19.1022	762.775	0	7.64414	1088.7	7358.53	2.04768	377.982	0	0	6643.41	769959	0.820033	52751.5	372.755	3.84155	306947	156668	1.15675	1099.32	31.5453	37675.9	0.00406504	0.00396825	0.440526	0.27001	10.6861	3.67844	2.12667	5.86254	0.00323625	0.360772	0	0	0.0742999	6.14173	0.157825	2.98286	0.00392157	2.22723	0	11.6967	0	1.80781	0	5.4754	0.0156863	0.630514	0	0.00444444	0	141.452	0	0.378877	0	209.368	0	1.78124	0.00234742	1.75916	0.00340136	75.7909	0.00421941	0.857637	0	2.73435	0.00266667	26.5888	0.00266667	138.359	0	11.8306	0.00234742	4.87438	0.149882	0	0.00340136	26.5838	0	4.61022	0	5.52735	0	0	0	6.21462	0	0.0706791	0	0.0721723	0	10.6864	0	12.3205	0.521928	4928.75	0.137431	600.19	0	10.3682	3.18528	31.9194	0.00362319	1531.98	0.0625542	10.5775	0	560.392	0	73.2873	0	293.162	0.00378788	133.067	0	185.659	458.917	4212.77	0	10.4368	0.191719	15323.3	87.3856	59103.3	0	0	0	3.43074	0	0.0545575	1.34252	4.61983	0	4558.86	0.012538	1190.65	0	2546.14	0.0150116	2173.53	0	48.8234	0.00358423	183.591	0	31228.4	41592.2	536129	120.335	2876.2	0.936627	5381.5	0.109881	19.1247	0.291474	1002	1237.04	11364.2	1.18585	0.282569	0	0.126465	0.00358423	0.374744	23.8635	0	0.032403	69.5592	0.00289855	0.00497512	0	0.665943	0.00289855	1.30507	2.94573	0.0583741	0.0559024	470.038	0.247359	13.4986	0.00308642	0.188961	0	9.16729	5.24408	7516.01	0.00392157	5495.93	0.47131	1.49273e+06	17.3551	611209	2.97182	172.605	0.088097	1.13376e+06	0	664692	0.623911	120450	0.378809	2.5044e+06	40.0106	148848	4.27421	0.483511	7.70544	16549.2	29.7738	28222.8	0.09959	205552	0	283405	0.0914645	410089	
2.7594e+07	MFG_L_7_1	0.0460317	0.193882	349000	0	8.46661e+06	669.843	0	0	0	0	1195.48	47.2726	73570.4	218.764	0	0	0	0	2.71285e+06	0.00694444	1.56831e+06	0.0293076	553619	0	1.98476	0	9111.16	0	0	0	2492.65	0.00724638	5.32167	0	57125.1	0.0070922	299.562	0.0070922	0.0922078	0	0	0	0.11289	0	0	0	0	0	0	0	255.894	0	0	0	0	0	0	0	0	0	0	0	0	0	0	0	0	0	0.0133413	0	0	0	0	0	0	0	0.00308642	0	0	0	0	0	0	0	0	0	0	0	0	0	0	0	0	0	0	0	0	0	0	0	0	0	0.0042735	0.00287356	0	0.0035461	0	0	0	0	0	0	0	0	0.00444444	0	0.00358423	0	0	0	0	0	0	0	0.0193399	0.00362319	0	0	0	0	0	0	0.00469484	0.00362319	0.0203574	0	0	0	0	0	0	0.0047619	0	0	0	0	0.00617284	0	0	0	0.0211176	0	0	0	0	0	0	0	0	0	0	0	0	0.00362319	0	0	0.177546	0	0.431057	0	0	0	0.373015	0	0	0	0	0	0	0	0	0	0	0	0.00617284	0	0	0	0	0	0	0.00287356	0	0.00287356	0.00273224	0	0.00401606	0.00287356	0.0166667	0	0	0	0.0371951	0.00287356	0	0.0035461	0.0161622	0	0.0745189	0	0	0.0378815	0.00358423	0	0.0378589	0.00273224	0.0157155	0.00287356	0	0	5.53083	1.31698	0	0	0.231019	0	0.35701	0.0639797	1.97633	0.0223979	585.659	0.40743	371.578	2.89719	0.00813008	0.0042735	0.0448498	0.00520833	7.6997	0.471084	45.4324	0.00287356	1.49107	0.0070922	584.44	2.48108	
1.42008e+07	MFG_R_7_1	49.596	67.4694	5.56184	1.33751e+06	60.1581	153005	0.00396825	644.199	0	0.291461	0.40248	18.8121	5.2219	0.00757576	0	0	0	77.7151	0.0286935	2.17704e+06	1.33211	467509	0.503704	2.66265e+06	0	13627.1	0.00641026	622.163	0	3113.89	0	9014.7	0.366909	259540	0	59.839	0	13455.5	0	158.036	0	0	0	1.1563	0	0	0	0	0	0	0	4.44764	0	8.26818	0	0.0952381	0	0	0	0.0107527	0	26.6636	0	346.705	0	0	0	0	0	0	0	0	0	0	0	0	0	0	0	0	0	0.00462963	0	0	0	0	0	0	0	0	0	0	0	0	0	0	0	0	0	0	0	0	0	0	0	0	0	0	0	0	0	0	0	0	0	0	0	0	0	0	0	0	0	0	0.00392157	1.34295	0	0.00497512	0	0.190252	0	0.034188	0	1.08019	0	0	0	11.8846	0	392.866	0	555.084	0	8.34788	0	0.00680272	0	0	0	0	0	0.00666667	0	0.00666667	0	0.00980392	0	0	0	0.128716	0	0.0762821	0	0.423411	0	0.03822	0	0.462936	0.00392157	0.110276	0	0	0	0.0845928	0	0	0.0444874	0.186469	0.0857927	0	0	0.00666667	0	0	0.0070922	0	0	0	0	0	0	0	0	0	0.00469484	0	0	0	0	0	0	0	0	0.0045045	0	0	0	0	0	0	0	2.48196	0	0	0.00396825	3.68623	0	0	0	0	0.00396825	136.05	0	0.0045045	0	0.0045045	0	2.78843	0	19.47	0	106.902	0.0393845	204.839	0	0	0	0	0.0329268	44.0781	0	0.235762	0	0	0.00483092	291.305	
2.90041e+07	MFG_L_7_2	10.6681	0.0303658	1784.73	0.368002	3310.55	0.00724638	514.563	0	0.527352	0	0.0133333	0.00793651	0	0	0	0	0	0	0	0	288485	0	450313	0	8.98274e+06	0	0	0	191789	0	30778.5	0	35611.1	0	0.322696	0	5.30491	0	29502.7	0	0	0	0	0	0	0	0	0	0	0	0.0107527	0	60838.6	0	22091.7	0	79897.8	0	22.9393	0	15.402	0	827134	0	0	0	0	0.00680272	0	0	0.00952381	0	0	0	36.4872	0	0.0840155	0	0.446884	0	369.302	0	1.07552	0	89.3179	0	40.0119	0	1692.16	0	368.193	0.003367	5.51896	0	317.445	0	261.48	0	5417.88	0	3026.62	0	191.785	0	0	0	89.7422	0.003367	0	0	0	0	0.00362319	0	0	0	0	0	0	0	14353.7	0	115.551	0	0.0160666	0	0	0	312445	0	71.8204	0	48.5073	0	0.0183315	0	250823	0.00444444	873162	0	1.31681e+06	0	2812.25	0	246.731	0	0	0.00483092	0	0.00483092	0.00239808	0	0	0	425427	0	0	0	197806	0	91104.9	0	0.0189899	0	0.0107527	0	0.453817	0	0.490465	0.003367	0.0180213	0	4.37974	0	0	0	0	0	0	0	0	0	0	0	0	0	0	0	0	0	0	0	0	0	0	0	0	0	0	0	0	0	0	0	0	0	0.0140554	0	0.0346914	0	0.0203574	0	0	0	0.12395	0	0	0	0	0	8.22425	1.14535	0	0	0.00239808	0.0037037	0	0	7.00286	0.003367	0	0.317657	0.0225926	19.2166	0	0	0	0.0855101	0.00564972	0	0	0	0	0	0.00462963	9.93369	
6.99701e+06	MFG_R_7_2	0	1335.46	0	6779.24	0.0070922	0.634947	0	96470.1	0	3631.86	0	0	0	0	0	77.7151	0	0	0	0	0	8860.03	0	589365	0	322731	0	0	0	851402	0	474.865	0	198247	0	0.0114943	0	809.987	0	30834.1	0	0	0	0	0	0	0	0	0	0	0	0	0	2712.2	0	365110	0	1578.47	0	6.96533	0	60.0092	0	1.0072e+06	0	0	0	0	0	0	0	0	0	0	0	0	0	0	0	0	0	0	0	0	0	0	0	0	0	0	0	0	0	0	0	0	0	0	0	0	0	0	0	0	0	0	0	0	0	0	0	0	0	0	0	0	0	0	0	0	0	0	0	0	0	2350.75	0	0.0253926	0	192.055	0	34.7995	0	6813.44	0	0	0	384.576	0	630.802	0	273.155	0	0.624427	0	0	0	0	0	0	0	0	0	0	0	110.115	0	0	0	12.3834	0	2.3645	0	0.558246	0	0	0	0.00555556	0	0.0045045	0	0	0	0.00555556	0	0	0	0	0	0	0	0	0	0	0	0	0	0	0	0	0	0	0	0	0	0	0	0	0	0	0	0	0	0	0	0	0	0	0	0	0	0.00724638	0	0	0	0.00724638	0	0	0	0	0	7.16373	0	0	0	0	0	0	0	6.16216	0	0	0.0031746	0	0	0	0	0	0	0	0	0	0	0	0	0	
2.67286e+07	MFG_L_7_3	0.00666667	1.28753	15595	0.217607	1.79628e+06	1927.97	0	0	0	0	333.917	480.213	14215.6	487.793	2.71285e+06	0.0286935	0	0	0	0.00641026	1.67137e+06	0.0070922	3136.41	0	99.9775	0	7.04102e+06	5.3893	0	0	10.6934	0.0070922	4.23526	0	80923	0.0277778	5406.55	0.026614	0.686005	0.00606061	0.00416667	0.00546448	2.00144	0	0.0640732	0	0	0.0682053	0	0	8710.53	0.00724638	0	0	0	0	0.0236897	0	0	0.00378788	0.752793	0	0.00833333	0	0	0	0	0	0.825198	0	0.0811477	0	0.0493842	0	0.0180708	0	1.0991	0	0	0	0.116149	0	0.0216376	0	0.00469484	0	0.181248	0	0.0628282	0	1.74734	0	0.00392157	0	0.0047619	0	0.0689405	0	0.974264	0	0.0164634	0	1.4061	0	0.0603698	0.0150116	1.75466	0	0.0418732	0	0	0	0	0	0.0042735	0	0.378587	0	0	0	0.0407862	0	0.017205	0	0.303977	0	0	0	0.0205128	0.00383142	0.047026	0	0.0456946	0.00383142	1.24967	0	0.00483092	0	0.0622465	0.0730937	0.0455921	0.0725932	0.0747508	0	0.388663	0	0	0	0	0	16.9607	0.0139804	0.0508772	0.00362319	0.00555556	0	0	0	0	0	0.123573	0	0.276158	0	6.44653	0	192.39	0	849.175	0	0.00574713	0	94.58	0	0	0	0	0	0	0	0.00584795	0	0	0	0	0	0	0	0.0621033	0.00456621	0.402407	0	8.10668	0.00340136	0.0146199	0.0047619	32.2412	0.003367	37.875	0	0.0791675	0	131.469	0	0.158238	0.0150116	125.27	0.0135367	71.5184	0	0	0.179514	0.464512	0	40.1316	0.175911	86.5442	0	118.341	0	390.61	14.549	0.225412	0	804.542	0	504.86	3.56491	237.224	0.0135367	3018.68	27.2456	745.981	210.846	1.1067	0.0140737	81.8471	1.59229	167.651	1.9663	1030.78	0.0233918	464.572	0.00653595	1814.86	122.374	
1.57144e+07	MFG_R_7_3	0	50.83	0.0246416	131799	25.1648	519220	0	0.00793651	0	0	0.0304446	61.8925	1.4172	7.30909	0.00694444	2.17704e+06	0	0	0.00641026	0	0	1.66146e+06	0	42396.8	0	0	0.00641026	3.31121e+06	0	0.0151515	0.0289855	1200.93	0.0638298	10.939	0	2238.58	0	13.9146	0	0	0	0	0	5293.32	0	0	0	0	0	0	0	5032.08	0	0	0	0.00757576	0	0	0	0	0	0.95717	0	0	0	0	0	0	0	0	0	0	0	0.105911	0	0	0	0	0	0	0	0.0047619	0	0	0	0	0	0	0	0	0	0.0402047	0	0	0	0	0	0	0	0	0	0	0	0	0	0	0	0.0175439	0	0	0	0	0	0	0	0	0	0	0	0	0	0	0	0	0	0.0452284	0	0.631823	0	0	0	0	0	0.00497512	0	0	0	0.0507235	0	0.0242623	0	0.0572268	0	0	0	0.00546448	0	0.0175439	0	0	0	0.163344	0	0	0	0	0	0	0	0	0	0	0	0.141374	0	0	0	21.9851	0	0.310902	0	0.0119048	0	17.1279	0	0	0.0373784	0.610548	0.00854701	0	0	0	0	0	0	0	0	0	0	0	0	0	0	0.004329	0	0	0	0.0718518	0	0	0	0	0	0.004329	0	0	0	0.547413	0	0.00469484	0	0.00378788	0	0	0	0	0	0	0	0	0	5.62382	0	0.0808501	0	3.9655	0	0.141348	0	7.23921	0	14.8245	0	25.4928	0	0	0	0	0	9.92246	0	0.00833333	0	0	0	41.5313	
4.64761e+07	MFG_L_7_4	41.9773	262.6	90559.2	22.994	1.27364e+06	1137.11	1406.47	0.0699337	0.208106	0.464113	3115.45	882.308	1004.42	728.454	1.56831e+06	1.33211	288485	0	1.67137e+06	0	0	0	538872	0.779019	29333	0	207092	7.26819	1214.73	0	1.03202e+07	0	6879.52	5.63266	6.16412e+06	0.0272109	488.142	9.70768	56.9618	0.0616497	0	0	11.4158	0	0.498521	0	0.704665	0	0	0	111698	0	142.506	0	51.7458	0.00411523	747.567	0.0042735	1.29293	0.108716	329.892	0.0070922	103.262	0	0	0.00444444	0	0.0434102	3.22275	0	372.296	0	99.2022	0	105.198	0	23.1063	0	65.4363	0	3826.81	0	38.2143	0	324.64	0	971.124	0	7635.88	0	3602.93	0.003367	6.277	0	893.738	0	2506.31	0	11164.9	0	1793.04	0	2952.5	0	0.0157796	0.003663	1847.45	0.0143098	0.042863	0	0.00401606	0	0.00401606	0	0.0163795	0	1.36993	0	0	0	4836.38	0	413.383	0	41.7353	0.0158933	0.0199005	0	213.398	0	218.729	0.00444444	25.2253	0	59.0973	0	1001.76	0.0045045	869.915	1.10838	6288.24	2.54889	2814.21	0.11389	1225.79	0	0.0242504	0.0165638	0	0.0171193	323.132	0	0.00653595	0	46.8169	0	861.612	0	3.23262	0	5374.38	0.00411523	5399.34	0.00383142	18.8133	0.0249243	43800.4	0.0249243	184215	0.003367	13019.1	0	217280	0.00617284	0	0	0.0507663	0.0070922	0	0	0	0	0	0	0.0559835	0	0	0	0.0873205	0.353126	0.00326797	0.0144148	0.226154	0.0128961	0.013962	0.229236	147.921	0.0144148	20.8674	0	0	0	26.0437	0	0.0269931	0.394173	1789.26	0	1214.51	0	0	1.74485	2.24851	0	301.391	0.996823	236.159	0.014909	0.0267985	0	18291.7	249.919	2.07531	0	768.866	0.00340136	387.167	5.0511	273637	0.43578	53911.1	30.5246	25041.7	2060.15	8.71762	0.422212	180.131	8.70871	1193.46	16.1491	6132.67	2.17797	1280.77	0.0601396	41055.1	1116.46	
2.80336e+07	MFG_R_7_4	0.0500835	321.311	0	108311	6.21386	746178	0	11.6997	0	1.68411	0.00628931	451.516	0.133993	2212.52	0.0293076	467509	0	8860.03	0.0070922	1.66146e+06	0	0	0	6.82587e+06	0	0.886657	0.0070922	48479.8	0	5184.77	0	3.81879e+06	0	7120.04	0.00362319	270828	0	456.273	0	0.0857985	0	0	0	7231.79	0	0	0	0.0668337	0	0	0	35235.3	0	0.0365365	0	0.0319088	0	0	0	0	0	30.2635	0	0.131745	0	0	0	0	0	0	0	0.0916754	0	7.20618	0	0.0520899	0	0	0	0	0	0.164126	0	0.0156079	0	0.00555556	0	0.00462963	0	0.017205	0	0.00444444	0	0	0	0.0161622	0	0	0	0	0	0.068448	0	0	0	0	0	0.00444444	0	0	0	0	0	0	0	0	0	0	0	0	0	0.00462963	0	0	0	25.8236	0	0.00512821	0	2.68301	0	0.0218638	0	21.4174	0	0.0454824	0	0.323283	0	176.063	0	201.22	0	1.3397	0	28.5696	0	0	0	0	0	0.0182648	0	0	0	0.0342782	0	0.0337607	0	1.96738	0	0	0	54.8097	0	0.0128205	0	769.069	0	52.5265	0	2.6436	0.00362319	235.508	0	0	0	0.11222	0	0	0	0	0	0	0	0	0	0	0	0	0	0	0	0	0.00512821	0	0	0	0	0	0	0	0	0.004329	0	0	0	0.0182648	0	0	0	0.00490196	0	0	0	0.0789622	0	0.00546448	0	7.63544	0	238.467	0	0.004329	0	0.576103	0	26.5264	0	265.53	0	62.7827	0	3.96146	0	0	0	0.0356125	0.00757576	3.97688	0	8.47816	0	0.00546448	0	26.0219	
