data	data	6.46051e+07	7.43327e+07	8.21549e+07	1.03247e+07	1.23064e+08	2.02777e+08	7.67753e+07	4.08745e+07	1.29374e+07	2.81635e+07	1.02965e+07	6.75137e+07	9.43676e+07	1.45824e+08	2.18119e+07	1.85193e+07	4.09532e+07	2.95062e+07	1.55824e+07	1.2627e+08	2.84387e+07	4.13481e+07	2.20175e+07	4.53267e+07	3.26696e+07	2.10659e+07	1.9606e+08	2.25125e+08	2.44745e+07	1.6971e+06	7.43819e+06	1.50817e+07	8.36861e+06	1.32626e+07	4.25675e+07	3.65464e+06	1.61073e+07	8.82076e+06	2.42096e+07	4.56298e+06	4.12614e+06	6.14610e+06	2.10869e+07	8.23869e+06	1.26519e+08	6.08442e+06	7.28066e+07	1.35167e+08	1.50369e+07	2.62453e+06	1.25105e+08	5.67498e+06	4.92892e+07	3.75556e+07	3.30154e+07	1.99587e+07	4.78062e+07	2.14111e+07	6.50874e+07	1.79045e+08	5.62726e+06	1.04959e+07	2.36044e+07	2.1834e+07	5.19534e+06	3.96573e+07	1.2204e+06	6.94557e+06	1.71158e+08	8.34155e+07	2.9631e+07	7.58076e+07	3.21655e+07	1.40547e+07	1.89475e+07	7.65008e+07	1.59388e+08	7.48559e+07	4.12841e+07	2.83202e+07	2.26275e+07	1.46307e+07	1.31161e+08	1.10895e+08	4.37028e+07	7.80348e+07	1.74111e+07	5.02764e+07	8.73959e+07	4.67173e+07	1.21066e+08	2.85738e+07	2.80795e+07	6.32578e+07	3.49593e+07	1.43783e+07	3.50368e+07	4.74002e+07	8.21407e+07	1.12355e+07	7.23896e+07	1.97239e+07	1.90072e+08	2.219e+08	2.32682e+08	2.05761e+08	1.88852e+08	7.71888e+07	1.10657e+07	7.91818e+06	7.6435e+06	5.66823e+06	1.21932e+07	5.16165e+07	6.2496e+06	5.64192e+06	2.6115e+07	3.34137e+06	4.61346e+06	6.5888e+06	9.07674e+06	6.54993e+06	3.57866e+07	2.14116e+07	2.85231e+07	5.7239e+07	5.14216e+07	9.99802e+07	1.62402e+07	4.93811e+07	2.74604e+07	2.48486e+07	5.18165e+07	2.07072e+08	2.35094e+07	2.42308e+08	9.8035e+07	4.62467e+08	2.57529e+07	1.17055e+08	9.11006e+07	9.40104e+07	5.27228e+07	7.65835e+07	1.84137e+07	3.24312e+07	9.31404e+06	1.95611e+07	1.19552e+06	4.85937e+07	1.40444e+07	2.1707e+08	5.58963e+06	4.58714e+06	5.13256e+07	5.46104e+07	1.07171e+07	4.56508e+06	3.23174e+07	5.96456e+07	5.13117e+07	4.13946e+07	5.4474e+07	4.46026e+07	8.82516e+07	4.70775e+06	4.29993e+07	4.64107e+06	2.73473e+08	7.52892e+07	3.58333e+07	4.90366e+06	1.1251e+08	8.27818e+06	1.25034e+06	1.60185e+07	3.14147e+06	2.40371e+07	4.15687e+06	1.28758e+06	2.4817e+07	3.73106e+07	2.09473e+06	556760	4.46318e+06	1.83413e+07	2.53749e+06	2.82993e+06	1.19452e+08	2.52977e+08	3.77143e+08	1.8226e+08	3.16323e+08	2.78188e+08	4.62434e+07	9.94225e+07	5.01258e+08	3.26789e+08	3.69015e+07	3.61419e+07	2.9359e+07	3.45282e+07	1.273e+08	7.98316e+07	1.21312e+08	2.09801e+08	4.88571e+07	1.27656e+08	2.32318e+07	1.50676e+08	1.58422e+07	2.88925e+07	1.15678e+08	1.15656e+08	3.33265e+08	2.64214e+08	4.01872e+08	3.89778e+08	1.27516e+08	2.40374e+08	1.18039e+08	4.54315e+08	3.45215e+08	3.17365e+08	3.36821e+08	2.44939e+08	5.6333e+07	1.324e+08	1.31775e+08	4.3515e+08	1.14423e+08	9.3619e+07	1.45545e+08	3.22725e+07	4.0153e+07	3.91923e+07	1.7476e+08	7.05657e+07	6.37582e+07	6.75593e+07	1.46225e+08	1.33325e+08	1.07161e+08	9.07054e+07	1.06314e+08	1.00116e+08	
data	data	SFG_L_7_1	SFG_R_7_1	SFG_L_7_2	SFG_R_7_2	SFG_L_7_3	SFG_R_7_3	SFG_L_7_4	SFG_R_7_4	SFG_L_7_5	SFG_R_7_5	SFG_L_7_6	SFG_R_7_6	SFG_L_7_7	SFG_R_7_7	MFG_L_7_1	MFG_R_7_1	MFG_L_7_2	MFG_R_7_2	MFG_L_7_3	MFG_R_7_3	MFG_L_7_4	MFG_R_7_4	MFG_L_7_5	MFG_R_7_5	MFG_L_7_6	MFG_R_7_6	MFG_L_7_7	MFG_R_7_7	IFG_L_6_1	IFG_R_6_1	IFG_L_6_2	IFG_R_6_2	IFG_L_6_3	IFG_R_6_3	IFG_L_6_4	IFG_R_6_4	IFG_L_6_5	IFG_R_6_5	IFG_L_6_6	IFG_R_6_6	OrG_L_6_1	OrG_R_6_1	OrG_L_6_2	OrG_R_6_2	OrG_L_6_3	OrG_R_6_3	OrG_L_6_4	OrG_R_6_4	OrG_L_6_5	OrG_R_6_5	OrG_R_6_6	OrG_R_6_6	PrG_L_6_1	PrG_R_6_1	PrG_L_6_2	PrG_R_6_2	PrG_L_6_3	PrG_R_6_3	PrG_L_6_4	PrG_R_6_4	PrG_L_6_5	PrG_R_6_5	PrG_L_6_6	PrG_R_6_6	PCL_L_2_1	PCL_R_2_1	PCL_L_2_2	PCL_R_2_2	STG_L_6_1	STG_R_6_1	STG_L_6_2	STG_R_6_2	STG_L_6_3	STG_R_6_3	STG_L_6_4	STG_R_6_4	STG_L_6_5	STG_R_6_5	STG_L_6_6	STG_R_6_6	MTG_L_4_1	MTG_R_4_1	MTG_L_4_2	MTG_R_4_2	MTG_L_4_3	MTG_R_4_3	MTG_L_4_4	MTG_R_4_4	ITG_L_7_1	ITG_R_7_1	ITG_L_7_2	ITG_R_7_2	ITG_L_7_3	ITG_R_7_3	ITG_L_7_4	ITG_R_7_4	ITG_L_7_5	ITG_R_7_5	ITG_L_7_6	ITG_R_7_6	ITG_L_7_7	ITG_R_7_7	FuG_L_3_1	FuG_R_3_1	FuG_L_3_2	FuG_R_3_2	FuG_L_3_3	FuG_R_3_3	PhG_L_6_1	PhG_R_6_1	PhG_L_6_2	PhG_R_6_2	PhG_L_6_3	PhG_R_6_3	PhG_L_6_4	PhG_R_6_4	PhG_L_6_5	PhG_R_6_5	PhG_L_6_6	PhG_R_6_6	pSTS_L_2_1	pSTS_R_2_1	pSTS_L_2_2	pSTS_R_2_2	SPL_L_5_1	SPL_R_5_1	SPL_L_5_2	SPL_R_5_2	SPL_L_5_3	SPL_R_5_3	SPL_L_5_4	SPL_R_5_4	SPL_L_5_5	SPL_R_5_5	IPL_L_6_1	IPL_R_6_1	IPL_L_6_2	IPL_R_6_2	IPL_L_6_3	IPL_R_6_3	IPL_L_6_4	IPL_R_6_4	IPL_L_6_5	IPL_R_6_5	IPL_L_6_6	IPL_R_6_6	PCun_L_4_1	PCun_R_4_1	PCun_L_4_2	PCun_R_4_2	PCun_L_4_3	PCun_R_4_3	PCun_L_4_4	PCun_R_4_4	PoG_L_4_1	PoG_R_4_1	PoG_L_4_2	PoG_R_4_2	PoG_L_4_3	PoG_R_4_3	PoG_L_4_4	PoG_R_4_4	INS_L_6_1	INS_R_6_1	INS_L_6_2	INS_R_6_2	INS_L_6_3	INS_R_6_3	INS_L_6_4	INS_R_6_4	INS_L_6_5	INS_R_6_5	INS_L_6_6	INS_R_6_6	CG_L_7_1	CG_R_7_1	CG_L_7_2	CG_R_7_2	CG_L_7_3	CG_R_7_3	CG_L_7_4	CG_R_7_4	CG_L_7_5	CG_R_7_5	CG_L_7_6	CG_R_7_6	CG_L_7_7	CG_R_7_7	MVOcC	MVOcC	MVOcC	MVOcC	MVOcC	MVOcC	MVOcC	MVOcC	MVOcC	MVOcC	LOcC_L_4_1	LOcC_R_4_1	LOcC_L_4_2	LOcC_R_4_2	LOcC_L_4_3	LOcC_R_4_3	LOcC_L_4_4	LOcC_R_4_4	LOcC_L_2_1	LOcC_R_2_1	LOcC_L_2_2	LOcC_R_2_2	Amyg_L_2_1	Amyg_R_2_1	Amyg_L_2_2	Amyg_R_2_2	Hipp_L_2_1	Hipp_R_2_1	Hipp_L_2_2	Hipp_R_2_2	BG_L_6_1	BG_R_6_1	BG_L_6_2	BG_R_6_2	BG_L_6_3	BG_R_6_3	BG_L_6_4	BG_R_6_4	BG_L_6_5	BG_R_6_5	BG_L_6_6	BG_R_6_6	Tha_L_8_1	Tha_R_8_1	Tha_L_8_2	Tha_R_8_2	Tha_L_8_3	Tha_R_8_3	Tha_L_8_4	Tha_R_8_4	Tha_L_8_5	Tha_R_8_5	Tha_L_8_6	Tha_R_8_6	Tha_L_8_7	Tha_R_8_7	Tha_L_8_8	Tha_R_8_8	
6.46051e+07	SFG_L_7_1	0	813213	9.1394e+06	52.1322	381295	548.916	1.05569e+07	143457	2.74578e+06	181188	139589	221.582	21542.4	31.1297	4.30017	1.12249	94.1465	390.931	16.0405	585.992	109.105	144.823	442.972	2467.39	50.9456	1658.96	350.018	250.093	10949.4	3.29357	34.5659	12.8026	270.08	858.579	61371.4	0.0221612	19845.2	214.913	790042	567.589	0.00900901	0	0.313754	0.00529101	1.67379	0.0221908	1.77079	0.0408817	2.3246	0	49673.5	0.0518743	0.177877	0.164311	0.842216	1503.91	0.895409	14.229	151.422	9724.57	22.5567	0.407306	11.2792	0	20.4255	280.985	2253.96	332.369	8.25907	0.0658589	0.0531788	5.77066	3.95723	0.00271003	0.00584795	5.77066	17.8437	0.148682	1.37776	0	0.0232042	0.0360795	72.1145	0.478779	0	3.6316	1.86983	0.00383142	367.826	0.14008	21.048	1.29594	44.4228	0.252755	4.25073	0.214464	0	38.2262	4.12615	0.0595589	110.737	0.0131208	1479.11	4.57461	0.386131	19.9724	825.99	0.812416	0	0.0248115	0	0.113011	0	0.480659	0.00520833	1.25256	0.00505051	0.226524	0	1.40649	0	0.121524	0	0.0402457	6564.33	663.886	5268.64	208.587	0	0.315642	203.862	414.507	4112.88	57.0568	203.513	93.5775	14996.7	219.863	0	0.353429	0.0596078	2.13433	55.7322	0.0480179	0	42.4181	6799.03	64.371	4866.6	427.338	103.175	9.74753	4811.87	19.112	0.00854701	0	0	0	3.93099	0	741.729	56.557	101213	0.197579	60328	0.00266667	129081	0.00483092	852666	7.06143	239.372	9.44379	922432	0.712216	2.45371	31.9375	19.899	442.165	60.1244	62.5403	5.19492	92.1918	71277.4	1231.76	12339.3	176.858	0.140305	0.00833333	12.9889	718.585	10.8347	0.108249	18.112	51.1049	6.83771	2.20366	17.0491	29.429	391.277	0.0597738	13.2678	0.538717	0.665336	0.80259	28.2447	4097.8	25.1901	102.713	8.48036	12.2446	215.631	1570.33	1.64835	0.520331	82822.7	73788.5	99.9678	17.0028	6.76325	0.153009	1.51647e+06	83190.8	59.784	0.250875	24.4876	1.34437	639.949	157292	176658	3359.25	7.43516	0.0136243	2.54268e+06	3.42887	4860.29	0.621019	834.363	0.112266	9835.17	0.335144	2927.92	0.131266	2489.26	0.0711595	353349	0.253692	
7.43327e+07	SFG_R_7_1	813213	0	688942	87180.5	537058	4.28471e+06	299796	1.26901e+06	5395.08	35087.1	2628.93	7.13905e+06	138.328	454.582	0.717832	57352.5	0.00724638	6938.53	12.3516	1672.2	17.2433	15241	1.20422	43838.3	197.388	1377.96	226.448	2578.83	16.1325	21294.2	2.28207	12643.2	36.039	2.59938e+06	31.4992	126.621	11.1939	367469	15966.5	109871	0.00653595	0	0.0361827	5.38425	3.34514	0.0178571	6.3578	0.348719	0.0070922	0.131857	32.4385	21.582	0	116.395	177.584	426.456	209.762	10.3555	1137.58	439.969	0.0608163	2368.45	0.244475	2295.26	1.04015	1436.74	5.85667	73.3081	0.960892	9.14786	0.0184619	2152.64	0.173704	0	0	2106.48	1.74221	29.6322	0.0702705	0	0	2.57172	4.46885	366.731	0	3417.58	0.346585	2.87827	8.81112	32.4488	2.35085	222.528	1.04756	129.491	0.183146	233.79	0.0382173	1628.6	0.646054	17.9604	3.97851	2.64855	39.7414	330.077	1.14978	39.5294	29.7576	4.45819	0	12.109	0	0.0147334	0	53.199	0	0.00392157	0	0.290767	0	0	0	35.521	0	401.667	23.1596	1404.84	24.8675	3996.37	0.582779	56.4653	373.759	237.394	75.6952	3856.56	2.14973	913.113	138.282	4059.01	0	450.888	0	1781.98	1.24676	35.5268	0	19991.8	8.92162	198.948	13.3798	2178.27	0	14.4023	5.20472	115.968	0	0.0807275	0	0.114406	3.29058	1.04548	2333.17	107.122	446.648	2603.35	1.75416	0.0553571	18.7918	4.51956	843.941	24994.2	9.26258	3123.52	529.996	6806.91	0.00555556	46.4562	28.1157	1000.9	0	24505	0	38.5743	758.475	113830	1.72337	307.422	0.0332133	3.16043	51.4016	31.707	0.00411523	0.0709281	0.196175	34.6132	15.9732	0.126141	0.398364	5.94127	1.40515	0.228419	0.252427	17.8446	5.50688	2.05082	118.075	32.6564	0.128016	43.9781	0.318174	302.172	0.0112116	92192.8	0.0112116	6.14547	34.9763	413387	2.26867	1194.77	0.38435	1.26691	13520.2	1.36982e+07	12.1454	102.653	7.55201	99.8904	2.05093	217031	128.104	1.10337e+06	0.0371032	15686.5	21859.5	2.28055e+06	44.6606	1410.73	2.54358	252.904	323.054	113913	444.69	18824.1	1.93976	18190.5	0.491413	493506	
8.21549e+07	SFG_L_7_2	9.1394e+06	688942	0	10.445	1.46909e+07	177.432	3.6504e+06	3771.92	0.434119	1963.03	0.013962	844.073	1846.71	0.884057	1.41866e+06	0.181818	5810.62	1841.35	52946.5	225.126	1816.55	63.3326	2.45078e+06	1498.31	9850.25	153.637	11971	85.8976	107364	0.576033	972.732	4.96543	43976.6	221.704	1007.6	0.0238095	1787.51	47.5634	4.59659e+06	22.5232	0	0	0.0407273	0	12.8029	0.0100282	10.3929	0.0437113	2.31641	0	3253.26	0.00271003	31.0278	0.0042735	27.4261	26.2319	1.65096	1.3774	5.44896	4739.15	135.62	0.0244669	528.951	0.487999	0.123368	23.8187	0.00483092	112.706	434.703	0.462292	0.159142	2.21551	1.97285	0	0.154487	2.629	587.651	0.159764	3.31367	0	3.44491	0.0161622	632.473	1.60676	4.95852	0.0893409	3.55883	0.0166667	660.883	0.241757	180.261	0.745522	29.0406	1.10041	31.2726	0.198177	0.442237	1.68251	247.925	0.0594726	783.69	0.0272772	1085.06	1.97173	0.30809	2.08165	1341.43	0.0780292	0	0.002849	0	0.0031746	0	0.0738302	0	0	0	0	0	0.00584795	0.00595238	0.0407257	0.0982042	0.157728	276.343	190.917	763.175	98.812	0.0208384	0.0193237	177.403	170.641	3526.86	17.8578	234.515	9.86473	7048.97	27.7415	0	0.422145	72.8006	0.41664	122.793	0	0.0037037	10.6471	59.1028	11.7044	0.46738	47.0461	2.87303	1.51598	0.1662	0.2638	0.205893	0	0.0037037	0	5.6311	0	1173.78	30.0089	86306.5	0.0138281	347.182	0.00266667	694.828	0	156276	1.37261	183.648	2.20303	70203.6	0.0589701	0	0.0658333	0	19.7461	0	0.010101	0.00537634	0.30032	0	12.9691	0	1.6387	0	0	3.74239	87.0679	26.4082	0.0236845	57.7406	19.8209	2.43606	0.200802	58.6468	13.9431	66.9543	0.0934438	5.26509	0.0821251	3.54302	0.447781	13.0425	653.327	2.55821	28.6966	3.63179	4.69831	17.8038	991.146	23.077	0.204627	937.279	44190.4	820.722	9.51473	48.0612	0.865052	1.12798e+06	49085.1	579.461	3.57456	170.615	1.75928	13664.4	29681.6	49426	1158.83	175.127	1.9485	1.95433e+06	62.9873	1619.02	8.49576	28770.5	2.25027	25166.5	477.324	53941.8	142.281	72847	234.703	390579	228.688	
1.03247e+07	SFG_R_7_2	52.1322	87180.5	10.445	0	11.0307	2.09142e+06	0	332930	0	0	1.65657	346.933	0.756011	4.09668	0	1.95039e+06	0	47.2164	0.0220763	59690.3	0	4282.43	0	115151	0	414466	0.439691	16449.3	0	134.008	0	1098.48	0	36313.1	0.00383142	1.28758	0	3343.57	0.592881	4059.45	0	0	0	1.33937	0	0	0	0	0	0	0.0453974	2.69462	0	0.250416	0	20203.5	0	3269.77	0.00416667	2310.14	0	9.02942	0	0.263317	0	0.00641026	0	0	0	0.0420579	0	0.37528	0	0	0	0.198907	0	0	0	0	0	0	0	0.037173	0	0.339245	0	0	0.0133815	0	0	0	0.0035461	0.039405	0.0035461	0.0319903	0	1.25281	0	0	0.00314465	0	0.0301733	0.183403	0	0.0896732	0	0.004329	0	0.0299473	0	0	0	0.0135357	0	0	0	0	0	0	0	0	0	0.00546448	0	852.933	0.00401606	992.907	0	2.37652	0.0045045	196.065	0	93.6492	0	5741.81	0	10773.5	0	1.40472	0	2.60286	0	0.0070922	0	25.203	0	0	0	0.00641026	0	0	0	0	0	0.00980392	0	0.00666667	0	0.0070922	0	13.0267	0.00314465	0.488343	0	0	0	0	0.0132338	1.86485	0	0.0581266	0.00724638	9.84632	0	0	0	0	0	0	0	0	0.00952381	0	0	0	0	0	0	0	0	0	0	0	0	0	0	0	0	0	0	0.0047619	0	0	0	0.0047619	0	0	0	428.657	0	0.0292398	0	0.0187793	0	0.259177	0	0.24664	0	0	0.00421941	26.7815	0.00347222	0	0.00347222	0.00340136	0.0437435	0.148539	0.00314465	13.703	0	0.0277778	0.0167722	0.205265	0	0	0.0201533	0.00462963	0	0.00925926	0.00347222	0.0277778	0.0159535	0.0931142	0	0.0417074	
1.23064e+08	SFG_L_7_3	381295	537058	1.46909e+07	11.0307	0	2.87249e+06	2912.92	100.249	61.5938	150.963	2.34231e+06	1.0853e+06	2.68137e+07	149329	2.02081e+06	1569.09	2317.65	18329.2	510021	5030.44	3657.36	72552.9	24339	22082.2	118.654	24.3354	682761	13269.6	30076.2	451.814	59042.6	4428.99	580352	30593.1	25342.4	8.79174	3025.23	1612.01	583237	243.89	0.0362026	0	9.21902	0.632496	99.4567	0	113.037	11.4668	21.7397	0.00555556	190905	0.456352	15.1325	0.00584795	98.8775	1.27334	19.6844	3.0237	180.656	299.362	0.970553	4.03148	101.476	1.68058	16.7925	80.3287	10.1664	29.007	9035.08	41.6586	0.0939863	453.15	0.379048	0	0.0860834	422.614	6017.24	9.14987	0.598952	0	10.8653	2.01787	6215.79	178.331	8.23964	102.501	0.396213	1.07647	110.216	11.4985	120.979	44.8922	1346.39	114.999	5.17859	73.5135	0.393038	81.7668	152.623	10.0481	207.295	1.23476	3060.12	167.484	0.0179192	12.7747	371.07	1.48411	0	4.78761	0.0442348	3.47335	0	24.2432	0.483312	18.0095	18.6966	0.889383	0	19.4509	0.0477345	6.30527	2.03959	15.6514	1733.3	1265.28	3871.15	1289.36	0.629758	0.939208	1358.72	175.442	5028.26	503.901	239.781	304.954	1550.06	1471.14	0	27.1717	13.2369	57.208	84.4783	0.36151	0.0254254	1327.03	5064.81	150.078	428.745	889.904	1646.79	23.5068	1851.45	75.8988	0.229602	0.00584795	0.0037037	0.0225379	3.31193	0.0191856	1097.95	15.6829	64892.1	850.419	0.344382	0	54.5793	0.681103	11549.3	7402.84	14.8223	670.234	1581.21	223.075	3.49153	284.798	29259.2	63621.1	12.5883	11.7179	472.687	617.288	69.9129	1.32774	1093.36	678.932	0.510721	1.27684	2.42829	5.08103	107.714	0.40875	253.713	3.05752	0.583588	0.516364	255.744	11.1195	8.08402	0.637627	0.0704278	8.90493	20.7899	0.250524	2.36811	27.7236	0.975222	24.3623	1.97099	98.2915	13.5199	90.2779	486.461	14.4275	19305.6	4870.4	70519.5	1468.24	287.42	6.54082	849824	21937.8	2639.69	32.4892	1034.29	40.2092	938855	302260	56167.5	63553.2	337399	693.645	810149	5424.77	4416.35	399.758	283468	111.97	190020	6513.37	971628	2152.43	964634	7382.09	1.6015e+06	5524.67	
2.02777e+08	SFG_R_7_3	548.916	4.28471e+06	177.432	2.09142e+06	2.87249e+06	0	247.359	2351.31	49.4635	1606.04	7709.26	2.15579e+07	2.21262e+06	4.97158e+07	1.37641	2.38632e+06	0	731.351	17775.1	2.23363e+06	16.1038	156641	0	97993.3	0	7138.2	1.29268e+06	2.6416e+06	0	20625.9	0.129919	70049.9	0.0140413	981394	7171.6	1380.94	0.0519734	126017	0.318422	2589.87	14.5415	1.13564	1.05158	203.065	3.41198	0.0113993	4315.77	200.494	0.00793651	0	27237.5	901.136	0	81.1201	2.69669	11172.8	27.119	4608.71	588.8	9206.06	0	9538.95	0	3177.58	0.533034	5258.92	0.00595238	120.557	0.024752	732.064	0	1145.17	0.0261086	5.09119	0	961.033	0.0414952	17.8445	0.0443926	0	0	1.91934	0.0414952	337.23	0	4299.79	0	3.5732	0.00314465	14.5805	0	74.655	0	840.122	0.003367	33.8423	0	3428.07	0	4.11848	0.0306461	2.90042	0.0799159	6106.88	0.0848269	1053.56	0.0576764	13.5183	0	222.503	0	14.3141	0	1279.84	0	83.2871	0	17.8242	0	97.8676	0	10.0606	0	199.491	33.3719	5225.69	11.0545	8011.24	0	6.58491	71.2443	210.065	29.8885	6966.84	0.0026455	123785	0.680579	216931	0	771.021	0	8466.85	0	931.73	0	26519	14.9413	3027.67	0.135838	13738.9	0.124575	228.229	0.444864	21294.1	0	0.865184	0	74.188	0	0.951352	23.7896	114.973	0.00314465	18377.6	0	0.625335	0.0035461	3890.39	0.273225	106363	0	2666.33	0.0514546	42637.1	0.102764	9703.19	2192.8	88204.4	18.7604	5423.2	0.0136949	7973.42	0.670059	1249.2	1.14966	19879.1	3594.1	2244.76	7.36015	1.58424	0.0273968	0.496277	0.120291	3.09728	9.44951	0.651161	0.120291	12.3101	0.00260417	4.89513	0	327.211	0.636831	0.204657	4.40335	175.417	0.0118142	261.858	0	16503.4	0.0522909	76.1098	0	303.086	1.43271	29171.5	0.0501303	50467.6	0.446177	8328.79	686.355	2.04928e+06	5.53659	10.1921	5.4477	36955.3	0.491718	889251	1.11249	399639	0.0286328	1.39646e+06	3366.63	961243	79.803	1683.01	0.252227	20520.8	122.742	173269	36.3145	350814	0.0487002	179271	0.0532019	1.18036e+06	
7.67753e+07	SFG_L_7_4	1.05569e+07	299796	3.6504e+06	0	2912.92	247.359	0	191065	1.04381e+06	733646	0.0868872	52.05	394.273	5.13289	2466.4	0	1611.02	0.00757576	10834.6	0.12026	15122.1	0.017316	111618	0.233726	317434	70.2134	3915.52	2.37525	3214.23	0	995.763	0.017316	9569.82	0.004329	139183	0.0157796	26948.9	0.0166151	199417	0.00724638	0	0	4.26019	0	0.12449	0.00241546	0.0440181	0.0022831	0.720355	0	355558	0.00262467	17.5331	2.61086	4.20576e+06	8020.01	346.759	7.3969	67383.4	23285.5	3550.24	0	8366.06	0.0629806	2.00486	944.615	0.00350877	4181.23	0.949046	0.00956333	0.424968	0.0747764	4.4656	0.00271003	0	0.113078	3.41731	0.00271003	2.9969	0	2.02024	0.0403471	32.4651	0.0560408	0.620176	0.165842	4.61434	0.00497512	688.58	0.0670802	105.708	0.305952	9.0376	0.0333502	9.16805	0.00273224	0.09941	5.47649	38.9429	0.0035461	535.286	0.0114169	1124.11	3.34664	1.90364	41.5826	2119.53	0.798189	0	0.068952	0	0	0	0.685668	0	0.0213347	0	0	0	0.457716	0.00653595	0.0498756	0.0269388	0.0437832	73012.1	684.266	82735.5	122.118	0.291598	0	137118	427.547	114968	22.6168	840.914	53.4601	10247.4	101.013	0	0.00555556	7.23827	0.0878077	161.171	0	0	0.253677	153.629	28.507	13.8297	1025.79	0.374393	3.46199	0.858669	1.40697	59.217	0	0.0070922	0	64.57	0	15550.7	102.498	133064	0.0156756	554511	0	1.39863e+06	0	3.23585e+06	0.174848	24724.2	0.0037037	5.32423e+06	0	0	2.74236	0	0	0	0.0370656	0	10.9362	0	614.059	0	55.4603	0	0	25.9999	1050.75	0.245898	0.0689781	0.242062	26.5498	18.2928	6.3027	0.183349	6.42228	444.734	0.0147334	20.6222	0.206721	0.032571	0.875412	34.9012	4563.94	44.675	45.9755	7.346	12.7358	1119.09	545.289	2.24267	0.0605146	252775	33850.3	41.5486	4.81085	5.75817	0.898125	2.15065e+06	37215.7	46.8019	0.388146	5.69328	2.52173	144.406	0.419156	321636	1180.57	9.5739	0.320945	2.35552e+06	10.4745	15456.3	11.8002	12.0827	0.122876	542.841	0.246112	14.0743	0.0529823	27.4198	0	97435.1	3.79381	
4.08745e+07	SFG_R_7_4	143457	1.26901e+06	3771.92	332930	100.249	2351.31	191065	0	85220.7	6.1504e+06	0.0677273	0.12191	0.131573	26.0064	0	327.234	0	815.894	0.00401606	5127.65	0.0181373	2755.17	0	652.506	220.194	271030	1.01077	4553.1	0	510.887	0.665314	259.767	0.928288	6264.15	0.125228	4.72782	0.0905752	2261.11	6.33363	36885.6	0	0	0.0370408	2.24207	0.588278	0	0.248877	0	0	0	0.332385	11.0437	1.2729	112.085	1485.92	203126	24.1402	102.514	92.77	499.049	0	8.42417	0.00628931	1409.59	0.874053	18038.6	0.587005	31.9797	0.0188129	0.0443185	0	1.36685	0	0	0	1.73285	0.0045045	0.426518	0.00401606	0	0	0.0197628	0.0170411	3.33232	0	54.6231	0	0	0.0306629	3.20925	0.417213	10.3104	0	0.548786	0.0045045	8.19643	0.0042735	32.1047	0.562274	0.565133	0.10769	0.609915	0.124487	38.1464	0.0337307	6.72204	0.559987	3.01007	0	1.35203	0	0.036906	0	4.63864	0	0	0	0	0	0	0	0.0236155	0	0.814067	0.365099	2501.38	3.95318	199.906	2.11565	2.60581	466.453	3169.85	18.9959	168.858	0.146277	135.324	4.70107	485.268	0	4.88776	0	2.62379	0.0450159	0.0573055	0	13.1213	0	29.8167	6.82664	3488.84	0	5.12609	0	0	0	0	0	0	64.169	0.0070922	923.318	8163.97	5.65668	186.082	0.207657	0	0.618296	0	11.2279	1485.84	0.42987	24.4952	3.43003	25.7406	0	0	0	0.00724638	0	0.0107527	0	0	16.5509	0	0	0.00680272	0	0	5.56744	0.711927	0	0	0.089491	1.832	1.39155	0	0.0608955	0.100443	0.138752	0.166434	0	0.796384	2.58731	0.0305296	12.8017	1.94523	0	74.7671	0.0631189	203.065	0.291379	100142	0	0.243018	783.588	486525	0	30.3771	0.104493	0.0154148	24074.4	1.07552e+07	1.46049	3.70143	1.34541	160.224	0.229107	6599.86	3.62468	204929	0	167.016	13213.7	71347.3	1.1054	336.396	0.098322	0.0409965	71.5764	1278.75	77.6933	66.9212	0.608308	255.89	7.66034	14964.7	
1.29374e+07	SFG_L_7_5	2.74578e+06	5395.08	0.434119	0	61.5938	49.4635	1.04381e+06	85220.7	0	228792	60.1025	17.6728	5.36417	2.27155	0	0.00740741	0	1.08163	0.0294191	0.452028	2.49016	0.0534916	0.00444444	1.44829	0.0180213	381.401	68.5195	0.961892	0	0	4.31692	0.0223277	6.70161	0.0496257	86850.5	0.00396825	8262.96	0.00438596	0.164241	0.0274943	0	0	0.0298895	0	0.00929163	0	0	0	1.11499	0	39289.9	0.00262467	0	36.841	13551.7	49382.7	61.06	49.9138	88369.5	35754.1	0.0867418	0	0.00900901	0.0657005	778.325	880.034	233710	6101.38	0.175956	0.28771	0	4.12967	0.0114799	0.00271003	0	3.79355	0.0972113	0.0598166	0.00262467	0	0	0.113555	0.148108	0.319978	0	0.176657	0	0.16154	0.0143519	0.0502106	0.0157796	0.0448177	0.0351817	0.229943	0	0	0.00320513	0.526393	0.00392157	0	0.0155375	0	0.727466	0.471064	0.306958	6.28468	0.138551	0.186327	0	0.0398565	0	1.21341	0	1.69401	0	8.15212	0	0.471701	0	31.3421	0	0.750887	0	0.0844017	14506.3	204.255	6091.11	45.6639	0	0	199923	93.2681	998.576	13.7975	0.77553	85.0498	24.439	176.326	0	0	0	0.00628931	0.00483092	0	0	3.93457	59.1915	52.4428	4702.08	1047.44	0.0749529	22.4442	9.12544	33.0616	0	0	0	0	0.107296	0	11.4528	91.2611	151.88	0	39405.8	0	20185.1	0	166465	0.0127271	0	0	249419	0	0	400.106	0	0.33772	6.62661	2.62492	0.0222222	673.947	73227.2	60.0461	455.385	2126.25	0	0.292767	5.41585	242.27	0.0126018	0.246276	0.00275482	9.50423	2.08503	0.874477	0.00275482	30.8104	4.7608	0.0360274	0.0162142	0.112723	0.0355217	0.0120694	1.37062	994.996	0.273763	18.5952	0.0193399	15.4839	122.39	42.2627	1.65858	1.17513	23467.4	3495.89	0.282626	35.6885	1.90533	0.175859	103576	3331.63	18.1682	0.0528089	0.675047	0.612466	71.7326	0.112274	120494	168.629	0.953218	0.107991	625202	4.55422	12142.7	3.48644	1.48643	0.107991	794.699	1.35729	30.6801	0.163429	22.1076	0	120759	0.843582	
2.81635e+07	SFG_R_7_5	181188	35087.1	1963.03	0	150.963	1606.04	733646	6.1504e+06	228792	0	0.221704	1522.08	0.0158753	2.31088	0	0.00877193	0.00724638	146.966	0.0159686	0.021511	0.0238171	0.021511	0	0.0861372	627.986	63.3317	1.33084	0.0518743	0	0.00617284	0.109594	0.0244669	0.0202381	0.0545575	0.156898	0	0.00456621	0.00617284	0.30779	0.010101	0	0	0.00406504	0	0.200627	0	0.143144	0	0	0	0.324482	0	14.3225	21.8056	48546.7	27330.8	34.2197	0.00980392	332.271	17945	0	0	0	1870.75	0.0815429	422491	16.0314	423800	0.00469484	0	0	0	0	0	0	0	0.00469484	0	0	0	0	0	0.00469484	0.00564972	0	0.0221496	0	0	0.0670801	0.00383142	0.160926	0.00311526	0.003663	0.0190515	0.017556	0	0.0042735	0	0.674444	0	0.217657	0.00311526	0.0156593	0.0129962	0.0480623	0.00483092	0.109136	0.00311526	0	0.00266667	0	0	0	0	0	0	0	0	0	0	0	0	0	0	17.8104	309.039	24.4513	1.6003	12.4262	0	4549.22	515.787	271.096	1.22307	0.0181929	0.0696528	41.5852	0.391229	0	0	0.00555556	0	0.0205128	0	0	0	0.158446	36.6848	1.23343	123145	0	1.62981	0.0321705	10.727	0.00641026	0	0	0	687.041	0	1426.35	23269.8	0.0159732	0.0042735	0.0979354	0	0.273239	0	0.264935	0.190909	0.0220763	0	0.723651	0	0.00775194	1.50923	0	0.762922	0	77.6685	0	7.75386	0.468627	152165	0.0310078	3872.89	0	0.0388514	2.09836	0.832272	0	0	0.0162626	0.369351	3.22206	0.0236007	0.0370482	0.00383142	0.0373529	0	0.0365565	0	3.23636	0.00392157	0.658876	0.12082	0	0.017094	0.0346164	0.00512821	0.468243	85836.4	0	0	1084.38	473303	0	0.116092	0.0175439	0.102177	18489.5	4.69315e+06	0.413891	0.304638	0.413891	0.0795647	0	4272.65	0.120703	226.879	0	69.4507	8517.17	182292	2.08542	4817.71	0.00666667	0.00469484	77.063	612.881	76.5159	4.70799	0	8.98401	0.420335	20852.7	
1.02965e+07	SFG_L_7_6	139589	2628.93	0.013962	1.65657	2.34231e+06	7709.26	0.0868872	0.0677273	60.1025	0.221704	0	25674.6	2.36195e+06	822.945	0	75.5868	0	336.275	0.09319	369.204	0.0899987	2025.33	0	219.191	0	1.53662	1268.48	307.627	0.0123457	51.3254	10.5092	318.093	2.74182	9439.66	0.605533	0.00694444	0	389.025	0.0123457	7.07202	0.0823301	0	0	0.0525225	0.0151535	0	0.284074	0.302891	0	0.00555556	0.330093	0.025679	0	0	0.0137691	0.00666667	0.0037037	0.00666667	0.226155	0.0406767	0	0.404544	0	0	6.3328	0.142543	12.1043	0	0.113881	0.00483092	0	317.671	0	0	0	305.37	0.00456621	2.25097	0	0	0	2.09463	0.041672	36.4511	0	46.1603	0	0.723338	0	6.46723	0	33.5566	0.169519	5.35617	0	41.8381	0	43.3925	0	6.91323	0	0.615516	0.0749436	25.6646	0	3.01308	0	0.612872	0	0.259183	1.69732	0.0429293	0	4.48288	12.486	0.457472	9.54779	0.0398673	0.00606061	0.247153	0	2.46737	0	6.91643	2.03559	39.5402	0.0559715	421.5	0	0.0202067	0	1.09258	0	199.674	0.003003	69.8161	0	250.54	0	3.82652	0	13.7134	0	0	0	486.195	16500.4	0.0772107	306.618	0.404904	25627.6	1.86331	33591.6	8.33951	0	0	0	0.00606061	0	0.00529101	0.0319467	0.0212698	0	237.417	0	0	0	0.0197802	0	2804.81	0	429.096	0	123.164	42.285	17.5182	3056.82	9544.35	2691.53	8249.5	10765.8	25.7999	8384.14	0.128175	82322.2	39.6744	7.23533	7.36231	0	0	0	0.199686	0	0.0624475	0	0	0.0629806	0.926346	0	0.0639166	0	1.13781	0.00330033	0	0	0.670944	0	1.54724	0	20.7301	0.697954	0.12872	10.8682	0.196136	136.003	3.58647	839.916	46.4546	0.137982	0	0.125317	762.156	0.0133386	0.182885	0.0151535	2.96909	102.367	11717.3	0	31773.6	4.35374	0.245842	0.508371	14.4794	0	0.0677397	3.57739	0.0436189	3.7422	0.165496	8.10358	0.510469	6.39752	0.171033	6.42235	1.42454	
6.75137e+07	SFG_R_7_6	221.582	7.13905e+06	844.073	346.933	1.0853e+06	2.15579e+07	52.05	0.12191	17.6728	1522.08	25674.6	0	26046	2.04783e+06	0.00813008	14393.3	0	2326.49	50.101	22.6727	0.0270714	3812.17	0.00813008	6415.59	0	0	175835	32.3947	0	5569.6	0.00680272	5504.64	0.132542	189651	37.8964	0.256524	0	6912.62	0.00694444	13.7062	0.0249767	0.0151515	0.0288372	0	0.489441	0	2017.01	3.59227	0	0	162.342	0.00980392	0	0.00833333	0.057615	0.0303187	4.31391	0	99.7075	22.2653	0	48.9159	0	12.6814	0.135265	1390.08	0.0070922	45.6394	0.0175469	41.6447	0	27.7172	0.00333333	0	0	24.6797	0.0175469	1.69808	0	0	0	0.0786239	0.0175469	40.9531	0	21.3037	0.00456621	0.0181373	0	1.42017	0	9.99314	0	69.0797	0	4.18712	0	15.0832	0	0.791853	0	0.336236	0.0327281	159.086	0.0609535	10.2309	0.0327281	0.56672	0	4.80669	0	0.586536	0	20.37	0	3.80441	0	1.00451	0	6.55199	0	0.639264	0	0.609935	6.87539	546.049	2.41596	694.269	0	0	11.835	15.233	3.38539	394.944	0	161.503	0.0458827	488.143	0	7.91915	0	27.1461	0	0.0376977	0	134.589	13.0942	594.311	0	2792.08	0	20.77	0	16989.4	0	0	0	0	0	0.00680272	3.90674	2.06711	0	822.729	0	0	0.00411523	5.2618	0.0127841	4585.02	0	80.8795	0.00411523	1068.42	0.00740741	15620.6	164.745	48712.7	2.40806	571686	0	7231.23	0	848.268	0.0729167	18930.8	5.15749	603.874	2.66858	2.16595	0.0030581	0.0384481	0.0354374	0.0896648	0.810161	0.0411916	0.0629362	0.655376	0	0.0675861	0	11.9228	0.0623888	0.0318814	1.38144	7.79137	0.0118142	9.95649	0.00383142	64.5364	0.0140491	113.922	0	10.3932	0.543205	4017.38	0	2044.12	0.0125481	41.5305	306.597	253504	0.742902	0.185634	0.618709	12.9058	0.0382687	47544.4	0.604326	32918.8	0.00260417	15211.6	851.493	241165	3.66284	100.576	0.00694444	393.88	21.9832	43023.1	9.48864	7929.92	0.0322173	13659.1	0.0127841	100940	
9.43676e+07	SFG_L_7_7	21542.4	138.328	1846.71	0.756011	2.68137e+07	2.21262e+06	394.273	0.131573	5.36417	0.0158753	2.36195e+06	26046	0	3.519e+06	179749	12.4153	0.0699389	0.025987	87574.7	10175.5	245.881	5752.73	1040.24	390.664	7.02324	0.0205151	8.67816e+06	1.51748e+06	0.322546	34.5194	172.541	571.961	251.04	1352.09	23149.2	1.44402	39.667	59.6109	64.8746	0.024531	27987.3	2.79704	19.706	0.0070922	0.020824	0	170.062	137100	0.004329	0	215649	0	0.345494	0	7.37402	0.0211694	3.17142	4.02408	2.52106	1.43817	0.0070922	0.0186083	2.60162	0	0.0386555	0.0598628	1.15636	0.0640388	10.1747	1.83412	0.00411523	2.954	0	0	0.00497512	2.954	8.49394	0.0187075	0	0	2.50881	0.0163009	9.65075	1.35974	0.847801	1.16238	0.111737	0	1.56548	0.0495243	0.418819	0.62107	0.687889	2.7006	0.62118	0.0485229	0.00444444	1.9315	5.42372	0.0620863	6.80678	0.0529325	0.300869	6.21521	0.00462963	0.49071	1.88409	0.120135	0	0.718744	0.862999	0.0162626	0	0.659495	3.64119	0.39215	4.70961	0.180259	0.00606061	0.275112	0.00483092	0.0366437	0.320839	0.0042735	26.7254	21.6049	30.0763	32.3249	0.00555556	0	36.2738	1.53539	26.5286	17.7193	4.0552	39.2739	2.53037	302.053	0	0.635251	0.0885369	4.73056	0.0602577	0.295704	0	26.2872	1092.41	1.17967	1.62772	10.0133	19296.9	1.0504	16247.1	0.236729	0.0576923	0	0	0.00497512	0.0813022	0	51.5354	0.495858	23.5156	69.047	0	0	0.974957	0.0807686	12.6296	316.848	0.140569	7.93699	0.460889	16.0973	102.248	15.6914	574557	427153	58646.1	0	5696.09	11.8894	6703.57	0	44940.2	10.5315	175506	3.24312	0.0135367	0.002849	0.0344092	0.142997	0.129271	0.0155375	0	0	0.3889	0.349678	0	0.0932636	0.0045045	1.41879	0.0563387	0	0	1.11924	0	2.0355	0	4.71522	0.304953	0.20212	5.35774	0.317474	61.5837	19.1203	545.754	37.6039	18.5862	38.0876	82.1335	495.868	1.42258	1.02631	1.18695	0.762767	3208.55	353.647	29.4058	586.722	228.071	434.67	85.2096	800.733	2.94254	6.31468	15.3974	2.23529	13.1094	57.0573	79.7287	35.9871	145.718	45.5482	91.4797	709.915	
1.45824e+08	SFG_R_7_7	31.1297	454.582	0.884057	4.09668	149329	4.97158e+07	5.13289	26.0064	2.27155	2.31088	822.945	2.04783e+06	3.519e+06	0	3.29692	28.1252	0	0	2167.75	103569	9.5461	642.363	0	93.8711	0.0022831	0.0583987	8.41967e+06	4.94235e+06	0	30.9059	0.076724	197.454	0.0652193	1009.7	8703.67	463.984	0.128295	1058.86	0.0626666	2.57828	2398.91	107789	4.54021	41.5235	3075.04	0	87285.2	72625.1	0.268846	1662.37	19196	352.896	0	0.261385	0.118849	10.5274	1.84567	2.9973	32.0293	58.9973	0	49.2112	0	2.15051	0.0903946	14.6443	0	0.790623	0.024752	609.404	0	23.7502	0	1.15147	0	19.7956	0.024752	5.88972	0.0110512	0	0	0.115826	0.024752	501.494	0	23.2547	0	0.351488	0	0.255149	0	1.11753	0	336.026	0	0.535678	0	15.3124	0	0.0927166	0	0.109941	0.0035461	1068.06	0.0035461	162.916	0.0035461	1.0788	0	37.2411	0	68.0851	0	252.997	0.00314465	412.282	0.0125198	6.98911	0	516.225	0	0.156979	0	0.367107	9.21803	123.479	3.45413	448.227	0	0.0231902	21.9285	12.9682	7.48363	321.854	0.010582	464.366	0.223412	1051.18	0	2.79566	0	26.7705	0	0.852353	0	293.249	8.97621	373.646	0.00343643	102.216	4.87436	138.453	5.88584	622.065	0	0.0275177	0	6.2511	0	0.00595238	3.69318	9.06279	0.00273224	493.962	0	0.73351	0	57.9426	0.1443	5878.28	0	57.885	0	661.533	0.199587	16671.6	135100	907204	64.7165	2709.07	1.40386	14914.7	1.84685	0.49473	16.0509	17511.7	22931.8	12574.5	0.796283	0.420466	0.0124777	2.83973	0.0298277	2.58758	2.49687	3.40991	0.0298277	18.64	0	0.0322187	0	3.17854	0.119353	0.203653	0.503547	2.81887	0	3.96474	0	232.431	0.0031746	3.89197	0.0125198	199.457	0.199093	15807.8	0.326112	24914.5	1346.72	107294	9.1725	413336	2.52568	8825.63	2.02586	77297.8	0.424291	581439	0.0742298	27838.8	0.0158933	710528	165.595	73389.1	36.3816	649.854	0.0536042	19015.7	27.2048	9974.42	6.87985	214820	0.0148311	106242	0.0155993	165734	
2.18119e+07	MFG_L_7_1	4.30017	0.717832	1.41866e+06	0	2.02081e+06	1.37641	2466.4	0	0	0	0	0.00813008	179749	3.29692	0	0	5309.93	0.0621909	1.4663e+06	0.0712864	1.77001e+06	0.0482502	3.92644e+06	0.113929	294.137	0.00775194	42797.6	44.0379	24.6886	0	8054.08	0	36946.9	0.00666667	440.107	0	542.797	0	3766.08	0.00680272	0	0	0	0	0	0	0	0	0	0	13501.1	0	119.305	0	53.1831	0	262.924	0	0.0274943	0	6.71422	0	222.914	0	0	0	0	0.00268817	0.252089	0.00258398	0.00724638	0.00374532	0.0633343	0	0	0.00374532	0.322012	0	0.00483092	0	0.786134	0	0.83204	0	10.0761	0	0.0215558	0	130.354	0	384.244	0	1.23935	0	11.3348	0	12.2508	0	185.473	0	324.102	0	11.6936	0	0.00358423	0	307.69	0	0	0	0	0	0.00358423	0	0	0	0.0045045	0	0	0	0	0	2.93861	0	5.66699	0	55.2799	0.0136182	0.258774	0	204.934	0	82.8792	0	4.32535	0	114.592	0	0	0	20.7672	0	146.184	0	0	0.00374532	0	0	0	0	0	0	0	0	58.3129	0	0	0	4.52238	0	6407.45	0	33.52	0	6.72347	0	46.8031	0	141.678	0	74.7644	0	256.142	0	0	0	0	0	0	0	0	0	0	0	0	0	0	0	0	0.00326797	0	0	0	0	0	0	0	0	0.0455998	0	0.0489145	0	0	0	0.0186083	0.00326797	0	0	0.00529101	0.00350877	0.00606061	0	0.0207049	0.00258398	0.194962	0.00258398	1.79159	0.00258398	0	0	26.7437	0.057525	0.0170723	0.00343643	0.0367712	0	23.073	0.155019	23.4971	0.0298786	4.05534	0.0181342	6.70628	0	0.0705385	0.0124247	0.37004	0.00277778	0.412183	0	0.676209	0.00258398	1.20182	0.00258398	6.00859	0.0202415	
1.85193e+07	MFG_R_7_1	1.12249	57352.5	0.181818	1.95039e+06	1569.09	2.38632e+06	0	327.234	0.00740741	0.00877193	75.5868	14393.3	12.4153	28.1252	0	0	0	10871.1	0.0239899	2.20918e+06	0	423087	0	1.89044e+06	0	8802.52	3.64939	209650	0	0.0151515	0	72.153	0	4.04238	0.091165	15.612	0	0.0494506	0	0	0	0	0	13.1041	0	0	0.0210174	0	0	0	0.198767	44.9193	0	2.34588	0	1299.43	0	777.289	0.00421941	716.921	0	0	0	34.8629	0	0.0632346	0.00606061	0.00877193	0	0.0751248	0	0.00757576	0	0	0	0	0	0.0454751	0	0	0	0.0253991	0	0.00462963	0	7.24216	0	0.00666667	0	0	0	0.0220401	0	0.0743841	0	0	0	18.806	0	0	0	0	0	0.556164	0	0.0922649	0	0.004329	0	0.0311517	0	0	0	0.0145724	0	0	0	0	0	0	0	0.00641026	0	0.0070922	0	18.5052	0.00383142	7.42148	0	0.272094	0	7.24466	0	47.9934	0	10578.7	0	83194.2	0	4.26532	0	1.40702	0	64.232	0	0.0296443	0	0.101164	0	0.0632346	0	0	0	0.345979	0	0	0	0	0	0	0	6.01394	0.00383142	0.69517	0	0	0	0	0.0215517	1.58839	0	0	0.00383142	0.0757846	0	0.304083	0.322274	0.291652	0	0	0	0.408615	0	0	0.00546448	0.0815798	0	0	0	0	0	0	0	0	0	0	0	0	0	0	0	0.00555556	0	0	0	0.00469484	0	0	0	175.487	0	0	0	0.0424547	0	0.0751248	0	0.558386	0	0	0	11.3424	0	0	0	0.0999391	0	0.120361	0	3.41761	0	0.0277778	0.00421941	0.0070922	0	0	0	0.0187831	0	0.0280423	0	0.0559524	0	0.140202	0	0	
4.09532e+07	MFG_L_7_2	94.1465	0.00724638	5810.62	0	2317.65	0	1611.02	0	0	0.00724638	0	0	0.0699389	0	5309.93	0	0	0	4631.09	0	2.15745e+06	0	2.21186e+06	0	3.36401e+06	0	36.7484	0	8.31848e+06	0	105134	0	215.951	0.0280733	87.1803	0	9.22663	0.0070922	2165.72	0	0	0	0.0211854	0	0.00200803	0	0.00200803	0	0	0	25.5455	0	48821	0	312.418	0.0070922	326.999	0	1.08485	0	160.395	0	1.41942e+06	0	0	0	0	0	0	0	3737.93	0	150.533	0	2481.35	0	0.17898	0	1450.64	0	11361.4	0	104.131	0	168215	0.00383142	7462.45	0	1826.64	0	506133	0	1.65321	0	72.5941	0	78316.8	0	697313	0	83120.1	0	98.7947	0	0	0	54335.4	0	0	0	0	0	0	0	0	0	0	0	0	0	5467.47	0	46025.1	0	0.335258	0	4.57954	0	2.98516	0	60.5148	0	198.084	0	22.1489	0	538286	0	16677.1	0	462370	0	87816.4	0	40.6296	0	0	0	0	0	0	0	0	0	41149.9	0	0.0104167	0	9647.84	0	3709.89	0	121.009	0	13.0775	0	24.9126	0	261.216	0	55.0279	0.00383142	116.346	0	0	0	0	0	0	0	0	0	0	0	0	0	0	0	0	0	0	0	0	0	0	0	0	0	0.0577493	0	0.256487	0	0.0030581	0	0	0	0	0	0.00617284	0	0.00444444	0	0	0	0.00444444	0	0.273258	0	0.00200803	0	0.0159091	0.0687104	0.0307211	0	0.0123494	0	1.94046	0.0114943	60.1416	0.172434	0.138883	0	0.0511756	0	0.00406504	0	0.0115918	0	0.0173494	0	0.137029	0	0.0839819	0	0.17211	0	
2.95062e+07	MFG_R_7_2	390.931	6938.53	1841.35	47.2164	18329.2	731.351	0.00757576	815.894	1.08163	146.966	336.275	2326.49	0.025987	0	0.0621909	10871.1	0	0	0.00574713	53267.7	0	173446	0.0676768	7.4714e+06	0	140686	0.00469484	12288	0.0293076	84202.6	0.0293076	367.893	0.0666886	989.364	0.0414764	0.040404	0	192.708	2.03672	154.504	0	0	0	0.0989989	0	0	0	0	0	0	0.324066	0.170094	0	30901.5	0	42053.9	0	517.138	0.00584795	1007.24	0	0.963016	0	2.99103e+06	0	0	0.0270049	0.0070922	0	0	0	0.196685	0	0	0	0.196685	0.0030303	0.0162626	0	0	0	0	0.0030303	0.0640844	0	55.9626	0	0	0.126361	0	0.003367	0.125733	0	0.00392157	0	0.0157796	0	370.882	0	0	0	0.00411523	0.223708	0.00343643	0.00416667	0	0.184941	0.00411523	0	0	0	0	0	0	0	0	0	0	0	0	0	0.0238171	0	0.00555556	0	1402.51	0	3256.19	0	30770.9	0.00406504	38.1248	0.00401606	604238	0.00387597	192333	0.401511	2.83164e+06	0	35825	0	1546.61	0.00387597	5681.71	0	31.3012	0.00529101	0	0	0	0	0	0.0224232	0.00641026	0	16.0323	0	0	0	30.3555	0.0161622	3.43473	1.18262	0.00444444	0.0879516	0	0.243392	0	1.92263	1.01514	0	0.453611	0.72108	0.00564972	0	0.0320366	0	0.00724638	0.00854701	0	0	0.00724638	0.0811206	0	0	0	0	0	0	0	0	0	0	0	0	0	0	0	0.00411523	0	0	0.0542442	0	0	0.00416667	0	0	0.0182786	0	17.348	0	0	0	0	0	0.0325108	0.0030303	0.00343643	0	0	0.00694444	155.548	0	0	0	0.0272222	0	382.569	0.260254	26.6289	0	0	0	0.174045	0	0	0	0	0	0	0	0	0	0	0	0	
1.55824e+07	MFG_L_7_3	16.0405	12.3516	52946.5	0.0220763	510021	17775.1	10834.6	0.00401606	0.0294191	0.0159686	0.09319	50.101	87574.7	2167.75	1.4663e+06	0.0239899	4631.09	0.00574713	0	1.30467	1.27891e+06	342.216	246955	20.114	2108.04	0.0238399	4.00832e+06	182.361	1251.12	1.41029	7455.34	76.9231	844.892	53.2003	317.847	0.227461	36.7448	10.2116	9379.07	0.0158062	0	0	0	0	0.0311253	0	0.0918315	0.0236897	0	0	2065.43	0	887.146	0	930.484	0.00396825	433.396	0	5.23453	0.132918	2.85984	0.0368865	5207.62	0.0157058	0	0.161277	0	0	0.443938	0.0318299	1.21814	0.00392157	0.222483	0	181.347	0.00392157	0.273826	0.00252525	0.46147	0	6371.83	0	21.3612	0.0741028	4407.27	0.0304113	75.6849	0	938.184	0.0031746	3866.24	0	1.7381	0.164373	321.967	0.0030581	10.5006	0.11512	20617.8	0	11496.3	0	25.1888	0.184586	0	0.0221387	2182.45	0	0	0.00231481	0	0.0125331	0	0.0235726	0	0.0770885	0.00438596	0	0	0.0282336	63.214	0.00378788	2058.28	0.00378788	12.2958	1.35826	264.768	0.125046	0.310212	0	533.577	0.857909	382.382	0.0289931	80.8508	0.0578869	200.885	0.651374	0	0.017505	306.315	0.927999	61.8144	0.00362319	0	1.27292	0	0.18751	0	1.91643	0	0.0286604	0.00280112	0.0037037	4.59292	0	0.00555556	0	7.25072	0	14750.8	0.149482	614.37	1.68695	26.7859	0	263.139	0.174062	904.772	4.64223	102.103	0.128642	559.768	0.424352	0	0.0595434	26.1758	57.9868	0.0289034	0	0	0.474118	0	0	0	0.388775	0.585366	0.00628931	0	0.00273224	0	0	0	0	0.0030303	0.00252525	0	0	0.0047619	0.00289855	0.0382107	0.151209	0	0	0.0142136	0.194548	0	0.161406	0.0047619	0.0152006	0.0185937	0	0.0175439	0	0.558277	3.01905	3.90679	2.6775	0.0131745	0.0030581	28.8995	66.2704	0.0290683	0	0.224644	0.386651	567.541	65.6257	201.389	11.4526	8.98487	44.834	8.9559	91.0904	0.207443	0.502442	4.10661	0.220478	0.792666	14.465	4.29393	13.5354	5.05844	18.6447	7.41987	80.6899	
1.2627e+08	MFG_R_7_3	585.992	1672.2	225.126	59690.3	5030.44	2.23363e+06	0.12026	5127.65	0.452028	0.021511	369.204	22.6727	10175.5	103569	0.0712864	2.20918e+06	0	53267.7	1.30467	0	0.038364	6.1899e+06	0.00555556	130265	0	609.627	46083.7	4.67159e+07	0.00564972	1093.74	0	2257.91	0.00546448	204.182	0.0385758	733.649	0.0026455	849.164	5.69138	2265.84	0.0257603	0	0	1140.05	0.00396825	0.0239541	0.00512821	0.144498	0	0	1.34247	740.59	0	1612.04	0.01875	22665.9	0.00320513	8484.93	0.331219	7181.73	0	1560.52	0.00529101	247561	0.155284	0.0045045	0.131477	0	0.00271003	211.025	0	116.08	0	1.87878	0	98.3175	0.00271003	3.76536	0	0.00340136	0	0.818562	0.00271003	86.3951	0	52987.2	0.00392157	0.461639	0.0460112	3.39218	0.0279249	73.0238	0.0113724	208.606	0.00297619	4.46239	0.00330033	35730.7	0.00374532	1.90276	0.00277778	0.957064	0.18078	1569.33	0	270.166	0.0466372	5.38002	0	64.6232	0	0.188802	0	284.509	0	0	0	1.32212	0	0	0	2.21594	0	1803.92	0.198594	2689.09	0.175145	2953.62	0	2510.42	0.587308	253.128	0.087015	163479	0	114283	0.177401	4.12202e+06	0	70210.2	0	40937.8	0.0143526	161495	0	2417.53	0.515153	1.5233	3.3731	0.740712	0	0.55669	0.462391	0.10564	0	3.27074	0	26.4955	0.00462963	26.1258	0.138576	89.9016	1.20172	1525.34	0.0026455	3.99938	0.00378788	2868.64	1.21744	40493	0	263.107	0.0718241	2946.15	0	0.00483092	0.0940699	0.223617	0.0296883	0.00574713	0	0.00277778	0.00606061	0.0508865	0.0191453	0.00505051	0.004329	0	0	0.00421941	0	0.0611057	0.00308642	0.157444	0.00343643	0.0025641	0.00308642	0.0611057	0.0312141	0.0778715	0.0030581	22.6776	0.0322478	0.0415818	0.0317003	3.66382	0	5.66917	0.0139712	5574.34	0	0.582758	0.00287356	96.1013	0.00287356	3185.51	0.00271003	9163.28	0.00292398	15746.7	0.17928	487.707	0.0292974	13.5776	0.0137845	33197	1.09474	49750.2	0.868923	84079.1	0.0042735	12554.1	0.858299	298.215	0.0797414	2.57295	0.0527898	2378.62	0.379366	88.81	0.0636184	12380.6	0.114909	15946.6	0.182163	1170.43	
