data	data	3.26535e+07	3.54281e+07	6.46924e+07	7.77798e+06	1.09865e+08	6.87187e+07	6.24274e+07	6.06154e+07	5.72292e+06	2.90805e+07	4.89132e+06	1.94845e+07	7.20656e+07	3.23024e+07	8.92844e+06	2.32253e+07	1.44932e+07	1.4032e+07	2.49463e+08	6.15302e+07	1.68266e+07	1.05256e+08	1.49832e+07	2.14497e+07	1.20484e+07	2.03397e+07	4.23265e+08	3.06849e+08	2.77981e+07	4.50616e+06	2.2393e+07	1.15752e+08	6.0587e+06	1.20199e+07	9.95552e+06	3.85709e+07	1.21594e+07	7.53872e+06	3.12914e+07	6.29966e+06	1.13192e+07	5.11021e+06	5.98613e+07	5.93366e+07	7.85606e+07	3.55623e+07	1.1816e+08	1.01069e+08	1.58221e+07	2.55901e+06	4.88096e+07	2.3633e+07	4.70943e+07	1.18137e+08	4.94633e+07	3.77544e+07	1.61994e+08	3.05121e+07	3.45236e+07	1.41194e+08	3.66867e+07	1.34903e+07	6.1088e+07	4.27639e+07	8.2965e+06	5.68822e+06	3.27202e+06	1.53341e+07	8.43102e+07	7.34173e+07	3.39234e+07	3.37823e+07	1.68099e+07	2.9469e+07	6.47188e+07	4.10417e+07	6.39556e+07	4.93131e+07	5.05549e+07	2.47317e+07	3.57053e+07	3.12978e+07	1.50367e+08	6.00945e+07	5.14006e+07	3.84958e+07	6.70922e+07	6.57994e+07	4.2218e+07	2.37559e+07	3.1224e+07	2.278e+06	9.48033e+07	9.7276e+06	2.32004e+07	1.62587e+07	3.55005e+07	4.73909e+07	1.41325e+07	8.13484e+06	1.18384e+07	9.84337e+06	7.08651e+07	1.92239e+08	3.24884e+08	4.474e+08	1.19698e+08	1.0744e+08	6.25958e+06	3.89289e+07	1.9873e+06	3.0693e+06	3.04145e+06	2.88284e+07	5.85135e+06	5.53692e+06	1.77608e+07	2.87065e+07	3.07929e+06	2.24495e+06	2.45947e+07	3.40726e+07	2.15543e+07	1.47953e+07	1.79772e+07	1.41792e+07	2.29563e+07	3.79126e+07	1.25485e+07	1.18584e+07	8.45225e+07	4.6052e+07	1.51366e+07	1.51528e+07	5.9267e+07	1.27026e+08	1.57941e+08	1.72845e+08	2.62397e+07	5.16954e+07	8.21529e+07	6.56326e+07	1.60939e+08	6.04261e+07	2.01144e+07	3.3913e+07	3.48578e+07	2.12561e+07	6.04977e+07	8.33401e+06	1.77811e+07	1.6018e+08	2.07574e+07	6.69456e+06	4.70593e+07	9.32909e+07	8.37889e+06	1.70699e+07	2.11974e+07	2.99682e+07	5.83898e+07	6.07241e+07	2.35825e+07	5.68542e+07	1.82158e+07	9.91037e+06	8.66115e+06	2.67207e+06	6.30944e+07	7.11043e+07	9.188e+06	2.02984e+06	2.68916e+07	6.49107e+06	714546	8.48286e+06	1.56624e+07	2.88209e+07	3.15224e+07	3.02235e+06	1.24267e+07	2.03639e+07	6.8574e+06	2.9722e+06	3.45823e+06	5.75808e+06	2.34831e+07	2.68646e+06	1.03564e+08	2.38408e+08	5.69118e+08	8.7507e+07	2.83005e+08	1.74893e+08	5.86344e+07	2.8077e+08	3.38834e+08	1.57756e+08	1.41441e+08	1.20165e+08	4.05857e+07	6.20247e+07	3.24112e+08	1.60142e+08	2.49201e+08	2.1261e+08	5.0538e+08	2.62017e+08	2.19174e+07	2.06194e+08	1.97866e+07	4.64116e+07	3.5833e+07	1.00124e+08	1.94029e+08	3.37047e+08	2.10519e+08	3.08717e+08	7.24542e+07	1.28356e+08	2.3129e+08	4.31959e+08	2.39148e+08	1.43452e+08	4.00821e+08	1.97706e+08	6.9585e+07	2.13736e+08	3.47502e+08	4.24213e+08	9.2538e+07	1.4573e+08	2.97145e+08	7.15896e+07	1.08623e+08	4.81556e+07	9.70068e+07	2.03991e+07	9.03286e+07	9.89868e+07	8.84948e+07	1.4103e+08	1.20779e+08	1.30254e+08	1.6566e+08	1.18405e+08	
data	data	SFG_L_7_1	SFG_R_7_1	SFG_L_7_2	SFG_R_7_2	SFG_L_7_3	SFG_R_7_3	SFG_L_7_4	SFG_R_7_4	SFG_L_7_5	SFG_R_7_5	SFG_L_7_6	SFG_R_7_6	SFG_L_7_7	SFG_R_7_7	MFG_L_7_1	MFG_R_7_1	MFG_L_7_2	MFG_R_7_2	MFG_L_7_3	MFG_R_7_3	MFG_L_7_4	MFG_R_7_4	MFG_L_7_5	MFG_R_7_5	MFG_L_7_6	MFG_R_7_6	MFG_L_7_7	MFG_R_7_7	IFG_L_6_1	IFG_R_6_1	IFG_L_6_2	IFG_R_6_2	IFG_L_6_3	IFG_R_6_3	IFG_L_6_4	IFG_R_6_4	IFG_L_6_5	IFG_R_6_5	IFG_L_6_6	IFG_R_6_6	OrG_L_6_1	OrG_R_6_1	OrG_L_6_2	OrG_R_6_2	OrG_L_6_3	OrG_R_6_3	OrG_L_6_4	OrG_R_6_4	OrG_L_6_5	OrG_R_6_5	OrG_R_6_6	OrG_R_6_6	PrG_L_6_1	PrG_R_6_1	PrG_L_6_2	PrG_R_6_2	PrG_L_6_3	PrG_R_6_3	PrG_L_6_4	PrG_R_6_4	PrG_L_6_5	PrG_R_6_5	PrG_L_6_6	PrG_R_6_6	PCL_L_2_1	PCL_R_2_1	PCL_L_2_2	PCL_R_2_2	STG_L_6_1	STG_R_6_1	STG_L_6_2	STG_R_6_2	STG_L_6_3	STG_R_6_3	STG_L_6_4	STG_R_6_4	STG_L_6_5	STG_R_6_5	STG_L_6_6	STG_R_6_6	MTG_L_4_1	MTG_R_4_1	MTG_L_4_2	MTG_R_4_2	MTG_L_4_3	MTG_R_4_3	MTG_L_4_4	MTG_R_4_4	ITG_L_7_1	ITG_R_7_1	ITG_L_7_2	ITG_R_7_2	ITG_L_7_3	ITG_R_7_3	ITG_L_7_4	ITG_R_7_4	ITG_L_7_5	ITG_R_7_5	ITG_L_7_6	ITG_R_7_6	ITG_L_7_7	ITG_R_7_7	FuG_L_3_1	FuG_R_3_1	FuG_L_3_2	FuG_R_3_2	FuG_L_3_3	FuG_R_3_3	PhG_L_6_1	PhG_R_6_1	PhG_L_6_2	PhG_R_6_2	PhG_L_6_3	PhG_R_6_3	PhG_L_6_4	PhG_R_6_4	PhG_L_6_5	PhG_R_6_5	PhG_L_6_6	PhG_R_6_6	pSTS_L_2_1	pSTS_R_2_1	pSTS_L_2_2	pSTS_R_2_2	SPL_L_5_1	SPL_R_5_1	SPL_L_5_2	SPL_R_5_2	SPL_L_5_3	SPL_R_5_3	SPL_L_5_4	SPL_R_5_4	SPL_L_5_5	SPL_R_5_5	IPL_L_6_1	IPL_R_6_1	IPL_L_6_2	IPL_R_6_2	IPL_L_6_3	IPL_R_6_3	IPL_L_6_4	IPL_R_6_4	IPL_L_6_5	IPL_R_6_5	IPL_L_6_6	IPL_R_6_6	PCun_L_4_1	PCun_R_4_1	PCun_L_4_2	PCun_R_4_2	PCun_L_4_3	PCun_R_4_3	PCun_L_4_4	PCun_R_4_4	PoG_L_4_1	PoG_R_4_1	PoG_L_4_2	PoG_R_4_2	PoG_L_4_3	PoG_R_4_3	PoG_L_4_4	PoG_R_4_4	INS_L_6_1	INS_R_6_1	INS_L_6_2	INS_R_6_2	INS_L_6_3	INS_R_6_3	INS_L_6_4	INS_R_6_4	INS_L_6_5	INS_R_6_5	INS_L_6_6	INS_R_6_6	CG_L_7_1	CG_R_7_1	CG_L_7_2	CG_R_7_2	CG_L_7_3	CG_R_7_3	CG_L_7_4	CG_R_7_4	CG_L_7_5	CG_R_7_5	CG_L_7_6	CG_R_7_6	CG_L_7_7	CG_R_7_7	MVOcC	MVOcC	MVOcC	MVOcC	MVOcC	MVOcC	MVOcC	MVOcC	MVOcC	MVOcC	LOcC_L_4_1	LOcC_R_4_1	LOcC_L_4_2	LOcC_R_4_2	LOcC_L_4_3	LOcC_R_4_3	LOcC_L_4_4	LOcC_R_4_4	LOcC_L_2_1	LOcC_R_2_1	LOcC_L_2_2	LOcC_R_2_2	Amyg_L_2_1	Amyg_R_2_1	Amyg_L_2_2	Amyg_R_2_2	Hipp_L_2_1	Hipp_R_2_1	Hipp_L_2_2	Hipp_R_2_2	BG_L_6_1	BG_R_6_1	BG_L_6_2	BG_R_6_2	BG_L_6_3	BG_R_6_3	BG_L_6_4	BG_R_6_4	BG_L_6_5	BG_R_6_5	BG_L_6_6	BG_R_6_6	Tha_L_8_1	Tha_R_8_1	Tha_L_8_2	Tha_R_8_2	Tha_L_8_3	Tha_R_8_3	Tha_L_8_4	Tha_R_8_4	Tha_L_8_5	Tha_R_8_5	Tha_L_8_6	Tha_R_8_6	Tha_L_8_7	Tha_R_8_7	Tha_L_8_8	Tha_R_8_8	
3.26535e+07	SFG_L_7_1	0	1.90836e+06	7.72564e+06	5658.46	103016	1639.98	4.30398e+06	26498.3	204177	21659.7	376413	40049.9	571.287	4115.5	0.0144928	7277.74	0	2430.5	0	0.168056	0	19.4186	0.0509259	9090.36	0	11653.4	0.00497512	1.5719	0.382647	3.44723	0	10.5655	0.0107527	454.65	0	9.39458	0.397849	1487.13	73.9917	353.581	0.0128205	0.200903	0	0.137035	0.00505051	0	0.00505051	0	0	0	0	0.12849	0	17.6822	3408.35	30.4261	34.3295	0	2.04979	8.14102	2.61811	4.75052	0.674337	201.439	67.1986	2547.17	46.7086	1045.81	2.16995	0.132086	0	0.002849	0.040404	4.81771	0	0.002849	0.188507	0.326426	0	0.169721	0	0	1.0314	0.276242	0	0	0	0.0866417	0	0	0	0	0.354275	0.00275482	0	0	0	0.0141097	0	0	0	0	13.639	0	0.147094	0.00387597	0	0	1.39068	0	0	0	0	0	0	0	0.137067	0	0	0	0	0.002849	0	0.002849	4.74866	0.0205177	0.129935	0.148935	0.00289855	0	97.3925	1.3529	0.00314465	0	1.0053	0.32636	0	0.470552	0	0	0	0	0	0.00505051	0	0	181.992	1.81928	794.105	48.8466	1.39448	0.0635469	114.708	4.3715	0	0	0	0	0	0	10.8111	2.92031	0	0.0934666	0.00462963	0	0	0	0	0.884289	0	0	0.045977	0.0545943	0.0410354	0.595007	0.34307	3455.07	2.88738	4187.39	12.3536	1.51784	9.13064	0.803654	1.87994	5.46585	0.293898	2.82189	7.13889	0	0.149619	0	0.00456621	0	0.555848	0.0373403	0.0410959	0	0.0417048	0.00383142	0	0.0320342	9.93295	0	3.13271	0	0.195988	0.00340136	0.0428855	0.0340996	32.2011	276.871	7.7167	0	14.6212	415.735	34.9068	0.218618	0.160242	0	8598.93	1365.45	49.3943	0	0.0707602	0.00243309	2440.47	96058	0.4717	25.0669	47.2399	0.00411523	900306	0.127827	202.45	1.54601	24.6614	0	35549.1	0.22866	14262.3	0.107755	7021.76	0	488943	0.455976	
3.54281e+07	SFG_R_7_1	1.90836e+06	0	1.70005e+06	1.00566e+06	17633.8	13687	4.00224e+06	4.00633e+06	47486.8	643586	2682.06	177274	31.0136	10.4228	0	445.77	0.00813008	1355.64	0.0101725	0.0734247	0	23.8178	4216.01	272.896	0	1806.75	0.00268817	9.06915	0.363377	788.289	0.00813008	34.6264	0	22039.6	0	9.34341	0.0272109	138354	2.31468	171205	0.00775194	0	0	0.598797	0	0.084844	0	0.245672	0.0480169	0	0	0.359867	19.5949	24.5425	243510	36.2021	582.637	0.0639811	75.4893	140.014	0.00653595	550.519	0.00653595	26022.1	3.53405	688.502	73.48	3016.19	0.0124098	31.3961	0	0.00392157	0	156.826	0	0.0197479	0.0124098	16.6781	0.00209644	1.08638	0	0	0.0261905	41.9704	0	0.14644	0.00209644	0.750185	0	0	0.00378788	0	0	2.491	0	0	0.105605	1.1903	0	0	0	0	0.0113477	0.183809	0.0302643	0.189016	0	0.00314465	0	0.0843569	0	0	0	0.028304	0.00497512	0.0414146	0	0.131901	0.00497512	0	0	0.0242504	0	0	23.419	1.83804	0.0952682	0.740997	1.60792	0.00740741	48.6669	22.9574	0.250243	0	0.215919	7.66961	0	6.41015	0	0.114762	0	0.172961	0.00406504	1.48983	0	0.214433	7.65486	16.8376	52.4215	176.274	0.308582	3.52735	29.3372	164.893	0	0	0	0	0	0	54.0196	53.7027	0.0876202	0.821185	0	0.167434	0.0045045	0	0.214887	293.147	0	0.0741618	0.039036	1.59943	0.59319	18.6275	7.93726	505.598	6.13553	20615.5	36.7718	1214.57	0.292741	14.4596	3.53089	71.2822	0.273436	0	19.1493	0.648754	0.526446	0	0	0.003663	31.2489	0.164888	0.0715944	0	0.00347222	0.0137566	0	0.291171	0.0382928	0.004329	115.507	12.421	0.0218121	0.138073	0	0.139207	0.186684	24120	0.00252525	0.0846876	3.42779	241692	0.17633	77.3321	0	45.2629	1880.46	1.56448e+06	0.217047	2.22153	0.0125448	37.297	2201.54	107248	14.1354	2011.7	0	17825.2	2632	825972	50.5365	43557.3	0.0325797	0.049997	60.5702	202649	0.113891	28415.9	0.0325797	1881.95	0.268545	482938	
6.46924e+07	SFG_L_7_2	7.72564e+06	1.70005e+06	0	10193.2	5.96449e+06	24993.5	4.08282e+06	525.391	0.0941129	182.866	168.861	221979	20.7243	7439.56	124299	5377.08	1040.57	1046.53	1629.41	1.39076	19049.8	170.232	610755	5946.87	2713.94	2942.68	20.5792	62.6404	65370.9	2.35989	6178.71	139.382	1228.91	105.465	1.76714	52.251	5514.36	380.074	1.11503e+06	60.4106	0	2.26244	0.532326	14.0184	0.125669	0.00241546	0.185793	0.00241546	0.0224907	0	6.55332	13.7212	1206.39	0.0203436	373.307	2.79024	43.1899	0.0648641	0.876469	67.5819	43711.7	1.38028	72749	0.219088	0	1059.68	1.67627	200.205	47.7456	0.00260417	1.17146	0.002849	766.52	1.84163	0.093611	0.002849	36.4167	0.156992	20.7184	0.0550214	0.0851783	0	182.848	0.011875	5.59775	0	18.1443	0.0136756	0	0	15.3792	0	53.6658	0	0	0	312.418	0.0145082	0.0037037	0	0	0	624.211	0.0462839	463.781	0.013549	8.93268	0.00323625	21.4331	0	0	0	0.0558604	0.0462839	0	0	0.780032	0	0	0	0.588735	0.002849	0	0.002849	9.86438	2.21059	3.19846	26.774	0.573811	0	1031.88	64.7541	0.11796	0	805.498	1.78742	7.23762	7.54684	0.0680272	0	0.0248134	0	44.7222	0.0047619	0.118596	0.00574713	17.5323	322.816	109.127	15.1703	0.0871262	0.00340136	3.61548	0.0253013	0	0	0.0446764	0	0.0680542	0	87.5318	5.70934	13664.3	0.0869057	0.110739	0	650.281	0	29000.9	0.761321	68.1315	0	2479.82	0.0545943	0	0	0	160.576	1.11388	2445.86	0.0174549	0.161072	0	0.155872	0	0.958481	0	12.4307	102.015	0.00416667	8.67157	0	8.87181	0	34.0818	1.99236	0.639447	0	25.0105	0.093027	14.7939	0.0142639	56.2346	0.00340136	113.202	0.954345	21.5808	0.0142934	0.305176	5.29794	77.183	184.9	14.511	0	437.741	1709.16	802.784	0.0708757	0.204685	0.0643442	866036	1781.58	115.054	0.00387597	585.465	0.040744	21492.2	24492.3	54909.7	272.637	1272.38	0.00243309	7.20858e+06	2.27313	174.979	21.248	1586.59	0.00241546	376070	2.6328	189512	1.14103	62087.1	0.0217722	1.65288e+06	2.98357	
7.77798e+06	SFG_R_7_2	5658.46	1.00566e+06	10193.2	0	1626.12	735568	571.679	114930	3.40157	62.0925	344.588	0.00925926	1.41541	0.00854701	0	412113	0	12.9417	0.002331	17.9629	0	12951.3	442.036	4708.04	0	1.22016e+06	0	704.591	0.00757576	48.3839	0	13428.8	0	21329.8	0	4713.6	0.00396825	28066.3	1.15595	7607.47	0	0	0	420.467	0	0.0764991	0	0.153449	0	0	0	171.869	0	0.182963	8.52596	2072.61	24.8186	0.0430556	0	19.133	0.00666667	42.6836	0.00666667	1.60166	0	0.0261438	0	1.13384	0	29.0061	0	0	0	21.9993	0	0.00520833	0	6.64975	0	0.422849	0	0	0	43.8139	0	0.00653595	0	0.433864	0	0	0.00396825	0	0	8.14238	0	0	0.00396825	0.205578	0	0	0	0	0.0118003	0.15571	0.00292398	0.00234742	0	0	0	0.0461754	0	0	0	0	0	0	0	0.258378	0	0	0	0.00520833	0	0	6.06986	1.19974	0	0.702621	0.188718	0	17.1501	15.0854	0.00378788	0.0243118	0.0344428	1.79801	0	1.28069	0	0	0	0.00666667	0	0.235445	0	0	0	2.24428	0.638495	1.4551	0	0	0	0.00564972	0	0	0	0	0	0	7.9995	6.89687	0.0170689	0.285822	0	0.0334609	0	0.00813008	0.0170689	199.136	0	0	0	1.76403	0	0	0	0	0.0104167	0	0	0	0	0	0	0	0	0	0.354548	0.0439658	0.422189	0	0	0.0372108	2.53606	0.0330506	0	0.00497512	0	0.0037037	0	0.0176608	0.0236606	0.292335	14.3619	0.567771	0.00282486	0.0149092	0	0.0338962	0.0108845	1145.52	0	1.09561	0.205413	22172.8	0.00292398	128.534	0	0.468591	272.521	75391.6	0.0722949	2.85298	0.003367	0.326483	107.753	37089.3	2.14186	987.608	0	6068.42	387.564	36448.5	14.9681	1288.78	0	0.208042	14.438	44764.4	0.0179045	13667.1	0.00320513	2803.72	0.0302221	42146.6	
1.09865e+08	SFG_L_7_3	103016	17633.8	5.96449e+06	1626.12	0	7.64981e+06	15.7819	72.4634	149.02	11.0424	1.528e+06	834603	5.97797e+06	1.33713e+06	2.28444e+06	9594.28	22848.7	239.811	3.15546e+06	110325	480393	16948.1	1209.45	2836.12	0.390276	275.213	264525	517492	247712	0.0283688	363942	9006.07	207202	201.16	12853.6	3248.66	142535	436.996	1.09896e+06	25.6478	1.26406	887.209	61.1042	17672.2	1.2316	0.00243309	1.93186	2.34081	0.00537634	0.0247253	2200.2	14342.9	0.408451	0.0253991	305.213	8.58996	9.89484	0	0.156935	167.175	1570.32	0.267264	6.53531	0.0998311	43.3425	0	1.41982	0.224258	752.353	0.00462963	115.714	0	77.7329	3.69725	35.3394	0	627.045	0	73.6663	0.00362319	21.0732	0	3508.64	0.00273224	203.329	0	758.512	0.00362319	5.78314	0	144.655	0	1183.79	0	2.08932	0	3307.55	0	0.774383	0	0.939812	0	13211.4	0.0120937	13544.9	0.0130333	71.4043	0.003003	747.622	0	0.0318545	0	1.56714	0	0.0037037	0	89.663	0	0	0	208.294	0	21.4076	0	149.333	0.193993	32.2891	15.4412	26.5146	0	972.893	20.2353	60.26	0.00497512	11547	0.718665	250.077	1.89333	0.00505051	0	3.36487	0	3061.62	0.00347222	41.2942	0	3312.66	78.4331	5698.57	0	287.818	0.0342704	12053.6	1.57158	0.125132	0	3.76518	0	0.197913	0	21.4872	4.97962	128325	0.48172	0.270468	0.0171131	16216	0.124511	529392	0.848079	5097.7	0	21214.1	0.0208264	0.10474	1.29234	73794.5	367284	6192.6	6553.64	7667.87	6.58016	460.041	0	1380.08	2.66859	2.19937	2482.98	3.36951	0.819524	418.118	0.00483092	196.658	0	6.4999	1.19504	380.456	0	864.417	0.0583523	126.134	0	691.305	0	1771.3	24.9858	1129.79	0	1.71928	6.2708	0.142234	13.3265	0.0197542	0.00462963	5461.39	780.639	22876.5	0.0107555	1.51641	0.0469025	3.24254e+06	1100.8	31.0224	1.69359	80210.6	0.13021	1.91786e+06	1785.54	2.41394e+06	125.841	1.20887e+06	0.163081	6.06211e+06	0.961149	82.3022	46.3292	72887.5	0.00243309	649234	1.67441	754799	1.14678	599003	0.154401	4.24601e+06	1.11632	
6.87187e+07	SFG_R_7_3	1639.98	13687	24993.5	735568	7.64981e+06	0	692.654	11.0171	29.2487	10.5798	80517.6	4.87628e+06	813147	1.81746e+06	6023.7	3.63579e+06	0.00833333	0.0973841	74162.2	4.96102e+06	3554.32	820226	4978.78	4067.96	0	1.02706	1310.82	1.87439e+06	887.37	5471.33	6440.91	378754	947.161	489308	0.221633	62744.1	282.594	8236.71	7688.63	0.204577	0.940568	0	0.00641026	56958.9	0	0.19475	0.0300574	0.499093	0.0697674	0	0.515787	26886.5	0	0.00260417	6.62853	1.33497	68.0307	0.174321	3.27124	20.5254	0	1.47457	0	0.230639	0.220077	5.63689	1.94498	4.32496	0.425828	155.455	0	0.004329	0	23.6652	0	0.325647	0.304841	26.6748	0.0143369	14.2515	0	0.0587335	5.08608	137.308	0.00411523	1.96736	0.1307	33.9373	0	0.003003	0.248161	0	2.12391	210.821	0	0.0314809	2.00383	12.3245	0	0	0	0.00374532	13.7312	84.5641	12.9257	0.0584694	0.230841	0.242136	0	3.21091	0	0	0.0025641	2.4712	0	0.0031746	0	50.7901	0	0	0	0.484315	0	0.0216931	20.6366	4.26447	0.821138	87.2461	0.176638	0.00497512	35.1206	10.6234	0.0347501	2.55177	16.742	49.1979	0.0045045	156.431	0	0.535034	0	1.67571	0.103322	3.17868	0	0.696999	10.3126	17.3181	6.49808	15.5175	1.33331	11.6035	42.6274	70.423	0	0	0	0	0	0	23.7157	18.926	74.2718	815.228	0	10.1651	0	19.6118	119.986	2806.01	0	0.00462963	8.43879	17.0284	9.92443	24.0344	83114.2	113796	348.844	0.746625	106.623	5004.34	17.5318	0.70349	0.327645	290.393	86.596	0	1.66828	26.6978	0.943493	0.151009	0.162516	211.83	4.29017	0.00483092	0.143038	10.9416	0.819182	4.35917	0.186434	7.23054	0.382069	462.999	68.8017	3.575	0.941597	126.707	0.010582	16.7878	0.0105905	8.2701	0	61.7979	0.403055	47496.7	4.59523	4659.74	0.00234742	15856	603.109	265267	0.0396729	92.4537	1.7741	8041.31	49.3883	2.04615e+06	182.981	12219.2	0.763993	1.28168e+06	447.476	289758	48.0815	1293.71	2.5147	123.729	65.8973	237839	5.48395	502098	5.08901	354826	3.3378	637338	
6.24274e+07	SFG_L_7_4	4.30398e+06	4.00224e+06	4.08282e+06	571.679	15.7819	692.654	0	1.07377e+06	1.06952e+06	212003	31.8815	37400.3	15.1203	3781.71	0.15873	209.977	205.738	323.22	0.319136	0	0.169796	44.6339	82861.7	189.345	177198	10041	0.311664	0.241628	367.242	1.86022	4.19202	53.3968	0.0266234	16.7471	0.0231461	6.27778	5.16434	7.57396	5919.74	13.7487	0	0.285205	0.002849	0.215509	0.00411523	0	0.0147029	0	0.279322	0	0.020095	0.317798	70204.1	56.1251	4.84331e+06	3235.48	147.282	0.227828	67601.1	1179.44	45647.8	0.169745	423636	711.819	0.0388514	2025.77	494.809	1330.33	54.1486	0.00260417	0.00537634	0.013024	313.908	0.0486425	0.0249417	0.002849	1.35199	0.0124357	6.00704	0	0.0214445	0	6.69613	0.00260417	3.82189	0	1.40086	0	0	0	2.12514	0	2.32061	0	0	0	54.34	0.01349	0.0355924	0	0	0	2.76223	0	7.21254	0.0367167	0.416179	0	0	0	0.0035461	0	0.0035461	0	0	0.218326	0	0	0	0	0.48803	0.002849	0.00606061	0.013024	0.861936	1.87355	0	7.05272	5.60221	0.0202067	134.288	31.9532	0.173082	0.00512821	28.5028	0.676891	14.423	3.19766	1.43086	0.180063	0.178329	0.58036	8.99405	1.56123	0	0.0152625	1.18722	77.61	39.7485	53.1911	0.0213347	0.00694444	0.290962	1.96866	0.725975	0	0	0	1.39747	0	503.311	17.0705	46.2327	0.0267212	0	0	0.00952381	0	80.7862	0.0535957	0.00401606	0	20.6052	0	0	0.373713	0	139.305	0	1303.62	0.0634615	6.29358	36.1361	205.578	0	15.7106	0	0.897558	105.438	0.325091	1.32515	0	1.34737	0.00343643	91.7417	1.32554	0.004329	0	1.93835	0.003663	0.750564	0.0142639	752.394	0	29.5987	6.36448	2.68726	0.00343643	0.0517594	0.82909	3108.79	133.04	811.458	0	295.357	1692.04	1.99004	0.00260417	0.768881	0.132767	449117	2261.55	3770.11	0.0148094	10.3232	0.106901	233.662	26447.6	3470.47	51.4733	0.194004	0.0448335	9.84386e+06	1.63567	3901.31	1.76187	1.8849	0.00280112	5210.05	0.0194515	842.938	0	210.505	0.0175911	340114	0.0131324	
6.06154e+07	SFG_R_7_4	26498.3	4.00633e+06	525.391	114930	72.4634	11.0171	1.07377e+06	0	247345	2.12325e+06	92.4749	0	0	0.0155846	0	140754	0	23907.5	0	0.674438	0	755.94	0.499062	100864	0	1.3248e+06	0	140.761	0	82239.4	0	670.69	0	3828.84	0	145.01	0.0045045	3245.62	0	362475	0	0	0	20.0221	0	0.0922102	0	1.1495	0	0	0	12.9275	2.6229	1018.08	87352	235093	2262.43	3.56424	5.99645	7045.97	0	2818.05	0	979488	51.4024	0.260012	27.7752	5.52978	0	4.05772	0	0.00374532	0	593.053	0	0.0180726	0	2.98697	0	0.840575	0	0	0	4.20354	0	0.474831	0	0.990916	0	0.00243309	0	0	0	0.113291	0	0	0	2.71193	0	0	0	0.00243309	0	0.630417	0.217173	0.28378	0.0120488	0.0254826	0	0	0	0	0	0.0379168	0	0	0	0.00280112	0	0	0	0.00374532	0	0.0149813	197.307	1.04257	0.0879254	1.20145	5.3185	0.260952	349.255	20.4193	0.306977	0.00383142	0.877133	18.2545	0	156.38	0	64.589	0	157.032	0.228197	490.096	0	0.653965	0.00411523	1.44787	149.297	1.55394	0	0.10554	0	0	0	0	0	0	0	0	509.577	50.9773	0.00219298	2.5699	0	0.0134034	0	0.0189623	0	144.423	0	0.0419227	0	16.4332	0	0.00925926	0	0	0	0	0	1.21386	26.3213	0	0	0	0	0	118.242	15.2907	21.2732	1.00707	0	0.585103	416.691	7.03592	0.0087146	0	0	0.0338205	0	0.0677572	0.215286	0.178726	850.481	76.7751	0.0394813	1.13378	0	0.0865534	0.568525	240274	0	0	1.64053	2.34719e+06	0.110702	5.68148	0.00347222	982.717	1887.71	1.38429e+07	1.12543	18.5004	0.00231481	752.224	1.00698	11934.6	45.8587	1024.15	0	6.50933	4360.77	2.21664e+06	300.896	288789	0.00347222	1.10028	307.298	90450.3	0.734859	2928.33	0.151314	323.849	0.5156	300256	
5.72292e+06	SFG_L_7_5	204177	47486.8	0.0941129	3.40157	149.02	29.2487	1.06952e+06	247345	0	579875	3366.01	1751.38	1.36599	80.2651	0	7.90528	0	43.1313	0	0	0	0	0	5.47664	0	2771.59	0	0	0	0.00740741	0	0.0246998	0	0.00628931	0	0.0246998	0	0	0	0.178362	0	0.0236451	0	0	0	0	0	0	0	0	0	0	0	912.973	20745.7	55093.6	473.549	0.114417	304015	1220.98	0	0	0	96.2822	96.2089	13.6665	311412	2486.12	0	0	0	0	0	0	0	0	0	0	0	0	0	0	0	0	0	0	0	0	0	0	0	0	0	0	0	0	0	0	0	0	0	0	0	0	0	0	0	0	0	0	0	0	0	0	0	0	0	0	0	0	0	0	0	0	0	0.00574713	0	2.0556	0	0	5.80196	0.149571	0	0	0	0	0	0.00529101	0	0	0	0	0	0	0	0	0.495058	0.366032	133.777	6.47465	0.0593513	0.00694444	0.421183	5.7252	0	0	0	0	0	0	8.37972	0.70492	0	0	0	0	0	0	0	0	0	0	0	0	0.0929487	6.68004	0.0208333	48.2278	0	79.6516	0.118818	68.2839	300.906	108.822	7248.11	71.3177	0	0.103125	0	0	0	0	0	0	0	0	0	0	0	0	0	0	0.0037037	0	0	0	0	0	0	0	0.0212963	0.0207792	0.0037037	0	0	0.0207792	0	0	0	0	0.907452	0.113631	0.0212963	0	0	0	0	172.383	0.0037037	0.00483092	0	0	1.83425	0	1.62448	0	0	0	3.93063	0.00628931	0.107407	0	0	0.00628931	7.5744	0	
2.90805e+07	SFG_R_7_5	21659.7	643586	182.866	62.0925	11.0424	10.5798	212003	2.12325e+06	579875	0	3.41533	41.7787	0	0.384039	0	277.254	0	444.817	0.013847	0.0488995	0	5.27423	0.0360051	308.804	0	1431.77	0.013847	13.7048	0	1.90547	0	5.75572	0	2.42183	0	2.14641	0	0.674959	0	36.8571	0	0	0	3.325	0	0.209165	0	0.748395	0	0	0	1.05437	37.3449	435.35	1.11694e+06	49723.2	177238	0.0035461	242679	3.07731e+06	0	0.606364	0	14620.3	161.814	8111.09	32238.9	1.12451e+06	0.00483092	0.326312	0	0	0	0.0262161	0	0	0	0.271338	0	0	0	0	0	0.575165	0	0	0	0	0	0	0	0	0	0	0	0	0	0	0	0	0	0	0.0103758	0.352042	0.224103	0.101767	0.0120488	0	0	0	0	0	0	0.243811	0	0	0.00483092	0.00222222	0	0	0	0	0	0	411.749	0.172079	2.10042	0.147135	0.378496	0	36.2116	0.469285	0.0152386	0	0.17486	0.0780822	0	0.0293041	0	0	0	0	0.0320317	0	0	0	242.195	0.252447	1225.17	79.2765	2.52939	2.99057	707.504	49.1788	0	0	0	0	0	0	34.2814	1.69595	0	0	0	0	0	0	0	0.032863	0	0.00537634	0	0.0758438	1.42722	1.94708	0.00595238	0.735247	0	0.34666	315.345	21.1473	1030.31	5772.65	189.396	175.285	0	0	140.21	9.77354	30.2435	0.241789	0	0.486043	513.037	1.69953	0.00217865	0.00512821	0	0.0116968	0	0	0.0110261	0.1704	437.082	31.3531	0.023075	1.0257	0	0.0503445	0.125636	8815.64	0.00483092	0	0.948986	629627	2.04992	1.79512	0.00374532	77.283	140.593	3.67492e+06	0.147819	14.832	0.013847	47.5458	0.0375699	4644.6	2.0929	12.7271	0	0.209371	528.008	489927	419.329	210663	0.00374532	0.429776	493.375	22797.8	0.327985	652.571	0.0170144	72.6949	0.139415	57710.2	
4.89132e+06	SFG_L_7_6	376413	2682.06	168.861	344.588	1.528e+06	80517.6	31.8815	92.4749	3366.01	3.41533	0	18748.1	327862	2583.59	2.46212	5550.29	11.6628	318.136	10.693	3497.11	261.228	4314.48	0	2834.76	0	455.667	0.877242	40362.5	10.7285	0	109.512	463.461	5.09206	136.617	1.95475	128.191	1.94893	217.893	1.14109	7.40375	0.07343	2.07277	0.00900901	2317.77	0	0	0.0138889	0.0277778	0.349789	0.00512821	0.433583	2269.96	0	0	0.216374	0.127124	1.5632	0	0.51678	1.80988	0.0254176	0	0.00641026	0	88.0238	0.0327029	3.30986	0.722569	0.116347	0.00512821	0.0175926	0	0.00483092	0	0.112337	0	0.116347	0.00512821	0	0	0.00444444	0	0.269154	0	0	0	0.110023	0	0	0	0.0167881	0	0.0315444	0	0	0	0.105625	0	0	0	0	0	0.51344	0	1.58687	0	0	0	0.0207029	0	0.00343643	0	0	0	0	0	0.00490196	0	0	0	0.0401802	0	0	0	2.91587	0	0.0204319	0	0.0193277	0	12.835	0	0	0	2.03592	0	0.165959	0	0	0	0	0	1.85525	0.00512821	0	0	3261.3	0.00694444	7690.6	0.031746	95.7807	0.458886	6763.96	15.2898	0	0	0.00483092	0	0	0	0.122751	0.0195264	7.39465	0	0	0.00512821	0	0	15.152	0	0.490907	0	0	0	0.467804	13.3508	724.191	775.122	5927.51	6428.94	1881.55	243.165	1512.6	0.12709	1069.41	1.22935	10.2788	5.41802	0	0	0.0172395	0.00483092	0.00411523	0	0	0.015778	0	0	0.0387759	0	0.004329	0	0.00411523	0	0.537935	0.00416667	0.0164609	0	0	0	0	0	0	0	0.376403	0.0657584	0.16388	0	0	0	1787.6	0.553851	0.00347222	0	0.63881	0	36.9276	5.29433	234.213	0.0286772	371.966	0	884.199	0.00462963	0	0.0502079	2.71493	0	186.813	0	149.391	0	34.0598	0	1293.14	0	
1.94845e+07	SFG_R_7_6	40049.9	177274	221979	0.00925926	834603	4.87628e+06	37400.3	0	1751.38	41.7787	18748.1	0	29623.2	1.68487e+06	65.6384	71.7323	0.00833333	0	178.696	120.253	244.934	130.247	716.236	0.588654	0	0.00444444	5.28111	44.7142	111.102	0.107234	771.009	46.4853	208.225	245.668	0	4.09131	88.363	0.271764	2752.32	0.0296296	1.03389	2901.96	0.00641026	0.0658404	0	0	0.078382	0.00775194	0.00537634	0.302359	0.00641026	0.399242	0	0	0.8721	0	5.76343	0	75.2095	3.3378	0	0	0	0	0.693708	17.2616	28.8474	25.9946	0.149325	0.0361868	0	0	0	0.0035461	0	0	0.200097	0.0173486	0.0326165	0	0	0	2.65872	0.01564	0.004329	0	0.0909953	0.00444444	0	0	0.0642445	0	0.979409	0.0047619	0	0	0.952513	0	0	0	0	0	4.1336	0	4.00466	0	0.0622344	0	0.00308642	0	0	0	0	0	0	0	0	0	0	0	0	0.00444444	0	0	0.0219251	0	0.62796	0.00308642	0	0	0.00628931	0.0179073	0	0	4.42822	0	0	0	0	0.00641026	0	0.00641026	0.0386253	0	0	0	8.85934	1.35272	4.37335	41.6276	45.1138	260.745	21.2055	8829.08	0	0	0	0	0	0	0	3.23618	28.9876	0	0	0.00512821	0	0	40.9692	0.00490196	0	0	2.90225	0	12.209	9763.65	2103.3	220372	66.5964	1.32105e+06	104.724	225544	3.70627	518.106	0.247326	3432.3	0.193639	18408.9	0.00401606	0	0.0866533	0	0.125489	0	0	0	0.221668	0.456426	0.224063	0	0.0622344	0	0.170966	0	1.80614	0	0.462616	0.0042735	0.0742354	0	0	0.00595238	0	0	0.0151829	0.41536	1.25442	0.180056	0.233211	0.00606061	32.6241	5.10674	0.0189831	3.63401	0.317782	0	0	7.48521	37.0727	0.272818	0.00641026	1.39857	0.259519	3.30446	0.00343643	0.0118918	0	0	0.0480586	0.3281	0.00617284	0.711945	0.00617284	3.91065	0.00641026	0.571624	
7.20656e+07	SFG_L_7_7	571.287	31.0136	20.7243	1.41541	5.97797e+06	813147	15.1203	0	1.36599	0	327862	29623.2	0	4.1898e+06	0.0387067	0.997087	0.0129499	0	1.17555e+06	21632	46.9708	16.6863	0	0.00421941	0.00330033	0.00421941	1.05832e+07	7.038e+06	0.265333	0	26.4124	0	1.5915	0	119.781	0	3.12327	0.00680272	0.185123	0.00680272	786730	24606.4	22.3793	2.51571	1357.03	66.1328	3450.2	516968	13.1124	2.86788	167.509	0.787432	0	0	0	0	0	0	0.0264052	0	0.0030303	0	0.0035461	0	1.62996	0.00813008	1.01772	0.00833333	22.7847	0.127167	0.0165945	0	7.23756	0	0.00362319	0	12.1797	0.0112434	14.2631	0	0.225041	0	42.1859	0	13.1382	0	2.599	0	3.23747	0	6.52608	0	24.1931	0	0.0985061	0	47.5209	0	0.432132	0	0.20985	0	147.292	0	321.774	0.0560193	19.2014	0	7.44065	0	0.00374532	0	0.133678	0	0.0157407	0	26.7507	0.0114943	0	0	0.229742	0	0.0471627	0	362.491	0	44.2615	3.69113	23.8465	0	4.64297	0	22.4972	0	611.87	0.0304187	9.50262	0.217754	0	0	2.33556	0	7.05863	0	0.215367	0	16535.8	33.3921	4638.07	0	3200.75	2.31981	143491	50.1952	0	0	0.0045045	0	0	0	0	0	431.231	0.143484	4.37366	0.00694444	0.845907	0	1654.19	0.047752	0.198359	0	1.25477	0	278.658	3.55621	356764	1.9719e+06	1.00239e+06	212.084	185087	177.454	62183.5	0.344564	57204.9	3.49806	77609.5	1225.06	138.858	60.6372	2366.17	9.27551	4594.79	0.0167722	0.0369725	0.992937	673.802	1.77802	3609.15	0.00330033	77.1115	0	4305.62	0	238.777	0	3483.17	0.191237	2.62096	0.341427	0.00416667	0	0.00653595	0.0114943	190.596	0.0277019	1286.34	0.053072	299.123	1.787	4085.33	0.431514	2612.41	2.7658	303512	0.0409699	129800	0	116499	6.96935	30174.8	0	6922.75	0.00287356	0.398799	0.0123626	6636.94	0.0729879	354.695	0.00347222	293.091	0	21526.7	0	11063.8	0	
3.23024e+07	SFG_R_7_7	4115.5	10.4228	7439.56	0.00854701	1.33713e+06	1.81746e+06	3781.71	0.0155846	80.2651	0.384039	2583.59	1.68487e+06	4.1898e+06	0	0.527571	1.47527	0	0	694635	248.372	0.113034	2.63764	0	0	0	0	1.44406e+06	1.19117e+06	0.0677709	0	0.255288	0.302839	0.0235741	0	0	0.0996975	0.0203186	0.23411	0.0667546	0	6428.11	279180	0	784.068	28.8692	0.754766	825.993	131688	0.438108	87.3249	0	31.4859	0	0	0	0	0.053367	0	1.74069	0.0126198	0	0	0	0	0.112707	0.450224	3.17329	2.62744	0.0030303	3.75056	0	0	0	0.0144945	0	0	0	2.12879	0	0.00374532	0	0.0341027	0	0.588881	0	0.901747	0	0.237514	0	0	0	0.00438596	0	0.102836	0	0	0	7.50018	0	0	0	0	0	3.22578	0	0.00438596	0	0.0379787	0	0.034093	0	0	0	0.283373	0	0	0	0.495912	0	0	0	0.014898	0	0	1.60873	0.511653	0.32101	83.2031	0	0	0.0278533	0.00374532	0	0.0839947	0	25.7224	0	66.1303	0	0	0	0	0	0	0	0	15.2741	28.6858	3.61118	0.26701	8.02609	29.7069	11.7833	1119.11	0	0	0	0	0	0	0.00574713	0.0240293	0.013024	315.205	0	2.40622	0	0	0	15.704	0	0	0	0	0.455269	18930.9	102779	2.5421e+06	1073.13	5520.13	55.7742	133140	0.316728	52.4	0.405821	7273.68	7231.58	421861	0	0.458388	0.004329	0.0420552	0	35.0916	0.00483092	0	0.0671882	6.44987	0.0105289	1.10488	0	5.71315	0.00241546	69.6939	0	0	0.0104806	17.5844	0.126152	10.2419	0.0295088	0.249053	0	0.637391	0.0030303	3.47767	0.0130781	32.5597	209.762	29144.1	0.464885	1982.27	8.04621	443.095	0.0248115	5099.43	13.0276	20107.1	0.963366	2177.76	0.0173277	29166.5	0.380247	854.892	0	0.0418372	0.47178	79.1349	0.0128217	0	0.392623	10870.1	0.67925	10079.8	0.658083	2575.71	
8.92844e+06	MFG_L_7_1	0.0144928	0	124299	0	2.28444e+06	6023.7	0.15873	0	0	0	2.46212	65.6384	0.0387067	0.527571	0	2.2895	0.194247	0	558291	9.73648	473173	1.47622	957879	0	0.128788	0.00387597	1033.28	15.9032	419.523	0	6504.82	0.175295	5028.85	0	4.17093	0.250436	1961.11	0	279.028	0	0	0	0.0476799	1.61238	0	0	0.00275482	0	0	0	0.749569	1.85744	0	0	0	0	0	0	0	0.00406504	0.0610901	0	0.00793651	0	0	0	0	0	0.163308	0	0.0182957	0	0.104444	0	0	0	0.224093	0	0.144666	0	0	0	0.601793	0	0.019697	0	0.0176608	0	0	0	0.310809	0	0.124219	0	0	0	7.11198	0	0	0	0	0	22.6482	0	88.0015	0	0.217459	0	0.119694	0	0	0	0	0	0	0	0.0450431	0	0	0	0	0	0	0	0.00529101	0	0.0045045	0.0331851	0.051928	0	0.43338	0	0.0220401	0	18.5974	0	0.0549834	0	0.00628931	0	0	0	6.84081	0	0.00438596	0	0	0.0331851	0.0238171	0	0	0	0.026426	0	0	0	0	0	0	0	0.0230984	0	251.76	0.00343643	0	0	0.904609	0	2363.87	0.00343643	0.0750702	0	10.0227	0	0	0	0.00813008	0	0.026426	0	0	0	0	0	0	0	0	0	0.00120773	0	0.0653415	0	0.586188	0	0.0418047	0.00416667	0.00438596	0	2.23632	0	0.245716	0	0.802031	0	13.1387	0.181581	1.3423	0	0	0	0	0	0	0	1.79292	0.0138177	8.85026	0	0.0133347	0	26024.7	0.0166771	0.594801	0	106.452	0	415.771	0	11343.8	0.0037037	70.173	0	3596.28	0.00252525	0.0557662	0	10.4715	0	7.3827	0	43.8936	0	50.9655	0	312.868	0	
2.32253e+07	MFG_R_7_1	7277.74	445.77	5377.08	412113	9594.28	3.63579e+06	209.977	140754	7.90528	277.254	5550.29	71.7323	0.997087	1.47527	2.2895	0	0	258.696	10.6919	455981	33.6114	212572	443.821	6.068e+06	0	524053	0.00694444	65527.5	3.27318	4.22291	10.9758	16105.4	4.94094	7088	0	5120.71	0.887561	361.975	51.0306	125.114	0	0	0	2897.93	0	0.0166693	0.0037037	0.0375116	0	0	0.00617284	1201.41	0	29.8684	0.0650503	1531.02	0.590147	15.3794	0	177.142	0.00584795	1.83686	0.00584795	44.1311	0.00362319	0.0249243	0	0.664102	0.00323625	12.5951	0	0.017316	0.00584795	2.63576	0	0.017316	0.00323625	1.5146	0.00584795	0.103392	0	0	0.00323625	26.6388	0	0.0817842	0	0.207353	0	0	0.141654	0	0.002849	3.34748	0	0	0.200961	0.282799	0	0	0	0	0.106664	0.421379	0.0915376	0	0.0160979	0	0	0.0808744	0	0	0	0	0	0	0	0.306955	0	0	0	0.0713354	0	0.0174299	0.0595865	1.02424	0	15.815	0.00383142	0	2.55495	34.9824	0.00392157	0.149439	0.302513	1.21012	0.00396825	80.2999	0	0.0586672	0	0.760605	0.0154271	9.98213	0	0.004329	0.00358423	9.25423	0.76013	0.592422	0	0	0	0	0	0.0123457	0	0	0	0	0.409808	97.451	1.10447	0.660062	0	0.0130159	0	0.107691	2.68479	23.8029	0.00396825	0.0042735	0.0460114	3.68325	0	0	0	0	0.0866013	0	0	0	0	0	0	0	0	0	0.0350174	0.0193277	0.00387597	0	0	0	0.0985134	0.004329	0	0.0047619	0	0.014788	0.0355105	0.00462963	0.00250627	0.112571	0.146925	0.0189135	0.00250627	0.00483092	0	0.170443	0.0169173	28.4224	0	0.427218	0.532348	342.288	0.0113477	83.3342	0.0127838	16.6288	140.194	934.852	0.0258926	1.77389	0.00401606	3.83597	60.4927	12790.1	6.77989	162.222	0	3001.07	59.447	396.709	0.219306	3.61011	0.0542328	0.63735	0.892863	4041.69	0.0504202	4634.34	0	3275.29	0.00490196	3213.14	
1.44932e+07	MFG_L_7_2	0	0.00813008	1040.57	0	22848.7	0.00833333	205.738	0	0	0	11.6628	0.00833333	0.0129499	0	0.194247	0	0	0	0.159576	0.0580836	25727.8	0.181022	1.06673e+06	0	506587	0	0.159576	4.93757	1.67142e+06	0	1.53572e+06	0.11381	274.89	0	0.0437037	0.0284203	0.492471	0	96607.8	0	0	0	0.0135395	0.394367	0	0	0	0	0	0	0.0303093	0.508666	11673.2	0	3010.13	0	43.2593	0	0	0	135.301	0	1.44249e+06	0	0	0	0	0	198.083	0	0	0	0.0409146	0	0	0	254.513	0	4.07877	0	0.0047619	0	299.417	0	518.637	0	0.119536	0	0.108204	0	203.847	0	24.5943	0	0.00456621	0	4208.95	0	0.683901	0	0.0190827	0	0.092329	0	0	0	56.9833	0	0	0	0	0	0	0	0	0	0	0	0	0	0.00546448	0	6.35652	0	0.00694444	0	0	0.00383142	7266.17	0	42.9603	0	167.716	0	5407.33	0	345065	0	2562.71	0	5934.46	0	486590	0	0.00775194	0	0	0.0936566	0.00564972	0	0	0	0	0	1777.65	0	0	0	764.21	0	388.388	0	3.64667	0	0.00326797	0	0.0342302	0	10.5335	0	0	0	0.563262	0	0	0	0	0	0	0	0	0	0	0	0	0	0	0	0	0	0	0	0	0	0	0	0	0	0	0	85.6772	0	0	0	0	0.004329	0	0	0	0	0.0212197	0	0	0	0.0458271	0.0161017	0.104025	0	0	0	9.7934	0.00421941	0.00584795	0	0.336931	0	0	0.0133333	47.6347	0.00383142	0.252618	0	145.399	0	0.010101	0.00326797	0	0	2.32444	0	0.343922	0	0.0107527	0	29.1707	0	
1.4032e+07	MFG_R_7_2	2430.5	1355.64	1046.53	12.9417	239.811	0.0973841	323.22	23907.5	43.1313	444.817	318.136	0	0	0	0	258.696	0	0	0	0.21245	0	402811	1.8174	1.0972e+06	0	359965	0	101.429	0.00757576	211830	0	409411	0	66334.8	0	615.898	0	3877.22	0.00757576	4264.04	0	0	0	18.8482	0	0.0174299	0	0.0353693	0	0	0	21.2696	0	23942.6	20.5691	9449.73	3.65946	38918.5	0	40.0617	0	5.41512	0	3.86728e+06	0.0238171	0.00653595	0.578808	0.0605074	0	0.900448	0	0.00877193	0	1.0402	0	0	0	0.932502	0	0.0443435	0	0	0	2.10678	0	20.0195	0	0.184504	0	0	0	0	0	0.0130719	0	0	0	370.138	0	0	0	0	0.0122896	0.00314465	0.003367	0	0	0	0	0	0	0	0	0	0	0	0	0	0	0	0	0.0255848	0	0.00584795	0.656645	339.219	0	8358.29	0.0364384	93.4479	8.90671	2227.21	0	18105.7	0.00387597	936.806	0	356678	0	8635.62	0	4125.71	0	77753.1	0	0.0918561	1.18221	48.8543	31.9866	0.00628931	0	0.00383142	3.57145	0	0	1533.4	0	0	0	1.40366	1.47387	2951.53	0.00387597	0.0769855	0	0	0	0	0.0133075	13.7436	0	0	0	0.00628931	0	0	0	0	0.0351117	0	0.0042735	0	0	0	0	0	0	0	0.126021	0.00347222	0	0	0	0.00383142	0.124855	0	0	0	0	0	0	0.0705124	0.0025641	0.0045045	0.545433	0.00347222	0	0.0166718	0	6.48079	0.0172494	250.849	0.0025641	0	0	852.345	0	2.53801	0	0.810175	24.0229	5217.15	0.0025641	0.0662498	0	0.39831	0.109048	301.759	0.296083	81.622	0	13.7547	28.2067	142.23	0.704057	6.14148	0	0	1.17838	121.181	0	28.244	0	11.958	0	139.81	
2.49463e+08	MFG_L_7_3	0	0.0101725	1629.41	0.002331	3.15546e+06	74162.2	0.319136	0	0	0.013847	10.693	178.696	1.17555e+06	694635	558291	10.6919	0.159576	0	0	2557.55	1.1236e+06	197.719	2999.7	0.00273224	1.91511	0	1.01959e+08	302864	801.052	0	23880.3	12.0284	5360.54	0.170974	9329.78	8.31076	3486.93	0.0194211	4531.38	0	175.069	192.369	5749.52	51.585	0.423494	0.0104173	14.8902	2533.35	0.0045045	0.0268676	78344.8	45.9091	1.28998	0	25.0606	0.0236928	0.0495233	0	0	0.0144725	54.1468	0	5.63971	0	0	0	0	0.0312969	641.878	0.28683	10.2905	0	569.93	0	23.973	0	3877.54	0.00292398	1639.02	0	94.9246	0	3764.04	0.00275482	810.468	0	426.925	0	107.735	0.023622	278.659	0	1960.13	0.00275482	37.4493	0	3720.69	0.00320513	34.6862	0	24.7684	0.023622	5585.87	0.0876129	13077.9	0.00350877	407.947	0.0429903	201.394	0	0.0584699	0	0.933153	0	0.0335859	0	224.266	0.141564	0	0	160.924	0	25.382	0	5624.58	0.003663	645.792	45.744	353.148	0	39.0571	0.0154148	631.188	0	18951.7	1.49454	202.416	5.74365	0	0	95.1818	0	628.28	0	40.0818	0	59.5908	595.145	2.07903	0	0.494032	7.89063	13.2475	730.353	0.00505051	0	0.953006	0	0.00320513	0	0.945329	0	34042.7	6.61813	75.1021	0.0258924	4981.19	0.254848	435243	2.28943	69.762	0	2880.72	0.0281289	0	0.00444444	0.00411523	2583	0.0277898	0	0.117768	0.00444444	0.0070922	0	0.0070922	0.00444444	0	0.00900901	1315.49	117.852	29267.3	20.1455	317061	0.416192	2.06604	1.03187	12976.3	0.75872	49802.9	0.568719	1597.65	0	283321	0.00320513	25363.4	1.11563	68477.7	0.0277404	27.023	11.3668	0.17613	0.113307	0.0174249	0.233353	2605.66	2.68829	15835.7	0.136616	1702.83	4.40349	151626	20.8974	37382.6	2.1262	6.58569e+06	3.09615	2.59754e+06	0.365854	3.2619e+06	113.909	530969	0.0042735	260827	0.260214	29.1852	1.34073	103049	0.645609	21335.3	0.0793021	27708.8	0.0154199	325466	0.197006	286631	0	
6.15302e+07	MFG_R_7_3	0.168056	0.0734247	1.39076	17.9629	110325	4.96102e+06	0	0.674438	0	0.0488995	3497.11	120.253	21632	248.372	9.73648	455981	0.0580836	0.21245	2557.55	0	1558.62	1.20931e+06	0.00680272	67.1577	0	1.51706	33.6763	2.32055e+07	14.9495	0.010101	240.146	733.034	30.0775	0.236562	1.09533	105.307	6.70236	40.0593	50.9156	0.00396825	0	0	0	14902.3	0	0.762381	0.00252525	2.49384	0	0	0.0538934	611.138	0	0	0	0.00606061	0	0.00537634	0	0.335594	0	0.0130769	0	0.0266123	0	0	0	0	0	15.9413	0	0.0496343	0.0125331	2.98317	0	1.65366	0	123.016	0	2.29501	0	1.86345	0.00292398	79.4646	0	19.6116	0	83.5136	0	0.0531324	0.00358423	0	0	39.5377	0	0.282733	0.00396825	135.197	0	0	0	0.0303675	0.0253087	241.657	0.213247	0.12954	0.00358423	0.443758	0	2.07852	0	0	0	28.451	0	0	0	48.9864	0	0	0	1.32583	0	0	7.06697	34.3559	0.751802	1045.79	0	0.00512821	0.259298	14.5796	0	10.224	0.293469	395.588	0	1089.12	0	0.0409873	0	1.69222	0	0.331532	0	3.68966	31.8924	276.29	1.03376	0.00250627	0.0527714	70.5167	27.3143	0	0	0	0	0.00289855	0	0.00358423	0	0.339423	0.736348	11699.1	0.00252525	28.231	0	3.15783	1.09163	8055.63	0	0.118269	0.0030303	0.300594	0	0	0.00483092	0	0.00606061	0	0.0924349	0	0	0	0	0	0	0	0.00266667	57.9476	1.66037	25.44	0.0109788	2788.24	0.0383581	0.00282486	0.152706	47.0713	0.31984	68.6274	0.00358423	108.122	0.0629081	6319.1	0.119473	0.883149	0.212254	2492.84	0.0669385	163.763	0.0130732	0.00340136	0	12.1947	0.00314465	444.63	0.0269991	2102.28	0.0111673	69555.1	6.95916	1404.65	1.20705	169.072	0.217729	39102.3	1.26177	241284	14.2685	49984.7	0.82691	126887	0.170435	7053.01	0.556257	1.7877	0.248606	216.53	4.47125	339.052	1.5666	87112.8	1.69305	93033.3	1.26653	21991.1	
1.68266e+07	MFG_L_7_4	0	0	19049.8	0	480393	3554.32	0.169796	0	0	0	261.228	244.934	46.9708	0.113034	473173	33.6114	25727.8	0	1.1236e+06	1558.62	0	1078.91	630450	0	4.2255	0	62858.8	3571.14	8921.56	0	4.07441e+06	55.1968	44203	1.07867	1.22597e+06	26.1759	153.47	0	2794.47	0	0	0	1.64248	178.134	0	0	0.0101016	0	0	0	32583.2	175.488	42.4721	0	111.621	0	1.60978	0	0	0.00416667	11.2371	0	2305.85	0.00606061	0	0	0	0	78.8154	0	0.0389819	0	14.122	0	24.2132	0	129.249	0	64.7301	0	133.158	0	798.12	0	4605.22	0	656.55	0	0.194109	0	170.059	0	45.6769	0	0.77526	0	2999.67	0	1.97538	0	0.0391235	0	15.2988	0	26.54	0	1.47097	0	0.160872	0	0	0	0	0	0.00308642	0	0.362144	0	0	0	5.89094	0	88.2446	0	0.240778	0	0	0.00374532	12.4167	0	6.15387	0.00406504	1.25592	0	8775.26	0.0142879	13947.3	0.0146248	181.033	0	1039.68	0	150431	0	0.564809	0	0	0.0035461	0.00595238	0	0	0	0	0.00396825	1.02948	0	0.00641026	0	15.7745	0	5.63639	0	420.001	0.014905	0.0485749	0.00641026	544.494	0.0936249	3119.78	0.092383	23.8908	0	1831.43	0.0145681	0	0	0.00628931	0	0	0	0.00628931	0	0	0	0	0	0	0	0	0.00330033	0.267477	0	5.95521	0.00314465	0	0	0.152146	0	2.38523	0	28.9376	0	28.0294	0.0132673	7.9647	0.00401606	2.80214	0.00314465	0	0.0152426	0	0	0	0	8.41257	0.0669316	28.7827	0	0.0804458	0	268.458	0.0675647	0.237948	0.00330033	156.414	0.029802	3038.18	0	1089.75	0.445079	194.799	0	51.151	0	0.00401606	0.0530693	134.417	0	10.9912	0	32.9133	0	420.748	0	36.6138	0	
1.05256e+08	MFG_R_7_4	19.4186	23.8178	170.232	12951.3	16948.1	820226	44.6339	755.94	0	5.27423	4314.48	130.247	16.6863	2.63764	1.47622	212572	0.181022	402811	197.719	1.20931e+06	1078.91	0	0.830793	458084	0	1668.22	0.126885	1.08169e+06	59.5386	2077.29	247.708	4.16322e+07	307.65	82443.4	10.8455	5.16941e+06	1306.15	31.8904	4212.2	8.64217	0	0	0.00574713	251313	0.00199601	0.0501832	0	0.00273224	0	0	0.457863	88039	0	8.40481	7.67788	76.6729	8.6963	253.51	0	13.9695	0	115.477	0	10987.7	1.66397	0	0	0.0335077	0.00986848	55.4224	0	41.0382	0.0249243	31.1384	0	64.8369	0.0760185	104.587	0.0138889	18.6217	0	7.72011	0.403048	106.807	0	568.888	0.0138351	241.329	0	0	0.0581546	0	0.161777	72.3461	0	4.38107	0.0155228	894.387	0.00374532	0	0	0.210039	2.23042	14.7565	0.997916	0.00378788	0.0122778	0	0.0350237	0.113837	0	0	0	0.574026	0	0	0	4.34684	0	0	0	221.967	0	48.4646	0.958298	88.6525	0.00401606	997.038	0.00378788	37.6651	8.77959	1453.28	0.0156079	17.8802	0.371954	2764.58	0	15662.2	0	6893.3	0	16535.2	0.00416667	82850.9	0	57.2356	0.102703	20.6545	17.2376	0.290292	0	0.00483092	0.100897	0	0	106.849	0	167.009	0	2.06789	0.849702	2583.13	4.26073	2551.55	0.00875392	0.173962	0	1179.58	8.33884	41162.1	0	284.893	1.1833	2513.44	0	0	0	0	0.145198	0	0.0037037	0	0	0	0.00444444	0	0	0	0.253641	1.45238	0.0328437	0	0.002849	6.39299	0.736709	0	0	1.17119	0.0281549	0.315549	0.0570622	1.57605	0.0452917	0.532527	14.3874	1.46267	0.0281549	11.3157	0.00401606	6.52132	0	36.1228	0	4.22998	0.0938536	4856.42	0.550368	1015.43	0.00326797	5474.57	78.5919	266527	0.012234	10.5061	0.0477144	4557.31	12.6855	181538	14.2834	200400	0.136269	133890	71.5349	32908.7	2.60998	44.345	1.65425	18.5752	33.5298	6967.52	14.5052	51953.3	4.78065	46444.7	3.33852	44235	
