data	data	2.68577e+07	5.82111e+07	1.72792e+08	8.21321e+06	4.8174e+08	1.65491e+08	1.27644e+08	4.46665e+07	2.89581e+07	1.43353e+07	5.95191e+07	5.24967e+07	2.61882e+08	1.02704e+08	1.45003e+08	4.24169e+07	5.86458e+06	1.87874e+07	7.13319e+07	9.30172e+07	2.66899e+07	4.74578e+07	1.60491e+07	3.31706e+07	1.31887e+07	2.34701e+07	1.96869e+08	2.64219e+08	6.438e+06	705889	1.17784e+07	3.42266e+07	3.53451e+07	8.17219e+06	1.75412e+07	8.82865e+06	2.56885e+07	1.49997e+07	5.99963e+07	6.29137e+06	2.98086e+07	1.97707e+07	6.53652e+07	1.82461e+07	3.6291e+07	2.89944e+07	5.79372e+07	7.29388e+07	2.54888e+07	7.38049e+06	6.24387e+07	2.63956e+07	3.33657e+07	6.74126e+07	2.08386e+07	3.59624e+07	1.70897e+08	4.31184e+07	8.24459e+07	1.04209e+08	2.55193e+07	1.01737e+07	5.02486e+07	3.29754e+07	5.14286e+06	1.10396e+07	5.1702e+06	2.19532e+07	1.44686e+08	1.40979e+08	1.29759e+07	2.66837e+07	2.96415e+07	2.26292e+07	1.94222e+07	4.18697e+07	6.38885e+07	3.78512e+07	5.31561e+07	4.0775e+07	3.41985e+07	4.11582e+07	5.9807e+07	5.59072e+07	4.63578e+07	8.3581e+07	4.63864e+07	7.20246e+07	9.42843e+07	3.85361e+07	6.44834e+07	1.24915e+07	8.7181e+07	2.39042e+07	2.93974e+07	4.54421e+07	9.31198e+07	2.93734e+07	2.0972e+07	7.4884e+06	2.58489e+07	1.74775e+07	2.76666e+08	2.07227e+08	1.74525e+08	2.30152e+08	1.79352e+08	4.7567e+07	9.37217e+07	8.77691e+07	2.11162e+07	3.42819e+07	3.87688e+07	7.33271e+07	8.8589e+07	5.59157e+07	3.60757e+07	5.85216e+07	2.62563e+07	3.41173e+07	9.94786e+06	2.92515e+07	1.51583e+07	2.03804e+07	1.72829e+07	6.28855e+07	3.10904e+07	5.23052e+07	6.09678e+06	4.74779e+07	8.0209e+06	4.67712e+07	9.21097e+06	1.27061e+07	9.40709e+07	1.19391e+08	6.07496e+07	9.08982e+07	3.91536e+07	7.89582e+07	8.17245e+07	6.25073e+07	9.25863e+07	6.84804e+07	8.35143e+06	3.89712e+07	1.29905e+07	4.59784e+07	6.61568e+06	1.45186e+07	7.4459e+07	1.46661e+08	2.82453e+06	1.58105e+07	3.56182e+07	5.05241e+07	1.02353e+07	8.51146e+06	2.32463e+07	1.10017e+07	9.58125e+07	5.24309e+07	2.04462e+07	3.33365e+07	5.77314e+07	1.01558e+07	4.7526e+07	4.49706e+06	1.2505e+08	6.12356e+07	2.13279e+06	1.18059e+07	9.34655e+07	1.56216e+07	1.54733e+06	4.12783e+06	2.97738e+06	1.97279e+07	1.78066e+07	4.20402e+06	1.09116e+07	9.42949e+06	7.29836e+06	277048	1.87587e+06	3.34675e+06	7.49229e+06	8.21624e+06	7.18897e+07	2.38085e+08	6.01071e+08	1.213e+08	6.11832e+08	4.83804e+08	4.60159e+07	1.02293e+08	9.8362e+08	5.51065e+08	6.52711e+07	1.02858e+08	6.14237e+07	2.71505e+07	1.60008e+08	2.77923e+08	1.07702e+08	1.80739e+08	1.19396e+08	3.3765e+08	6.83315e+07	1.4417e+08	1.73061e+07	5.14005e+07	8.27431e+07	1.88399e+08	4.07839e+08	5.36849e+08	4.07657e+08	5.12963e+08	1.61042e+08	1.23063e+08	1.04037e+08	2.48689e+08	2.27277e+08	1.8815e+08	3.39967e+08	2.00842e+08	1.39755e+08	2.6243e+08	1.33169e+08	2.81629e+08	8.42817e+07	1.63425e+08	2.37565e+08	6.41979e+07	7.93679e+07	4.18699e+07	1.56849e+08	7.91345e+07	6.11692e+07	1.04598e+08	5.46142e+07	2.13054e+08	1.00782e+08	1.55058e+08	1.39079e+08	1.22397e+08	
data	data	SFG_L_7_1	SFG_R_7_1	SFG_L_7_2	SFG_R_7_2	SFG_L_7_3	SFG_R_7_3	SFG_L_7_4	SFG_R_7_4	SFG_L_7_5	SFG_R_7_5	SFG_L_7_6	SFG_R_7_6	SFG_L_7_7	SFG_R_7_7	MFG_L_7_1	MFG_R_7_1	MFG_L_7_2	MFG_R_7_2	MFG_L_7_3	MFG_R_7_3	MFG_L_7_4	MFG_R_7_4	MFG_L_7_5	MFG_R_7_5	MFG_L_7_6	MFG_R_7_6	MFG_L_7_7	MFG_R_7_7	IFG_L_6_1	IFG_R_6_1	IFG_L_6_2	IFG_R_6_2	IFG_L_6_3	IFG_R_6_3	IFG_L_6_4	IFG_R_6_4	IFG_L_6_5	IFG_R_6_5	IFG_L_6_6	IFG_R_6_6	OrG_L_6_1	OrG_R_6_1	OrG_L_6_2	OrG_R_6_2	OrG_L_6_3	OrG_R_6_3	OrG_L_6_4	OrG_R_6_4	OrG_L_6_5	OrG_R_6_5	OrG_R_6_6	OrG_R_6_6	PrG_L_6_1	PrG_R_6_1	PrG_L_6_2	PrG_R_6_2	PrG_L_6_3	PrG_R_6_3	PrG_L_6_4	PrG_R_6_4	PrG_L_6_5	PrG_R_6_5	PrG_L_6_6	PrG_R_6_6	PCL_L_2_1	PCL_R_2_1	PCL_L_2_2	PCL_R_2_2	STG_L_6_1	STG_R_6_1	STG_L_6_2	STG_R_6_2	STG_L_6_3	STG_R_6_3	STG_L_6_4	STG_R_6_4	STG_L_6_5	STG_R_6_5	STG_L_6_6	STG_R_6_6	MTG_L_4_1	MTG_R_4_1	MTG_L_4_2	MTG_R_4_2	MTG_L_4_3	MTG_R_4_3	MTG_L_4_4	MTG_R_4_4	ITG_L_7_1	ITG_R_7_1	ITG_L_7_2	ITG_R_7_2	ITG_L_7_3	ITG_R_7_3	ITG_L_7_4	ITG_R_7_4	ITG_L_7_5	ITG_R_7_5	ITG_L_7_6	ITG_R_7_6	ITG_L_7_7	ITG_R_7_7	FuG_L_3_1	FuG_R_3_1	FuG_L_3_2	FuG_R_3_2	FuG_L_3_3	FuG_R_3_3	PhG_L_6_1	PhG_R_6_1	PhG_L_6_2	PhG_R_6_2	PhG_L_6_3	PhG_R_6_3	PhG_L_6_4	PhG_R_6_4	PhG_L_6_5	PhG_R_6_5	PhG_L_6_6	PhG_R_6_6	pSTS_L_2_1	pSTS_R_2_1	pSTS_L_2_2	pSTS_R_2_2	SPL_L_5_1	SPL_R_5_1	SPL_L_5_2	SPL_R_5_2	SPL_L_5_3	SPL_R_5_3	SPL_L_5_4	SPL_R_5_4	SPL_L_5_5	SPL_R_5_5	IPL_L_6_1	IPL_R_6_1	IPL_L_6_2	IPL_R_6_2	IPL_L_6_3	IPL_R_6_3	IPL_L_6_4	IPL_R_6_4	IPL_L_6_5	IPL_R_6_5	IPL_L_6_6	IPL_R_6_6	PCun_L_4_1	PCun_R_4_1	PCun_L_4_2	PCun_R_4_2	PCun_L_4_3	PCun_R_4_3	PCun_L_4_4	PCun_R_4_4	PoG_L_4_1	PoG_R_4_1	PoG_L_4_2	PoG_R_4_2	PoG_L_4_3	PoG_R_4_3	PoG_L_4_4	PoG_R_4_4	INS_L_6_1	INS_R_6_1	INS_L_6_2	INS_R_6_2	INS_L_6_3	INS_R_6_3	INS_L_6_4	INS_R_6_4	INS_L_6_5	INS_R_6_5	INS_L_6_6	INS_R_6_6	CG_L_7_1	CG_R_7_1	CG_L_7_2	CG_R_7_2	CG_L_7_3	CG_R_7_3	CG_L_7_4	CG_R_7_4	CG_L_7_5	CG_R_7_5	CG_L_7_6	CG_R_7_6	CG_L_7_7	CG_R_7_7	MVOcC	MVOcC	MVOcC	MVOcC	MVOcC	MVOcC	MVOcC	MVOcC	MVOcC	MVOcC	LOcC_L_4_1	LOcC_R_4_1	LOcC_L_4_2	LOcC_R_4_2	LOcC_L_4_3	LOcC_R_4_3	LOcC_L_4_4	LOcC_R_4_4	LOcC_L_2_1	LOcC_R_2_1	LOcC_L_2_2	LOcC_R_2_2	Amyg_L_2_1	Amyg_R_2_1	Amyg_L_2_2	Amyg_R_2_2	Hipp_L_2_1	Hipp_R_2_1	Hipp_L_2_2	Hipp_R_2_2	BG_L_6_1	BG_R_6_1	BG_L_6_2	BG_R_6_2	BG_L_6_3	BG_R_6_3	BG_L_6_4	BG_R_6_4	BG_L_6_5	BG_R_6_5	BG_L_6_6	BG_R_6_6	Tha_L_8_1	Tha_R_8_1	Tha_L_8_2	Tha_R_8_2	Tha_L_8_3	Tha_R_8_3	Tha_L_8_4	Tha_R_8_4	Tha_L_8_5	Tha_R_8_5	Tha_L_8_6	Tha_R_8_6	Tha_L_8_7	Tha_R_8_7	Tha_L_8_8	Tha_R_8_8	
2.68577e+07	SFG_L_7_1	0	3.21592e+06	7.37137e+06	233.523	248767	41251.9	511928	333706	21228	2710.59	51729.3	50039.9	696.673	1189.82	62.5761	7.31499	0	0.364669	0.00297619	0.9566	0.0030303	0.0224823	1.26815	5207.79	0.0325203	248.901	0.537013	437.017	0	0	0	0	1874.47	0	0.0283934	0	2558.75	0	25692.7	0	0.0870629	0	0.191838	0	0	0	0.00387597	0.00666667	0.251829	0	0.0790846	0	0.00617284	0	0.120361	0	2075.84	0.00546448	2002.62	15.0765	0.316476	0	463.057	0	1028.99	8.08932	309.679	1.30389	9.29847	0	0.394915	0	1.00233	0	0.00512821	0	1.99001	0	0.250052	0	0.00497512	0.00292398	2.69287	0	0.0189593	0.00294985	0.938716	0	0.0301949	0.00287356	4.35651	0.00378788	0.947022	0	0.00392157	0	14.3945	0.0318411	0.0178063	0.00292398	0.0042735	0	7.8904	0.00287356	6.89033	0	11.569	0	0.00529101	0	0	0	1.0896	0	0.00462963	0	0.128608	0	1.10177	0	0.0202067	0	0	0	8054.44	25.6066	330.959	0.348043	0.0497639	0	927.034	8.67115	0.272394	0	347.935	3.7991	3.29219	8.11203	0	0	0.131304	0	95.1592	0	0.222222	0	3635.33	10.9467	12492.2	69.9715	216.783	0.924418	53.3375	26.6722	0.0481311	0	0.547647	0	0.00546448	0	1628.41	8.20073	2.15194	0.0265585	0.0787157	0	0.354947	0	378.143	0.00292398	0.177466	0.0119086	362.84	0.0606145	0.00793651	0.004329	1.29887	8306.45	1327.87	3939.05	229.576	1.22242	94135.4	9.8483	678.4	0.513877	0.242718	0	1.17316	0	2.538	0	6.95167	0.00287356	3.85124	0.0182648	74.98	0	18.1607	0	20.8228	0	1.3791	0.00287356	62.1865	0	0.0132462	0	0.0641084	0.412373	0.0856262	0.0262422	0.197399	0	9820.66	0.0262422	4.91209	0.003663	6.0257	0	85090.4	0.100486	87.2607	0.00984667	79.9594	0.0105774	72169.4	534810	5243.85	0.0968452	2785.31	0.238495	387860	0.0249858	201.668	0.97701	11389.1	0.0283978	69407.3	2.54113	45680.7	1.63736	36545.8	1.37294	137312	2.14397	
5.82111e+07	SFG_R_7_1	3.21592e+06	0	1.47087e+06	181388	111125	435532	1.16279e+06	5.96186e+06	75287.6	522322	46281.3	2.84111e+06	2275.16	121679	119.326	38281.1	27.9992	14.8556	0.109541	20786.5	0.0148555	23408.3	38756.1	2154.05	106808	8.28751	20.2127	642.445	0.0267094	72957	0	2532.26	33.002	139660	0.0211694	150.854	23.482	62442.7	77.5924	914434	0	0	0	1.80504	0	0.0138173	0	7.89164	0	0	0.00537634	58.1794	0	0	885.459	0.378922	61.4937	27.9527	160.411	88.5993	0.0552697	614.49	0.616159	448.235	0.145885	153.21	0.251319	321.017	0	0.123005	0.0037037	34.4835	0.00320513	51.9155	0	713.944	0.00362319	0.280429	0.0136566	34.2559	0	123.012	0.0935688	9.64043	0	42.1307	0.240353	143.862	0	26.4209	0.0911941	0.665816	0	0.119171	0	193.961	0.0911941	31.3846	0	15.3049	0	10.2132	0.364321	1.72288	0.612518	0	0.392647	0.180053	0	0.0806989	0	0	0.108356	0	0.521114	0.145563	0.00170068	0.0592023	0.0753037	0	0	9.41423	0	1235.43	9.13106	1539.76	1.96664	1175.25	0	1.3728	0.120362	1150.09	2.31351	54.1921	15.3747	6141.03	0.0471976	5978.62	0	0	0	183.623	0.0827601	2.94824	0	263.759	77.433	244.57	1.59347	1167.47	3.38016	538.516	614.563	16558.8	0	0.0959974	0	229.561	0	0.00653595	4.07694	310.718	0.0530959	36947.8	0	0.0138173	0	85.1933	5.64187	2388.95	0	13183.3	2.74381	95288.4	0.230927	0.137219	1715.68	6115.63	580.765	93421.8	1.14446	618.201	14432.1	12610.9	0.394901	69.7266	0	0	6.30918	5.56936	0	0.0235732	0.0121768	22.7836	2.31454	0.158403	0.223526	10.1064	2.26239	195.983	2.1297	0.330794	0	38.863	72.0358	0	0.0139388	52.3343	0.105115	4484.8	0.0026455	2282.91	0.0209126	0.909254	41.2305	242712	0	7.97513	0.195183	3.86049	68.9141	3.37038e+06	0.0897225	10.3274	0.0787992	29.7602	1826.21	2.44587e+06	62.0601	193602	1.35489	234916	38.7219	3.09529e+06	5.84688	0.592057	1.17996	26.1976	0.812143	350215	0.0175554	63486.5	0	94376.8	2.08978	1.11435e+06	
1.72792e+08	SFG_L_7_2	7.37137e+06	1.47087e+06	0	36.156	2.20964e+07	803704	2.69565e+07	18692.1	683.091	1082.82	2129.56	90464.7	25.4926	2158.19	3.65413e+06	0.802911	42.4761	0.272128	294.191	0.576166	14.273	0.0502881	1.56103e+06	828.499	107783	48.4379	5.49699	1756.54	68415.8	0	32.4403	0	532775	0.017556	165.085	0	280573	0.0168803	5.23082e+06	0	0	0	0.51881	0	0.0122489	0	0.0327973	0	1.73928	0	212.018	0.00574713	1069.24	0	1121.6	0.033881	18.2978	0.0912379	9.01716	4.89193	21098.1	0.00387597	599827	0	0.0948652	15.5223	0.0567595	0.0598718	129.248	0	165.267	0	591.635	0	4.53593	0.00326797	59.7771	0	212.04	0	3.21034	0.00311526	670.272	0	3.43697	0	681.99	0	186.458	0	1326.46	0	188.385	0	2.1309	0	3056.65	0	12.3214	0	2.60619	0	1696.33	0	952.444	0	2241.16	0	2.14109	0	0.110398	0	182.883	0	0.0728331	0	0.978686	0	177.265	0	1.19658	0	0.0848191	0.00326797	527.439	25.6037	32.0862	0.932335	0.0222469	0	1260.4	10.7034	0.684551	0	56651.3	1.51477	46.4382	3.58723	0.144506	0	13.3634	0	8407.44	0	55.0704	0	1.60118	20.4682	0.0940722	75.266	1.14673	0.348857	0.0214445	9.42999	27.074	0	193.794	0	1.12115	0	8698.21	20.0679	4467.51	0.350247	96.1712	0	13521.9	0	156848	0.0256423	1812.71	0.0256423	467181	0.461866	0	0.004329	1204.11	5229.4	219.394	1278.77	0.624875	0.111861	126.031	469.671	0.0508475	2.61918	0	0.00854701	11.8694	0	9.72679	0	9763.61	0	38.0132	0.639925	28704.9	0	3076.61	0.0115942	4634.44	0	2662.64	0	9518.66	0.00223714	0.44104	0.00277778	0.77082	0.703131	0.567774	0.0606217	5.12129	0	220365	1.24934	48.4996	0.00326797	17.9485	0	2.52144e+06	8.45391	236.593	0.0100256	823.474	0.0106616	324684	131275	1.32462e+06	3.78078	44081.2	0.238216	7.54141e+06	0.00912776	1352.97	1.35718	17512.3	0.0282784	239709	1.38042	130015	0.614883	62430.2	0.414172	2.16034e+06	1.9931	
8.21321e+06	SFG_R_7_2	233.523	181388	36.156	0	4.02007	687671	0.0269388	1.44255e+06	0	0	0.297879	0	0.00225225	0.00584795	0.00653595	1.43902e+06	0	0.589006	0	51719.1	0.0020202	10911.4	1.41121	3838.27	3.33237	237188	0.00225225	11.2315	0	548.873	0	2377.63	0	29832.6	0	86.535	0	2578.82	0	5630.08	0	0	0	7.70839	0	0	0	0	0	0	0.0020202	71.092	0	0.00469484	0	0.266079	0.0314786	1.82403	0	1.2468	0	5.71302	0	23.9831	0	0.137158	0	0	0	0.0987182	0	9.30931	0	10.5952	0	96.7763	0	0.00490196	0	5.69982	0	9.20922	0	0.113552	0	3.61895	0	14.6291	0	1.79057	0	0.102081	0	0.012703	0	27.2756	0	1.37915	0	6.2627	0	1.92731	0	0.294695	0	0	0	0.0354408	0	0.00280112	0	0	0	0	0	0.0122689	0	0.108018	0	0	0	3.30279	0	170.543	0	34.74	0.003663	12.1485	0	0.0604082	0	15.3523	0.014652	0.451972	0.0145724	223.459	0	166.404	0	0	0	21.2144	0	1.22044	0	24.2012	0.00350877	0.105134	0	0.664666	0	0.00387597	0	0	0	0.0629433	0	1.75741	0	0.0266667	0.0112584	7.56242	0	776.806	0	0.00330033	0	12.9636	0.003663	41.5243	0	172.446	0	1683.27	0	0	0	0	0	0	0	0.0309034	0.00813008	0	0	0	0	0	0.00311526	0.229442	0	0	0	1.22857	0.0184973	0.00350877	0.00280112	0.426165	0.003663	8.78377	0	0.0329504	0.00280112	2.34562	0.0150702	0	0	4.11394	0	207.713	0	0.612122	0	0.108018	0.014652	19.3601	0	0.364204	0.00225225	0	0.0214372	994.092	0.0020202	0.128384	0	0.0943954	0.0228174	703.504	0.0145724	4325.26	0.0020202	177.63	0.108401	173.194	0.0237842	0	0.00854491	0.466465	0.0236533	268.28	0	101.759	0.00225225	135.269	0	181.899	
4.8174e+08	SFG_L_7_3	248767	111125	2.20964e+07	4.02007	0	2.37076e+07	647.382	4593.05	43.4303	724.404	1.36502e+07	1.8827e+06	5.84146e+07	1.62569e+07	3.58756e+07	0.00606061	1.34552	0.00595238	4.35712e+06	91578.8	31639.5	0.780543	205.014	0.223048	83.6228	0.0197531	1.40384e+06	3.46539e+06	1.72742	0	7180.01	0.0476203	183443	0.109987	98173.5	0.00245098	134152	0.549795	63821.5	0	1324.81	4509.49	11.7411	0.00229885	1.09955	0.00277778	236.725	17383.6	149.421	0.288735	141280	0.588948	31.0039	0	126.194	3.9925	78.9757	1.45696	47.5496	3.75557	79.0003	0	10.881	0	206.361	4.74278	0.0193393	0.025397	30526.7	0.00280112	10.9413	0	521.48	0	19.9906	0.00326797	1021.7	0	82.7769	0	1.25937	0.0026455	1732.25	0.103327	6.1267	0	383.01	0.0026455	27.7482	0.00287356	135.516	0.00277778	9521.63	0	0.380255	0.10478	602.63	0.00277778	2.00654	0	0.42772	0	5291.58	0.0111235	2082.84	0	2288.45	0	7474.18	0.00277778	52.273	0	327.788	0	663.938	0.00277778	295.906	0.00268817	258.921	0.0022831	0.157404	0.0026455	0.0466652	0.0293166	9878.37	1406.83	1487.26	38.1726	0	0	739.556	70.7688	4.16626	0.00287356	53428.1	2.75201	152.601	2.2429	0.323775	0	89.3136	0.0130084	3510.51	0	29.1098	0	30658.7	220.739	2159.71	148.255	44926.8	308.571	8292.81	136.365	10.2079	0	14.1106	0	0.398863	0	299.445	7.90613	3132.86	6.39875	33.4861	0	13715.9	0	193925	0.446867	81.3484	0.351156	34947.4	5.89498	614.427	1.07095	163571	1.56012e+06	591269	2538.07	170821	448.321	692883	0.5232	62500.1	14.0599	2335.98	8343.63	21481.3	0.029156	35804.8	0.00383142	393949	0.603845	35.1738	2.46088	631352	12.7412	38515.5	0.182462	17303.9	0	31907.6	0.222703	36471.2	0	504.193	170.072	456.136	27.2528	6.84687	0.0798861	7594.53	0.0875444	330206	15.1754	115903	2.20315	501345	0.205207	1.5607e+06	224.889	51264.5	1.8009	7.46842e+06	3.97689	1.95844e+07	1727.59	3.68086e+06	89.4129	5.17491e+06	43.3105	4.22253e+06	4.69758	1318.84	131.112	1.32219e+06	0.277371	420952	447.572	1.36368e+06	122.303	2.93754e+06	112.96	4.9406e+06	349.868	
1.65491e+08	SFG_R_7_3	41251.9	435532	803704	687671	2.37076e+07	0	1347.53	4085	614.935	10159.1	3.30659e+06	1.4515e+07	426231	2.69428e+06	1.86532e+06	7635.21	24.615	5.22469	7.35508	2.22945e+06	0	561497	84.423	82.9816	180.568	7.05057	1.59034	87689.5	0.0569943	1472.89	0	421648	21.0975	135430	0.0155261	69486	34.9025	26368.2	23.8754	86.9314	1.59283	0.00793651	0.0223906	896.289	0	0	0.708006	0.109038	0.0191432	0.00793651	0	11607	0.00311526	1.72451	0.367472	115.094	31.9055	363.51	52.0786	636.869	0.0275916	1205.68	0.286811	40.7211	0.0152983	291.05	0.00555556	207.738	0	95.0182	0.00383142	38.1922	0.0322804	23.6935	0	174.08	0.00165017	0.00268817	0	15.4113	0	51.9386	0.0118922	7.97966	0	99.1554	0.047882	43.6615	0	40.5588	0.0533599	2.36044	0	7.05895	0	307.757	0.0863078	72.9113	0	27.3258	0	23.4449	0.53695	18.7824	0.619803	0	0.90715	0.579825	0.00254453	25.2535	0	3.31199	0.0959377	0.0105307	0	29.6041	0	20.9533	0.0956064	1.78284	0	5.36182	0	225.435	1.60354	8586.86	0.502127	1105.77	0	0.14903	0.322127	11642	0.0309547	97.3332	3.40307	4082.58	0.0133071	2957.29	0	0.00490196	0	57.8712	0.0493659	1.77255	0	1151.78	151.773	1261.55	0.0434566	928.838	1.18024	2100.12	1477.4	48438.8	0	15.464	0	829.557	0	1.94188	2.70839	15216.3	0	32361.5	0.00297619	0	0.143896	10980	27.2166	822.359	0	6036.07	9.34299	259771	0.517893	4.7365	18907.3	131884	95.0852	20.3178	0.0611446	3440.49	9.27628	31.568	0.0357644	44.903	0	1.08919	0.299662	368.133	0.00225225	1.08119	0.473736	2234.41	0.258673	0.0141075	4.35577	686.893	0.718924	639.88	0.104597	1.30309	0.185811	3158.02	30.6738	0.00421941	0.159576	929.758	0.186228	4872.71	0	128.831	0.0267833	3006.95	13.1759	14504.9	0.0444079	5882.54	0.421991	29786.7	75.9955	3.43012e+06	2.76899	987.069	2.36841	210297	75.9353	1.36814e+07	20.6807	1.09145e+06	0.0113196	4.59935e+06	76.8818	944850	54.0091	111.286	0.333462	6381.12	65.2423	1.73186e+06	0.188677	1.13838e+06	0.358941	1.47012e+06	0.465769	1.75189e+06	
1.27644e+08	SFG_L_7_4	511928	1.16279e+06	2.69565e+07	0.0269388	647.382	1347.53	0	743615	1.14222e+07	536124	15.7702	3226.2	2.95174	149.97	4621.25	0.161409	33.0601	0	101.162	0.137568	72.639	0.0506727	2250.7	4.49469	71449.6	0.724257	104.402	418.703	37019.3	0	0.0070922	0.00564972	4626	0	101.675	0	1565.16	0	648999	0	0.042863	0	0.345111	0	0.248624	0	12.5427	8.13775	13.3865	0	168.696	0.00574713	3257.41	0	488970	355.563	774.488	81.8213	8298.3	218.241	71880.7	0.00387597	451995	0	1490.08	31.5368	0.348745	405.166	13.3704	0	1.20732	0	139.519	0	0	0.00311526	2.30838	0	2.6042	0	0.130713	0	32.3221	0.0542453	0	0	22.5999	0	0.253995	0	17.1893	0	7.09643	0	0.0164634	0.00362319	29.3458	0	0.184629	0.00294985	0.0193277	0.00294985	26.7383	0	29.5556	0	90.9632	0	0.079034	0	0	0	6.71912	0	0.334109	0	0.673289	0	4.78976	0	0.00617284	0	0	0.00311526	16837.1	6.26282	19437.7	0.186665	0	0	49733.5	3.33491	0.0523291	0	15433.1	3.33831	0.955918	21.6469	0.00666667	0	0.0549009	0	541.452	0	0	0	1416.19	28.6274	7185.64	142.451	0.321036	24.9259	5.50095	487.43	1.26828	0	0.0356125	0	0	0	11048.2	3.57752	1063.74	0.00260417	55.8271	0	236.863	0	8851.04	0	0.186829	0	4393	0	0.00574713	0.0962367	0	111.967	3.17593	8.43337	1.00994	26.7616	2661.84	1260.11	0.615176	7.30593	0	0	20.7255	0.00411523	0.147838	0.00537634	24.1654	0	124.958	0.136256	106.42	0	849.551	0	1574.94	0	3.5468	0	882.521	0.00223714	0	0.00277778	16.2849	0.016732	61.0681	0.0606217	136.455	0	392582	0.773971	5.19178	0.00362319	348.749	0	2.73675e+06	1.27654	1098.81	0.0472327	177.069	0.136348	12910.5	19562.6	134126	0.360023	460.359	0.00378788	1.51313e+07	0	3502.01	0.0323019	751.84	0.0373608	39418.8	0.0144424	8188.73	0.00362319	629.973	0.00362319	2.05705e+06	0.0323019	
4.46665e+07	SFG_R_7_4	333706	5.96186e+06	18692.1	1.44255e+06	4593.05	4085	743615	0	511649	1.54949e+06	46.4743	0	147.914	160.391	69.5805	450025	0.0280733	740.773	0.0863741	119721	0.57115	141990	12.3408	59932	408.198	1.86382e+06	25.1154	1380.55	0	25786.8	0	7960.84	5.4516	27074.2	0	378.236	3.84923	18916.7	5.83454	1.16428e+06	0.00520833	0.00340136	0	4.60676	0	0.0138173	0.00617284	9.30602	0.609909	0.00340136	0.691483	123.801	0.177434	1410.67	26.6864	868819	0.385496	1000.6	0.0195921	12066.8	0	73146.6	0	326086	0.00497512	1.19446	0	115.841	0	0.34289	0.0035461	5.13172	0.00170068	130.834	0	98.5778	0.00170068	0.287767	0.00170068	79.3371	0	198.765	0.0035461	3.52773	0	38.4409	0	198.768	0	34.5642	0.003663	1.17494	0	0.0271119	0	288.416	0.0160979	20.55	0	9.55597	0	6.4408	0.00287356	1.76164	0.00287356	0	0.0030303	0.0932498	0	0.0254249	0	0	0	0	1.05755	0.147157	0	0.0113993	0.00287356	0	0	23.5573	0	405.042	0.40268	11560.8	0.084786	26891.3	0	0.891758	0	8529.3	0.21707	2494.62	0.0543773	44376.9	0.0030303	196118	0	0	0	944.359	0	25.896	0	1179.99	0.154987	15.5127	0	13.8725	0.0127665	0.104649	0.0542801	0	0.00595238	1.76752	0	8.6519	0	22.1298	0.917714	647.789	0.00378788	15811.5	0	0.0138173	0	251.811	0.0514955	597.988	0	1838.93	0.00297619	16751.1	0	0	0	0.00350877	0.117115	0	0.0509412	0.345073	16.0949	0	0.215934	0	0	0	2.26691	4.82382	0	0	0.00323625	28.6341	2.67291	0.213295	0.0397654	6.52917	0.0141117	115.047	0.0276349	1.34045	0.00916391	73.3075	29.2604	0.0168776	0.00220751	72.2389	0	10832.2	0	35.665	0	0.280982	1.36596	741550	0	1.14272	0.0296296	6.79163	1.24683	4.54342e+06	0.101303	16.5904	0.0532231	46.5244	3.42661	193986	0.284739	183614	0	2936.36	1.0919	331513	0.130071	13.854	0	0.00271003	0.0269442	54929.6	0.00314465	6738.88	0	1340	0.125444	196345	
2.89581e+07	SFG_L_7_5	21228	75287.6	683.091	0	43.4303	614.935	1.14222e+07	511649	0	1.43239e+06	23.9123	2037.25	4.07972	93.9166	1.68742	0	0	0	0.0727874	0	0	0	0	0	7.16122	0	10.2703	8.61267	0.00952381	0	0	0	0	0	0	0	0.00628931	0	0.415818	0	1.02641	0	0.0633634	0	0.0336336	0.0226054	3.45931	33.3739	8.02584	0	0	0	0.0345515	0	7335.35	7814.81	10307.3	6363.88	157530	21735.1	0.732219	0	1.54601	0	17608.5	283.879	90078.7	26372.6	0.663915	0	0	0.0045045	0	0	0	0.0045045	0.0725726	0	0	0	0	0	0.0047619	0.00378788	0	0	0	0	0	0	0.0180213	0	0.04393	0	0	0	0.0665198	0	0	0	0	0	0.00320513	0	0.00320513	0	0.00260417	0	0.00490196	0	0	0	0	0	0	0	0.0781472	0	0.00320513	0	0	0	0	0	32571.4	104.067	9603.7	0.0430037	0	0	36111.5	63.004	0	0	4.00565	50.0517	0	361.275	0	0	0	0	0.0748711	0	0	0	1289.47	49.6648	26687.3	221.433	0.0947619	26.9685	2.80337	405.433	0	0	0	0	0	0	10901.3	1.55023	0.230736	0.0031746	0	0	0	0.0031746	0.548118	0	0	0	0.0170689	0	0.00574713	0.156046	0.0567633	137.703	3.44816	7.49185	0.831606	24.1281	70161	675.987	420.682	243.538	0.10523	0.00555556	0.0391197	0	0	0.00537634	0.0642803	0	1.59166	0.00888889	0.0681468	0	0.038016	0	0.0995832	0	0	0	0.563841	0	0	0	0.0444689	0.0180213	5.04347	0	17.2169	0	778.485	0.00416667	0.538452	0	31.9762	0	5557.29	0	115.589	0.123425	14.873	0.0114782	3.82343	2.88942	48.2024	0.130408	0.277206	0	376116	0	136.173	0.0035461	13.0397	0	33.7751	0	5.91593	0	0.204893	0	94339.4	0.0035461	
1.43353e+07	SFG_R_7_5	2710.59	522322	1082.82	0	724.404	10159.1	536124	1.54949e+06	1.43239e+06	0	38.2625	23359.3	235.084	3118.75	1.82689	0.231204	0	0.167086	0.269465	0.119509	1.10663	0.116191	0.0306554	4.21323	55.5958	0.118206	3.27838	39.9757	0	0	0	0.116191	2.97939	0.0045045	0	0.291324	1.98243	3.08776	3.86263	46.7836	1.06104	0.00340136	0.0310486	0.00595238	0.0146248	0	1.37137	1.61847	0.0424547	0.00340136	1.27188	0.14326	4.67416	154.971	232000	583439	4868.61	30.0268	15195.8	814384	0	3740.39	0	5670.53	1.63425	1737.56	314.929	574448	0	0	0	0	0	0.00952381	0	0	0	0	0	0	0	0	0	0.0443502	0	0	0	0	0	0.00462963	0.0178979	0.0047619	0	0	0	0.122318	0.0400047	0.0047619	0	0	0	0	0.00294985	0	0.00294985	0	0	0	0	0	0	0	0.00294985	0	0.00529101	0	0	0	0	0	0	0	0	0	1.58451	68.7346	0.0183517	0.0257922	0	0	2.85861	20.4023	0.0030303	0.0450023	0.0140081	1.49182	0.0030303	1.91115	0	0	0	0	0	0	0	0	430.464	2759.08	0.54759	6106.72	0.0375661	1939.45	33.9616	14865.4	0.0291093	0	0	0	0	0	62.2265	18.0727	0	1.98395	0	0	0	0.827952	0.0125004	0.320296	0	3.1224	0.0125004	86.3291	0	0.0439085	0.00793651	19.2539	0	10.9687	0	24.6969	2751.73	12664.1	2.40502	46558.8	0	0	0.00374532	0.00462963	0	0.00877193	0.00330033	0.00266667	0	0.00490196	0.00330033	0.00462963	0	0.0218438	0	0	0	0.00266667	0.303337	0.00421941	0	0.00266667	0	0.264557	0	35.5007	0	0.00483092	0.0817061	10343.6	0	0	0.238489	5.70803	0.767297	325747	0.255586	0.648628	0.00343643	25.2202	0.0948042	10895.8	3.21649	1204.86	0.0146705	0.684358	0.314115	328857	0.0212593	30.5066	0.241436	0.166967	0.0362314	7443.18	0.00358423	1180.91	0.00358423	18.3422	0.220603	75522.9	
5.95191e+07	SFG_L_7_6	51729.3	46281.3	2129.56	0.297879	1.36502e+07	3.30659e+06	15.7702	46.4743	23.9123	38.2625	0	1.42775e+06	8.58291e+06	69746.2	285634	0.00775194	0	0	0	5708.92	0	0.0146716	0	0	0.0238171	0	0	86266.4	0	0	0	0	0.00497512	0	0	0	0.00497512	0.00266667	0.00497512	0	13.9819	0	0	0	0	0.00277778	0	25.4056	0	0	0	0.0106243	0	0	0.0347375	0	0.804935	0	0.743255	0.00275482	0	0	0	0	137.35	0	0.00952381	0.42914	0.00411523	0	0	0	0	0	0	0	0	0	0	0	0	0	0.00411523	0	0	0	0	0	0	0	0	0	0.00411523	0	0	0	0	0	0	0	0	0	0	0.00268817	0	0	0	0	0	0	0	0	0	0	94.3012	0	0.338447	0.00268817	2.40958	0	0	0	0	0	482.815	0.323783	805.986	7.18131	0	0	16.9512	0.158628	0	0	0.00469484	0.0257884	0	0.0257884	0	0	0	0	0	0	0	0	49987.8	23.8787	2610.68	0.00694444	43176.2	195.269	11588.7	509.109	0	0	0	0	0	0	0.0547534	0.00311526	0	0.0259396	0	0	0	0	0	0	0	0.00292398	0	0.00292398	39.6686	0.0992652	1062.79	25621.3	1.57454e+06	17757.3	54304.1	328.436	445376	2.2138	11653.4	0.0552947	10.7894	1.55082	0	0	0	0.0253991	0	0.00203252	0	0	0.0254079	1.01028	0	0.0135903	0	0	0	0	0	0	0.00910221	34.7051	0.0343144	3.82102	0.498127	0.00392157	0	0.00944139	1852.73	0.594992	216.345	0.0246884	0.00833333	0.00277778	0.0666035	23.1605	0.0981523	0.0108889	0.0981523	0.070972	28.5062	744.046	0.0180708	1.11989	0.0727064	35.5528	0.329737	2.83652	0	0.361969	0.131065	0.0301841	0.252086	436.808	263.875	96.857	0.126212	96.2029	0.364321	255.16	
5.24967e+07	SFG_R_7_6	50039.9	2.84111e+06	90464.7	0	1.8827e+06	1.4515e+07	3226.2	0	2037.25	23359.3	1.42775e+06	0	80686.3	3.39995e+06	443773	0	1.5506	0	0.055031	0.167032	0	0.0138889	0.98264	0	5.2897	0	0.00268817	0.912216	0.00617284	0	0	0.0138889	0.116654	0.0138889	0	0	0.0684042	0	0.41875	0	0.199039	0	0	0	0	0	0	0	0	0	0	0	0	0	0.0450874	0	14.2853	0	54.4792	0.0226054	0	0	0	0	0.0045045	139.291	0	121.847	0	0.004329	0.0037037	0	0	0	0	0	0	0	0	0	0	0	0	0.0176608	0	0	0.0037037	0	0	0	0.014668	0	0	0	0	0.0045045	0.0337666	0	0	0	0	0	0.0121083	0	0.0121083	0	0.0134804	0	0	0.00277778	0	0	0.002849	0	0	0.0251194	0	0	0.002849	0	0	0	0	0	0.0434856	1.97408	0.869333	0.0996737	0	0	0.00421941	1.06236	0	0	0.292395	0	0	0	0	0	0	0	0	0	0	0	185.043	298.849	0.0260859	325.563	19.4798	6222.81	4462.96	161130	0	0	0	0	0	0	0.0178979	0.00512821	0	0	0	0	0	0	0.0794037	0	0	0	0.0294193	0	0.660888	3.63691	723.327	102413	13170.8	1.07216e+06	2.44299	25638.7	3732.5	478.297	0.108272	45.3229	0	94569.8	0	0	0	0.909328	0.00311526	0	0	0	0.032583	1.8927	0.0248584	0	0.0134694	0	0.00311526	0	0.0134804	0	0.0368473	0.00200803	1.23364	0	0	0	0	0.931948	0.806584	1.19875	0	1.62914	0	0	4.40842	4.96469	0.00396825	0.787109	0	1.28864	10.7757	1634.76	0.749168	1.54512	0	89.5617	5.19601	14.1922	0.0128252	0.0283816	0.00362319	1.08315	0.0510921	238.34	0.00546448	114.047	0	160.854	0.0375997	44.9365	
2.61882e+08	SFG_L_7_7	696.673	2275.16	25.4926	0.00225225	5.84146e+07	426231	2.95174	147.914	4.07972	235.084	8.58291e+06	80686.3	0	1.18364e+07	19561.6	0.00606061	0.0592949	0.00595238	156593	4210.35	1860.92	0.00957283	3.24804	0.223048	2.23325	0.00617284	2.67945e+07	7.71766e+06	0	0	0.777912	0	0.0111111	0.00241546	4264.28	0.0384458	90.1924	0.196333	0.00595238	0	5.01941e+06	255819	5.22988	0.00248756	0.331956	2.51444	381507	1.63429e+06	299864	38.1232	27260.6	0.0602572	0.758401	0	4.72989	7.80115	8.35723	106.31	22.1843	47.5078	0	0	0.00505051	0	50.9505	0	0.206553	0.635892	6079.92	0.00483092	0.031583	0	0.457059	0	4.32458	0	141.772	0	1.64257	0	0.0799064	0	1096.14	0.180784	0.78264	0	55.0829	0	0.00333333	0	0.017836	0	4762.24	0	0	0.0460804	5.20539	0	0.00401606	0	0	0	89.1939	0	113.85	0	50.8024	0	38.6432	0	1.22626	0	20.0376	0	59.3923	0	4.87735	0	4.81014	0	0.0035461	0	0	0	26.6299	9.27772	158.058	3.65793	0	0	4.29205	0.223266	0.876386	0	4718.33	0.00287356	15.3524	0.0107597	0.0186489	0	6.70362	0	50.0688	0	0.0179073	0	30288.5	16.284	293.173	0.41497	36978.8	83.728	9547.65	164.544	0	0	0	0	0	0	3.42083	0.00245098	0.0454335	0.0102516	0.470406	0	0.00294985	0	273.526	0.0373189	0	0	0.265902	0	24392.6	1.32357	194088	505174	3.80368e+06	1557.16	98241.6	227.721	597508	0.199184	58323	27.2081	357531	57456.9	6535.06	0	9761.78	0.00505051	29771.6	0.133222	0.0163605	0	54331.7	3.36447	4340.95	0.00287356	1575.7	0	653.572	0.0973885	1021.14	0	82.5671	35.937	89.7575	1.44253	0.766662	0	173.629	0.00273224	2729.35	0.0102314	1625.35	1.10496	392201	72.4773	6995.48	0.784587	126542	301.842	1.92476e+06	1.71607	384071	193.737	235229	4.08451	89783.1	11.6213	3978.38	0.349161	86.3108	1.01082	75870.6	5.03744	2425.09	62.5136	8027.79	9.40008	81188.9	12.4437	41429.5	42.9136	
1.02704e+08	SFG_R_7_7	1189.82	121679	2158.19	0.00584795	1.62569e+07	2.69428e+06	149.97	160.391	93.9166	3118.75	69746.2	3.39995e+06	1.18364e+07	0	21074.4	0	0.557894	0	1.97256	10.1514	0.00617284	6.22034	106.449	0.00617284	28.678	0	224157	6.31524e+06	0.00606061	0	0	0	0.0210101	0.0874926	0	21.0021	0.00444444	9.22303	0.0210101	0	1898.17	2.78753e+06	7.28378	16.6906	8.34703	0.00229885	5254.76	612868	59.2324	6870.38	0.137114	145.098	0.0208333	0	0.00520833	6.22238	0.442239	10.2756	2.5193	41.5527	0	0	0.0484119	0	0	0.384343	0	13.1948	0.0539388	0.470375	0	0	0	0.0037037	0	0.0037037	0.0463926	13.1535	0.00289855	0.0037037	0	0	0	1.44161	0	0	0	0	0	0.0107747	0	0.0184973	0.0154148	0	0	0.0950441	0	0.0184973	0	0	0	0.00164204	0.0250747	0.00374532	0.140623	0	0.00273224	0.0747055	0.00280112	0.0137823	0	0	0	0	0	0.0137823	0.00280112	0.00326797	0.011252	0.00340136	0	0	0	0	0.0587289	3.57755	50.5783	300.134	0	0	0.00421941	16.9096	0.003003	0	0.0917179	25.1079	0	10.7928	0	0	0	0	0	0	0	0	17.6726	562.457	0	5.46398	118.329	4912.26	1297.71	54797.1	0	0	0	0	0	0	0.214037	0.272091	0	1.26171	7.09273	0	0	0	0.124078	2.50916	0	0	0	0	0.166078	412.925	128776	4.38943e+06	25610.9	232721	1.00449	25502.3	77.9088	20.9454	0.451017	514.096	18189	1.64828e+06	0	1666.29	37.6898	21.6808	177.474	2239.62	0.00401606	0.153562	346.61	2819.72	37.0155	15.5139	0.028506	0.00421941	45.9205	672.029	5.36337	0.00416667	12.8791	60.318	11.3152	90.0453	0.0264042	0	0.576578	0.702003	1.64765	4.59397	33.5591	7.67259	222.897	23762.5	0.552818	895.374	638.276	42098.8	803.446	165011	33.3276	44751.8	57.2365	136855	2.57071	20374.2	0.126399	2134.43	18.2911	2.85467	5.85664	184.561	51.604	1063.56	0.340379	4276.79	0.851327	4454.21	1.00889	3026.05	
1.45003e+08	MFG_L_7_1	62.5761	119.326	3.65413e+06	0.00653595	3.58756e+07	1.86532e+06	4621.25	69.5805	1.68742	1.82689	285634	443773	19561.6	21074.4	0	0	116613	0	8.9699e+06	22.7475	757306	0.259971	3.18883e+06	0	187686	0	14653	44.9416	8243.59	0	16700.8	0.0226145	238540	0	47230.2	0	88115.7	0	88193.4	0	0	0	4.82226	0.002331	0.46004	0	0.231243	0	0.187704	0	16621.3	0.098509	215.209	0	4542.74	0.0142607	66.6468	0.128653	1.11897	0.771393	378.869	0	811.201	0	0.0236007	1.49272	0	0	1206.33	0.00280112	726.976	0.0030303	2018.53	0	158.974	0.0030303	241.667	0	570.393	0	22.5578	0	1432.87	0	128.978	0	1727.33	0	189.06	0	1572.91	0	838.454	0	17.9495	0	4882.08	0	87.6589	0	26.0656	0	2703.24	0	3870.74	0	5095.24	0	43.0801	0	0.207129	0	373.755	0	1.24653	0	2.35389	0	216.524	0	73.8819	0	9.20252	0	394.86	66.7078	984.83	1.52567	0	0	40.0151	4.04375	8.9243	0	123812	0.0119057	346.453	0.003003	1.54481	0	221.883	0	10679.9	0	18.9442	0	1.21741	9.80199	1.12424	13.325	0.578812	0.777692	0.913547	5.42786	14.2361	0	18.1462	0	1.5302	0	76.3591	2.71151	11327.4	0.0263331	68.0151	0	181846	0	870479	0.0099134	136.66	0	59067	0.0185328	0.0045045	0.0183987	0.107799	7142.08	85.4292	256.679	42.868	1.24832	2.93252	0.0612245	0.151118	0.0228758	0	0.554393	23417	0.110657	25845.3	0	994461	1.0477	4.5579	1.17032	1.792e+06	0.947104	54176	0	32115.6	0	169230	0.233081	141456	0	1079.52	0.0654071	979.018	0.0433846	0.311027	0	37.0492	0.00280112	22300.7	1.15919	1574.64	0.024874	9.69281	0	308632	15.3126	10698.4	0.0876462	1.73179e+06	1.51872	1.42761e+06	132.204	5.68517e+06	4.68551	631161	4.93999	1.01958e+06	1.04858	60.7446	5.21719	45730.2	0.0280943	87558.5	58.0123	136096	14.0158	180507	14.9612	767668	39.3334	
4.24169e+07	MFG_R_7_1	7.31499	38281.1	0.802911	1.43902e+06	0.00606061	7635.21	0.161409	450025	0	0.231204	0.00775194	0	0.00606061	0	0	0	0	4915.05	0	7.2732e+06	0.0020202	738616	0.107255	1.06157e+07	0.933419	588294	0	180.581	0	158.378	0	20134.1	0	5379.32	0	666.757	0	310.367	0	405.391	0	0	0	80.1179	0	0	0	0	0	0	0.0020202	804.129	0	52.9546	0	160.266	0.0579881	73.2049	0	508.206	0	204.887	0	6117.22	0	0	0	0	0	0	0	1.05067	0	47.3426	0	36.0953	0	0.479295	0	41.5132	0	268.772	0	4.03041	0	101.416	0	231.088	0	44.4883	0	1.59931	0	0	0	235.501	0	39.15	0	33.7214	0	19.3051	0	1.05911	0	0	0	0.123768	0	0.00396825	0	0	0	0	0	0	0	0	0	0	0	113.692	0	33.7099	0	83.7986	0.003663	49.3265	0	1.45571	0	94.6228	0.003663	0.604156	0.0030581	839.835	0	1129.42	0	0	0	74.6302	0	1.34632	0	69.9859	0	0.482294	0	0.2391	0	0	0	0	0	0.186358	0	19.2011	0	0.107778	0.0142607	39.9837	0	422.946	0	0	0	239.762	0	32.6241	0	453.17	0	3709.44	0	0	0	0	0	0	0	0.00438596	0.00775194	0	0	0	0	0	0.00311526	0	0	0	0.00217865	0.152903	0.00497512	0	0.00217865	0	0.0030581	10.1304	0	0.0405021	0.00217865	0.799984	0.00392157	0	0	0.576989	0	347.624	0	0.16219	0	0	0.003663	11.2642	0	0.277046	0	0	0	1333.91	0	0.00271003	0	0	0.0020202	690.113	0.0134422	5149.59	0	229.018	0.0825862	43.091	0.0142607	0.00813008	0	0.00813008	0	597.334	0	140.089	0	144.319	0	297.767	
5.86458e+06	MFG_L_7_2	0	27.9992	42.4761	0	1.34552	24.615	33.0601	0.0280733	0	0	0	1.5506	0.0592949	0.557894	116613	0	0	0	159716	0.107799	794527	0.0288372	317108	0.131136	496842	0	1.39895	2.23238	400887	0	5004.23	0.00775194	10226.2	0	1.78414	0	583.152	0	59340	0	0	0	0	0	0	0	0	0	0	0	0.578981	0	14968.7	0	121.25	0	2.84571	0	0.00444444	0	2114.34	0	323505	0	0	0	0	0	250.723	0	2385.76	0	2.28686	0	7185.98	0	69.8506	0	93.3768	0	8863.73	0	11296.5	0	332.051	0	65570.3	0	749.514	0	21686.4	0	611.466	0	24.3147	0	90484.5	0	5457.54	0	190.155	0	451.958	0	0.388797	0	100.323	0	0.00358423	0	0	0	0.18849	0	0	0	0	0	0.0614837	0	13138	0	278.69	0	0	0	0	0	0	0	0	0	0	0	68.3291	0	0.917103	0	28.9402	0	341.352	0	94.4901	0	6.91439	0	0	0.00297619	0	0	0	0.00297619	0	0	82.5554	0	0.231524	0	2.28404	0	419.376	0	2.13384	0	0.125629	0	1.35892	0	61.4138	0	0.0464338	0	21.4939	0	0	0	0	0	0	0	0	0	0	0	0	0	0	0	0	0	0.00374532	0	0.0350925	0	0	0	0.889603	0	0.640044	0	6.7338	0	0.185054	0	2.02968	0	0	0	0	0	0	0	0	0	0.266516	0	0.0935435	0	0	0	12.3513	0	0	0	0.0320071	0	0.0155375	4.59153	184.019	0	0.0331512	0	14.1373	0	0.063443	0	0.00877193	0	2.48613	0.00297619	0.585463	0	0.00980392	0.00297619	8.27333	0.00297619	
1.87874e+07	MFG_R_7_2	0.364669	14.8556	0.272128	0.589006	0.00595238	5.22469	0	740.773	0	0.167086	0	0	0.00595238	0	0	4915.05	0	0	0	5129.46	0	93234.9	0.0318182	852538	0.0648372	592050	0.00595238	0	0	24398.7	0	1799.59	0	2616.89	0	0.0807063	0	55.0356	0	14309.3	0	0	0	0	0	0	0	0	0	0.00292398	0	0	0	3516.69	0	69240	0	7437.59	0	56.1152	0	74.6339	0	4.31837e+06	0	0	0	0	0	0	0	0.611841	0	83.5549	0	41.5301	0	0.397173	0	802.475	0	291096	0	174.454	0	1.74062e+06	0	256457	0	2059.81	0	133.029	0	0.014555	0	6510.52	0	58585.9	0	4884.5	0	1997.12	0	1.68296	0	0	0	0.208887	0	0	0	0	0	0	0	0	0	0	0	0	0	424837	0	239844	0	2.338	0	0.0826923	0	26.174	0	18.6269	0	1.88879	0	32.4306	0	5.59682	0	21.2591	0	9449.54	0	363726	0	361.01	0	0	0	0	0	0	0	0	0	33.1002	0	0	0	3.1333	0	390.223	0	17.4259	0	0	0	0.0370656	0	0.409712	0	1.59259	0	3.35486	0	0	0	0	0	0	0	0	0	0	0	0	0	0	0.00406504	0	0	0.00311526	0	0.209571	0	0	0.0030581	0.0277888	0.0030581	0.0518075	0	0.003367	0.0030581	0.715501	0.00387597	0	0	1.43018	0	0.280959	0	0.293597	0	0.0030581	0	10.7724	0	0.833806	0	0	0	94.0333	0	0.332381	0	0	0	352.302	0	26.775	0	8.80177	0	237.004	0	0	0	0.0546873	0	17.0855	0	0.736564	0	0.808562	0	202.003	
7.13319e+07	MFG_L_7_3	0.00297619	0.109541	294.191	0	4.35712e+06	7.35508	101.162	0.0863741	0.0727874	0.269465	0	0.055031	156593	1.97256	8.9699e+06	0	159716	0	0	1.43248	4.209e+06	0	116457	0.00653595	7781.24	0.00653595	7.75408e+06	4.25233	19879.5	0	4594.54	0	35815.1	0	651226	0	25370.9	0	50260	0	0	0	5.67337	0	0.0643256	0	0.0113099	0.984301	0.017747	0	1.00406e+06	0	590.732	0	94.6786	0.0222222	7.3639	0.00343643	1.77816	0.002849	309.957	0	3330.01	0	0	0	0	0	796.786	0	877.837	0.0030303	2739.18	0	647.896	0.0030303	172.217	0	1339.91	0	337.824	0	4039.44	0	7382.41	0	5001.41	0	1961.66	0	2193.47	0	1593.36	0	458.484	0	17986	0	684.481	0	597.379	0	2644.91	0	3401.3	0	2635.59	0	110.148	0	1.16969	0	119.516	0	16.3863	0	4.07274	0	119.445	0	371.964	0	1422.02	0	16.9485	0.430741	118.937	0.12038	0	0	3.46842	0.127116	0.924806	0	18950.7	0	33.8197	0	8.81892	0	88.7664	0	2533.92	0	8.02085	0	0.00490196	0.417902	0.00469484	0.0911015	0.00401606	0.1224	0.0037037	0.0148148	42.5064	0	17.1583	0	72.6031	0	96.0518	0.002849	6012.96	0	50.6471	0	80754.7	0	954740	0.00246914	791.117	0	74162.6	0	0	0	0	0	0	0	0.00462963	0	0	0.00606061	0	0	0	0	64304.9	0.0727314	29680.9	0	697522	0.573931	0.49183	0.00438596	1.35731e+06	0.572151	9628.65	0	7545.08	0	90679.1	0.105911	100496	0	104.605	0.0444616	98.9047	0.00192678	0.0395861	0	126.615	0	1909.56	0.0121788	3056.57	0	12920.8	0	70738.5	0.0257285	13608.5	0.060751	3.12884e+06	1.2837	116093	0.00653595	1.0598e+06	1.31459	61681.7	0	9705.1	0.00294985	111.22	0.547223	11469.2	0.0275849	398.426	0.0500832	15271.6	0	24405.8	0	53698.7	0.144159	
9.30172e+07	MFG_R_7_3	0.9566	20786.5	0.576166	51719.1	91578.8	2.22945e+06	0.137568	119721	0	0.119509	5708.92	0.167032	4210.35	10.1514	22.7475	7.2732e+06	0.107799	5129.46	1.43248	0	0	2.61906e+06	0.0790413	298647	0.683332	559.122	185.967	2.74518e+07	0	70.5188	0	6319.35	0.00641026	141.294	0.0103384	33282.7	0	7641.56	0.00641026	464.76	0.0232107	0.0175469	30.2604	18877.5	0.00245098	1939.44	0.123126	1.70573	1.99628	0.129171	0.0103365	46925.1	0	7.31262	0.00213675	3.75413	1.99459	139.899	2.37036	80.6542	0	93.8031	0	3146.96	0	0.811171	0	0.898627	1.07416	964.951	0	1.48407	0.00229885	841.939	0	91.4587	0.069608	5528.53	0	586.599	0	778.437	0.141134	2617.04	0	135.93	0	1966.34	0.002331	65.3112	0	0.882843	0.544369	7.43898	0	3064.69	0.0108845	11.7977	0	210.753	0	68.8018	1.06424	10.297	3.85878	22.4886	1.81845	0.995281	0.0578223	3.83206	0.00254453	0.44944	0.0391195	0.0520147	0	1.95881	0.0248872	3.3986	0.0262475	1.01635	0	782.813	0	112.183	1.88283	447.455	210.496	4966.8	0	0.60438	0	1148.87	0.0132877	0.897838	10.7346	1458.45	0	366.407	0	0	0	497.252	0	15.2633	0	314.848	63.3202	3412.71	0.003663	27.2743	1127.95	2679.17	1.76624	83.7385	0	1.27867	0	0.973996	0	0.0988333	0.0307527	138.25	0.00262467	2746.91	4.39267	365.515	0.0108722	684.922	0.369941	402800	0	61.6804	0.00262467	465.502	0	0	0	1.73839	0.0247253	0	0.0279157	10.835	0	0	0	0	0	0	0.256493	202543	1570.98	10406.6	7167.92	154650	0.0762825	66.1564	14632.2	498576	1510.37	15033.3	8.64023	41.3708	2198.47	111638	417.455	5706.94	904.823	2556.58	662.917	2868.67	3.94694	0.0312325	18.7133	425.219	54.2756	1572.3	77.5151	3095.81	533.806	71695.9	0.307772	70182.3	5520.47	133971	4640.6	1.84997e+06	3.34013	623842	241.075	1.51264e+06	0.748596	184748	0.0991136	15324.5	310.512	14.4546	14.9102	7924.23	912.447	26616.4	3.74134	90341.6	3.73882	125916	0.310031	11852	
2.66899e+07	MFG_L_7_4	0.0030303	0.0148555	14.273	0.0020202	31639.5	0	72.639	0.57115	0	1.10663	0	0	1860.92	0.00617284	757306	0.0020202	794527	0	4.209e+06	0	0	0	501088	0	4109.17	0	1.16832e+06	0.017284	48140.8	0	2.04844e+06	0	55417.5	0	74273.5	0	16316	0	114707	0	0	0	0.0208802	0.00248756	0	0	0	0	0.00505051	0	3.25128e+06	0	11.4381	0	19.6786	0	0	0	0	0	230.505	0	234.922	0	0	0	0	0	4.9756	0	346.32	0	308.152	0	44.098	0	33.6702	0	117.239	0	7.43662	0	277.743	0	14.08	0	595.614	0	217.233	0	145.061	0	22.881	0	0.465221	0	360.073	0	45.9403	0	16.3337	0	378.94	0	172.251	0	476.806	0	0.0466829	0	0.0758975	0	4.34897	0	0.149827	0	0	0	11.8951	0	21.5923	0	5.85047	0	4.6779	0.724249	0	0	0	0	0.977474	0.188198	0	0	321.999	0	0.0205908	0	0.0936592	0	1.48727	0	23.5549	0	0.569686	0	0.00444444	0.0145202	0	0.0154395	0	0	0.003663	0.003663	0.678033	0	0.942191	0	0.243365	0	2.13258	0	336.946	0	6.92597	0	22248.9	0	62171.6	0	202.259	0	23633.3	0	0	0	0	0	0	0	0	0	0	0	0	0	0	0	24.0221	0.010582	2.87436	0	6243.57	0	0	0	63313.8	0	138.158	0	126.898	0	10943.2	0	17985.4	0	0.0617511	0	0.106788	0	0	0	0.404801	0	7.38289	0.00347222	17.5215	0	27.4905	0	3.10844	0.00831391	10.1956	0.0103952	768.289	0.0230002	16254.1	0	38643.4	0.0230002	63.2901	0	105.132	0	1.82442	0.0246742	165.524	0.003663	79.406	0	40.0742	0	238.554	0	165.708	0.00250627	
