data	data	2.85432e+07	1.7647e+07	7.73614e+07	6.91188e+07	9.42395e+07	1.07625e+08	4.80855e+07	6.77635e+07	1.85789e+07	3.16994e+07	1.68928e+07	2.93144e+07	1.25058e+08	7.14541e+07	3.38169e+07	4.53689e+07	1.58867e+07	1.05456e+07	3.46001e+07	5.10818e+07	1.12241e+08	6.10087e+07	2.91444e+07	3.90542e+07	4.1892e+07	8.12854e+07	6.73099e+08	7.81734e+08	8.6539e+06	5.87324e+06	1.03504e+08	3.90134e+07	3.56232e+07	1.2758e+07	2.07147e+07	4.5469e+07	9.77915e+06	1.32992e+07	1.25684e+07	1.58102e+07	2.05917e+07	2.43441e+07	6.36424e+07	9.07844e+06	6.22632e+07	7.09569e+06	2.74416e+08	6.21979e+08	2.17276e+07	1.09704e+07	1.13514e+08	1.14975e+07	7.67851e+07	4.00644e+07	2.00916e+07	2.26447e+07	2.67895e+08	3.77312e+07	1.21996e+08	1.17936e+08	1.18583e+07	2.47387e+07	6.22839e+07	5.2391e+07	886317	3.59757e+06	1.1076e+06	4.64715e+06	1.87356e+08	2.04935e+08	4.21857e+07	7.19757e+07	5.43412e+07	7.07972e+07	2.99629e+07	7.20879e+07	1.01637e+08	8.04719e+07	7.78218e+07	1.7932e+07	1.53416e+08	6.62225e+07	5.06467e+07	1.10075e+08	1.58876e+08	4.1244e+07	9.7868e+07	8.99141e+07	5.64628e+07	3.07844e+07	2.75296e+07	2.56066e+07	2.9372e+07	4.01791e+06	7.13697e+07	1.58089e+07	1.32489e+08	1.75739e+07	1.92603e+07	1.04475e+07	2.042e+07	1.00998e+07	1.32763e+08	1.75008e+08	1.01876e+08	3.53483e+08	1.22888e+08	1.16916e+08	4.60855e+07	4.59007e+07	3.28489e+07	1.28657e+07	7.65147e+06	6.32876e+07	2.848e+07	7.20375e+07	3.30311e+07	9.26852e+06	1.02462e+07	4.64348e+07	1.95844e+07	1.07753e+07	1.19003e+07	7.86356e+06	3.74429e+07	9.65669e+07	2.4042e+07	6.38445e+07	5.60236e+06	1.15726e+07	2.48161e+07	1.23076e+07	3.21464e+07	6.99807e+07	4.99408e+07	8.5654e+07	4.49117e+07	1.82596e+08	1.91631e+07	3.12573e+07	4.53986e+07	3.64588e+07	5.60669e+07	3.51143e+07	1.93193e+07	1.84909e+07	1.40937e+07	1.42673e+07	9.14703e+06	3.99289e+07	2.9771e+07	1.20765e+08	5.8227e+06	9.33826e+06	3.10035e+07	6.68795e+07	1.17549e+07	2.58783e+06	1.24189e+07	9.32463e+06	1.38809e+08	3.95077e+07	2.80242e+07	4.91081e+07	4.89041e+07	1.8604e+07	2.40571e+07	4.7974e+06	1.34529e+08	1.16764e+08	8.67122e+06	3.28355e+06	5.34232e+07	4.60989e+06	265567	975103	8.86674e+06	1.33335e+07	2.70979e+07	8.24437e+06	6.35205e+06	8.25716e+06	7.63297e+06	2.72174e+06	5.99057e+06	3.65785e+06	1.73291e+07	1.10203e+07	2.71098e+07	1.11713e+08	3.70012e+08	9.58356e+07	1.88658e+08	1.05789e+08	2.63591e+07	9.29578e+07	6.30172e+08	1.73285e+08	9.31288e+07	1.99324e+08	3.47865e+07	1.94018e+07	1.3697e+08	1.94807e+08	1.18874e+08	2.17194e+08	9.63308e+07	1.71446e+08	3.48604e+07	1.58453e+08	5.37381e+06	2.9565e+07	1.38665e+08	2.29e+08	3.76145e+08	5.3595e+08	3.31946e+08	4.05938e+08	1.12762e+08	2.0022e+08	1.36553e+08	5.07308e+08	3.37061e+08	6.4508e+08	9.17995e+08	4.82707e+08	5.34801e+07	1.62982e+08	3.65241e+08	7.96694e+08	9.49455e+07	1.29909e+08	3.02915e+08	6.134e+07	1.57362e+08	1.9473e+07	1.11976e+08	5.73276e+07	8.61897e+07	6.69487e+07	6.74243e+07	9.4398e+07	5.51499e+07	1.4525e+08	1.11283e+08	9.2729e+07	
data	data	SFG_L_7_1	SFG_R_7_1	SFG_L_7_2	SFG_R_7_2	SFG_L_7_3	SFG_R_7_3	SFG_L_7_4	SFG_R_7_4	SFG_L_7_5	SFG_R_7_5	SFG_L_7_6	SFG_R_7_6	SFG_L_7_7	SFG_R_7_7	MFG_L_7_1	MFG_R_7_1	MFG_L_7_2	MFG_R_7_2	MFG_L_7_3	MFG_R_7_3	MFG_L_7_4	MFG_R_7_4	MFG_L_7_5	MFG_R_7_5	MFG_L_7_6	MFG_R_7_6	MFG_L_7_7	MFG_R_7_7	IFG_L_6_1	IFG_R_6_1	IFG_L_6_2	IFG_R_6_2	IFG_L_6_3	IFG_R_6_3	IFG_L_6_4	IFG_R_6_4	IFG_L_6_5	IFG_R_6_5	IFG_L_6_6	IFG_R_6_6	OrG_L_6_1	OrG_R_6_1	OrG_L_6_2	OrG_R_6_2	OrG_L_6_3	OrG_R_6_3	OrG_L_6_4	OrG_R_6_4	OrG_L_6_5	OrG_R_6_5	OrG_R_6_6	OrG_R_6_6	PrG_L_6_1	PrG_R_6_1	PrG_L_6_2	PrG_R_6_2	PrG_L_6_3	PrG_R_6_3	PrG_L_6_4	PrG_R_6_4	PrG_L_6_5	PrG_R_6_5	PrG_L_6_6	PrG_R_6_6	PCL_L_2_1	PCL_R_2_1	PCL_L_2_2	PCL_R_2_2	STG_L_6_1	STG_R_6_1	STG_L_6_2	STG_R_6_2	STG_L_6_3	STG_R_6_3	STG_L_6_4	STG_R_6_4	STG_L_6_5	STG_R_6_5	STG_L_6_6	STG_R_6_6	MTG_L_4_1	MTG_R_4_1	MTG_L_4_2	MTG_R_4_2	MTG_L_4_3	MTG_R_4_3	MTG_L_4_4	MTG_R_4_4	ITG_L_7_1	ITG_R_7_1	ITG_L_7_2	ITG_R_7_2	ITG_L_7_3	ITG_R_7_3	ITG_L_7_4	ITG_R_7_4	ITG_L_7_5	ITG_R_7_5	ITG_L_7_6	ITG_R_7_6	ITG_L_7_7	ITG_R_7_7	FuG_L_3_1	FuG_R_3_1	FuG_L_3_2	FuG_R_3_2	FuG_L_3_3	FuG_R_3_3	PhG_L_6_1	PhG_R_6_1	PhG_L_6_2	PhG_R_6_2	PhG_L_6_3	PhG_R_6_3	PhG_L_6_4	PhG_R_6_4	PhG_L_6_5	PhG_R_6_5	PhG_L_6_6	PhG_R_6_6	pSTS_L_2_1	pSTS_R_2_1	pSTS_L_2_2	pSTS_R_2_2	SPL_L_5_1	SPL_R_5_1	SPL_L_5_2	SPL_R_5_2	SPL_L_5_3	SPL_R_5_3	SPL_L_5_4	SPL_R_5_4	SPL_L_5_5	SPL_R_5_5	IPL_L_6_1	IPL_R_6_1	IPL_L_6_2	IPL_R_6_2	IPL_L_6_3	IPL_R_6_3	IPL_L_6_4	IPL_R_6_4	IPL_L_6_5	IPL_R_6_5	IPL_L_6_6	IPL_R_6_6	PCun_L_4_1	PCun_R_4_1	PCun_L_4_2	PCun_R_4_2	PCun_L_4_3	PCun_R_4_3	PCun_L_4_4	PCun_R_4_4	PoG_L_4_1	PoG_R_4_1	PoG_L_4_2	PoG_R_4_2	PoG_L_4_3	PoG_R_4_3	PoG_L_4_4	PoG_R_4_4	INS_L_6_1	INS_R_6_1	INS_L_6_2	INS_R_6_2	INS_L_6_3	INS_R_6_3	INS_L_6_4	INS_R_6_4	INS_L_6_5	INS_R_6_5	INS_L_6_6	INS_R_6_6	CG_L_7_1	CG_R_7_1	CG_L_7_2	CG_R_7_2	CG_L_7_3	CG_R_7_3	CG_L_7_4	CG_R_7_4	CG_L_7_5	CG_R_7_5	CG_L_7_6	CG_R_7_6	CG_L_7_7	CG_R_7_7	MVOcC	MVOcC	MVOcC	MVOcC	MVOcC	MVOcC	MVOcC	MVOcC	MVOcC	MVOcC	LOcC_L_4_1	LOcC_R_4_1	LOcC_L_4_2	LOcC_R_4_2	LOcC_L_4_3	LOcC_R_4_3	LOcC_L_4_4	LOcC_R_4_4	LOcC_L_2_1	LOcC_R_2_1	LOcC_L_2_2	LOcC_R_2_2	Amyg_L_2_1	Amyg_R_2_1	Amyg_L_2_2	Amyg_R_2_2	Hipp_L_2_1	Hipp_R_2_1	Hipp_L_2_2	Hipp_R_2_2	BG_L_6_1	BG_R_6_1	BG_L_6_2	BG_R_6_2	BG_L_6_3	BG_R_6_3	BG_L_6_4	BG_R_6_4	BG_L_6_5	BG_R_6_5	BG_L_6_6	BG_R_6_6	Tha_L_8_1	Tha_R_8_1	Tha_L_8_2	Tha_R_8_2	Tha_L_8_3	Tha_R_8_3	Tha_L_8_4	Tha_R_8_4	Tha_L_8_5	Tha_R_8_5	Tha_L_8_6	Tha_R_8_6	Tha_L_8_7	Tha_R_8_7	Tha_L_8_8	Tha_R_8_8	
2.85432e+07	SFG_L_7_1	0	184089	8.23892e+06	17460.4	1.14295e+06	136.248	2.39276e+06	198049	269662	50409.3	209074	11.1349	58031.6	0.125048	4286.62	43.7046	912.315	2659.05	54.4852	8.09121	947.725	1256.62	246.428	3255.33	4.41448	24765.1	0.461834	26.8943	3683.9	77.0253	1597.54	681.891	7175.26	176888	0.173913	46.2939	582.157	90.1202	7704.29	3879.28	0	0	0.023399	0	0.168082	0	0.495013	0	0	0	0.230998	0	0.0287879	0	0.0329268	0.348624	6.16742	3.01602	1.21577	148.516	23.1804	0.791687	0.178868	0.516138	1367.76	6.24645	105.886	116.505	15.8614	0.00241546	0.501474	0	54.8431	0	0.0184679	0	12.9255	0.00241546	0.0276173	0	0.418209	0.0637827	0.887864	0.0122383	0.017723	0.583152	0.54565	0.0637827	0	0	0	0	0.0037037	0	0.0123094	0.0037037	0.563165	0	0.120488	0	0	0	0.0047619	0	3.60829	2.55419	0	0	0	0	0	0	0	0	0.00406504	0.0198851	0	0	0	0.00456621	0.00564972	0	0	0	75.4255	54.6824	3.25646	22.1621	0	0	3480.34	10.634	1.31212	25.1338	56.2732	0	0.707752	0.197965	0	0	0	0	22.6162	0	0	0	15.1579	8.72307	12445.8	37.8525	1.88037	2.34531	1.91017	22.6489	0.0263975	0.0333591	0.0280982	0	0.00564972	0	121.456	31.0814	5.42252	0.566635	0.120301	0	8.43416	0.0306554	17840.8	12.7707	14.878	0	33375.9	0.0219363	0	0.108541	147.938	188.765	20.1231	11.2042	117.115	4.10246	27980.9	19.1874	1777.7	9.6877	0	0.0138889	21.8523	8.84764	0.205499	0.12938	0.516474	0.0156593	77.6652	0.363026	2.78231	0.00416667	0.157588	0.00358423	0.359141	0	0.743282	0.00358423	1.36631	0.0735739	0.00438596	0.473593	0.0160665	2.76323	0.905725	27.2307	0.123025	0	3737.89	2004.1	6.36105	0.0768156	0.543436	0.0119048	43377.1	4831.82	2.58612	0.0021645	2.07963	0	6501.47	665711	376.39	170.283	2.92584	0.500063	298963	22.9364	315.388	0.766861	93.1961	0	4424.76	0.81385	3152.26	0.601982	2313.69	0.277849	133186	2.60746	
1.7647e+07	SFG_R_7_1	184089	0	1.17904e+06	25640.2	87880.9	109431	72351.1	1.03171e+06	58.6858	514599	416.11	308135	116.987	28.5296	2489.57	29.8449	393.922	7144.38	511.34	16.46	238.037	705.185	14822.6	21112.2	844568	0.0906433	0.0287323	0.2509	0.553939	22377.5	37.1955	845.714	78.9021	270778	0	11.8161	4.24824	20526.2	9.55198	64393.6	0.00584795	0	0.00483092	0	0	0	0	0.0696488	0	0	0.0208283	0	0	0	0.145473	0.0111051	46.3045	0.0215618	27.9537	7.46135	0.634619	303.027	0.0491772	0	0.0505156	28112.6	12.6867	11260.4	0.0568688	0.718871	0.0161622	0.00555556	0.348009	0.259864	0	0.00555556	0.111791	0	0	0.00606061	0.0161622	1.26359	0	0.166413	0	1.75781	0.0161622	0.0500663	0	0	0	0	0	0.0450023	0	0	0	0.0852583	0	0	0	0	0	0	0.475872	0.169691	0	0	0	0	0	0	0	0	0.00584795	0.00438596	0	0	0	0	0	0.0238171	0	0.00606061	0.921894	218.566	0.226432	160.897	0	0	2.98395	2.32945	0.221751	293.328	0.698518	0	0.12108	2.12167	0	0	0	0.0070922	0.133198	0	0	0.0252955	6.79764	17508.6	4.23595	140214	0.088172	1051.36	16.878	189525	0	0	0	0	0	0	4.38789	6.18912	0	25.9765	0.107674	0	0.0213577	3.33524	5.95534	262.971	0	0.573948	11.4325	44.1632	0.0270049	1.14987	304.139	909.195	1.75166	29848.2	0.851919	4.58717	53.4463	662296	0.534729	64730.7	0	26.4698	2.19649	10.8563	0	0.00740741	0	0	0.042863	0.850622	0.0136153	0.00694444	0.00314465	0.0364711	0.124106	0	0	0.147039	0.221082	0	0.00314465	0.104707	0	17.4476	0.00653595	12.385	0.00396825	0.0837446	27.8229	25247.3	0.0101835	1.71159	0.00416667	0.447716	47.2162	524097	3.16152	1.2488	0.191498	0.0173577	2272.23	241184	4.26138	1328.41	0.0107964	108304	92.634	1.46647e+06	8.65446	14.2644	0.102001	0.167508	1.26386	69098	0.00314465	22420.7	0	2317.45	0.040494	428608	
7.73614e+07	SFG_L_7_2	8.23892e+06	1.17904e+06	0	10006.8	1.03115e+07	19421.5	9.0206e+06	82756.3	0	30445.4	31.4481	6692.4	1.84352	0.861576	638087	768.318	9658.89	249.941	5012.38	197.139	30176.4	2818.68	1.07794e+06	483.426	130569	2773.45	19.1006	627.073	96082.5	93.5424	34327	647.195	117196	94563	3.88017	222.383	22354.5	320.913	225358	5870.54	0.00401606	0	0.995906	0	4.83572	0	28.6912	0	0	0	11.0808	0	0.555308	0.00421941	2.68464	1.74616	5.86244	41.3801	15.6495	972.245	1267.25	1.27575	18.3876	0.90939	0.334842	0.694292	0.0417074	4.22756	2361.19	0.0574953	3.94645	0	1179.32	0.00694444	0.0184679	0	233.685	0.00241546	0.201548	0	3.02669	0.426584	60.2714	0.0888439	0.039405	1.99734	3.02172	0.144679	0.0272787	0	0	0	0.0511865	0.00392157	0.0713745	0.0147334	5.06469	0.0613848	0.488364	0	0	0	3.54253	0	17.5842	20.3502	0.00483092	0	0	0	0	0	0	0	0.197379	0.088172	15.5572	0	0	0	0.00564972	0	0	0	838.572	293.549	113.39	167.057	0.0042735	0	335.579	80.1581	95.6462	75.8423	866.919	0	30.9041	0.253911	0	0	0	0	298.5	0.00469484	0.0286935	0	43.2198	12.0252	48.6526	61.9571	0.0472456	0.115187	0.0509607	2.49227	0.225778	0.199664	0.0590964	0	0.281273	0	679.881	182.784	77.6181	1.59585	10.1985	0	458.383	0.00757576	154088	22.3992	129.948	0.0205797	320012	0.0414197	0	0	6.99667	137.465	0.00416667	0.0231606	0.160176	0.0042735	0.0161765	0.0720892	0.373735	0.0326797	0	0	88.2478	108.152	1.43446	0.505648	13.2059	0	534.896	7.34591	56.2734	0	9.50113	0.014186	2.58546	0	24.6294	0.00358423	7.07018	1.22239	0.156619	0.0925176	0.0713571	24.8874	13.1044	7.0499	83.7658	0.00411523	50437.8	8607.28	1650.33	0.379296	14.9242	0.0785426	650881	17776.1	157.795	0.13184	96.8686	0	101835	335336	7536.34	758.774	977.329	20.9895	3.02686e+06	780.562	3461.08	5.62486	11019.2	0	156371	102.514	200788	62.7659	138630	8.30997	2.08404e+06	177.993	
6.91188e+07	SFG_R_7_2	17460.4	25640.2	10006.8	0	3729.12	1.35423e+06	290.902	2.46719e+06	430.358	1.09165	1980.29	0.253246	1022.67	0	57.8388	1.06679e+07	7.27855	131114	15.4245	46725.5	1397.15	159568	696.399	5.10743e+06	17704.2	1.26153e+07	0.00628931	12.1332	0.00757576	113113	1403.47	9892.69	1142.86	1.00034e+06	0	3225.07	1.44222	3570.25	0.22447	231928	0	0	0	0	0	0	0	5.31977	0	0	0	0	0	0	0.0658585	64707	15.556	749.714	9.58706	2.53621	0	562.192	0	11.4698	0.0238781	0.00617284	0.0277898	0	0.125473	2.89791	0	7.27683	0	19.6459	0	5.57163	0.017554	24.2029	0	2.40895	0	3.90842	0	67.3844	0	31.033	0	19.1754	0	3.52113	0	21.2768	0	1.06825	0	0.0699782	0	109.458	0	0.00483092	0	0	0	9.18157	0.681084	0.682163	0.0126522	1.98207	0	0	0	0	0	0	0.00574713	0	0	0	0	0	0	1.35043	0	0.051746	0.964563	241.254	0.0630298	165.918	0	3.37745	1.97536	93.9358	0.171277	6286.89	0.0148166	17864.9	0.00358423	249502	0	0	0	0.505068	0.003663	0.0264675	0	12.5156	0.08535	0	2.08176	2.14566	0	0.00444444	0	0	0	4.6317	0	0.436247	0	0.234205	2.25153	31.5246	0	19.0624	0	0	0.00411523	34.1497	0.0196717	197.091	0	0.26375	0.409148	34.5665	0.00641026	0	0	0	354.012	0	0.217215	0.0198363	107.749	0	0.244079	0.0138889	0	0	2.16206	7.89297	0.00330033	0	0.00330033	0.122955	0.680991	0.72948	0.003367	0.00374532	0	0.662357	0.0295825	0.424831	0	0.24316	0.121073	0.0393074	0.00330033	0.0813077	0.00326797	1884.14	0	9.39196	0.00378788	0.241642	30.0369	37516	0.0240737	5.62934	0.00444444	0.0332129	41.8005	125491	0.792997	0.702237	0.0716306	0.0397888	12.95	7843.89	0.803635	2010.82	0	687.722	48.4731	43655.7	4.09869	0.00326797	0.00444444	0	0.729519	465.498	0	293.627	0	102.403	0	3353.68	
9.42395e+07	SFG_L_7_3	1.14295e+06	87880.9	1.03115e+07	3729.12	0	6.21022e+06	0.959109	133.587	44880.2	333.058	4.63215e+06	355126	1.93353e+07	281169	1.50226e+06	72805.4	322.914	184.956	727042	74603.9	504037	64321.6	492.799	261.529	185.085	3.3367	55873.4	374503	121.071	21.3255	58721.4	1518.68	18244.5	32392.4	29507.5	7768.72	1579.56	431.651	596.705	0.997865	0.325814	0.234029	5.28058	0	3.99207	0	34.5535	0.87973	0.00438596	0.00666667	19037.9	0	0.414216	0	16.8076	7.96831	59.9088	0	26.9167	39.5098	0.18597	0	0.185265	0.243299	3690.43	0.737854	165.962	7.7378	3736.37	0.014016	0.00574713	0	2.38252	0	0	0	23.5189	0	0.0137771	0	0.00411523	0.0405405	54.5386	0.00401606	0	62.2216	0.0156095	0.0045045	0	0	0	0	0.0030303	0	0.0228395	0	0.0159044	0.10078	0.00340136	0	0	0	21.4277	0	0.0047619	0.0678081	0	0	0.00387597	0.00438596	0	0	0	0	6.21815	0.107564	46.5598	0	0.0163605	0.0697914	0	0	0	0	3869.48	82.3592	145.995	5.2298	0.0042735	0	28124.3	4.10991	21.3125	35.2838	4.55147	0	3.34438	0.14887	0	0	0	0	1.14274	0.00469484	0.00595238	0	2374.9	23.7788	78109	49.4512	3303.34	44.6346	1429.35	32.5111	0.00462963	0	0.00564972	0	0.00456621	0	348.278	2.76242	2.35163	0.189342	0.218501	0	0.808317	0	160.509	7.48927	0.0177317	0.00362319	53.7477	0	0.0857743	0.0573975	34069.7	11830.5	52831.4	10.3403	13741.3	90.9735	4486.56	0.573376	3568.23	0.523291	0.819688	3.20634	0.155185	0.0647852	0.401346	2.39939	11.2795	9.05258	0.0154244	0	41.6736	1.71093	12.6418	0.00350877	0.0637587	0	17.8377	0	0.433032	0.0045045	0.209501	41.4905	0.00462963	2.43894	0.18498	0.0488595	248.583	0.00308642	2280.19	22.6957	3655.57	1.80046	13.5164	0.0679502	3705.22	360.08	189.397	0.520323	99.8077	0.00282486	87897.6	18002.9	175.014	132.349	6360.79	0.580805	44530.4	53.8881	115.825	0.159144	14788.8	0	89204.8	0.510667	174304	0.866939	123352	1.21812	351026	12.5763	
1.07625e+08	SFG_R_7_3	136.248	109431	19421.5	1.35423e+06	6.21022e+06	0	12.2813	7.156	2.50917	41.8127	24665.1	1.06924e+07	2.6849e+06	1.05272e+07	193369	6.06484e+06	27.5384	1593.92	160729	1.29479e+06	75591.5	370359	745.359	84360.9	1937.92	0.885784	30212.7	212415	0.0547904	475.003	13450.6	200457	5077.01	215571	67.4428	277006	37.9795	12546.8	1.22543	19.7375	11499.9	5.13563	0.108434	0.0564374	0.410047	0	1585.51	159.841	20.4504	0.14338	36.6561	0.619749	0.595101	0.0209987	2.09838	51.3898	212.728	186.765	425.203	293.183	0.0157796	232.774	0.0342622	30.5182	0.135464	53.0987	0.117374	105.074	7.69887	765.646	0	1672.34	0	21.1804	0	1104.17	3.3383	55.739	0.00268817	7.95553	0.0120666	3952.12	0.303632	465.968	0	2956.09	0.003003	1870.86	0	45.4198	0	151.099	0.00248756	7.13485	0.0030303	22.4146	0	408.927	0	16.7149	0	0.0185185	0	35.3591	11.4545	48.6615	0.00330033	19.0318	0	0.12534	0	0.0145724	0	0.495402	1.56071	130.236	0.0937194	0.0202206	0	29.0138	0	1060.63	0	120.605	12.0882	27143.2	0.292249	5449.2	0	0.805825	2.7046	6408.4	2.56129	39798.7	0.385873	3343.3	0.696503	74534.1	0	0.359685	0	183.841	0.108377	7.17003	0.00358423	5223.57	1.45661	1860.29	4.70185	1123.63	0.0552722	28716.2	18.4549	62907.7	0.0035461	33.7896	0	707.106	0	40.2556	20.9413	25809.5	0.105528	12322.1	0.0724374	0.0250279	0.453106	3492.98	2.76798	81615.1	0.00330033	1844.39	2.09922	6528.87	0	0.11932	161510	87864.1	10212.4	99762.2	0.0372134	9155.74	0.52223	64.7315	0.213333	1.53031	1429.71	36112.7	82.6469	141.514	0.00387597	0	0	16.0814	9.65511	21.6524	0.0139248	0.0548822	0	78.8768	0.0132026	5.00662	0	88.5559	0.267011	10.8703	0	10.0552	0.127926	69301.4	0.0473422	51.4406	0.00546448	755.785	1177.9	273921	0.259718	13295.7	24.2006	13314.3	1755.81	1.29924e+06	89.8965	417.448	16.0364	2924.71	75.4294	4.32465e+06	51.4857	1.87121e+06	0.0702892	999223	1217.14	1.46059e+06	193.24	44.8757	0.605838	326.667	114.032	220600	0.148025	335414	0.129465	132374	0.228961	1.12627e+06	
4.80855e+07	SFG_L_7_4	2.39276e+06	72351.1	9.0206e+06	290.902	0.959109	12.2813	0	126093	7.27991e+06	681480	0	0.00653595	0.0193237	0.0956862	81.082	0.300509	32.4234	0.172252	7.15612	3.30346	15.6314	3.58703	349.457	0.881638	129186	2884.73	2.23365	181.849	3223.28	9.1803	45.1306	0.291204	314.591	428.974	1.27751	0.350694	68.0474	0.776861	8320.27	841.487	0	0	35.0342	0	0.12043	0	0.914046	0.00537634	0.00529101	0	182.482	0	25.212	0.00421941	614421	41558.6	1012.61	24.4394	9305.27	72922.8	4361.71	46.5685	400.507	112.593	0	173.523	8.62666	44083.2	29.6071	0.0151033	1.06032	0	540.538	0.0262346	0.00358423	0	52.1348	0	1.17272	0	0.963844	0	1.98137	0	0.068413	0	0.533628	0	0.003003	0	0.0179073	0	0.003003	0	0.010908	0	2.1507	0	0.473284	0	0	0	0	0	19.4549	7.02936	0.0179073	0	0	0	0	0	0	0	0.0207049	0.0885487	0.00529101	0	0	0	0	0	0	0	95.8124	61.3318	21.895	17.155	0	0	102.453	52.6033	26.3526	5.57902	350.947	0	0.910886	0.0340938	0	0	0	0	118.164	0	0.0293928	0	2.78362	19.2624	6.42146	602.085	0.00254453	0.647942	0.00617284	91.3808	0.026615	0.13912	0.0280982	0	0.0556472	0	650.315	139.114	18.387	0.0597954	133.697	0	446.451	0.00362319	131872	1.49721	52.4663	0.00666667	232217	0	0	0.00854701	0	0	0	0	0	1.15468	0.242675	0	0	0.67574	0	0	137.97	80.5833	0.869673	0.0810287	2.17329	0	602.663	5.06561	11.0466	0.00628931	0.442346	0.00358423	5.23504	0	2.39346	0.00358423	17.936	0.255113	0.108562	0.0140351	0.0370485	1.36642	8.47856	126.03	0.513174	0.0151033	40565.9	7332.96	1.61088	0.0480714	2.50075	0.0126648	179882	9995.58	8.03763	0.0119619	10.4641	0	41571.4	28056.7	16100.4	152.375	1.01978	1.9825	2.39638e+06	41.6763	1482.2	1.89386	492.789	0	16616.8	17.9554	8714.04	8.44179	23797.5	0.575937	394534	21.7463	
6.77635e+07	SFG_R_7_4	198049	1.03171e+06	82756.3	2.46719e+06	133.587	7.156	126093	0	177393	1.00371e+06	0.759776	0.0312784	1.77579	0	2.86149	4.26791	0.437874	28997.5	0.048465	39.4457	0.412991	5833.17	869.291	22316.5	574507	1.97463e+07	0.00205761	0.919271	0.0631354	267426	0.176726	917.684	1.25315	6307.9	0.0179043	585.672	2.12452	2128.2	3.44529	943583	0	0	0.04037	0	0	0	0.00205761	0.511055	0.0025641	0	1.01169	0	0.0560027	15.213	2.29333	499045	234.056	135334	46.2566	6031.01	1.69418	76658.6	0.235873	622027	0.166267	2.89178	1.09956	0.00925926	1.21585	0.180941	0	0.46456	4.83549	395.34	0	0.346661	0.65637	0.00343643	0.042597	0	0	0.0182683	0	0.205247	0	0.0698699	0	0.00653595	0	0.0047619	0.003367	0	0	0.0200513	0	0	0.0157841	0.110206	0.00396825	0.00462963	0	0	0	0.0162578	54.1002	25.4674	0.0512334	0.0203859	0	0.003367	0	0	0	0.003367	0.225956	0.0197009	0	0	0	0	0	0.00813008	0	0.00775194	45.3031	1257.25	1.75496	1714.08	0	0.513483	47.3933	38.266	9.61742	75084.6	13.1831	0.165782	1.21011	5459.05	0	0	0	0.0070922	4.97417	0	0	0.364523	0.762969	0.0155486	17.5141	0.595128	0.0222222	0.0181481	0.0224105	0.00925926	0	678.571	0	0	0	16.6349	283.972	77.2066	0	25.3057	1.15191	0	4.56488	10.1049	162.292	114.229	0	0.457727	190.255	70.9927	0.00641026	0	0.566585	1.41617	0	0	0.476446	0.132559	113.803	0.0653908	0	0.101812	0	0	134.585	212.008	0.0517873	0	0.0517873	0.00374532	7.19105	35.2732	0.0580977	0.00374532	0	0.433177	1.04059	0	0	0.731393	3.42151	0.352666	0	0.0667546	0.127513	1604.42	0.00617284	22646.6	0.0915342	0.0523409	1360.93	1.19125e+06	0.13315	1.03197	0.040019	0.342339	556.321	2.90024e+06	12.5441	0.314899	0.649769	0.664361	2.08993	658.694	300.365	941.979	0.0351699	648.7	843.78	1.60605e+06	38.2956	1208.53	0.421274	0	7.68274	1475.86	0.0833435	353.452	0	87.8115	0.0025641	38890.7	
1.85789e+07	SFG_L_7_5	269662	58.6858	0	430.358	44880.2	2.50917	7.27991e+06	177393	0	679018	155.035	0.00606061	1719.69	0.0468826	101.247	0	0	0.371827	0.157203	0.0221612	0.0220401	10.5028	0	3.52535	19.1655	13634.9	6.239	19.3058	0	3.66638	0.00555556	7.4188	0	61.7362	0.0491891	1.22494	0	0.162015	0.00925926	403.23	0.34572	0	0.647647	0	1.15792	0	13.5153	19.9505	0	0.0750916	2.85965	0	0	0	81165.4	111784	163.541	3.55073	35760.3	222981	2.43341	124.063	0.00925926	351.522	3294.94	135.284	115346	22089.8	0.252837	0	0.00584795	0	0.154803	0.00617284	0	0	0.0460377	0.00294985	0.003003	0	0	0	0.0818537	0	0	0	0	0	0.003003	0	0.00520833	0	0.003003	0	0.003003	0	0.00490196	0	0	0	0	0	0	0	0.0611809	0	0.00520833	0	0	0	0	0	0	0	0	0.00520833	0	0	0	0.00520833	0	0	0	0	241.407	3.5744	0.373673	0.31836	0	0	2546.86	0.39179	0.293826	1.12503	0.729219	0	0.0509394	0.0958428	0	0	0	0	0.252374	0	0.00775194	0	0.845774	136.818	1792.2	512.362	0.0293076	22.608	0.172655	794.434	0	0	0	0	0	0	666.771	9.24896	0	0.38507	1.91199	0	4.44527	0.00362319	588.668	0.542923	0	0	621.423	0	0	0.316155	0	0	0.046798	0	0.617034	117.018	74188.9	0.0767544	87299.5	483.02	0.00775194	0	1.31301	0.454764	0.00444444	0.0293076	0.0174359	0	0.0917963	0	0.0709144	0.00628931	0.0042735	0	0.162562	0	0.0042735	0	0.450532	0.00350877	0	0	0.00406504	0.551435	0.0663534	159.672	0.0503307	0	56.3162	907.273	0.0385433	0.642315	0.241695	0.00775194	35.7116	1493.98	0.465468	0	0.587896	0	3057.44	1211.69	117.211	8.80373	0.369032	0	30513.9	0.0179183	73.4907	0	12.5945	0	2261.95	0.00606061	1276.63	0	2067.37	0	15424.7	0.00606061	
3.16994e+07	SFG_R_7_5	50409.3	514599	30445.4	1.09165	333.058	41.8127	681480	1.00371e+06	679018	0	0.0329365	23.3107	2.09479	4.58398	7.00878	0.0290404	0	1756.28	0.0203517	0.542118	0.224411	21.8717	3.71462	4.72885	822948	28.212	0.00271003	2.36855	0	32.611	0.119987	2.19801	0.173098	41.1123	0.0408882	18.1103	0.226541	20.2276	0.6429	6918.91	0	0	0.158216	0	0	0	0.00271003	0.831912	0	0	3.37135	0	4.80836	3124.54	4681.7	4.43322e+06	606.17	0	14612.6	4.12003e+06	6.50438	6882.57	5.88028	134836	6.46712	949.271	198.534	277879	0.0391491	0.234302	0	0	1.49072	18.7525	0	0	0.506918	0.164002	0.0206731	0	0.0196121	0	0.0691062	0.283332	0	0	0.0194658	0.00340136	0	0	0.00396825	0	0	0.00512821	0	0	0.00387597	0	0.00396825	0	0	0	0	0	3.61834	8.35173	0.0146032	0.00529101	0	0	0	0	0	0	0.00574713	0.0200714	0	0	0	0	0	0	0	0	25.0559	5.70137	0.198456	6.09987	0	0	119.752	0.395025	0.805649	9.97202	6.50529	0.00462963	0.126104	2.79252	0	0	0	0	4.37241	0.00462963	0	0	0.598701	3.95973	216.749	8735.51	0	0.0259259	0.00980392	1164.79	0	0	0	0	0	0	48.1621	41.3032	0	4.12761	3.69296	0	6.98654	0.159585	197.439	11.1501	0	0.00833333	166.728	127.12	0	0	2.45718	64.8495	0	0	0.517144	0.0549564	0.812464	84758.8	0.457844	48642.3	0	0	12.5506	232.173	0.0547594	0	0.0304312	0	0.22768	10.6612	0.530025	0	0	0.250995	0.444236	0	0	0.305461	3.70957	0.0661692	0.0143436	0.00438596	0.0143386	10.7056	0	713.029	0.0096931	0.0751804	147.212	89506.6	0.00252525	2.36221	0.0176608	50.3176	170.59	997232	0.78286	0.950935	0.0359939	52.3841	0.0171193	15995.6	81.7735	866.609	0.0111345	70.0907	65.1476	1.4039e+06	3.87977	210544	0.0811964	0.00297619	1.04564	40091.3	0	7648.6	0	12491.1	0.0200645	136466	
1.68928e+07	SFG_L_7_6	209074	416.11	31.4481	1980.29	4.63215e+06	24665.1	0	0.759776	155.035	0.0329365	0	8268.07	3.09032e+06	1.99562	4.56907	73704	0	97.5907	0.11306	1792.68	1.20339	1551.06	0	126.58	0	0.0517241	0	5.2496	0	2.22366	1.39693	42.6184	0.284882	119.04	0.159278	151.251	0.014898	2.54151	0	0.0070922	0	1.70483	0	0	0.0318029	0	0.0318029	0	0	0.741468	0.00343643	0	0	0	0	0	1.13738	0.00606061	0.0212683	0	0	0	0	0	72.2024	0	0.774348	0	0.0405745	0.199488	0	0	0	0	0	0	0.00456621	0	0	0	0	0	0.00456621	0	0	1.63772	0	0	0	0	0	0	0	0	0	0	0	0	0	0	0	0	0	0	0	0	0	0	0	0.00438596	0.00469484	0	0	0	5.43572	0.220978	0.0180477	0	0.123041	0.220978	0	0	0	0	4.36897	0.667086	24.5528	0.0657508	0	0	64.4024	0.0202206	0.00505051	2.11006	0	0	0	0.00401606	0	0	0	0	0	0	0	0	3605.82	1.31203	2931.06	0.0546984	1896.7	139.928	3258.69	2.01119	0	0	0	0	0	0	2.11168	0.0021645	0	0.015695	0	0.00757576	0	0	0	0.392061	0	0	0	0	0.0492839	0.00653595	24.6447	5.75029	367376	825.941	5717.61	104.907	15076.8	0.0544444	125.836	0.117466	0.0784314	75.6021	0.0037037	0	0	12.2602	0.00421941	1.19313	0.0037037	0	0.0924041	0.104754	0.00421941	0	0	0	0	0	0	0	0	138.016	0	0.753625	0.164578	0	0.0414764	0.0304446	7.3638	0.349402	18.8268	4.45599	0.146488	0.0021645	0.017274	9.68382	0.00512821	1.60525	0.00512821	0	9.83738	155.952	0.00512821	6.63574	0.0653311	0	1.78848	0.00617284	0.58528	0	0.483307	0	5.11716	0	2.41525	0	3.99317	0	7.71692	0.00617284	
2.93144e+07	SFG_R_7_6	11.1349	308135	6692.4	0.253246	355126	1.06924e+07	0.00653595	0.0312784	0.00606061	23.3107	8268.07	0	57512.2	1.01107e+06	48025.4	97.8894	2.08092	0	24932.1	0.220193	624.185	5.71365	107.515	0	275.854	0	3758.66	28.1912	0.00505051	0	47.6632	6.93349	13.2152	14.2112	0.573616	17.464	1.77267	1.30047	0.296769	0	57.5595	100.492	0	0	0.0554051	0	128.356	0.267063	0.0353261	11.8083	0.348504	0	0	0	0	0	0.0177404	0	0.00490196	0.0299966	0	0.0273504	0	0.00512821	0	15.3046	0.00606061	50.7708	0	7.47622	0	0.0190476	0	0	0	0.0746867	0	0	0	0	0	0.013843	0	0.0440548	0	0.0146421	0	0.0179952	0	0	0	0	0	0	0	0	0	0	0	0	0	0	0	0	0	0	0	0	0	0.0190476	0	0	0	0	0	192.605	0	0	0	80.7241	0	0.0774205	0	0.00537634	0.00617284	0.0454338	0	0.0706458	0	0	0.00617284	0.00546448	0	0.119441	0.00421941	0.004329	0	0.0668918	0	0	0	0	0.00421941	0	0	0.133198	13.3191	11152.4	0.0268384	221.801	0	43223.3	233.684	303562	0	0	0	0.00606061	0	0	0.003663	0.0772915	0	0.0120125	0	0.132099	0	0.0437276	0.0247253	0.0184619	0	0.0177904	0.0247253	0.0643402	0	10.1667	2583.6	1803.98	1352.77	1.61279e+06	0.00724638	5875.79	0.0687831	1272.13	0	15.6432	4.10651	150656	0	0	0	0.00740741	0	0	0	0	0	0.103304	0	0.00416667	0	0	0	0.0166667	0	0	0	0.00438596	0	0.207073	0	0.44151	0	2.85484	0.0150779	299.45	0.00205761	1155.21	0.0353261	3.3336	0.0150779	20.8793	0.0353261	19.7051	0	0.245254	1.64372	1175.26	0.003663	17.9602	0.00205761	603.69	0.0323277	565.893	0.0598206	0	0.00205761	0.448352	0.0948561	42.5933	0.00401606	43.9813	0	25.4639	0	638.205	
1.25058e+08	SFG_L_7_7	58031.6	116.987	1.84352	1022.67	1.93353e+07	2.6849e+06	0.0193237	1.77579	1719.69	2.09479	3.09032e+06	57512.2	0	1.155e+07	26.4219	33487	5.31105	0.00666667	481412	4462.48	165407	15.4585	2.31334	0	4.54304	0.00584795	1.43408e+07	4.29188e+06	0	0.11169	842.249	2.08154	0.0265805	2.14366	13276.5	1.40809	0	0.0321705	0.026426	0	223524	2907.21	293.014	0	2.50095	0	88.7162	750148	2510.52	3.28819	325211	0	0.00537634	0	3.62374	0.0513407	1.86086	0	21.1496	0.19512	0	0	0	0	32.7902	0	4.48629	0.0528046	5.92917	4.8106	0.00314465	0	1.16706	0	0	0	13.6829	0	0.260115	0	0.256954	0	5.18647	0.0625181	1.06702	0.00456621	0.0746685	0	0.0125786	0	0.511873	0	0.0273039	0	0.0515444	0	3.32095	0	0.0737077	0	0.0125786	0	0.204933	0	6.24164	0	32.1246	0	0.0162989	0	0	0	0	0	27.0318	0.10134	0.581703	0	0.511831	0.0160853	0	0	0	0	769.508	0.43015	136.391	0.00438596	4.13365	0	477.042	0.0165056	829.929	0.0383161	699.477	0	441.418	0	0	0	0	0	14.3624	0	0	0	10065.1	1.60262	5312.19	0.936213	56055.8	145.179	46584	7.13225	0	0	0	0	0.0447828	0	1.08092	0.00483092	1963.28	0	0.930347	0.0918418	0.0162578	0	2726.06	0.00416667	0.00314465	0	0.100841	0	12.6689	0.0070922	182821	105282	3.8869e+06	326.977	30567.5	496.659	27305.7	0.733674	9679.61	0.0239883	231345	717.071	0	0	30.3276	36.3755	44.0205	87.7515	0.0353498	0	5267.8	14.2107	1381.92	0	313.907	0	283.218	0	2226.63	0	432.34	339.313	93.1673	0.102992	0.322855	0	1.05668	0.7178	55.3542	0.250631	140.598	24.6364	69325.8	0.0126385	858.404	0.394957	4554.79	27.361	299945	0.00254453	7689.76	0.00314465	49971.9	0.133936	18085.8	0	7513.87	0	0.57922	0.00297619	1350.56	0	134.674	0.0341215	131.774	0	1468.15	0.00314465	40085.9	0	
7.14541e+07	SFG_R_7_7	0.125048	28.5296	0.861576	0	281169	1.05272e+07	0.0956862	0	0.0468826	4.58398	1.99562	1.01107e+06	1.155e+07	0	3783.68	0	0	0	17210.5	13892.5	1897.75	9145.53	0.0577065	0	16.8525	0	3.92318e+06	4.71636e+06	0	0	48.769	211.602	9.13392	0.00555556	160.358	2239.41	0.0045045	0.0151515	0.022807	0	223454	168759	10.3082	0.0465608	1674.61	0	486331	599042	3366.18	538.872	808.536	0.599524	0.0226249	0	1.41864	0	1.66487	0.00490196	14.5943	0.0793703	0	0	0	0	0.00469484	0.83079	0.021511	3.72067	31.6846	326.49	0	0.0174015	0.0338413	0.0427688	0	0.0174015	10.7114	3.00811	0	0	0	0.0175439	4.47767	24.9883	0	0.108028	0	0.269185	0	0.0163605	0	0	0	0.408182	0.00520833	0	0	0.0189144	0.00297619	0	0	0	0	2.53089	0	4.79081	0	0.00343643	0	0.0795696	0	0.0130457	0	0.950673	0	0.0146117	1.17786	0.00308642	0	0.0146117	0	0.0175439	0	0	0.0652392	3.55145	0.0636966	52.3973	0	0.00537634	0.00314465	0.245258	0	5.4021	0	12.3414	0	218.615	0	0	0	0	0.00330033	0	0	0.00323625	0.170082	495.231	0.0372731	7.78559	0.416274	17454.9	26.8733	32197.8	0	0.00490196	0.00347222	0	0	0	0.0147664	0.0197802	0.002331	23.9682	0.0814006	0.560993	0.153779	0.003367	0.50963	2773.28	0.00347222	0.00537634	0.420885	0.00925926	0	5.21029	120922	733836	7138.33	83512.1	0.003663	19739.6	5.61452	382.229	0.282309	123.51	45269.9	794611	0.0115951	1799.17	0.240419	0.159659	0.00311526	201.017	0	0.0144033	0.301722	0.116492	0	540.93	0.190021	0.11323	0.003663	11887.4	0.0332414	156.661	0.00347222	310.178	0.00387597	789.044	0.0989201	0.0174603	0.0409971	148.308	0	115.96	0.322424	537.787	295.461	47796.3	0.00628931	20.7936	1438.84	12779.5	64.7867	36569.6	0.834789	76178.4	0.134874	57700.3	0	40730.1	0.00350877	131.352	0.207009	0.125064	0	6814.5	0.11441	141.941	0	2612	0.00236407	22013.9	0.00546448	4416.12	
3.38169e+07	MFG_L_7_1	4286.62	2489.57	638087	57.8388	1.50226e+06	193369	81.082	2.86149	101.247	7.00878	4.56907	48025.4	26.4219	3783.68	0	1009.79	1289.81	3.66304	7.86276e+06	285.557	1.00974e+06	1117.73	5.32485e+06	2.84241	297857	0.00617284	51.7573	36.183	68.5968	4.3142	10400.5	26.8959	228.644	949.6	657.936	229.526	0.381173	3.36635	9.41573	0.138995	0.748733	0.0351606	0	0	0.0320587	0	5.05435	0	0	0	0.118114	0	0.0255848	0	4.4256	0.0940602	0.878226	0.00497512	1.75634	3.33597	0.0668301	0	0.556063	0	5.29043	0	0.513732	0.0389377	5.65148	0.0147334	0.0045045	0	0.112763	0	0	0	0.104708	0.0037037	0.0045045	0	0	0.0037037	0.214641	0.0287226	0	0.561203	0	0.0037037	0	0	0	0	0	0	0	0	0	0.0146328	0	0	0	0	0.167608	0	0	0.00220751	0	0	0	0	0	0	0	0	0	0	0.166858	0	0	0	0	0	0	0	19.9608	0.577387	0.240723	0.0150779	0	0	175.648	0.103353	0.00490196	0.0331731	0.139514	0	0.0196078	0.0133126	0	0	0	0	0.0319222	0	0	0	0.628214	0.311309	168.93	0.698846	0.0217087	0.126468	0.0132291	0.887064	0.00490196	0	0	0	0	0	5.51515	0.121394	0.0146804	0.0133126	0.0334633	0	0.0123457	0.00564972	0.136583	0.0515753	0.00490196	0	0.926915	0	0	0	0.0636761	2.48027	0.0512017	1.58573	0.38944	0.0325616	0.621124	0.004329	4.17118	0.00326797	0.00387597	4.6398	0.00490196	0.00350877	0.00416667	0.00401606	0.00401606	0.00401606	0.00497512	0	0.0163655	0	0.00401606	0	0.0325469	0	0.0163655	0	0	0	0	0	0	0.0283722	0	0	0.375668	0.0037037	2.70474	0.507712	9.75552	0.0700398	0.22817	0	25.6281	2.05828	0.204821	0.003663	1.04894	0	412.385	1100.81	0.53548	0.333847	87.9184	0.775877	368.095	1.4563	2.56679	0	15.2512	0	282.85	2.51969	238.371	1.54133	165.643	1.31195	1130.94	1.35848	
4.53689e+07	MFG_R_7_1	43.7046	29.8449	768.318	1.06679e+07	72805.4	6.06484e+06	0.300509	4.26791	0	0.0290404	73704	97.8894	33487	0	1009.79	0	0.936317	12155.8	125.179	667720	8770.7	656385	66.6933	4.16312e+06	163.499	130868	0.634123	1339.77	0	1597.86	9010.61	1946.63	6580.96	9669.06	0.0273934	1215.52	0.962905	360.317	0.0629433	29.6206	0	0	0	0	0	0	0	0.199157	0	0	0	0	0.00421941	0.021783	0.0656728	1.27667	0.403997	2.06457	3.30736	3.95729	0	3.97174	0	1.16796	0	0.0242504	0	0	0.00416667	2.59074	0	78.0751	0	0.906414	0	76.3789	0.00617284	0.127279	0	1.47328	0	123.823	0	10.0689	0	88.2057	0	74.7859	0	1.4791	0	1.8644	0	0.0338296	0	0.819625	0	21.4852	0	0.30464	0	0.00520833	0	0.295855	0.0194741	0.513271	0	0.163081	0	0.00248756	0	0	0	0.00248756	0.0222469	0	0	0	0	0	0	66.4744	0	3.64595	0.0926341	216.177	0	42.7563	0	0.0233918	0	124.849	0.00374532	283.522	0.0329777	29.145	0.0147442	416.521	0	0.574363	0	20.1425	0.003663	0.203577	0	391.381	0	0.0849062	0.00505051	30.9256	0	0	0	0.0240416	0	0.475327	0	17.3843	0	0.200207	0.149854	543.502	0	238.21	0	0	0	455.715	0.0487383	734.101	0	6.31392	0.094614	189.526	0	0	0	0	4650.27	0.145255	0	0	0.0525088	0	0.0249049	0	0	0	1.05221	1.05084	0	0	0	0.00416667	0.174644	0.0428025	0	0	0	0.146625	0	0.0186708	0	0.0559477	0.0035461	0.004329	0	0.0143393	0	371.124	0	0.00925926	0	0.818546	5.55556	1372.18	0	55.9347	0.00444444	0.0465186	12.4595	6196.18	0.161593	2.69588	0.0169037	8.44114	0.900984	35792.2	0.616963	23014.8	0.00340136	4844.43	6.30006	4313.47	1.415	0.13301	0.0156916	0.0243466	0.819582	2324	0	4742.14	0	2031.15	0.00314465	4572.3	
1.58867e+07	MFG_L_7_2	912.315	393.922	9658.89	7.27855	322.914	27.5384	32.4234	0.437874	0	0	0	2.08092	5.31105	0	1289.81	0.936317	0	0.589435	3398.09	0.407159	2.84573e+06	3.12255	1.7476e+06	0.468386	453062	0.00421941	1636.41	0.564051	336839	2.72529	203182	1.66999	42897.1	349.207	187.972	0.0508572	634.148	0.333686	109075	1.57097	0	0	0.0891493	0	0	0	0.003003	0	0	0	10.4331	0	105564	0	83.8257	0	0.476546	0	0.115736	0	12581.2	0	2.057e+06	0	0	0.00456621	0	0	0.0134134	0	0.315282	0	24.6821	0	0.0264052	0	0.0881629	0	0.0338309	0	5.74179	0.00411523	0.0183517	0	0.29518	0.00411523	3.79029	0	0.00520833	0	0.00401606	0	0.00520833	0	0.200744	0	0.606225	0	0.512272	0	0	0	0	0	0	0.00505051	0.00401606	0	0	0	0	0	0	0	0	0.00555556	0	0	0	0	1.4241	0	0	0	0.404612	0.0991154	0.0427362	0.0345037	0	0	2.58553	0.00469484	0.0816399	0.0155123	20.4037	0	0.772462	0	0	0	0	0	8.96758	0	0	0	0.00378788	0	0	0.0402981	0	0	0	0	0.0952973	0	0.0252381	0	0.742967	0	16.0171	0.00584795	0.0725047	0	0.00653595	0	0.403662	0	296.021	0.00378788	0	0	1537.66	0	0	0	0	0	0	0	0	0	0	0	0	0	0	0	0.00340136	0	0	0	0.00374532	0	0.00529101	0	0	0	0.00374532	0	0.108937	0	0	0	0.0398641	0	0.00374532	0	0	0.0037037	0	0.00617284	0	0	0.543087	0.402696	0.0153439	0.00564972	0	0	367.974	1.54463	0.019129	0	1.55364	0	2597.28	5097.84	79.617	0.11775	82.0625	0.587568	209.475	2.1736	0.841523	0	0.786601	0	69.2928	5.53411	44.8686	4.20072	19.6084	1.22974	342.66	2.58408	
1.05456e+07	MFG_R_7_2	2659.05	7144.38	249.941	131114	184.956	1593.92	0.172252	28997.5	0.371827	1756.28	97.5907	0	0.00666667	0	3.66304	12155.8	0.589435	0	0.388808	2.48772	0.945011	181617	15.392	2.73776e+06	1.75053	261374	0	0.794978	0	365130	0.544663	161310	0.323164	1823.44	0	3475.8	0.00694444	0	0	232.821	0	0	0	0	0	0	0	0.676388	0	0	0	0	0	3475.27	0	47160.9	0.0179441	8436.68	0	889.337	0	12.2799	0	728936	0.00512821	0.00900901	0	0	0	4.39675	0	5.58004	0	2.00855	0	19.565	0	34.4132	0	4.30021	0	1599	0	759.874	0	128705	0	599.068	0	1759.36	0	6080.2	0	16.1449	0	179.622	0	216169	0	315.283	0	0.204964	0	640.546	0	0	0	323.753	0	0	0	0	0	0	0	0	0	0	0	0	0	229.173	0	3457.21	0.00497512	1.94274	0	104.249	0	0.351558	0.171972	20.0795	0	118.053	0	91489.1	0	94900	0	0.00900901	0	926.978	0	13945.5	0	0.111849	0	0	0.240849	0.00411523	0	0	0	0	0	9953.15	0	0.00311526	0	4899.39	0.0423008	4333.74	0	0.0180818	0	0	0	0	0	0.00694444	0	0.00311526	0	0.0208384	0	0	0	0	0	0	0.0047619	0	0.877811	0	0.0258924	0	0	0	0	0	0	0	0	0.0165448	0.00308642	0	0	0	0	0.0797653	0	2.62391	0	0.0334135	0	0.00323625	0	0.00323625	0	3423.75	0	0.00512821	0	0	0	0.858361	0	0	0	0	0	3.15986	0	0	0	0.00196078	0.143296	179.154	0	0.541462	0	0	0.00392157	0.0022831	0.00392157	0.0022831	0	0	0	0	0	0	0	0	0	0	
3.46001e+07	MFG_L_7_3	54.4852	511.34	5012.38	15.4245	727042	160729	7.15612	0.048465	0.157203	0.0203517	0.11306	24932.1	481412	17210.5	7.86276e+06	125.179	3398.09	0.388808	0	158.865	4.31361e+06	182.544	165721	0.0977094	13184.6	0	3.44889e+06	1321.87	98.4047	1.50233	26230.6	5.14687	24.5172	72.6006	7849.22	45.8807	0.00775194	0.625977	16.9546	0.353539	1.41817	0.0351606	0.220777	0	0.0325315	0	3.8301	0	0.487284	0	38950.6	0.00680272	0.0485535	0	8.40012	0	0.141348	0.00497512	1.06148	0.00358423	0.17848	0	0.291565	0	0.113135	0.00416667	0.00757576	0.0153765	1.46687	0	0.0152983	0	0.148921	0	0	0	0.104708	0	0.0135442	0	0	0.0037037	0.156581	0.00220751	0	0.0964939	0	0.0037037	0	0	0	0	0	0	0	0	0	0	0	0	0	0	0.0412913	0	0	0.00220751	0	0	0	0	0	0	0	0	0	0	0.0182683	0	0	0	0	0	0	0	0.0473484	0.0351889	0	0.003663	0	0	0.448492	0	0	0.00374532	0.0805672	0	0	0.00282486	0	0	0	0	0.0516332	0	0	0	0	0.126003	0.143712	0.107049	0	0.0539174	0.0030303	0.95581	0	0	0	0	0	0	0.0891434	0	0.00350877	0.00282486	0.0188729	0	0.00505051	0	0.342644	0.011252	0.00314465	0	1.705	0	0	0	0.436988	3.18718	0.256654	0.81181	0.0188203	0.0305134	0.0722148	0.004329	0.113065	0.00326797	0.355568	6.70733	0.00444444	0.003663	0	0	0	0	0	0	0.00411523	0	0	0	0.0140351	0	0.00411523	0	0.00411523	0	0	0	0	0.011252	0	0.00387597	0.0747566	0	0.428981	0.241019	2.82269	0.0136743	0.715311	0	2.6521	0.556264	0.971283	0	0.238537	0	145.374	156.26	0.235126	0.0757536	8.40593	0.0784483	25.2324	0.148634	0.436421	0	3.81341	0	13.1829	0.49585	18.1543	0.323801	23.4705	0.24951	37.3295	0.114895	
5.10818e+07	MFG_R_7_3	8.09121	16.46	197.139	46725.5	74603.9	1.29479e+06	3.30346	39.4457	0.0221612	0.542118	1792.68	0.220193	4462.48	13892.5	285.557	667720	0.407159	2.48772	158.865	0	853.28	2.40424e+06	4.63441	30056.7	94.5572	463.38	25.4255	1.68515e+07	0	0.0476799	446.693	56917.5	233.422	2.47389	10.892	721089	0.0571332	76.9051	0.0226021	0.00757576	0.00266667	0	0	2637.97	0.00262467	72.1779	0.750003	3460	0	0.00520833	11.3508	7588.16	0.00387597	0.00456621	0.0454344	2.16091	0.469786	1.61838	0.141052	0.870975	0	9.53195	0	0.716067	0.00456621	0.00529101	0	0.00438596	0.0506299	153.708	0	5.97965	0.00323625	108.372	0	4.95178	0.0026455	383.018	0	0.290979	0	16.1297	0	83.217	0	13.8946	0	37.4055	0	0.14245	0	0.111647	0	5.01951	0	0.201148	0	1.08523	0	0.01911	0	0	0	58.2731	0.00438596	319.009	0	6.17143	0	0.277237	0	0	0	11.5132	0	0	0	0.00340136	0	0.108532	0	1.83898	0	0.463579	0.22531	134.873	0.133733	1303.42	0	0.00574713	0.264443	43.197	0.0537206	205.85	0.0808355	375.708	0	8242.5	0	0.00512821	0	2.95821	0.0293586	0.0507448	0	10.0237	0.0350053	0.0754648	0.150765	2.25883	0.00406504	5.16507	0	0	0	0.268717	0	1.48696	0	0.0211694	0.060995	7.07836	0.00314465	469.693	0.767266	12459.5	0.0202067	108.945	0.524007	228812	0	4.65278	0.111459	34.1918	0	0	0	0	0.031746	0	0	0	0.00595238	0	0	0	0	0	0.153056	140399	0.131623	692.282	0.123643	7662.93	0.00456621	109.949	0.0310578	3462.81	0.0130832	23894.4	0.0130769	1.11993	0.120188	193298	0.0299247	8410.59	0.0128852	10241.6	0	25924.1	0	0.347722	0	86.3357	0.696151	153.522	0.00289855	831.478	0.0130013	80725.8	0.579434	601.817	0.659967	386831	9.82173	1.02431e+06	0.81122	56651.3	1.70546	1.01314e+06	0.0142857	79551.1	0.645091	1470.22	2.13225	3.18024	0.0313558	2404.93	2.02352	1396.46	0.0165945	3035.5	0.0144551	9338.7	0.0162698	28347.3	
1.12241e+08	MFG_L_7_4	947.725	238.037	30176.4	1397.15	504037	75591.5	15.6314	0.412991	0.0220401	0.224411	1.20339	624.185	165407	1897.75	1.00974e+06	8770.7	2.84573e+06	0.945011	4.31361e+06	853.28	0	2508.64	1.97895e+06	1.46912	55309.4	0.00243309	470774	10617	913.374	2.93444	3.53388e+07	309.656	4.10573e+06	1464.6	3.08943e+06	214.157	0.292146	4.66724	373.752	1.69801	0.216315	0	0.0465301	0	1.01211	0	8.20449	0.0110711	0.966874	0	877351	0.0272563	5789.34	0	1175.23	0	6839.04	0.0162602	77.3986	0.0341807	141.181	0	1190.97	0	0	0.157165	0	0	766.023	0.0340116	14.4843	0	24.4376	0	0.00584795	0.00416667	223.968	0	1.81817	0	12.7805	0.00205761	95.597	0.0146591	0.0402384	0.0482007	5.40651	0.00205761	0.0147876	0	3.97548	0	0.223738	0.00383142	2.57579	0	16.9304	0	10.4365	0	0	0	16.3094	0	0.647849	0.6642	9.83667	0	0.00462963	0	0	0	0	0	0	0	36.5276	0	0	0	0	0.0171053	0	0.0171053	2921.29	18.264	68.3071	4.05032	1.8989	0	935.019	0.472606	2069.15	0.354132	1612.38	0.00378788	2001.17	0.030756	0.149446	0	0.0770579	0	188.563	0	4.19013	0	9.06044	4.50546	6.89936	9.69679	0	0.0139804	0	0.0653342	992.919	0	45.6934	0	204.342	0	3526.01	0.776266	5439.55	0.0310203	20.0422	0	7529.62	0	32797.1	0.222382	567.353	0	10806.1	0	0.00239808	0	0	0.00546448	0.180265	0.0500093	0	0.003367	0.0159962	0	0.00416667	0	0.098322	0.138008	0.450969	0.352053	3.65618	0.00512821	14.5622	0.00262467	2.17047	0.0348245	78.3988	0	44.8341	0.00350877	83.6477	0	18.2698	0	153.969	0.0332196	20.815	0.0124957	5.94381	1.1855	0.00900901	0	54.9647	0.0465692	277.012	5.42381	1381.62	0.167453	8.09168	0.0233598	55120.9	17.0487	17.7532	0.352182	14176	0.00974348	340913	2216.34	240730	2.7505	83411.7	0.648418	149834	5.42043	216.673	0	1572.46	0.00333333	33967	6.99828	24629.9	6.18665	23095.5	1.68508	168220	5.02525	
