data	data	3.7385e+07	6.55399e+07	2.41195e+08	1.92949e+07	2.78406e+08	1.1888e+08	8.66082e+07	4.97803e+07	1.55352e+07	1.51657e+07	2.70655e+07	4.49922e+07	6.45889e+07	3.55536e+07	2.27668e+07	2.56145e+07	8.32476e+06	1.38928e+07	1.54324e+07	1.21527e+08	1.22618e+07	2.07344e+07	3.15838e+07	3.32835e+07	2.0511e+07	1.04278e+07	1.33832e+08	2.32617e+08	1.37993e+07	1.23991e+07	2.90647e+07	1.60725e+07	2.46017e+07	1.63286e+07	7.05202e+07	3.21397e+06	2.50207e+07	1.28807e+07	3.07336e+07	1.88303e+07	8.21132e+06	1.40231e+07	9.47212e+07	2.41016e+07	1.40207e+08	1.83456e+07	9.68352e+07	9.28698e+07	3.13029e+07	6.20368e+06	1.06457e+08	1.35465e+07	1.47177e+08	1.52662e+07	3.4756e+07	3.10162e+07	1.60695e+08	2.69841e+07	8.834e+07	8.01905e+07	2.2343e+07	1.55772e+07	1.2567e+08	2.54008e+07	2.15599e+06	7.24443e+06	1.96463e+06	6.68335e+06	5.44434e+07	1.97539e+08	8.51235e+07	5.77459e+07	6.61324e+07	2.34239e+07	8.08083e+07	5.03073e+07	4.19657e+07	1.26069e+07	8.53683e+07	2.19379e+07	4.96826e+07	3.28511e+07	4.00676e+07	3.45163e+07	3.0439e+07	4.13535e+07	3.59907e+07	5.38198e+07	1.12669e+08	9.29174e+07	5.10471e+07	3.0126e+07	8.41005e+07	1.23913e+07	5.83863e+07	4.62232e+07	1.92201e+07	7.08392e+07	2.63816e+07	2.56007e+07	6.43331e+07	2.02535e+07	3.91002e+08	4.26858e+08	3.95743e+08	4.71933e+08	9.34615e+07	3.47992e+07	3.42916e+06	9.98246e+07	4.59685e+06	6.26572e+07	2.85826e+07	1.58674e+08	3.27273e+07	4.95485e+07	2.99837e+07	2.18182e+07	9.65348e+06	1.22624e+07	1.86928e+07	9.16786e+06	1.51824e+07	2.38607e+07	2.71979e+07	6.79457e+07	4.26371e+07	3.88739e+07	3.19438e+06	4.84636e+07	1.65939e+07	8.81655e+06	1.87989e+07	4.75746e+07	3.12626e+07	1.77849e+08	6.2413e+07	9.26324e+07	1.06684e+08	1.10819e+08	1.43916e+08	6.07351e+07	5.88063e+07	4.09978e+07	9.43227e+07	3.24276e+07	3.34572e+07	3.54368e+07	2.64087e+06	1.42024e+07	2.64304e+07	9.54282e+07	2.70324e+06	1.80309e+07	5.52573e+07	3.61243e+07	9.33124e+06	8.55427e+06	3.35208e+07	4.29455e+07	6.98112e+07	4.95319e+07	1.61986e+07	9.23528e+06	1.69264e+07	1.62375e+07	1.0989e+07	765516	5.97952e+07	3.79912e+07	4.91141e+06	558668	2.92777e+07	1.55163e+06	2.24043e+06	8.90305e+06	8.11581e+06	3.44288e+07	1.39418e+07	1.52798e+07	8.7545e+06	3.13654e+07	5.17941e+06	2.1934e+06	2.52613e+06	4.17425e+06	1.8106e+07	1.66878e+07	1.36472e+08	1.11748e+08	8.50485e+08	3.14453e+08	3.58719e+08	1.72551e+08	1.40006e+08	2.692e+08	6.9523e+08	3.03819e+08	7.25444e+07	1.16901e+08	2.7341e+07	5.76875e+07	1.78806e+08	1.69769e+08	2.55145e+08	1.8952e+08	2.8904e+08	1.37125e+08	1.63253e+07	6.27775e+07	2.27644e+07	4.8989e+07	4.90149e+07	1.22557e+08	2.1093e+08	4.97563e+08	3.47942e+08	3.53073e+08	5.76512e+07	1.11822e+08	1.47195e+08	3.62649e+08	3.01761e+08	2.23148e+08	2.3352e+08	1.16195e+08	1.55939e+08	2.21873e+08	4.00746e+07	1.45447e+08	1.12156e+08	1.33478e+08	3.62047e+08	3.45236e+07	9.61117e+07	2.24746e+07	2.19395e+08	5.77795e+07	1.05233e+08	7.28104e+07	2.23966e+08	1.67428e+08	2.84321e+08	1.44486e+08	1.74927e+08	7.70132e+07	
data	data	SFG_L_7_1	SFG_R_7_1	SFG_L_7_2	SFG_R_7_2	SFG_L_7_3	SFG_R_7_3	SFG_L_7_4	SFG_R_7_4	SFG_L_7_5	SFG_R_7_5	SFG_L_7_6	SFG_R_7_6	SFG_L_7_7	SFG_R_7_7	MFG_L_7_1	MFG_R_7_1	MFG_L_7_2	MFG_R_7_2	MFG_L_7_3	MFG_R_7_3	MFG_L_7_4	MFG_R_7_4	MFG_L_7_5	MFG_R_7_5	MFG_L_7_6	MFG_R_7_6	MFG_L_7_7	MFG_R_7_7	IFG_L_6_1	IFG_R_6_1	IFG_L_6_2	IFG_R_6_2	IFG_L_6_3	IFG_R_6_3	IFG_L_6_4	IFG_R_6_4	IFG_L_6_5	IFG_R_6_5	IFG_L_6_6	IFG_R_6_6	OrG_L_6_1	OrG_R_6_1	OrG_L_6_2	OrG_R_6_2	OrG_L_6_3	OrG_R_6_3	OrG_L_6_4	OrG_R_6_4	OrG_L_6_5	OrG_R_6_5	OrG_R_6_6	OrG_R_6_6	PrG_L_6_1	PrG_R_6_1	PrG_L_6_2	PrG_R_6_2	PrG_L_6_3	PrG_R_6_3	PrG_L_6_4	PrG_R_6_4	PrG_L_6_5	PrG_R_6_5	PrG_L_6_6	PrG_R_6_6	PCL_L_2_1	PCL_R_2_1	PCL_L_2_2	PCL_R_2_2	STG_L_6_1	STG_R_6_1	STG_L_6_2	STG_R_6_2	STG_L_6_3	STG_R_6_3	STG_L_6_4	STG_R_6_4	STG_L_6_5	STG_R_6_5	STG_L_6_6	STG_R_6_6	MTG_L_4_1	MTG_R_4_1	MTG_L_4_2	MTG_R_4_2	MTG_L_4_3	MTG_R_4_3	MTG_L_4_4	MTG_R_4_4	ITG_L_7_1	ITG_R_7_1	ITG_L_7_2	ITG_R_7_2	ITG_L_7_3	ITG_R_7_3	ITG_L_7_4	ITG_R_7_4	ITG_L_7_5	ITG_R_7_5	ITG_L_7_6	ITG_R_7_6	ITG_L_7_7	ITG_R_7_7	FuG_L_3_1	FuG_R_3_1	FuG_L_3_2	FuG_R_3_2	FuG_L_3_3	FuG_R_3_3	PhG_L_6_1	PhG_R_6_1	PhG_L_6_2	PhG_R_6_2	PhG_L_6_3	PhG_R_6_3	PhG_L_6_4	PhG_R_6_4	PhG_L_6_5	PhG_R_6_5	PhG_L_6_6	PhG_R_6_6	pSTS_L_2_1	pSTS_R_2_1	pSTS_L_2_2	pSTS_R_2_2	SPL_L_5_1	SPL_R_5_1	SPL_L_5_2	SPL_R_5_2	SPL_L_5_3	SPL_R_5_3	SPL_L_5_4	SPL_R_5_4	SPL_L_5_5	SPL_R_5_5	IPL_L_6_1	IPL_R_6_1	IPL_L_6_2	IPL_R_6_2	IPL_L_6_3	IPL_R_6_3	IPL_L_6_4	IPL_R_6_4	IPL_L_6_5	IPL_R_6_5	IPL_L_6_6	IPL_R_6_6	PCun_L_4_1	PCun_R_4_1	PCun_L_4_2	PCun_R_4_2	PCun_L_4_3	PCun_R_4_3	PCun_L_4_4	PCun_R_4_4	PoG_L_4_1	PoG_R_4_1	PoG_L_4_2	PoG_R_4_2	PoG_L_4_3	PoG_R_4_3	PoG_L_4_4	PoG_R_4_4	INS_L_6_1	INS_R_6_1	INS_L_6_2	INS_R_6_2	INS_L_6_3	INS_R_6_3	INS_L_6_4	INS_R_6_4	INS_L_6_5	INS_R_6_5	INS_L_6_6	INS_R_6_6	CG_L_7_1	CG_R_7_1	CG_L_7_2	CG_R_7_2	CG_L_7_3	CG_R_7_3	CG_L_7_4	CG_R_7_4	CG_L_7_5	CG_R_7_5	CG_L_7_6	CG_R_7_6	CG_L_7_7	CG_R_7_7	MVOcC	MVOcC	MVOcC	MVOcC	MVOcC	MVOcC	MVOcC	MVOcC	MVOcC	MVOcC	LOcC_L_4_1	LOcC_R_4_1	LOcC_L_4_2	LOcC_R_4_2	LOcC_L_4_3	LOcC_R_4_3	LOcC_L_4_4	LOcC_R_4_4	LOcC_L_2_1	LOcC_R_2_1	LOcC_L_2_2	LOcC_R_2_2	Amyg_L_2_1	Amyg_R_2_1	Amyg_L_2_2	Amyg_R_2_2	Hipp_L_2_1	Hipp_R_2_1	Hipp_L_2_2	Hipp_R_2_2	BG_L_6_1	BG_R_6_1	BG_L_6_2	BG_R_6_2	BG_L_6_3	BG_R_6_3	BG_L_6_4	BG_R_6_4	BG_L_6_5	BG_R_6_5	BG_L_6_6	BG_R_6_6	Tha_L_8_1	Tha_R_8_1	Tha_L_8_2	Tha_R_8_2	Tha_L_8_3	Tha_R_8_3	Tha_L_8_4	Tha_R_8_4	Tha_L_8_5	Tha_R_8_5	Tha_L_8_6	Tha_R_8_6	Tha_L_8_7	Tha_R_8_7	Tha_L_8_8	Tha_R_8_8	
3.7385e+07	SFG_L_7_1	0	3.48656e+06	6.52915e+06	417.415	576857	1972.12	3.63057e+06	207700	37180.9	1445.12	29591.5	1957.66	0.156002	0.0828281	0	0.065743	8.91987	0	0.0031746	0.080508	0.776324	13.3774	25.0663	1.86861	0.0755924	0	0.0857932	0.595244	964.034	145.562	9.55681	9.59686	42.0639	762.029	0.263838	0.0259119	16.9419	63.224	1664.23	339.925	0	0.00343643	0	0	0.245115	0	0.314216	0.0047619	25.2455	0	0.0512523	0	0.0343915	0	0.0123457	0	28.8204	0.00289855	7.74514	4.60451	0	0	0.15177	0	85.975	0.577329	25.9749	22.2637	6.0357	0.00266667	0	0	0	0.00238095	0.00574713	0	0	0	0	0	0.0172414	0	0.00287356	0.003367	0	0	0.00574713	0	0.0293946	0.003367	0.00350877	0	2.54568	0.00266667	0	0.003367	0.0042735	0	0	0	0.00323625	0	25.2533	0.023873	0.356856	0.20229	0	0	0.0163341	0.0026455	0	0	0	0	0.305837	0	0.654193	0.0026455	0.0042735	0	0.00574713	0	0	0	3454.69	3.1392	29.4947	0.00383142	0.0671426	0	279.943	0.12865	7.16138	0.00444444	0.511905	0.00350877	0.473339	0.00350877	0	0	0	0	0	0	0	0	6955.95	0.0949223	1816.31	0.503931	927.123	0	415.305	0.362264	0.00925926	0	0	0	0	0	176.178	0.212741	0.0109741	0	0	0	0.00574713	0.00350877	0.327257	0.167478	0	0	11.5095	0	0.305893	0.298477	2.95866	1078.83	14.9797	3.67168	126.879	0.0189153	7406.31	92.1599	585.893	0.00813008	0	0.110289	6.13377	0.100591	83.4364	0	26.692	0	0.0042735	0.0176608	49.6227	0	0.710125	0	0	0	32.7189	0	0.342318	0.41454	58.5538	0.00416667	0.849563	0.00416667	13.1923	0.270183	14.0606	0	817.669	1.70087	65.5023	0.0026455	0.402645	0.0116021	78029.3	33.1085	408.766	0	21.8772	0.004329	21998	42298.6	45.9426	0.399593	15.0226	0.0116021	2.67536e+06	0	28032.4	0	3390.08	0.0116021	35825	0.0135535	29426.2	0.0116021	29681.8	0.0272071	1.21567e+06	0	
6.55399e+07	SFG_R_7_1	3.48656e+06	0	939237	990016	253114	3.30586e+06	1.13497e+06	8.1982e+06	148875	707963	16925.4	2.83976e+06	600.301	64.9567	151.022	912533	1115.5	3174.71	35.0945	336.048	56.2126	149262	3380.56	1.69084e+06	195774	133.245	123.29	377.684	31.2073	1.19843e+06	14.9446	52082.8	4663.89	369133	39.6855	14.8676	616.479	16117.9	12520.8	574196	0.135542	4.8989	1.41325	0.841174	7.24137	0.246442	2.0195	3.52964	0.198229	4.44185	80.2579	1.04428	40.7268	0.0284203	47.1845	125.821	108.019	0.164754	305.308	212.909	0.164304	0.668638	1.8421	0.830038	2.97788	548.853	1.65735	354.183	2.87147	285.772	0	0.00606061	0.00280112	0.0597319	0	0.047328	2.14198	0.0428855	0.0156695	0.00282486	1.51657	0	0.419931	4.81976	0	0.18018	0.0884256	0.00529101	1.80054	0.971759	0.0030581	0.32926	11.3244	0.0478335	3.6289	0.0812358	0	1.48211	0.013692	0.278445	0.294808	0.0824142	0.102227	233.97	0	1.04069	0.0307218	0.488447	0	43.7965	0	0.00416667	0	0	0	3.67814	0	55.0738	0	0.00617284	0	0.0394991	0	0.00396825	103.192	76.7932	0	0.0394678	0	0.0773353	3.13764	32.0014	0.0293099	4.92958	0.0865084	29.9218	0.0327448	0.869542	0.020202	0.563833	0.0456876	1.79493	0.0124034	0	0.0831391	0.573148	545.827	1373.58	67.8993	359.741	77.5566	34.1098	421.906	59418.3	0	0	0	0	0	0	22.9306	41.3482	2.36103	0.0478142	0.290198	0.144602	3.86875	2.05716	185.418	286.921	0.0200051	0.0966327	798.368	0.2489	111.386	347.278	1248.03	6948.76	24.5501	3426.04	114.188	4770.66	148.097	11960	15.1156	164.894	0.955141	245.097	13.5434	24.1843	3.10206	0.509399	0.245362	0.392908	0.168027	8.10285	0.701451	0.57064	3.14978	0	0	7.55693	0.108449	0.309199	1.57983	5.26646	5.83771	1.93918	0	0.0363636	0.0530585	413.129	0	23.6222	75.304	492237	3.00186	431.808	0.0370408	7760.71	2028.27	2.91024e+06	0.712133	192.067	13.3571	1115.69	9491.46	175400	5.93997	2158.89	0.916831	17502.3	3507.59	1.54674e+06	25.4246	53.6747	16.4055	742.396	92.7097	35803.3	82.3449	23486.1	78.254	17122.9	152.808	219663	
2.41195e+08	SFG_L_7_2	6.52915e+06	939237	0	3703.59	6.92947e+07	1.51992e+06	6.65965e+06	8335.7	3.91246	23.983	31259.2	421348	1145.18	0.297743	1.15584e+06	64.7174	13021.8	0.14541	83607	809.897	66821.9	87.8373	5.73741e+06	4.07024	107561	0.256303	3879.1	47.5594	172037	36.2587	267349	8.86359	760993	359.007	13904.3	0.0212366	268531	68.2326	1.18427e+06	523.552	125.531	0.00343643	83.0037	1.80909	20.1755	0.759321	0.812439	11.4276	307.051	0	7023.45	0.0551549	5.37103	0.78817	0.385392	61.3781	220.615	7.72527	66.4573	14.7296	5.77865	2.79349	4127.02	6.45477	24.7123	0	2.90666	0	137.245	0.103356	1.61466	0	0.70537	0.0241644	0.898242	0	53.3151	0.0733207	3.70368	0.0261396	4.36793	0.897752	23.6956	0.0264989	0.0359545	0.210437	4.12	0.700418	684.39	0.685293	11.5478	0.00308642	4502.72	0.00275482	507.287	0.103043	11.9049	0.197681	1.7407	0.196256	47.0144	0.0077746	801.18	0.962374	4.30206	48.184	3.35204	0	0.491937	0.0401925	0	0	0.0130732	0	6.55517	0	3.48934	0.0652058	0.0667881	0	0.137011	1.27758	0	0.11264	464.634	14.5905	143.698	1.83359	0.264356	0	131.737	0.0168041	43.9955	0.129405	230.58	1.26943	77.4502	0.172425	0.00740741	0	0.0231729	0.111334	0.0220401	0.0485344	62.3633	0	162.137	9.79053	0	0.360372	18.6904	0.003663	0.0196328	0.0328093	0.0595318	0	0	0	0.00740741	0.003003	244.059	0.557303	11241.5	0.0117586	7.87651	0.0115951	10762.5	0.038999	19067.4	0.268457	266.875	0	87098.8	0	0	0	0.391706	1882.93	0.43248	0.403475	3042.27	0	0.014881	0.336508	0	0	0.144846	0.0611991	615.097	203.967	1190.98	0.00964576	204.043	0.025024	2.7292	143.274	503.006	0.00266667	210.293	0	0	0.00250627	197.479	0.022872	20.9782	50.752	968.958	0.24136	7.32976	0.003663	61.1425	152.476	52.7743	0.0137722	43011.7	4736.41	10741.3	0	2.50896	3.09431	2.21254e+06	5951.48	1866.52	0.0295078	4536.23	0.150974	226860	33572.2	42901.7	0.393663	111472	0.0529215	1.60816e+07	0.096144	27253.5	0.06061	92664.1	0	620010	0.136825	962345	0	779510	0.0271497	3.93171e+06	0.0614685	
1.92949e+07	SFG_R_7_2	417.415	990016	3703.59	0	33417	2.23376e+06	2.2074	3.96792e+06	0.328271	0.0133333	5325.97	7491.67	42.078	5.06523	7.70338	1.37412e+06	0.00694444	15.5091	2.42195	917.834	1.21278	312711	6.82206	232510	0.0624378	36505.9	5.30068	61.1083	0	104312	0.0247678	3120.78	14.1168	72937.1	0.433966	5.91945	2.03778	9289.07	0.80936	102607	0.252933	0.306345	0.0042735	0.00362319	0.301009	0	0.130736	0.249532	1.96981	0.0269388	1.92027	0.378384	0.0166693	3.45451	0.199179	25055.8	15.7051	63.0935	10.1524	80.0475	0	0.0914736	0	66.8401	0	0.023625	0	0.084795	0	50.8555	0	0.591866	0	5.48191	0	0.162351	0.00406504	2.46233	0	6.44004	0	0.0495623	0	0.333765	0	0.699906	0	15.8032	0.0154189	10.2535	0	0.828292	0.00505051	0.229298	0	0.215742	0	7.2461	0	0.175206	0	0.0140629	0.00204499	551.993	0	0.0160573	0	1.4867	0	67.3091	0	0.00358423	0	0.00358423	0	0	0	40.5293	0	0	0	0.137591	0	0.23503	0.141122	742.602	0.00350877	0.00680272	0	0.034188	0.0899831	25.4426	0.00292398	41.6656	0	463.601	0	19.333	0	0.034188	0	0.103267	0	0.00628931	0	0.0612415	0.463559	0	0.937622	0.0542676	0.260126	0.163899	0.164342	0.867714	0	0	0	0	0	0	5.16328	0.606869	0.0021645	3.70388	0	0.128196	0.00505051	0.110539	0.029519	19.5735	0	0	0.0581672	0.028974	0	0.204921	66.9442	11.884	62.8443	267.909	0.102272	8.09146	0.00438596	0	0.0213347	0	4.42001	0.0748909	0.0685299	0.0431863	0.00891117	0.131629	0.0102619	0.0360903	0	0.0430852	0.00891117	0.195592	0	0.0243148	0	31.4707	0.00262467	0.0386475	0.0163477	0.00358423	0.00891117	3.24926	0	1.54601	0.00411523	480.399	0	0.0705304	3.92432	8053.96	0.0418041	6.88287	0.00277778	1.70413	14.071	61583.1	0.052538	0.066282	0.00957835	0.63188	6.36706	2672.41	0	59.1319	0.146521	11420.2	123.295	16413.7	12.614	15.9976	0.169545	35.143	0.198612	1227.79	0.042635	927.451	0.168967	200.618	0.117994	25118.2	
2.78406e+08	SFG_L_7_3	576857	253114	6.92947e+07	33417	0	1.50894e+07	6.94925	0.0306039	0.523664	0.00666667	1.01603e+07	1.79544e+06	1.43962e+07	896229	3.23606e+06	811.713	6346.56	0	3.20086e+06	1.2499e+06	43694.8	1185.48	42674	26.4541	8.89575	0	2.23878e+06	2.04574e+06	2837.71	58.756	328518	21.3768	465906	490.663	225855	0.0206107	51510.5	42.0583	1800.59	314.681	17434.1	67.1668	103348	126.225	10776.1	84.7636	125.936	20796.8	28153.8	0.0649534	1.06589e+06	0.00462963	1.498	0.00401606	0.181788	0.0961258	119.577	0.016167	35.8352	0.510434	0.253308	0	0.703455	0	7.90339	0	0.581013	0.0722046	83.4961	0.0105827	3.91348	0	0.840341	0	1.30461	0	58.3192	0	8.83135	0	2.30919	0	36.4923	0	0.102486	0	6.3471	0	670.766	0.0109888	25.03	0.00308642	5844.87	0.011233	510.669	0	38.7414	0.0030303	4.19358	0.0122334	43.0538	0	2492.96	0.0968475	23.29	1.45833	5.57757	0	2.67896	0.0026455	0	0	0.113944	0	21.7353	0	18.4229	0.0106694	0.0946148	0	0.172602	0	0	0	279.377	21.111	497.046	6.40156	0.200961	0	39.1757	0.0962397	125.387	0.0544152	558.485	0.577069	281.86	0.0845543	0.166364	0	2.36258	0	0.0193399	0	204.864	0	13645.3	29.6159	2.60064	3.90149	5380.28	0.00421941	7359.1	0.554745	0.0211694	0	0	0	0	0.003003	98.8951	0.141874	17902.1	0	4.80094	0.00250627	11817.1	0.020623	14321.9	0.172395	332.131	0	13609.4	0	2.75411	0	154235	507892	15388.4	0.371021	17665.7	5.52869	6011.06	0	82.8159	0	78.8192	14.3251	99.0604	8.20268	4888.14	0.0888792	1017.22	0.00362319	2.08661	1.86445	2277.41	0.108125	425.415	0	0.0395468	0	888.168	0.03083	4.73773	1.46961	2696.3	0.090914	9.84849	0.00416667	57.3144	0.314317	10.7523	0.0144928	25578.4	7.67192	52444.3	0.0121639	400.087	646.239	690424	39.4128	1538.99	1.33298	97950	0.0537242	1.24412e+06	48097	92831.2	0.225443	464570	0.564883	2.25699e+06	0.268843	5127.84	0.0135565	359114	0.0331101	715188	0.135672	1.86013e+06	0.253959	1.79483e+06	0.131506	1.79674e+06	0.177432	
1.1888e+08	SFG_R_7_3	1972.12	3.30586e+06	1.51992e+06	2.23376e+06	1.50894e+07	0	3.86033	203.889	0.71655	0.19449	625218	1.65615e+07	363720	3.3819e+06	9879.22	577572	0.0452911	0	2633.26	2.64819e+06	486.512	46112.7	3495.24	1842.07	2.8188	0	39356.6	453623	0.0553665	324.047	12.8233	30981.6	795.184	2910.89	374.008	15439.2	86.7471	649.32	47.7758	195.428	37.6883	19754.5	580.662	69.2722	1460.84	2.01305	1957.64	50801.4	53.237	299.773	3245.03	5880.07	0.0376621	0	0.261962	0.0576465	103.079	0.0750361	11.5546	185.086	0.00469484	0.11365	0	0.0194822	0.0779575	11.9478	0.0212944	129.839	0.154896	711.483	0	0.528349	0	0.0141516	0	1.29221	0.0424981	0.384715	0	0.00564972	0.0156863	0.0121474	0	6.50151	0	0.0597243	0.00392157	0.133777	0.124638	0.0523466	0	0.092692	0.553593	0.107279	0.176665	0.0620692	0.00289855	0.656207	0	0.012841	0.0126944	0.00392157	0.123583	14.4656	0.00219298	0.237737	0	0	0	5.13246	0	0.0181373	0	0	0	14.611	0.0116162	17.169	0	0.00469484	0	0.00497512	0	0.399061	4.67829	185.051	0.0531277	0.158189	0	0.481306	1.72461	38.4775	0.0113576	34.1928	0	7.54693	0	0.648511	0	1.28539	0	5.12993	0	0.0196248	0	4.08064	14.4198	2.19937	2.86903	8.40804	6.16189	610.689	109.622	31682.7	0	0	0	0	0	0	63.0569	51.5397	0.0981565	5.15063	0.0912781	2.20496	0.441461	0.00248756	8.53983	38.776	0	0.00680272	19.0133	0	4.55014	1813.37	192588	579910	165.732	28812.1	24.2743	127813	0.77048	7.27666	0.152976	5.33554	92.5214	6263.63	3.82203	2.67396	3.75924	104.435	2.25408	31.5013	0.00254453	0.672936	1.55256	174.465	0.378283	0.0122602	0	0.366693	2.41224	37.0224	0.877376	0.733506	2.41581	97.4978	0.0112053	0.140055	0.0145198	1635.93	0.0123499	54.0158	8.70214	35130.1	8.83007	20405.6	28.3061	82499.7	81.791	228315	12.2641	456.188	66.0704	5733.63	763.413	4.35397e+06	0.911473	2168.6	111.776	2.41561e+06	691.557	373814	96.1318	0.0517781	33.1523	199785	17.8942	204405	28.0174	1.17908e+06	84.4041	792677	113.425	1.56743e+06	
8.66082e+07	SFG_L_7_4	3.63057e+06	1.13497e+06	6.65965e+06	2.2074	6.94925	3.86033	0	228191	5.52507e+06	1.02404e+06	0.00333333	343.695	0	0	0	0.00387597	0.00952381	0.014737	0	0	0.379537	0	2555.93	0.00362319	165751	0.536839	0.434314	0.0162396	2407.43	0.0522972	13.4646	0.0671776	177.478	0.0367735	411.644	0	677.508	0.415592	92619.4	0.947511	0	0.00497512	1.14408	0	0.623583	0	0.19266	0.00497512	548.234	0	75.863	0	17221.2	0.0643117	1.20925e+06	6571.82	616.683	21.3349	41120.5	10240.9	4091.37	0.145557	41960.9	0.194501	0.872293	4.53743	0.132388	258.246	165.586	0.00258398	0	0.00193798	0.089481	0.00238095	0.600492	0.00193798	1.52831	0.0030303	0.00294985	0	16.2333	0.112206	0.231601	0	3.95484	0.0287505	4.15996	0.0496443	50.3583	0.0429933	1.0161	0	166.377	0	29.9937	0.00297619	0.359304	0.00294985	0.484467	0	3.74262	0	140.16	0.0738795	0.675343	30.8991	0.779516	0.012945	0.033555	0.00311526	0	0	0.0035461	0	0	0	3.29301	0.00311526	0	0	7.73802	0.0516009	0	0.0136111	714.532	6.00879	39.9286	0.0035461	0.0450039	0	211.861	0.359053	7.66799	0.0524835	3.02651	0.447796	4.24166	0.0309016	5.10236	0	65.4846	0.00333333	1.82621	0.0136111	57.0818	0.00193798	15.0696	0.717388	0.00854701	0.755435	1.05344	0.0141908	0	1.6897	1.53197	0	0	0	0.116002	0	525.812	0.378495	13.2072	0.0030303	0.937854	0.00258398	2.41054	0	319.909	0.0112286	0.58843	0	496.077	0	0.00833333	0.00833333	0	0.373261	0	0.00497512	0.00877193	0	0	6264.72	0	2.21427	0	0.00497512	1455.45	117.23	335.872	0.01262	71.6825	0.00287356	2.04546	77.3823	161.466	0.00343643	23.1111	0	0.00347222	0.0121302	94.7814	0.01262	98.8508	85.7674	304.761	0.148843	0.820636	0.0530144	301.788	15.2306	311.289	0	99849.8	497.107	142.942	0	7.35176	0.0109513	1.8997e+06	694.308	8700.79	0	950.306	0.0315119	23781.7	1.22406	136900	0.102981	12.8705	0.00975106	1.97632e+07	0.0517194	53090.8	1.71841	2571.16	0	13190.4	0.0145082	8419.3	0	8668.55	0.0157224	1.47144e+06	0.00975106	
4.97803e+07	SFG_R_7_4	207700	8.1982e+06	8335.7	3.96792e+06	0.0306039	203.889	228191	0	247516	348435	0.00740741	0	0	0	0	304289	0.00347222	15716.7	0	48.154	0.014737	105852	73.2648	723008	3388.5	80650.7	0	55.4745	0	456004	0	11968.6	0	26254.7	0.0170503	0.328806	0.00617284	224.565	0.101744	1.02917e+06	0	0	0	0.194746	0	0.381668	0	0.338131	0.019986	0	0	2.12443	8.33572	179.223	5.77548	430670	26.6855	4670.14	216.755	4057.58	0.00617284	1103.04	0.157906	6700.2	0.0176794	2.45815	0	40.2945	0.0037037	510.059	0	1.17301	0	11.7798	0	0.409779	0	5.62011	0	17.1481	0	0.28818	0	8.91293	0	1.50742	0	41.2099	1.0674	49.2942	0	1.9454	0.00289855	0.21145	0	1.61601	0.0120666	12.9042	0	0.917289	0	0.112885	0.0124638	3309.94	0	1.95838	0	6.06927	0	561.523	0	0.00358423	0	0.00358423	0	0	0.0037037	311.095	0	0.00387597	0	0.5998	0	0.322813	1.36235	4226.6	0.129983	0.178834	0	0.707245	6.25643	170.606	0.056772	421.451	0.0307174	1226.64	0.0297095	36.9923	0	1.3657	0.00512821	1.96594	0.0128633	0.188866	0.00512821	0.162675	0.00411523	0.32664	0	0.892423	0	0.0781613	0	0	0.00378788	0	0	0	0	0.00724638	5.236	31.6644	0	16.2778	0	2.19183	0	0.604347	0.00343643	56.732	0	0.0757032	0.0192185	1.33291	0	0	0	0	0	0	0	0.00411523	0	0	0	0	0	0	55.1052	74.5927	0	0.856926	0	0.426623	0.00469484	62.1145	0	0.783473	0.00343643	0.0509649	0	60.5609	0	0.82011	13.7709	6.03694	0.0326054	27.6056	0	3.8393	0.003663	19.8298	0.0037037	12.7691	34.402	1.77194e+06	0	188.586	0	7030.03	157.595	6.3344e+06	0.04008	105.776	0	1319.57	191.775	86044.5	0.0284203	686.016	0	15.0266	884.838	106579	31.5714	579.345	0.0947979	187.294	4.90975	44530.8	0.119826	18037.1	0.0261438	15329.5	4.51872	79563.3	
1.55352e+07	SFG_L_7_5	37180.9	148875	3.91246	0.328271	0.523664	0.71655	5.52507e+06	247516	0	1.00746e+06	0.403517	0.495146	0	0	0	0	0	0	0	0.0042735	0	0	0	0	0.0114943	0.177984	0.00505051	0.0184973	0	0	0	0	0	0.00362319	0.0031746	0	0	0.00362319	0	0	0	0.00497512	0.00245098	0	0	0	0	0.00497512	16.3793	0	0	0	3.4326	0	1598.26	67764.7	3004.33	91.4622	61980.2	242261	0	0	1.31024	0	6784.04	41.716	155719	3831.63	4.40942	0.00512821	0	0	0	0	0	0	0	0	0	0	0	0	0	0	0	0	0	0	0	0	0	0	0.189052	0	0	0	0	0	0	0	0	0	0.939968	0.013092	0.0128275	0	0	0	0	0.00314465	0	0.00564972	0	0	0	0.0215558	0.130221	0.00314465	0	0.00564972	0	0	0	0	1904.35	4.04284	0	0	0	0	1148.12	0.210672	1.14081	0.00529101	0	0.0667168	0	0	0	0	0	0	0	0	0	0	202.581	7.91105	1836.04	11.7545	2.75456	0	1.27867	199.069	0	0	0	0	0	0	46458.2	23.8608	0	0	0	0	0	0	0	0	0	0	0	0	0.0723802	2.83854	0.128533	0.108342	0.0607143	1.04766	1.35168	20.664	968.84	1037.95	54135.3	90.6816	0	0.0203669	11.4046	0.0621298	1.31128	0.0035461	0.362007	0.00362319	0	0	0.727313	0.0035461	0.0146538	0	0	0.00340136	0.708676	0.0323877	0.920238	0.0157934	0.852743	0.0576764	0.00374532	0	2.04846	0.00512821	6.54167	0	40.4913	0.273074	2.64789	0.0215558	0.142284	0	487.355	0.405859	162.862	0.00520833	2.80211	0	66.2939	0.705956	8.91187	0.00490196	0.180065	0	138257	0	910.936	0.0633879	4.55796	0	47.6272	0	22.7205	0	5.03003	0.00483092	10269.2	0	
1.51657e+07	SFG_R_7_5	1445.12	707963	23.983	0.0133333	0.00666667	0.19449	1.02404e+06	348435	1.00746e+06	0	0	10.4765	0	0.00833333	0	0	0.00724638	25.117	0	0.415356	0.00483092	0	13.896	0.0114943	475.747	0.116974	0.00520833	0.290948	0	0.0380952	0.0160666	0.0175296	0.0155951	0.00854701	0.0184338	0	0.0157841	0.00854701	0.0354408	0.151442	0	0	0.00362319	0.0042735	0.00362319	0.0165791	0.00362319	0.0164709	0	0	0.00520833	0	40010.9	6.00391	78226.5	87726.9	30.7304	84.0679	49666	1.19907e+06	0	3.15112	0.695939	230.807	0.356327	5445.61	110.448	136150	0	22.3932	0	0	0	0.00333333	0	0	0	0.0102209	0	0.00250627	0	0	0	0.748119	0	0	0	0.0107235	0.0585821	0.0091954	0	0.00953597	0	0	0	0	0	0	0	0.00953597	0	0.00953597	0	1.90152	0	0.624927	0	0	0	0.647123	0	0	0	0	0	0	0	0.296909	0	0	0	0.0113527	0	0	1.50875	26.9371	0.0578528	0	0	0	3.78683	0.97422	0.0570559	0	0.279665	0.0128393	0	0.0105847	0	0.115353	0	0.114092	0.031044	0	0	0	3.75885	1285.45	2.63405	984.791	0.409813	0.419636	48.7725	24421.3	30.8372	0.00877193	0	0	0	0	7.84534	1.19988	0	0.00333333	0	0.00225225	0	0	0	0.0102516	0	0	0	0.00546448	0.127211	7.46657	0.133139	0	0	4.68262	3.39456	61.1613	0	63808.7	0.50646	11464.5	0	0.103704	149.957	102.911	0	0.0325043	0	0	0	32.9194	0	0.0245334	0	0	0	0.0035461	0	0.0856452	81.8027	10.4502	0	0.863233	0	0	0.209985	23.4818	0	2.89758	228.74	414433	0.127133	25.4639	0.0744958	69.4255	889.021	1.9178e+06	0.0780721	22.5414	0.0229953	2.14281	0.166168	21882.3	4.79954	0.239796	0.0744958	0.309217	3423.31	225600	26.6269	37769.8	0.0380693	82.9517	2.07152	32207.8	0.103077	3456.34	0.157579	4684.14	0.262917	130966	
2.70655e+07	SFG_L_7_6	29591.5	16925.4	31259.2	5325.97	1.01603e+07	625218	0.00333333	0.00740741	0.403517	0	0	4001.39	2.17852e+06	10143.5	0	10.0269	0	0	0.422768	45886	0.161967	105.708	0	0.239329	0	0	1085.93	176673	0	0.179618	2.94096	1.55033	17.4243	20.8865	0.898557	0	0.761746	4.6464	0	0.0613801	3380.5	1.40786	2.72258	20.568	0.846237	17.4477	0.394002	946.838	2283.09	0.0423387	19.0704	0	0	0	0	0	0.0136054	0	0.0216175	0.0925556	0	0	0	0	1.82907	0	0.0227513	0.0193539	0.016902	0	0	0	0	0	0	0	0	0	0	0	0	0	0	0	0	0	0	0	0	0	0	0	0.0405956	0	0	0	0	0	0	0	0	0	0.207224	0	0.0345277	0.0315428	0	0	0	0	0	0	0	0	16.3465	0	0.297657	0	0	0	0	0	0	0	34.6819	0	0.00505051	0.00421941	0	0	0.157426	0	0	0	0	0.00374532	0	0	0	0	0	0	0	0	0.00505051	0	36164.6	0.0339462	216.12	0	27940.6	0.106422	32810.3	43.769	0	0	0	0	0	0	0.0448397	0.0179626	0	0	0	0.00250627	0	0	0.0037037	0.00250627	0	0	0	0	7.6095	1.12189	9153.21	18950.9	18337.5	2019.73	7752.63	12.3016	82588.4	45.0366	3307.6	0.0451852	227.428	97.4433	0	0	0.974197	0.0205725	0.0669304	0	0	0.0315428	0.757322	0.021511	0.0351676	0	0	0	0.065485	0	0	0	0.493699	0.0158819	0	0.0045045	12.4631	0.0847566	0.00406504	0	110.22	0.745693	557.953	0	6.97744	2.37738	0.678206	6.78041	0.704226	1.54609	0.137016	0.00250627	127.984	0.388751	0.211109	0	16.6084	0.104708	4.67458	0.00350877	0.696327	0	46.8015	0	32.5935	0.00411523	116.621	0.0173629	233.087	0.0173629	14.1404	0.0337416	
4.49922e+07	SFG_R_7_6	1957.66	2.83976e+06	421348	7491.67	1.79544e+06	1.65615e+07	343.695	0	0.495146	10.4765	4001.39	0	9301.83	498839	324.929	0.0114943	0.0293076	0	255.288	5.41782	18.9447	0.564488	101.902	0.0114943	14.848	0	7133.34	289.286	0.112343	13.1019	0.32819	2.11748	177.579	7.99272	48.8263	0	74.2469	0.010101	182.889	4.44941	0.609822	232.679	78.3837	0	286.43	0.0035461	659.121	101.94	0.307158	12.4934	427.145	0	0.0201352	0	0.00411523	0	0.00537634	0	0.0218638	0	0.0998905	0	0.00595238	0	0	0.0374194	0.0256039	0	0.403297	0.0182088	0	0	0	0	0	0	0.252811	0	0	0	0.307228	0	0.0571625	0	0	0	0.0332047	0	0.125664	0	0	0	2.39473	0	0.702059	0	0	0	0	0	0.033703	0	0.010257	0	0	0	0	0	0	0.0427135	0	0.00416667	0	0	0	5.42021	0	0.0847293	0	0.0217354	0	0	0	0	0.0208792	0.00271003	0	0	0	0	0	0	0	0	0	0	0	0	0	0	0	0	0	0	0.00555556	0	0.474455	23.1293	0.00793651	0.00813008	0.270924	296.734	225.567	77196.3	0	0	0	0	0	0	0	0	0.560234	0	0.212722	0	1.07358	0	43.8094	0	0	0	143.362	0	19.4895	2135.13	8954.19	115357	13.9418	61337.8	1.38987	63957	0.0324074	43.1799	0	8.05567	5.20048	12342.1	0.0660861	0	1.36206	0.00546448	0.685883	0	0	0	0.347207	0.0262346	0.787458	0	0	0	0.513192	0	0.0102173	0	1.22297	0.0149832	0	0.0149832	0	0.124018	0	0	0.0458367	23.9484	0.977561	7.13521	3.54125	1.34608	132.223	16.3305	2.16241	6.83203	16.8993	0	40.9603	2826.58	0.637818	0	10.6902	70.6542	60.5614	53.603	0.156097	0	3.57372	2.88257	18.8989	1.79421	17.5724	16.2348	21.9292	2.02576	71.8867	80.3252	
6.45889e+07	SFG_L_7_7	0.156002	600.301	1145.18	42.078	1.43962e+07	363720	0	0	0	0	2.17852e+06	9301.83	0	604737	483.449	0.64988	0	0	4757.7	113626	217.827	0.669655	0.204547	0	0	0	9.36261e+06	2.27597e+06	0	0	42.8611	0.00606061	19.489	0.0713543	2633.97	0.00401606	87.842	0.0155228	0	0	1.13267e+06	625.187	9181.05	2530.11	51643.7	1907.64	17482.2	161997	450499	0.732983	13687.7	0	0	0	0	0	0.0030303	0	0.00512821	0.0183917	0	0	0	0	0	0	0	0.00347222	3.1712	0	0	0	0	0	0	0	0.0807646	0	0	0	0	0	0.00314465	0	0.00311526	0	0	0	0.0118918	0	0	0	4.4479	0	0	0	0	0	0	0	0.011625	0	15.8118	0	0.0780461	0	0	0	0	0	0	0	0.00277778	0	0.104783	0	0.561216	0	0.00483092	0	0	0	0	0	0.115953	0	0.775993	0.0145724	0	0	0	0	0.0381381	0	0.105041	0	0.0177778	0	0	0	0	0	0.00411523	0	0	0	16109.3	0.0326113	4.85783	0	5948.43	0.0322752	12520.4	0.0472966	0	0	0	0	0	0	0.0047619	0	0.246904	0	0.0166771	0	0.0185865	0	1.33886	0	0	0	0.035484	0	147.961	0	145620	257661	281268	0.0552398	5851.24	0.384799	21760.6	0	614.678	0.00350877	227927	9.28976	0.95484	0	120.967	0	24.9384	0	0.109544	0	63.9256	0.00456621	4.36583	0	0	0	27.9371	0.00333333	0.395769	0	33.477	0.0550483	0.0172395	0.0141908	0.301689	0	1.04373	0	172.108	0	1770.18	0	5279.04	2254.23	189.486	0	737.695	2.6115	9097.12	0	78070.1	0.00512821	153.945	0	15895.4	0.016317	4094.08	0.0030303	13.6011	0	7220.94	0	1425.05	0	5065.46	0	14082.6	0	16242.8	0.00277778	
3.55536e+07	SFG_R_7_7	0.0828281	64.9567	0.297743	5.06523	896229	3.3819e+06	0	0	0	0.00833333	10143.5	498839	604737	0	0.160305	0.00406504	0	0	47.2562	390.043	0.537534	0.00406504	0	0	0.0218579	0	1.13556e+06	6.92045e+06	0	0	0.00273224	0.0104167	0	0.00537634	1.58559	0	0.0202067	0	0	0	1707.3	1.84199e+06	13605.3	13.9638	37624.2	43.3388	253321	905135	625.629	14653.2	1968.47	0.204615	0	0	0.0193277	0.00505051	0	0	0.0330688	0.0194907	0	0	0	0	0	0	0.0200603	0	0.0958722	0.00416667	0	0	0	0	0	0	0.00396825	0	0	0	0	0	0	0	0	0	0	0	0	0	0	0	0	0	0	0	0	0	0	0	0	0	0.0110667	0	0	0	0	0	0	0	0	0	0	0	0	0.00392157	0.00343643	0	0	0	0	0	0	0	0.003367	0	0	0	0	0	0	0	0	0	0	0	0	0	0	0	0	0	0	0	0	0	0.776517	0	0	0	2.39543	2.38185	13.9802	2237.38	0	0	0	0	0	0	0	0	0.00868852	0	0.0137845	0	0	0	0.288643	0	0	0	0	0	0	351.645	133254	1.09091e+06	53.1095	3556.91	1.83162	1639.95	3.19298	0.204527	0.269984	9.54482	8261.95	15761.9	2.24255	0	70.0294	0.00383142	22.0249	0.00383142	0.0708237	0	36.4609	0.0180795	1.96425	0	0	0	32.801	0.00383142	0.178704	0	6.37663	0.00383142	0.00311526	0	0	0	0.0608247	0	0.253161	0.0394162	2.8639	0.936646	68.5788	309.738	0.11779	0.170461	270.074	195.613	234.81	1.36891	41.8028	227.661	0.0403652	0.00666667	18.049	31.055	1.30212	0.591168	0.0136516	0	8.88839	7.84565	0.452107	0.771864	4.09511	15.0327	12.5828	24.3725	9.51618	4.23916	
2.27668e+07	MFG_L_7_1	0	151.022	1.15584e+06	7.70338	3.23606e+06	9879.22	0	0	0	0	0	324.929	483.449	0.160305	0	0.594078	6.99868	0	1.14399e+06	316.22	1.24271e+06	7.17467	4.50699e+06	0	8799.13	0	8011.56	53.6036	0	0.00628931	1047.7	0.0195286	3160.36	0.0261538	21779.9	0	702.343	0.00641026	12.6407	0	0	0.00383142	1124.78	0	20.5126	0	0.0160376	0.77546	0.103592	0	30533.6	0	0	0	0	0	0.00606061	0	0.00606061	0	0.010101	0.00411523	0	0.00411523	0	0	0	0	0.502903	0	0	0	0	0	0	0	0.509733	0	0.003663	0	0.00497512	0	0.0654007	0	0	0	0	0	0.173869	0	0.0392083	0	5.78922	0	0.402069	0	0	0	0	0	0.267132	0	2.77081	0	0.0898929	0	0	0	0	0	0	0	0	0	0.00505051	0	0.0393579	0	0	0	0	0	0	0	1.87951	0.104846	1.22673	0.00416667	0	0	0.0497449	0	0.0469438	0	0.0412784	0	0.017019	0	0	0	0.00606061	0	0	0	0.148935	0	1.63058	0.107508	0	0.0045045	0.227864	0	0	0	0	0	0	0	0	0	0.0471775	0	2.08594	0	0.110792	0	4.48506	0	35.5112	0	0.0161228	0	32.1055	0	0	0	0	0	0	0	0.276149	0	0	0	0	0	0	0	0.00490196	0.0402047	28.2077	0	4.19472	0	0.00374532	0.00438596	11.2472	0	4.43726	0	0	0	3.92218	0	0.00438596	0	21.7157	0	0.0160666	0	0.220143	0	0.0365429	0	43.737	0.00411523	135.497	0	0.0401515	12.2924	533.606	0.0218359	2.82095	0	208.056	0	4572.68	0	16.8457	0	614.609	0	602.487	0.00438596	3.88184	0	958.178	0	215.028	0	832.567	0	1557.09	0	889.609	0	
2.56145e+07	MFG_R_7_1	0.065743	912533	64.7174	1.37412e+06	811.713	577572	0.00387597	304289	0	0	10.0269	0.0114943	0.64988	0.00406504	0.594078	0	0	99.0498	0	529197	0.108758	1.48653e+06	0.231203	7.43812e+06	0	169222	0.00490196	1.78762	0	1.42321	0.00537634	1150.06	0.0261438	46.9922	0	434.292	0	40.7464	0.0265301	0.0760843	0	0	0	0.0138889	0	0.00362319	0	0.0154768	0	0.00462963	0	39.4204	0	0.176841	0	27.8962	0.0991419	0.135937	0.0629407	0.621285	0	0	0	74.6599	0	0	0	0.0874434	0	3.11839	0	0	0	0	0	0	0	0.00537634	0	0	0	0.00555556	0	0.003367	0	0.0207729	0	0.0542554	0.00378788	4.79837	0	1.53443	0	0.0616721	0	0.0156756	0	0.882602	0	0.767184	0	0.0177702	0	43.5893	0	0	0	0.0173629	0	7.54807	0	0	0	0	0	0.119975	0	2.43671	0	0	0	0.0932594	0	0	0	3.65174	0	0.00574713	0	0.0192095	0	0.447054	0	1.45033	0	53.1218	0	0.00456621	0	0.0070922	0	0.0229563	0	0.00438596	0	0	0	0	0	0.00833333	0	0.0170968	0	0	0	0	0	0	0	0	0.0622195	0.881644	0	0.0180213	0	0	0	0	0	0.219286	0	0	0	0.00680272	0	0	0	0	0	0	0	1.75746	0	0	0	0	0	0	0.0147876	0	0	0.419225	0	0.268251	0	0	0	0.831563	0	0	0	0.00350877	0	0.338829	0	0	0	0.427745	0	0	0	27.3437	0	0.695127	0.0155951	252.426	0	72.8848	0	0.843731	0.0605877	2435.03	0.00333333	2.73778	0	0.56427	2.78843	3506.36	0	4.87355	0	1335.65	0.39583	273.694	0.0639878	0.89963	0	381.442	0	620.573	0	1706.41	0	1147.62	0.00333333	966.911	
8.32476e+06	MFG_L_7_2	8.91987	1115.5	13021.8	0.00694444	6346.56	0.0452911	0.00952381	0.00347222	0	0.00724638	0	0.0293076	0	0	6.99868	0	0	0	34.3406	0	93383	0	647586	0	290616	0	4.6891	0	866164	0.0568665	1.34134e+06	0	8013.51	5.44753	4249.57	0	537.119	0.00641026	126820	0.790801	0	0	1.60218	0	0	0	0	0	0.00932811	0	127.405	0	56155.2	0	7200.69	0	0.586075	0	2.44462	0	131.318	0	480752	0	0	0	0	0	2.16348	0	476.65	0	33.0032	0	209.854	0	95.3141	0	202.922	0	9873.53	0	359.215	0	6124.39	0	1055.87	0	80789.5	0	972.569	0	58480.1	0	9715.36	0	211.157	0	3234.98	0	19269.5	0	4229.87	0	0.393518	0.0386142	7774.48	0	0.813233	0	0	0	0.00374532	0	0.146028	0	0.0143742	0	0	0	778.872	0	92.6637	0	0.00617284	0	0.0026455	0	0.00775194	0	0.00775194	0	0.00724638	0	1.46851	0.0021097	12.3145	0	1755.66	0	2814.3	0	13.3981	0	344.176	0	0	0	0	0	0.0448151	0	0.0240416	0	914.861	0	0.00546448	0	220.106	0	8.38186	0.00392157	0.860281	0	0.253867	0	0.0214155	0	41.0157	0	0.580237	0	111.583	0	0	0	0	0	0	0	0	0	0	0	0	0	0	0	0.506661	0.0677331	141.249	0	14.8761	0	0.00374532	0.00483092	49.1562	0	25.2219	0	0	0	52.1027	0	0.122618	0.0675498	138.955	0	0.0172981	0	0.0686037	0	0.0479479	0	14.2314	0.00444444	0.600687	0	0.00932811	0	625.424	0.00444444	0.348158	0	2.5767	0	0.0570266	2936.56	33.087	0	0.224485	0	4220.68	0	0.232391	0.00392157	0.0597801	0	26.8414	0	4.36344	0	0.414174	0	239.001	0	
1.38928e+07	MFG_R_7_2	0	3174.71	0.14541	15.5091	0	0	0.014737	15716.7	0	25.117	0	0	0	0	0	99.0498	0	0	0	0.375596	0	72.8543	0.0165011	1.63079e+06	0	535419	0	8.31846	0	206577	0	1.52396	0.00416667	10.102	0	0.0269388	0	3.56017	0	1251.88	0	0	0	8.29812	0	14.7777	0	0.142678	0	0.00512821	0	9.1196	0	349.118	0.00411523	257.27	0.00374532	122.766	0.188158	104.034	0	0.256431	0	4.29129e+06	0	0.030303	0	0	0	21.1028	0	0.210948	0	386.798	0	5.63429	0	1591.96	0	312.46	0	3750.39	0	291.994	0	37129.6	0	3287.95	0	1789.91	0	10617.1	0	3.50486	0	69.502	0	30080	0	14762.4	0	41.8886	0	1786.03	0	0.225198	0	0.171434	0	30.3847	0	0	0	0	0	0	0	4.73082	0	0.0104615	0	1369.54	0	2.02241	0.0151515	1.31604	0.00383142	0	0	310.572	0.136464	2.917	0	0.374587	0	22061	0	11020.3	0	11333.8	0	12673.7	0	90893.5	0	0.0564614	0	0	0	0	0	0	0	0	0	1.12536	0	0	0	16.6241	0.0338702	1058.68	0	6.84006	0	493.931	0	0.0124034	0	983.929	0	0	0	0.546877	0	0	0	0	0	0	0	0	0	0	0	0	0	0	0.349772	0.233042	0	0.653412	0	0.455228	0	1.0852	0	0.0204528	0	0	0	0.0233918	0	4.54927	0.0711547	0	0	11.8305	0	0.00606061	0	1.17075	0	0.0439667	0.0955151	381.218	0	0.608152	0	0.26689	0.260467	2299.76	0	1.82555	0	79.7819	0	21.1684	0	18.7223	0	0.0070922	0.322656	31.253	0.243975	2.6119	0	0.0251134	0.00383142	13.9196	0	7.94803	0	7.39813	0	17.6962	
1.54324e+07	MFG_L_7_3	0.0031746	35.0945	83607	2.42195	3.20086e+06	2633.26	0	0	0	0	0.422768	255.288	4757.7	47.2562	1.14399e+06	0	34.3406	0	0	553.531	1.10211e+06	0	26717.7	0	5764.33	0	1.20679e+06	358.377	0	0	34.9526	0	63.5552	0	65204.1	0	992.864	0	0.907739	0	6.84554	0.0855594	104692	0.21211	32.8247	0.189172	0.0423048	10.4131	2.03524	0.00564972	758087	0	0.279877	0	0.075641	0	0.00378788	0	0	0	0.0545809	0	0.493213	0	0	0	0	0	0.0366492	0	0.00383142	0	0	0	0	0	0.066205	0	0.0357726	0	0.00383142	0	0.036827	0	0.128254	0	0.0365565	0	2.92288	0	0	0	9.36714	0	1.65226	0	0	0	0	0	0.383759	0	2.22559	0	0.175093	0.00266667	0.0117085	0	0.0031746	0	0	0	0.0031746	0	0.00469484	0	0.0622756	0	0	0	0.046183	0	0	0	0.0655566	0.0136785	0.42184	0.003367	0	0	0.0193539	0	0.0636428	0	0.0718318	0	0.0194257	0	0.024026	0	0.142051	0	0	0	0.139546	0	0.25078	0.00383142	0	0.0037037	0.0581777	0	0.0989942	0	0	0	0.00833333	0	0	0	0.0181578	0	4.8799	0	0.184332	0	5.23735	0	28.7226	0	1.64312	0	19.3214	0	0.0165239	0	0.770827	0.805393	2.0724	0	0.600853	0	0.32504	0	0.00383142	0	1.94212	0	0.0940901	0.0308579	21.8358	0	4.40146	0	0.00374532	0	5.89973	0	7.47349	0	0	0	6.66116	0	0.0339139	0.00266667	14.5774	0	0.017667	0	0.00469484	0	0.00330033	0	10.3058	0	30.7441	0	0.0852038	0.42903	73.4995	0	9.40059	0	4732.75	0	1284.1	0.00275482	94.9371	0	300.079	0	360.924	0	2.60439	0	242.626	0	50.8228	0	217.304	0	364.081	0	659.832	0	
1.21527e+08	MFG_R_7_3	0.080508	336.048	809.897	917.834	1.2499e+06	2.64819e+06	0	48.154	0.0042735	0.415356	45886	5.41782	113626	390.043	316.22	529197	0	0.375596	553.531	0	119.914	2.36818e+06	3.45209	113.926	0.189608	9.58962	3510.04	4.21884e+07	0	0.503248	24.2343	66459.1	15.5739	3.69863	435.74	232217	1.78523	2749.56	0.157059	5.35816	496.917	0.0300654	28.8011	23632.8	41.4394	41.4552	1.64858	7141.95	177.011	8.14536	554.379	558666	0	3.23924	0	9.25851	0.0845402	0.202078	0.0862498	19.1248	0	11.7092	0	7.74919	0.01349	1.19574	0	3.38544	0	3858.51	0	222.764	0	225.674	0	87.7866	0	148.473	0	46.2712	0	205.834	0	429.022	0	45.0065	0	223.647	0	355.798	0	85.5378	0.0608543	19.9778	0.00182149	327.408	0	296.049	0	37.2611	0	11.5842	0.0628792	1516.09	0.0102209	12.3111	0	2.10298	0	123.608	0	0.00392157	0	0.0308347	0	21.8568	0.0110344	172.986	0	0.0631189	0	12.0793	0	4.11897	7.63643	4074.41	2.41544	29.1241	0	226.036	3.20929	65.133	0.437491	4538.9	0.00297619	4960.23	0.0148221	1292.76	0	720.208	0	496.293	0	30.51	0	2332.93	42.4937	13.2469	0.130634	0.184067	79.0021	946.39	95.0282	0.0460397	0	0.0578704	0	54.4647	0	0.12256	0.186223	1449.67	0	68634	0.00896714	41462.8	0	16.4777	0	92355.3	0	7.25972	0.00666667	1.33113	0.352297	0	42.1437	72.3902	125.023	0	84.6282	680.507	9.26433	0	0.434099	0	17.5578	0	0.068192	0.696985	0.188955	6687.17	0.0114977	7903.63	0.00260417	12.6381	0.0247323	11984.7	0.0255834	0.849037	0	15.3042	0.0114977	8068.75	0.0144676	0.115264	0.29417	85610.1	0.00280112	271.305	0	195.316	0.0119196	221.069	0.424178	5129.81	5.35123	30619.2	7.29824	1.19842e+06	0.654828	165141	0.469657	1286.95	8.80754	2.14534e+06	146.967	2.51786e+06	0.35041	1.00848e+06	16.1313	1.49193e+06	9.82165	58659.5	2.51086	0.0711994	4.51256	244851	5.09843	27708	4.10535	673272	14.1807	595418	14.517	201359	
1.22618e+07	MFG_L_7_4	0.776324	56.2126	66821.9	1.21278	43694.8	486.512	0.379537	0.014737	0	0.00483092	0.161967	18.9447	217.827	0.537534	1.24271e+06	0.108758	93383	0	1.10211e+06	119.914	0	0.841785	1.00733e+06	0	171727	0	20906.2	46.0254	216.99	0.0536742	1.47416e+06	0	1792.17	0.8775	787442	0	225.923	0.00584795	66.0432	0.0226249	0.0165347	0	23.9181	0	3.99928	0.00483092	0.00350877	0.175268	0	0	78543.2	0	772.197	0	1367.91	0.0153277	1.1147	0	9.25935	0	0.0877834	0	7243.82	0	0	0	0	0	0.834459	0	0.175269	0	1.79737	0	0.190278	0	1.09849	0	1.75811	0	531.842	0	4.87356	0	1184.11	0	20.7943	0	5145.92	0	16.2903	0	3843.88	0	1026.09	0	2.60687	0	41.9155	0	780.344	0	210.339	0.00154321	0.594561	0.0103328	149.579	0.00154321	0.0315125	0	0	0	0.0031746	0.00154321	0.0448218	0	0.335479	0	0	0	917.728	0	108.029	0	0.867338	0.571086	2.17415	0.14149	0.379184	0	0.570601	0	5.07798	0	40.8693	0.107297	226.368	0.0149813	131.7	0	312.724	0	66.6479	0	265.049	0	2.95137	0.322012	0	0.015882	0.59735	0	0.00343643	0	2.04056	0	0.0429097	0	0.100741	0	1.78563	0.0037037	41.9804	0	0.519067	0	301.885	0	146.511	0	15.5428	0	724.156	0	0	0	0	0	0.00343643	0	0.701101	0	0	0	0	0	0.00343643	0	0.107248	0.00362319	70.8429	0	14.2584	0	0	0	29.1136	0	5.21496	0	0.004329	0	14.4052	0	0.0377431	0.00362319	34.2006	0	0.0185328	0.00350877	0.0203574	0.00387597	0.0194741	0	33.2235	0.0597927	130.636	0.00154321	0.144889	0.168299	178.746	0.155895	0.380307	0	24.8009	0	8951.91	19.7376	134.299	0	23.0531	0	118.984	0	0.543977	0	1293.19	0	94.0719	0	620.514	0	1299.49	0	44.6685	0	
2.07344e+07	MFG_R_7_4	13.3774	149262	87.8373	312711	1185.48	46112.7	0	105852	0	0	105.708	0.564488	0.669655	0.00406504	7.17467	1.48653e+06	0	72.8543	0	2.36818e+06	0.841785	0	6.16859	477572	0.00411523	2884.01	0.0193277	105755	0.156259	87959.8	0.159874	4.60169e+06	12.5975	221.926	0.023399	103352	0.0634058	211.041	1.73224	4.36089	0.0047619	0	0	11027.4	0	0.391107	0	0.389497	0.0047619	0.0186708	0.0550985	76076.3	0	0.257913	0	0.988487	0.262754	0.0247619	0.195878	1.82803	0	2.88042	0	6.06228	0	0.00537634	0	0.568022	0	236.742	0	6.11998	0	0.367588	0	2.67185	0	1.0054	0	0.189952	0.00343643	0.722227	0.00343643	3.6515	0	2.20462	0.00343643	0.409339	0.00392157	5.62464	0	1.66083	0	0.0832959	0	3.19164	0	7.08553	0	1.30048	0	0.0352634	0	159.589	0	0.0692818	0	0.0334814	0	27.1491	0	0	0	0	0	0.0427495	0	25.595	0	0	0	0.0892223	0	0.56155	0	57.5536	0	0.0047619	0	3.32506	0	0.549963	0	49.0484	0	58.3802	0	3.00884	0	17.2116	0	42.2847	0	3.54604	0	157.3	0.00347222	0	0.00421941	0	0	2.58861	0.00411523	0	0	0	0	1.66262	0	0.0275177	0.062256	18.7302	0	29.0665	0	1.96255	0	3.21644	0.003003	1536.67	0	3.09167	0.003003	2.29113	0	0	0	0	0	0	0.00308642	98.5589	0	0	0.00421941	0	0	0	0.261866	0.124798	0.0147779	21.9803	0	17.8063	0	0.174707	0	8.08392	0	0.00456621	0	0.297685	0	18.6837	0.0690769	0.0177778	0.003003	77.0832	0	0.160861	0	33.1757	0	39.7936	0.0135802	581.301	0.0124034	2187.82	0.00537634	2106.63	0.109336	4651.23	0.00333333	186.414	0.00537634	2906.94	1.25453	142548	0	9982.61	0.00537634	101511	1.56474	6996.87	0.298457	0.0270714	0.0589452	16392.5	0.0621502	13609	0.0136379	54092	0.050826	31502.9	0.0174194	38211.7	
