data	data	4.31732e+07	9.02779e+07	7.89707e+07	7.58992e+06	1.53032e+08	9.46228e+07	4.87447e+07	6.16054e+07	5.35599e+06	3.53456e+07	1.05674e+07	2.4589e+07	6.87886e+07	6.00837e+07	1.07851e+07	2.44716e+07	1.23251e+07	1.3684e+07	1.36844e+08	3.80395e+07	1.79812e+07	4.82664e+07	1.70153e+07	1.96012e+07	1.55855e+07	1.33588e+07	3.40554e+08	1.32943e+08	1.14486e+07	2.68353e+06	2.44909e+07	7.07421e+07	1.38701e+07	1.16842e+07	2.10403e+07	2.77719e+07	1.96137e+07	8.58725e+06	3.46564e+07	1.62801e+07	4.01371e+06	7.25824e+06	1.23736e+08	3.78367e+07	1.32983e+08	1.59238e+07	1.71633e+08	4.129e+07	3.17575e+07	1.73127e+06	8.91795e+07	1.70666e+07	5.04193e+07	1.16144e+08	7.90418e+07	4.80996e+07	2.41622e+08	2.22898e+07	9.0111e+07	1.45135e+08	6.04975e+07	1.25066e+07	8.62611e+07	5.4567e+07	3.95927e+06	5.79783e+06	2.22834e+06	9.2471e+06	3.38603e+07	9.31252e+07	3.93567e+07	3.88834e+07	1.50533e+07	2.14693e+07	5.36249e+07	4.33401e+07	4.00032e+07	2.92717e+07	5.5129e+07	1.59242e+07	2.22671e+07	2.18751e+07	5.29637e+07	2.40743e+07	4.67278e+07	4.56674e+07	6.52298e+07	4.20577e+07	4.89603e+07	4.14811e+07	2.48146e+07	1.81055e+06	2.39464e+07	4.52663e+06	4.67589e+07	1.78861e+07	4.26734e+07	4.7748e+07	1.27681e+07	8.3448e+06	2.19989e+07	8.00219e+06	7.57415e+07	2.91745e+08	4.75546e+08	4.72996e+08	1.249e+08	1.27769e+08	5.69069e+06	2.18523e+07	1.26531e+06	5.29886e+06	2.53337e+06	4.70881e+07	2.02842e+06	4.23463e+06	9.48151e+06	2.0675e+07	2.50534e+06	2.17526e+06	1.00915e+07	1.34698e+07	1.7607e+07	1.16515e+07	2.45119e+07	9.42826e+06	3.38793e+07	6.20116e+07	1.75417e+07	7.72003e+06	9.84604e+07	3.88619e+07	2.1583e+07	1.20139e+07	3.49482e+07	2.08534e+08	1.49635e+08	2.83788e+08	3.26612e+07	5.62184e+07	9.06546e+07	7.31759e+07	1.39445e+08	5.74734e+07	2.62013e+07	3.35759e+07	2.62945e+07	3.44492e+07	4.88116e+07	1.28414e+07	1.54472e+07	1.14454e+08	2.00939e+07	7.57903e+06	3.95953e+07	1.02632e+08	9.01323e+06	1.22513e+07	1.88045e+07	3.60949e+07	8.52471e+07	7.18086e+07	1.32988e+07	2.57026e+07	7.51468e+06	7.82255e+06	6.3548e+06	625853	3.68273e+07	3.56033e+07	7.23942e+06	2.38198e+06	2.47069e+07	9.50478e+06	1.02531e+07	1.15309e+07	1.76542e+07	3.31284e+07	1.67613e+07	3.50383e+06	1.57087e+07	1.95965e+07	8.14651e+06	941543	3.11091e+06	1.58126e+06	1.51979e+07	5.15993e+06	1.58443e+08	2.25635e+08	5.35768e+08	1.5085e+08	2.66006e+08	2.45952e+08	1.10767e+08	2.58966e+08	2.31054e+08	1.93911e+08	1.43123e+08	1.75409e+08	3.2782e+07	5.5136e+07	4.26132e+08	1.90051e+08	3.31469e+08	1.99703e+08	4.37965e+08	1.74314e+08	2.90314e+07	2.81253e+08	1.30149e+07	1.94631e+07	1.39256e+07	9.77381e+07	1.7567e+08	4.73938e+08	1.73878e+08	3.99976e+08	1.20534e+08	1.1731e+08	1.31088e+08	5.24686e+08	3.23971e+08	2.62397e+08	4.53162e+08	2.73684e+08	8.56997e+07	1.99942e+08	8.55292e+07	4.00126e+08	1.14964e+08	1.62158e+08	4.11438e+08	8.52059e+07	2.24992e+08	5.56065e+07	9.88183e+07	5.47923e+07	1.20221e+08	8.50002e+07	7.71097e+07	1.181e+08	1.17062e+08	1.3793e+08	2.22426e+08	1.66925e+08	
data	data	SFG_L_7_1	SFG_R_7_1	SFG_L_7_2	SFG_R_7_2	SFG_L_7_3	SFG_R_7_3	SFG_L_7_4	SFG_R_7_4	SFG_L_7_5	SFG_R_7_5	SFG_L_7_6	SFG_R_7_6	SFG_L_7_7	SFG_R_7_7	MFG_L_7_1	MFG_R_7_1	MFG_L_7_2	MFG_R_7_2	MFG_L_7_3	MFG_R_7_3	MFG_L_7_4	MFG_R_7_4	MFG_L_7_5	MFG_R_7_5	MFG_L_7_6	MFG_R_7_6	MFG_L_7_7	MFG_R_7_7	IFG_L_6_1	IFG_R_6_1	IFG_L_6_2	IFG_R_6_2	IFG_L_6_3	IFG_R_6_3	IFG_L_6_4	IFG_R_6_4	IFG_L_6_5	IFG_R_6_5	IFG_L_6_6	IFG_R_6_6	OrG_L_6_1	OrG_R_6_1	OrG_L_6_2	OrG_R_6_2	OrG_L_6_3	OrG_R_6_3	OrG_L_6_4	OrG_R_6_4	OrG_L_6_5	OrG_R_6_5	OrG_R_6_6	OrG_R_6_6	PrG_L_6_1	PrG_R_6_1	PrG_L_6_2	PrG_R_6_2	PrG_L_6_3	PrG_R_6_3	PrG_L_6_4	PrG_R_6_4	PrG_L_6_5	PrG_R_6_5	PrG_L_6_6	PrG_R_6_6	PCL_L_2_1	PCL_R_2_1	PCL_L_2_2	PCL_R_2_2	STG_L_6_1	STG_R_6_1	STG_L_6_2	STG_R_6_2	STG_L_6_3	STG_R_6_3	STG_L_6_4	STG_R_6_4	STG_L_6_5	STG_R_6_5	STG_L_6_6	STG_R_6_6	MTG_L_4_1	MTG_R_4_1	MTG_L_4_2	MTG_R_4_2	MTG_L_4_3	MTG_R_4_3	MTG_L_4_4	MTG_R_4_4	ITG_L_7_1	ITG_R_7_1	ITG_L_7_2	ITG_R_7_2	ITG_L_7_3	ITG_R_7_3	ITG_L_7_4	ITG_R_7_4	ITG_L_7_5	ITG_R_7_5	ITG_L_7_6	ITG_R_7_6	ITG_L_7_7	ITG_R_7_7	FuG_L_3_1	FuG_R_3_1	FuG_L_3_2	FuG_R_3_2	FuG_L_3_3	FuG_R_3_3	PhG_L_6_1	PhG_R_6_1	PhG_L_6_2	PhG_R_6_2	PhG_L_6_3	PhG_R_6_3	PhG_L_6_4	PhG_R_6_4	PhG_L_6_5	PhG_R_6_5	PhG_L_6_6	PhG_R_6_6	pSTS_L_2_1	pSTS_R_2_1	pSTS_L_2_2	pSTS_R_2_2	SPL_L_5_1	SPL_R_5_1	SPL_L_5_2	SPL_R_5_2	SPL_L_5_3	SPL_R_5_3	SPL_L_5_4	SPL_R_5_4	SPL_L_5_5	SPL_R_5_5	IPL_L_6_1	IPL_R_6_1	IPL_L_6_2	IPL_R_6_2	IPL_L_6_3	IPL_R_6_3	IPL_L_6_4	IPL_R_6_4	IPL_L_6_5	IPL_R_6_5	IPL_L_6_6	IPL_R_6_6	PCun_L_4_1	PCun_R_4_1	PCun_L_4_2	PCun_R_4_2	PCun_L_4_3	PCun_R_4_3	PCun_L_4_4	PCun_R_4_4	PoG_L_4_1	PoG_R_4_1	PoG_L_4_2	PoG_R_4_2	PoG_L_4_3	PoG_R_4_3	PoG_L_4_4	PoG_R_4_4	INS_L_6_1	INS_R_6_1	INS_L_6_2	INS_R_6_2	INS_L_6_3	INS_R_6_3	INS_L_6_4	INS_R_6_4	INS_L_6_5	INS_R_6_5	INS_L_6_6	INS_R_6_6	CG_L_7_1	CG_R_7_1	CG_L_7_2	CG_R_7_2	CG_L_7_3	CG_R_7_3	CG_L_7_4	CG_R_7_4	CG_L_7_5	CG_R_7_5	CG_L_7_6	CG_R_7_6	CG_L_7_7	CG_R_7_7	MVOcC	MVOcC	MVOcC	MVOcC	MVOcC	MVOcC	MVOcC	MVOcC	MVOcC	MVOcC	LOcC_L_4_1	LOcC_R_4_1	LOcC_L_4_2	LOcC_R_4_2	LOcC_L_4_3	LOcC_R_4_3	LOcC_L_4_4	LOcC_R_4_4	LOcC_L_2_1	LOcC_R_2_1	LOcC_L_2_2	LOcC_R_2_2	Amyg_L_2_1	Amyg_R_2_1	Amyg_L_2_2	Amyg_R_2_2	Hipp_L_2_1	Hipp_R_2_1	Hipp_L_2_2	Hipp_R_2_2	BG_L_6_1	BG_R_6_1	BG_L_6_2	BG_R_6_2	BG_L_6_3	BG_R_6_3	BG_L_6_4	BG_R_6_4	BG_L_6_5	BG_R_6_5	BG_L_6_6	BG_R_6_6	Tha_L_8_1	Tha_R_8_1	Tha_L_8_2	Tha_R_8_2	Tha_L_8_3	Tha_R_8_3	Tha_L_8_4	Tha_R_8_4	Tha_L_8_5	Tha_R_8_5	Tha_L_8_6	Tha_R_8_6	Tha_L_8_7	Tha_R_8_7	Tha_L_8_8	Tha_R_8_8	
4.31732e+07	SFG_L_7_1	0	2.10821e+06	1.47731e+07	12703.4	49522.6	8904.43	2.73108e+06	42844.1	128778	6846.68	61406.8	112431	28.2084	2959.32	0	55590.6	0	287.887	0.00833333	0	0.117037	59.4877	0.145238	19651.7	1.15717	525.333	0.279562	0	0.0114943	0.340763	0	148.076	0.0404412	363.069	0.0795297	10.483	1.28345	278.064	1873.36	147.505	0.0388031	4.02183	0	0	0.00396825	0	0.369479	0.00641026	0	0	0.00628931	0	0	0.0289992	323.716	20.835	3.79433	0.00444444	2.54726	44.3258	29.3737	0.102583	2.33628	1.9445	94.7238	149.146	7.1891	192.314	0.00505051	0	0	0	0.256054	0.00653595	0	0	0	0	0	0	0	0	0.00505051	0	0	0.00396825	0	0	0	0	0	0	0	0	0	0	0	0.0157796	0	0.0157796	0	0	0	0.0243268	0	0.00416667	0	0	0	0	0	0	0	0	0	0	0	0	0	0	0	0	0	0	4.19427	0.0338469	0.0163605	40.6959	0.0709842	0	30.286	13.2251	0.00628931	0	0	0.444379	0	1.19559	0	0	0	0.0427351	0	0.00469484	0	0.0709342	116.558	18.0445	1447.44	14.6568	0.345601	0	95.4981	0.00900901	0	0	0	0	0	0	9.78269	2.43618	0	0.0276243	0	0	0.0355671	0	0.0114943	0.643073	0	0	3.23148	0.0388574	0.128066	0	7.37071	2138.32	0.0787037	8736.65	201.722	0.00854701	102.941	0.0386555	3.09283	0.237349	0.00641026	8.16739	0.512061	0.207369	0.00411523	0.00260417	0.00411523	0	0.396245	0.00416667	0	0.00260417	0	0.00374532	0	0	0.0176201	0	11.2292	0.217857	0.00411523	0	0	0.364702	5.28983	0	0	0	2043.11	3.18085	0.0496343	0.0243268	0	0	13600.8	86.7403	0	0.00260417	0.00282486	0.0106728	1558.88	506195	0.577638	47.2142	151.469	0.170155	678397	3.86512	16.5876	0.0232707	0.0530455	0	31573.6	1.32079	9775.87	0.33258	143.482	0.00653595	211312	1.82868	
9.02779e+07	SFG_R_7_1	2.10821e+06	0	2.52906e+06	625232	12042.8	49479.8	3.41773e+06	1.29818e+07	177718	920773	6666.11	346448	0.614725	49.657	0.0618871	909.214	0	2259.44	0.432745	0	0.0042735	1.26582	148.327	296.814	121.211	1232.18	0.08387	0.240136	0	3811.65	0	117.192	0	27229.3	0	120.645	0.017205	85132.4	0.301712	366199	0	0.0294118	0.0208518	0.701753	0.0704967	0	0.105649	0	0	0	0	0.154582	10.0139	3.24791	128335	76.1905	1419.47	0	200.838	260.623	0.55478	10132	0.0528205	277792	262.319	1978.29	760.813	1599.56	0.00262467	0.0781063	0	0.0973761	0.272346	8.18712	0	0.0232042	0.0216421	0	0.00917874	0	0	0	0.00268817	0.00529101	0.00350877	0.0897476	0	0.00555556	0	0.101944	0.0311609	0	0	0.0363129	0	0	0.124642	0.0871021	0	0.021511	0	0	0.0995128	26.0396	0.643709	10.5895	0.267273	0.0355221	0	0	0	0	0	0	0.0479128	0.012956	0	0	0	0	0	0	0	0	14.7445	2.44001	0.151257	1.91756	28.4996	0	37.7897	145.753	0.360717	0.00258398	20.4097	24.3015	0.105348	92.4628	0	0	0	2.65422	11.7524	0.406942	0	12.5166	2.22257	139.282	419.71	1504.99	0.150736	1.34733	2.12185	1056.63	0	0	0	0.00520833	0	0	56.236	172.479	0.00875139	137.986	0	0	0.0323579	0.0437276	0.0773219	731.339	0.00358423	0.0452107	0.128677	251.076	0	38.2741	7.63355	513.169	0.00757576	20801.3	0.57745	1407.42	21.9852	6.93744	1.28885	4.21674	0.00980392	0.0499109	11.0045	305.566	0.842499	0.0119057	0	0	587.871	2.84771	0	0.0512274	0	1.07124	0.326266	0	0	0.0408272	481.318	990.46	0	0.150089	0	22.1135	0.0535828	40.6522	0	0.0427067	288.93	1.88811e+06	0.0471107	51.4085	0.0275686	0.239259	1411.17	1.30476e+07	0.0633438	0.35326	0.469717	24.2961	10.324	114775	150.462	17313.1	0.00277778	77038.4	2617.32	4.34689e+06	113.438	40.4298	0.00333333	0.00854701	29.2899	167076	0.333367	15727.4	0.0313203	1288.61	3.52637	1.3426e+06	
7.89707e+07	SFG_L_7_2	1.47731e+07	2.52906e+06	0	19488.3	4.01574e+06	34467.3	6.36549e+06	5260.12	0.283948	246.338	944.247	223933	28.2464	3043.06	79676.1	25402	532.381	61.7426	483.074	0	6141.75	0.38315	633587	5428.3	635.494	101.786	22.5543	0	79909.6	0.172252	11264.7	24.6773	23811.9	126.835	74.73	0.720705	10305	68.0669	1.84043e+06	19.7076	0.0388031	3.96216	0	0	0.0491363	0	0.564888	0	0	0	17.1774	0	134.886	0	111.458	4.37916	16.3568	0.15571	1.2217	120.48	25727.2	0	17783.6	0.0042735	3.35745	483.231	0.421478	255.17	0.330333	0	3.70284	0	365.436	0	7.70919	0	19.8915	0	75.1709	0	32.3148	0	111.178	0	15.4089	0.00396825	522.384	0	0.0045045	0	0.077174	0	9.7661	0	6.02446	0	264.647	0.0157796	0.195174	0.0157796	0	0	3.60387	0	7.65678	0.200033	0.0380497	0.0400585	0	0	0	0	0.0951619	0	0	0	0	0	0	0	66.8088	0	5.19391	0	27.2754	1.82048	0.0399253	587.823	9.43514	0	97.2418	200.434	0.0988635	0	35.8753	7.37526	71.4477	14.1677	0.248427	0	9.95397	0.00490196	71.3946	0.00469484	1.51047	0.00416667	0.540033	251.789	28.05	45.1072	0.0212121	0	0	0	0.991498	0	0.0104167	0	3.8319	0	108.426	20.5112	34.6893	0.015506	18.4215	0	237.869	0	2625.53	0.192455	0.873045	0	34502.1	0	0	0	4.74121	982.904	0	11711.8	0.00497512	0	0	0.155742	0	0.0282234	0.00641026	9.72273	5.95642	4.51476	0.157791	0.00260417	0.00411523	0	17.5968	0.0739769	0	0.00260417	2.17114	0.00374532	1.20785	0	0.62826	0	136.006	15.2222	0.740127	0	0	5.82823	467.045	0	0	0	74418.5	126.149	0.491771	0	0.0042735	0	924032	346.199	10.899	0.0134388	636.574	0.0110054	6199.99	123404	8821.09	384.914	662.081	0.386988	6.36572e+06	5.54082	66.0385	0.0948327	1.12836	0	119740	2.15455	37749.3	0.319768	1139.27	0.0261438	1.03437e+06	2.46005	
7.58992e+06	SFG_R_7_2	12703.4	625232	19488.3	0	4478.35	782157	99.5874	62781.1	0.394488	14.0109	1714.79	0.106838	0.004329	0.002849	0	1.08012e+06	0	1.49314	0.00243309	0.0128205	0	3323.76	10.1993	7113.85	0.0151749	792184	0.00243309	0.0138281	0	71.0465	0	833.827	0	74866.4	0	179.323	0	37106	0.00641026	4757.78	0	0	0	0.00724638	0	0	0.002331	0	0	0	0	0.0035461	0	0.00900901	35.8112	703.351	53.2574	0	0	2.02827	0.00641026	2.55423	0	3.55989	0	0	0	0	0	0.00505051	0	0	0	0.178505	0	0	0	0	0	0	0	0	0	0.00505051	0	0.0205177	0.00236407	0	0	0.0167722	0	0	0	0.0391667	0	0	0.00333333	0.0823815	0	0.0461611	0	0	0.010257	9.37017	0.0271633	0.818309	0.0312656	0	0	0	0	0	0.00217865	0.00333333	0	0.00333333	0	0	0.00483092	0	0	0	0	0	0.524448	0.0247253	0.0301706	0.412048	0.0361687	0	0.208306	0.915354	0	0	0.970092	7.12597	0	22.8154	0	0	0	7.11574	0.186865	0.10262	0	1.88813	0	0.0775094	0	0.154035	0	0	0	0	0	0	0	0	0	0	1.63035	1.5889	0.0025641	34.9767	0	0	0.0025641	0.0559441	0.0025641	213.063	0	0.0104167	0.0025641	4.99077	0	0	0	0	0.00757576	0	0	0	6.24537	0	0	0	0	0	0.0360619	10.1355	0.0443502	0.0137944	0	0.0182648	11.0683	0.187822	0.00564972	0.0134339	0	0.935884	0.0137589	0	0	0.0186562	7.4532	27.6066	0	0.0730868	0	8.66866	0	1.93577	0	0	3.82817	23289	0	11.0781	0	0.0261783	91.055	169390	0.00243309	0.242256	0.00243309	10.239	16.0048	8367.48	4.24814	2338.04	0	8466.9	118.819	44382.9	1.34115	0.0259	0	0	3.73801	3478.76	0.719663	446.19	0.0283688	107.33	1.10384	24005.8	
1.53032e+08	SFG_L_7_3	49522.6	12042.8	4.01574e+06	4478.35	0	1.40341e+07	114.764	21.0832	2.04053	1.66707	4.30321e+06	913374	4.73538e+06	1.35183e+06	2.30144e+06	10215	4896.24	0.411398	6.54995e+06	196455	556371	171917	18280.2	1683.58	28.2767	0.352653	302096	92436.3	380579	0.0666886	702502	155513	674062	4859.55	17207.5	3227.58	649125	314.38	3.03583e+06	3.0869	0.726765	0.594201	127.674	4.5832	135.526	0	131.966	0.161743	5.2284	0.00775194	7861.84	10.1816	44.6402	0	191.305	77.8324	77.5741	0.106745	6.93509	478.855	2246.98	0.00374532	382.071	0.0403802	41.0953	0.00392157	1.53985	0	491.026	0.445315	600.39	0.0279668	4823.85	0.0804546	150.944	0.0464215	1810.04	0.00374532	1578.12	0.0503561	41.505	0	2323.19	0.195552	790.603	0	819.03	0.0283331	51.6261	0	99.379	0	2100.52	0.00401606	767.048	0	26629.4	0.00406504	23.9246	0	5.10114	0	7108.72	0.210453	9283.11	0.499551	310.344	0.00350877	1.69002	0.188051	0.277536	0	51.7876	0	0	0.040743	0.0424837	0.129503	0	0	9.56648	0	0.841025	0	4563.26	1.31635	1366.65	390.984	1174.53	0	1162.89	211.654	8294.7	0	72289.9	6.39141	2045.87	18.8672	0	0	7.03879	0.120611	1914.17	0.00358423	1312.21	0.0396491	2435.1	463.384	2286.56	0.0998645	52.0825	0.28583	3904.05	32.522	1.42631	0	2.61797	0	10.3711	0	434.852	24.9112	482231	0.357067	40.7105	0	70798	0	914221	0.792729	2747.31	0	939790	0	1838.48	0	41856.1	294180	2628.83	988.089	53979	0.0175559	99.5554	0	79.9769	0.0978495	351.893	1638.23	2.18401	6.20656	347.033	0.0170968	223.652	0	25.4524	0.203885	1.76074	0	6110.77	0.121636	1720.36	0.00311526	426.926	0.012013	4196.8	53.3815	2223.79	0.0865358	164.916	12.1582	75.2293	0.0767196	0.323917	0.298759	11899.3	1025.56	16478.5	1.05137	1940.44	0.920258	2.17739e+06	3080.58	32173.8	9.15908	830693	3.47463	2.68967e+06	32843.3	2.38376e+06	295.346	3.23232e+06	41.494	6.96013e+06	32.1416	351.237	6.59154	89595.9	0.143074	1.84617e+06	181.86	1.56704e+06	113.938	982248	26.021	5.40831e+06	51.401	
9.46228e+07	SFG_R_7_3	8904.43	49479.8	34467.3	782157	1.40341e+07	0	840.131	1.00101	11.6218	5.94108	150812	8.6998e+06	809405	3.70158e+06	26211.6	4.69199e+06	0.00724638	0.0104167	68575.1	5.74306e+06	16049.6	1.55918e+06	547.873	1532.41	0	0.902938	254.481	638902	3.5824	3611.06	2837.12	669373	1339.92	188706	0.953846	16152.9	487.973	85625	753.237	792.305	0.97953	1.03499	0	4682.4	0.110644	0	2.84225	3.68133	0.209454	0.00666667	0.0293076	5648.67	0.00555556	0	6.13619	0.0801736	17.327	0	0.00606061	18.7213	0	1.92428	0.0224105	0.0828122	0	27.122	0.0251662	26.3392	0.00378788	195.738	0.00282486	0.015695	0.0470156	0.264538	0	0.0328017	0.00378788	1.36633	0.0128961	0.0153053	0	0	0.0841401	195.435	0.00392157	0.0379108	0	0.00308642	0	0.137522	0.00340136	0.00350877	0.0035461	20.9147	0	0.00326797	1.47569	0.286433	0	0.00505051	0	0	0.0462928	598.942	0	5.95446	0.003367	0.13574	0	65.0725	0	0	0	0.0549917	0	0	0	21.2157	0	0.004329	0	0	0	0.00401606	0.985305	0.632305	1.82433	2.49634	0.0154148	0.00416667	29.1847	102.908	0	0.0393301	1.1682	147.5	0.0298165	173.569	0	0.00416667	0	0.250988	0.213624	0.313476	0.00546448	0.138422	42.0178	336.869	33.9006	384.936	5.96225	32.3799	76.0722	20002.5	0	0	0	0	0	0	1.74722	4.27492	0.0908923	282.217	0	0	0	0.877073	2.25236	7181.38	0	0.26525	0.644933	182.601	17.119	3846.77	82404.2	391717	372.62	139.325	145.338	43832.8	0.392187	0.00952381	1.13957	80.1583	363.953	0.0144928	0.132382	21.3794	0.438327	1.69212	0.0332062	2.60002	39.1874	0.673846	0.0434963	0.930075	0.0118126	20.633	0.0144859	0.0653769	0.0022831	4.61388	50.0401	36.2182	0.0022831	10.9771	0	117.737	0	0.498255	0	47.3547	1.00991	69536.3	0.269484	9679.56	0	15151	75.9018	368924	0.0742573	138.361	3.3477	16167.7	3.36339	1.55829e+06	8.21602	14519.3	0.129184	921182	52.2425	147165	3.15728	0.836164	0.0790811	3384.27	5.19656	386695	0.542995	268031	0.841219	193023	0.304036	787996	
4.87447e+07	SFG_L_7_4	2.73108e+06	3.41773e+06	6.36549e+06	99.5874	114.764	840.131	0	220331	1.40053e+06	124608	2.8307	3152.41	0.25022	18.6725	0.119972	303.901	0.735073	30.2317	27.0363	0	0.141895	0.105406	42412.4	90.8228	487.805	1230.24	5.87813	0.00241546	963.57	0.103166	0.870648	2.5747	0.00340136	6.55913	1.87441	0.340699	0.360209	0.354151	21119.4	80.3971	0	0.044382	0.0548468	0.0147812	0.0252554	0	0.0497381	0	0.831789	0	3.78845	0.00241546	3072.27	0.065238	275088	1613.51	2669.95	0.0442433	64741.9	88.3156	19342	0.90457	54953.9	50.7262	0	1121.1	3.15146	1133.65	0.0651457	0	1.21238	0	25.4024	0.00653595	6.09294	0	16.4668	0	58.9423	0	49.004	0	98.2374	0	17.3881	0	435.54	0	0.00456621	0	0.0224105	0	4.34781	0	3.12001	0	79.2929	0	0.515804	0	0	0	1.48446	0.0243268	59.5643	0.305526	0.240693	0.0656941	0	0	0	0	0.0543413	0	0	0	0	0	0	0	52.8936	0	5.69378	0	10.2484	2.74448	0.0394147	490.589	9.42705	0	246.156	144.063	0.00628931	0	4.11811	6.34239	64.9599	14.4136	0.269324	0	8.65907	0	67.1776	0	0.199471	0	0.493386	209.221	41.5282	130.496	0.00512821	0	0.706664	0.11473	0.566174	0	0.00900901	0	1.11501	0	269.299	39.9449	0.477265	0.0107534	12.6557	0	80.2732	0	375.868	0.0756363	0.121732	0	1561.48	0.0107534	0	0	0	0.102431	0	71.4895	0.612572	0	0.276773	3.24949	0	14.1685	0	0	6.78953	2.70219	0.16079	0	0	0	21.1664	0.0171024	0	0	0.0326195	0.0035461	1.52891	0	0.00421941	0	356.439	12.2978	0.0139944	0.00347222	0	7.11134	605.924	0	0	0	110789	137.776	0.0314528	0.0411503	0.9678	0	462411	254.081	313.429	0.00396825	40.6483	0.0124089	2038.17	62487.8	1029.64	293.327	94.7414	0	8.07409e+06	2.24704	166.328	0.0389639	0.0379277	0	17039.8	0.00694444	1563.66	0.00217865	247.505	0.00217865	878900	0.0190171	
6.16054e+07	SFG_R_7_4	42844.1	1.29818e+07	5260.12	62781.1	21.0832	1.00101	220331	0	120494	851289	11.4315	0	0.00935684	0.0262419	0.0355776	98371.6	0	22107.7	1.00002	0	0.0370638	33.9463	0	33122.9	2.30447	512082	0.188464	0.299819	0	13351.8	0.0177778	753.395	0	14934.9	0	495.796	0.0681707	52494.4	0	916222	0	0	0.00913285	1.55133	0.0206437	0	0.00916478	0	0.0147334	0	0	0.549642	0.865482	319.764	15793.8	502896	1606.05	0	316.822	3017.3	0.0241439	24408.9	0	1.11674e+06	77.0202	0.111435	396.863	0.687646	0.010759	0.0232323	0	0	0.132737	16.6942	0	0	0.0396045	0.0168803	0.00904324	0.00462963	0	0	0.00268817	0	0.00350877	0.0517944	0	0	0	0.0353358	0.0144656	0	0	0.0141573	0	0.00396825	0.160742	0.00546448	0	0.00546448	0	0	0.0637333	34.8173	0.84419	5.09843	0.216279	0.0164996	0	0	0	0	0	0.00343643	0.00617284	0	0	0.00606061	0.00462963	0	0	0	0	0	10.3627	0.0702201	0.335936	0.0692919	10.1523	0	33.5516	1.86934	0.0981198	0.00258398	20.1128	8.73335	0.368172	34.0009	0	0.108271	0	2.37991	12.2921	5.17904	0	0.551019	0	0.00617284	126.111	0.0584465	0	0	0	0	0	0	0	0	0	0	47.0527	2.06291	0.019148	44.8566	0	0	0.00828519	0.152803	0.0352841	426.753	0	0.00925926	0.0015949	245.282	0	0	0	0	0	0	0.0196248	0	0.400223	0	0.359899	0	0	0	14.0669	69.7964	0.301236	0.004329	0	0.004329	377.342	2.22102	0	0.00444444	0	0.545478	0.395146	0.0042735	0	0.0675322	327.996	166.634	0	0.0990251	0	5.62164	0	1976.65	0	0.0232323	97.5326	3.2558e+06	0.0107978	38.8706	0.00333333	0.642888	387.739	9.4471e+06	0.204223	0.531274	0.59231	61.0959	0.111655	3740.7	162.196	9689.96	0.00277778	49.4175	1592.47	362216	117.352	1062.63	0.00333333	0	21.9761	7759.55	0.0316667	105.279	0.0391667	35.3304	2.68809	94276.5	
5.35599e+06	SFG_L_7_5	128778	177718	0.283948	0.394488	2.04053	11.6218	1.40053e+06	120494	0	379268	791.247	79.2803	0	1.23355	0	1.33266	0	1.56074	0	0	0	0	0	0.120071	2.07836	6446.45	0	0	0	0	0	0.00537634	0	0.154413	0	0.137663	0	0.29288	0	0.164285	0	0.0215558	0	0	0	0	0	0	0	0	0	0	1.00949	0.120317	8314.56	52697.3	311.051	0.00666667	321878	416.896	0	1.46602	0	40.0187	213.404	7.09037	72362.2	2143.86	0	0	0	0	0	0.00653595	0	0	0	0	0	0	0	0	0	0	0	0	0	0	0	0	0	0	0	0	0	0	0	0	0	0	0	0	0	0.0243268	0	0	0	0	0	0	0	0	0	0	0	0	0	0	0	0	0	0	0	0	0	0	0.0047619	0	0	0	1.39422	0	0	0	0	0.0178449	0	0.00537634	0	0	0	0	0	0	0	0	5.08233	0.7012	116.6	12.494	0.155556	0.0625555	3.70804	16.8775	0	0	0	0	0	0	2.00096	1.84684	0	0.0107534	0	0	0	0	0	0.0466201	0	0	0	0.0107534	0	0.0673077	0	0.00512821	0	1.26464	4.96681	1.72734	816.829	0	3908.03	455.752	0	0	0	0	0	0	0	0	0	0	0	0	0	0.0035461	0	0	0	0	0	0	0	0	0	0	0	0	0	0	0.00877193	0.384135	0	0.0608045	0	0	0.0390492	6.18699	0	0	0	0.00273224	0	125.499	0	1.1286	0	0	0.0111111	0.00653595	0	0	0	0	0	0.0107527	0	0	0	0	0.0111111	0.0107527	
3.53456e+07	SFG_R_7_5	6846.68	920773	246.338	14.0109	1.66707	5.94108	124608	851289	379268	0	2.64307	101.424	0.00294985	1.19322	0	150.803	0	686.203	0.0240769	0	0	1.47408	0	97.1925	78.3852	906.63	0.0105617	0.0529916	0	137.588	0	5.44525	0	39.5305	0	2.19551	0.017094	118.512	0	1780.55	0	0.00490196	0	0.127954	0.00490196	0	0.00490196	0.004329	0.003663	0	0	0.0475348	86.2016	165.385	538978	918805	275376	0	503078	6.90981e+06	0	166.622	0	38605.6	837.312	5883.65	81861.8	1.29015e+06	0	0.0118917	0	0.0245938	0	0.764286	0	0.00505051	0.00271003	0	0.00271003	0	0	0	0.00271003	0.00520833	0	0	0	0	0	0	0.00326797	0	0	0.00330033	0	0	0.0498902	0	0	0	0	0	0	0.208485	0	2.44365	0.002331	0.00387597	0	0	0	0	0	0	0	0.00314465	0	0	0.00462963	0	0	0.00505051	0	0.0242854	0.882439	0.385306	0.0523883	0.00483092	0.357526	0	11.7245	28.4394	0.00383142	0	0.884345	0.219175	0.003663	0.584776	0	0	0	0.0242854	0.226836	0.0916458	0	0.595	0.351252	4.96689	716.762	869.046	0.0258924	0	0.498258	5.09386	0	0	0	0	0	0	23.1149	53.1363	0.00177305	0.481458	0	0	0.0082081	0	0.0082081	6.39975	0	0	0.00177305	4.08257	0.0329268	0.0292064	0	0	0	0.0939394	0.136078	0.149656	810.162	191.205	198.257	3330.47	0	0.0114943	0.10098	31.0024	0.0425129	0	0	0	12.3073	0.955632	0	0	0	0.0380617	0.0237899	0	0	0.00421941	9.47888	53.4136	0	0	0	0.121027	0	75.024	0	0.0265332	1.61553	244642	0	0.311469	0	0.291532	6.76168	2.29066e+06	0.002331	0.128147	0.0228356	1.81216	0.0235507	7828.28	6.4759	91.6692	0	0.649076	89.5227	1.33811e+06	9.18355	346027	0	0	1.65492	48419.1	0	24.5885	0.00694444	65.3758	0.685401	539415	
1.05674e+07	SFG_L_7_6	61406.8	6666.11	944.247	1714.79	4.30321e+06	150812	2.8307	11.4315	791.247	2.64307	0	132601	300138	3509.29	3.36513	8146.08	5.55295	1.08299	142.505	4326.52	7.16946	116005	0.0279368	1136.24	0	1.48326	0.704873	196.678	56.7371	0	115.947	64034.8	424.533	327.479	1.31125	650.543	120.886	5.88583	458.797	0.00740741	5.50773	0.0787248	0.0110652	0.321315	0.153707	0	0.948362	0.155246	6.80674	0	0.111779	5.38268	0	0	0.0270714	0	0.00877193	0	0	4.89383	0.0030581	0	0.0030581	0	189.733	0.00952381	10.3089	0.0314117	0.535572	0.00374532	0.0804666	0	0.37974	0	0.00537634	0	0.345372	0.00374532	0.722975	0	0.0157318	0	1.84187	0.00374532	0.0411971	0	0.263467	0	0.0130732	0	0	0	1.00137	0	0.0305283	0	2.03125	0	0	0	0	0	2.04354	0.003367	0.633974	0	0.0163901	0	0.00497512	0.0149645	0	0	0.0326113	0	0	0.00208333	0.0042735	0	0	0	0	0	0	0	1.985	0	0.0756692	0.0904063	0.24975	0	2.37434	0.0159732	1.79292	0	10.7248	0	0.591075	0	0	0	0.003663	0.00421941	0.472776	0	0.230131	0	6075.26	0.960553	9927.95	0.0321332	43.7611	0.00401606	10283.3	1.47038	0	0	0	0	0	0	0.0275956	0.186274	102.019	0	0.00260417	0	0.287798	0	98.7879	0.00421941	0.710458	0	145.914	0	524.717	0.198503	3721.99	2115.93	12100	29281.1	41460.7	23.1111	408.715	0	770.911	0.463915	178.168	0.564481	0	0	0.0160643	0	0.00416667	0	0	0	0	0	0.517711	0	0.358332	0	0.0370834	0	0.443383	0.0127137	0.334454	0.00401606	0.00462963	0	0.00900901	0	0.0404786	0	15.8516	0.106863	25.612	0.0336826	0.0325408	0.327031	144.93	0.299472	1.22369	0.3079	25.2688	0	1236.61	54.4344	214.834	0.0148491	1700.84	0.307463	395.967	0.0532779	0.127415	0.0135802	56.1611	0.00320513	1007	1.59155	1305.62	1.36979	938.421	0.521344	1089.89	0.161004	
2.4589e+07	SFG_R_7_6	112431	346448	223933	0.106838	913374	8.6998e+06	3152.41	0	79.2803	101.424	132601	0	7865	676120	15.6662	116.025	0	0	26.7643	35.8083	0.920499	166.256	558.126	9.37621	0	0	8.55737	3.49248	0.00757576	28.0804	3.36685	205.466	4.0065	208.465	0	13.205	0.968913	17.2559	2.2307	1.42275	0.553956	138.704	0.00724638	6.4465	0.670584	0	20.9383	0.0567633	0	0	0	8.20935	0	0	0	0	0.00401606	0	0.0603291	0.500316	0	0	0	0	0	33.2477	0.0674305	15.4279	0	0.121596	0	0	0	0.00297619	0	0	0	0.00297619	0	0	0	0	0	0.0770745	0	0	0	0	0	0	0	0	0	0.00490196	0	0	0.0373457	0	0	0	0	0	0	0.0342395	0	0	0	0	0	0.0180726	0	0	0	0	0	0	0	0.039901	0	0	0	0	0	0	0.0154503	0.00396825	0.79923	0.0156079	0	0	0	0.0224232	0	0.00396825	0.0149018	0.117475	0	0.114407	0	0	0	0	0	0	0	0	15.7685	509.117	0.848173	371.988	6.63316	58.5792	18.2934	31143.6	0	0	0	0	0	0	0	0.21602	0	0.628543	0	0	0	0	0.0137363	1.87178	0	0	0.0272222	0.00490196	11.7498	7959.88	58.1136	28377	1.44322	889834	30.2095	208530	0.375229	0	0.120871	665.533	2.90922	1962.74	0	0	0	0.004329	0	0	0	0	0.00462963	1.08084	0	0.0412861	0	0.0037037	0	0	0	0	0	0	0	0.0759685	0	0	0	0.0459827	0.0530784	5.52225	0.0517964	44.564	0.395736	0.174122	0.152778	59.9358	0.00282486	0.436076	0.0554386	1.78768	0	2173.19	0.0950336	3.74895	0	1107.72	0.0170411	25.4308	0	0.00546448	0	0.124686	0	1766.61	0.00584795	893.738	0	89.0771	0	1200.46	
6.87886e+07	SFG_L_7_7	28.2084	0.614725	28.2464	0.004329	4.73538e+06	809405	0.25022	0.00935684	0	0.00294985	300138	7865	0	9.67738e+06	0.0112568	42.0391	0.014186	0	216075	73403.1	36.884	280.063	0.367239	0	0.00617284	0	9.91044e+06	2.48811e+06	0.00350877	0	384.525	33.9509	24.6715	0	5040.6	0.026614	236.456	0	0.489925	0	345805	36153.7	21.9282	14.559	746.957	0	20717.3	43614.2	110.746	5.10666	4331.14	0.0269388	0	0	0.0483693	0.0535896	1.2616	0	0.243446	0.0273768	0.328879	0	0	0	0.189645	0	0	0	3.91211	0.0465021	0.340322	0	32.0429	0.0030303	0.0313283	0	20.2635	0.0030303	13.3152	0	0.242997	0	4.51939	0.00628931	1.26844	0	0.505365	0	48.6242	0	7.44193	0	33.8007	0.00280112	62.4323	0	410.372	0	9.39461	0	1.77354	0	99.6924	0	652.436	0	27.2932	0	0.0604474	0	0.0570492	0	2.92293	0	0.0186928	0	0.0164835	0	0.00444444	0	0.00584795	0	0.0413534	0	19.7374	0	31.1517	2.99678	4.07265	0	0.4611	0.0119584	107.7	0	171.739	0.677365	3.80553	0.901099	0	0	0.0378205	0	0.173266	0	1.24736	0	46571.4	7.29551	4302.56	0	48.4689	0.0879601	63256.1	5.54773	0	0	0.019129	0	0	0	0.372209	0	938.606	0.142939	1.30121	0.00641026	0.423766	0	2305.74	0.0109741	0.0841761	0	2.7435	0	68403.1	3.83358	809111	2.66552e+06	518486	58.1872	147953	89.3433	109201	0.828665	2996.29	0.54592	187890	2498.42	0.00438596	0.0159933	664.733	0.003367	779.09	0	0.00275482	0.003367	5.83499	0.003367	1291.19	0.0526759	29.5216	0	659.217	0	217.277	0.002331	1248.72	0	0.904423	1.12547	0.0297049	0.00225225	0.0915592	0.00280112	156.798	0.218372	191.997	0.00374532	56713.3	134.896	9738.99	0.616093	30662.6	5.64146	677688	0.174362	53348	0.00411523	15232.8	1.11701	148612	0	30042.1	0	32.8427	0.00220751	1717.21	0	7920.49	0	65.8705	0	5239.2	0.00411523	44601.2	0	
6.00837e+07	SFG_R_7_7	2959.32	49.657	3043.06	0.002849	1.35183e+06	3.70158e+06	18.6725	0.0262419	1.23355	1.19322	3509.29	676120	9.67738e+06	0	0.0966193	4.09637	0	0	141290	72911.1	0.0848782	1.56494	0	0	0	0	1.6369e+06	5.687e+06	0	0.00833333	0.0201335	0.95769	0.00775194	0.0935026	0.188777	0.125483	0	13.6646	0	0	21933.2	700845	0.769647	858.3	177.511	0.0123457	8162.04	115822	5.38396	0.582707	0.362391	65.6249	0	0	0	0	0	0	0.00529101	0	0.00271003	0	0	0	0	0.0244408	0	0.0874459	0	4.33058	0	0	0.00271003	0.302575	0	0.0155375	0	1.24719	0	0.00343643	0	0	0	3.51839	0	0.27034	0	0.0361846	0	0.0613828	0	0	0	0.409751	0	0.00387597	0	0.950384	0	0	0	0	0	6.5571	0.00229885	1.44555	0	0.0139651	0	2.63261	0	0	0	0.00330033	0	0	0	1.29323	0	0	0	0	0	0	0.0355298	0.0444154	0.003663	2.7235	0	0.0215953	0.383939	2.52619	0	0.0196121	0	2.79842	0	15.4798	0	0.00483092	0	0.322594	0	0.178847	0	0.209645	0.828842	2.93689	0.0391758	2.00262	0.0200603	2.51702	0.962232	541.824	0	0	0	0	0	0.0532803	0	0.634535	0	65.7125	0	0.0141908	0	13.9084	0	3.31033	0	0.0346226	0	0	1.84709	14041.8	83690.8	4.3714e+06	96.3634	714.752	12.5674	52541	0.015873	2.68718	0.016167	115.444	48897.5	746463	2.17059	3974.92	16.4494	11.2097	0.345303	523.447	0.0149952	1.97326	0	79.2576	0.00245098	7.53862	0	0.0376134	0.00245098	1373.41	0	944.954	0.00245098	37.0882	0	2.52193	0	0.0506878	0	7.81728	0.00584795	221.618	0.0451954	2968.73	61.9073	238626	0	1686.1	7.54045	6615.71	0.0579592	123638	0.11729	335875	0.00350877	5095.14	0.00505051	94040.7	0	2261.78	0.00266667	0	0.00505051	8320.41	0.196993	74.7372	0.0482257	24549.7	0.0458333	64408.9	0	5274.76	
1.07851e+07	MFG_L_7_1	0	0.0618871	79676.1	0	2.30144e+06	26211.6	0.119972	0.0355776	0	0	3.36513	15.6662	0.0112568	0.0966193	0	96.2738	1.73567	0	657889	4797.3	689304	30.274	1.56958e+06	0	0	0	171.177	7.82814	40.666	0	13398.2	1.30174	3883.69	0	31.2624	0.113527	28880.6	0	2087	0	0	0	0.00273224	1.58165	0.0430369	0	0.0240809	0	0	0	0.0248036	0.561601	0	0	0.00350877	0.196908	0.141129	0	0.0193888	0.484629	4.24339	0	0.354258	0	0	0	0	0	0.102982	0	0.325265	0	2.04973	0	0.184077	0	1.84459	0	1.55217	0	0.0408328	0	2.89992	0	0.244827	0	2.2342	0	0.00401606	0	0.074496	0	1.34651	0	0.591317	0	28.7211	0	0.00462963	0	0.00462963	0	1.89924	0	20.7885	0	0.344167	0	0	0	0	0	0.0154395	0	0	0	0	0	0	0	0.11738	0	0.00584795	0	1.51296	0	0.97101	0.130993	0.7742	0	1.09516	0.100186	4.30032	0	29.3242	0.00343643	3.38714	0	0	0	0.0178322	0	2.86722	0	2.45346	0	0.0482116	0.368946	0.0183626	0	0	0	0	0.0153277	0.00617284	0	0	0	0.150931	0	0.298133	0.0336695	147.311	0	0.00333333	0	257.119	0	687.747	0	1.06968	0	78.5288	0	0	0	0	0	0	0	0	0	0	0	0	0	0	0	0.00387597	0.0183917	0.156599	0	0.039321	0	0.0211694	0.00456621	0.004329	0	3.05602	0.00343643	0.698517	0	0.276814	0	3.6117	0.0386498	0.623765	0	0.176508	0.00343643	0.00358423	0	0	0	1.0202	1.30541	0.796318	0	0	0	4550.82	3.67932	108.972	0.0031746	825.505	0	46.8952	0	6114.1	0.28779	20.5676	0	1992.61	0	0.00282486	0	1.82863	0	13.5079	0	9.35178	0	12.8865	0	17.1013	0	
2.44716e+07	MFG_R_7_1	55590.6	909.214	25402	1.08012e+06	10215	4.69199e+06	303.901	98371.6	1.33266	150.803	8146.08	116.025	42.0391	4.09637	96.2738	0	0	171.587	787.514	513836	1264.26	141355	1.79338	5.19203e+06	0	99855.1	0.0070922	19331.2	0.0676768	6.45438	184.016	1419.38	42.8438	353.859	0.0226228	25.8572	1.85632	120.193	9.45778	304.009	0	0	0	16.6904	0	0.00416667	0	0.00406504	0	0	0	23.5648	0	11.1599	0.0224148	12869.4	0.0369048	0.0133333	0	199.548	0	0	0	1200.87	0	0.823316	0	1.91094	0	10.8236	0	0.0619968	0	0	0	0.0212346	0	0.0422315	0.00358423	0	0	0.00520833	0.0035461	7.4806	0	0.00584795	0	0.00444444	0	0.00406504	0	0	0	0.626678	0	0.00406504	0.0168803	0.0231902	0	0	0	0	0.00323625	6.73225	0	0.0042735	0	0.00438596	0	6.93711	0	0	0	0	0	0	0	1.38498	0	0	0	0	0	0	0.207198	0.721087	0	0.408619	0	0	4.4663	186.736	0	0	0.0339662	1.7511	0	5.52024	0	0.0671717	0	0.356729	0	5.72055	0	0.352323	0.015873	1.07037	3.81604	15.4759	0	0.0447958	0.0151691	0	0	0.0123457	0	0	0	0	0.163358	92.0777	0.003367	0.54725	0	0	0	0	0.108529	4.77738	0	0	0.104615	0.109931	0.0160666	0	0.0714765	0.0420192	23.771	0	0.0358646	0	19.9566	0	0	0	0	0	0.0156025	0.0183509	0.00497512	0.00505051	0	0.0782462	0.167413	0.0042735	0	0	0	0	0	0.00469484	0	0.0197628	0.20987	0.00483092	0	0.0186489	0	0.330584	0.0251662	0	0	2.62438	0.104072	225.321	0	158.359	0	0.0889385	6.761	557.616	0.0136785	2.269	0.143202	1.42584	81.156	141908	0.625921	13.8034	0.00406504	20380.9	25.9088	2413	0.0568619	2.08098	0	87.2237	2.9831	40388.1	0.683728	30028.1	0.271029	17550.7	3.05873	24653.6	
1.23251e+07	MFG_L_7_2	0	0	532.381	0	4896.24	0.00724638	0.735073	0	0	0	5.55295	0	0.014186	0	1.73567	0	0	0	24.0096	0	3824.23	0.00757576	2.37676e+06	0	193373	0	1.22044	0	1.44294e+06	0	805815	0.030303	855.535	0	1.31901	0	1.86457	0	106134	0	0	0	10.4713	0	42.5439	0	36.5686	0	0	0	0.569234	0	5858.32	0	305.769	0	3.14514	0	0	0	400.577	0	697216	0	0	0	0	0	0.78774	0	0	0	0.542779	0	0.197285	0	21.4593	0	73.7779	0	29.1086	0	148.342	0	1109.14	0	111.311	0	0	0	17.932	0	3.51943	0	4.96738	0	7359.19	0	0.27568	0	0	0	20.893	0	0.0457071	0	0.208106	0	0	0	0.00462963	0	0.0187831	0	0	0	0	0	0	0	10.1639	0	111.42	0	0.00653595	0	2.5013	0	28159.7	0	570.987	0	142.194	0	67.8271	0	83240.5	0	798.014	0	839.706	0	385210	0	0	0	0	0	0	0	0	0	0	0	12006.2	0	0	0	3151.09	0	102.261	0	1.43948	0	3.23437	0	4.21645	0	31.8929	0	4.18672	0	16.5669	0	0	0	0	0	0	0	0	0	0	0	0	0	0	0	0	0	0	0	0	0	0	0	0	0	0	0	46.8906	0	0	0	0	0	0	0	0.00653595	0	0	0	0	0	0	0	0.695761	0	0.329616	0	0.676847	0	0.0916905	0	51.8877	0	0.00666667	0	21.8928	0	0.00666667	0	0.00987395	0	0.00297619	0	0	0	0.00666667	0	0	0	0	0	0.00666667	0	
1.3684e+07	MFG_R_7_2	287.887	2259.44	61.7426	1.49314	0.411398	0.0104167	30.2317	22107.7	1.56074	686.203	1.08299	0	0	0	0	171.587	0	0	0	0.0104167	0.00421941	187518	0.00833333	2.00333e+06	0	317427	0	2.06656	0	161099	0	278479	0	46209.3	0	661.252	0	3960.43	0	50103	0	0	0	1.65016	0	0	0	0	0	0	0	3.6246	0	4943.68	0.00411523	5265.53	0.106744	136.451	0	19.5622	0	136.557	0.00724638	3.55779e+06	0	0	0	0	0.00416667	0.0159903	0	0	0	0	0	0	0	0.0787077	0	0	0	0	0.00416667	0.0183987	0	8.19737	0	0	0	0.0400629	0	0	0	0.0394919	0	0.00469484	0	6.27512	0	0.150433	0	0	0.00277778	0.572862	0	0.00358423	0	0	0	0	0	0	0	0.00358423	0	0	0	0	0	0	0	0	0	0	0.00438596	0.377928	0	4.3879	0	54.3547	0	58.6405	0	0.398256	0.00374532	943.866	0	29186.9	0	6477.3	0	8761.26	0.0152426	151176	0	1.25534	0	0.0219388	0	0	0	0	0	0	0	2.94209	0	0.00564972	0	2.53527	0	188.508	0	1.74987	0	0	0	0.00680272	0	10.1703	0	0.0287037	0	0.49199	0	0	0	0	0	0	0	0	0	0	0	0	0	0	0	0	0	0	0	0	0	0	0	0	0	0.00462963	0	0.00653595	0	0	0	0.00333333	0	0.00456621	0	0.458858	0	0.0375661	0	0.00330033	0.0042735	28.5928	0.0138889	0.698799	0	0.110685	0.152784	1283.28	0	0.0432436	0	0.927434	0.123099	778.673	0.0130462	293.57	0	2.79456	0.1411	4.49906	0.0133075	0.00483092	0	0.0508865	0.0456579	0.963321	0.0216667	0.175717	0.0171053	0.15899	0.0221053	3.51887	
1.36844e+08	MFG_L_7_3	0.00833333	0.432745	483.074	0.00243309	6.54995e+06	68575.1	27.0363	1.00002	0	0.0240769	142.505	26.7643	216075	141290	657889	787.514	24.0096	0	0	17237.1	1.46954e+06	902.85	862.34	0.00694444	26.7932	0	5.13245e+07	18054.5	1022.1	0	70296.2	61.5739	68586	0	82835.1	4.92235	143070	0.00421941	6199.16	0.00421941	0.0208333	0	29341.1	36.9179	9.38519	0	9.07399	0.0668252	0.626651	0.0031746	622347	9.5319	44.1549	0	76.0207	9.55257	19.5564	0	1.98385	36.2811	486.777	0.0210091	259.366	0	0.0479071	0	0	0	208.382	0.0465354	36.8075	0.003003	1465.23	0.116857	9.18666	0.0105722	11456.6	0.00294985	3474.69	0.0280566	20.647	0	508.206	0.0113477	373.182	0	253.872	0.003003	510.424	0.0025641	222.472	0	992.533	0.00287356	824.503	0	9975.66	0	105.423	0	23.1736	0	2517.58	0.0961778	18002.4	0.00374532	450.628	0.0025641	0.812415	0.00320513	0.904349	0	38.4103	0	0	0	0	0	0.00326797	0	7.88246	0	19.5617	0	581.49	0.00209644	382.379	57.8833	209.867	0	67.7728	13.9299	1984.74	0	9282.92	1.38098	281.672	6.23089	0	0	2.62962	0	377.591	0	50.3631	0.00358423	4.6403	121.439	4.51866	0.00396825	2.02453	0.17519	0.328387	16.6339	1.43643	0	0.599142	0	6.54121	0	55.0471	2.07244	49536.4	0.746077	629.629	0	27344.3	0.00546448	332997	0.319913	452.402	0	20175.8	0.0622997	0	0	0	27.338	0	0	0.0788749	0	0	0	0	0	0	0	0.0287606	0.400567	6661.5	0.01406	5185.26	0	0.407099	0.032326	84.4862	0.003367	25085	0.0537646	649.923	0	7580.52	0	7699.11	0.871401	17005.5	0	28.8535	2.93918	0.550325	0.0502762	0.0287706	0.0481547	1369.98	56.0002	6007.68	0.481222	142650	0.231815	103784	188.179	304330	2.3715	3.25246e+06	2.01775	535382	1.46171	353091	12.8399	703780	0.0718775	367481	0.155589	320.158	0.350016	32582.4	0.136985	62302.8	0.539303	21182.8	0.405035	92242.7	1.40669	385658	0.0622293	
3.80395e+07	MFG_R_7_3	0	0	0	0.0128205	196455	5.74306e+06	0	0	0	0	4326.52	35.8083	73403.1	72911.1	4797.3	513836	0	0.0104167	17237.1	0	5591.84	991466	0	5.24551	0	0.0402402	27085.4	1.09347e+07	0.159137	0	291.769	919.485	44.7441	0	0.0263975	13.569	5.41065	159.119	8.50959	0	31.0286	0	0.00223714	12766.2	0.00223714	0	0.0821559	2.60463	0	0	0	2792.84	0	0	0	0.0121562	0.00333333	0	0	0.786594	0	0.0047619	0	0	0	0.020683	0	0.365192	0	77.2383	0	0	0	0.00343643	0	0	0	0.550279	0	0	0	0	0	77.1462	0	0.00392157	0	0	0	0	0	0	0.00323625	6.86441	0	0	0.00378788	0.0181373	0	0	0	0	0	13.11	0.00350877	0	0	0.004329	0.00282486	36.3571	0	0	0	0	0	0	0	9.89302	0	0	0	0	0	0	0.0318879	0.499678	0	0.0439045	0	0	13.0273	30.4362	0	0	0	0.29559	0	0.304411	0	0	0	0.0198851	0	0.00456621	0	0.00546448	0.7526	0.177037	9.26847	4.22803	0.00350877	0.0221053	0.76665	0	0	0	0	0	0	0	0.0664968	0.0733226	0.00222222	0.101125	0	0	0	0.515112	0	0.505601	0	0	0.00222222	0	0.016732	0	0.92131	1049.53	0.949879	0	1.60163	0	0.0161908	0	0.00401606	0	1.30518	0	0.00993875	17.2274	0.0797891	0.786022	0.00421941	15.646	0	0.00462963	0.00282486	2.57829	0	0.288471	0	0.0401929	0	13.9359	0.00273224	1.1579	0	0.992407	0	0.224825	0	0	0	18.7133	0.129043	538.682	0.056631	3298.03	0	8799.9	0.240308	16.0343	0.00223714	64.4196	0.0475248	3089.29	0.112121	232257	0.0145933	19.1205	0.00666667	35508.2	0.109308	732.112	0.238628	0.0296296	0	2207.56	0.674543	10333.5	0.00666667	39679.8	0.0318879	76122.3	0.00666667	3729.66	
1.79812e+07	MFG_L_7_4	0.117037	0.0042735	6141.75	0	556371	16049.6	0.141895	0.0370638	0	0	7.16946	0.920499	36.884	0.0848782	689304	1264.26	3824.23	0.00421941	1.46954e+06	5591.84	0	6549.31	498816	0.0700571	0.0754986	0	12631	498.699	8119.14	0	4.59319e+06	1547.35	91040.2	0	886217	97.6099	50678	0.0395128	25376.4	0.0249238	0	0	508.965	438.971	6.87838	0	5.69255	0	0.0150497	0	26186.4	177.739	25.8712	0	0.236783	0.0158265	0.0427032	0	0.00497512	0.0148885	4.34158	0.108133	2975.31	0.0169858	0.00308642	0	0	0	15.3835	0.00323625	0.0843665	0	33.8758	0.004329	1.06855	0.00358423	234.87	0.0502808	513.096	0	282.368	0	818.316	0.0117218	1496.71	0.0506075	1049.37	0.00262467	0.562778	0.00275482	2.58185	0	103.444	0	65.5111	0	1722.7	0.11346	2.89042	0.00343643	0.00411523	0	38.3595	0.561208	40.7596	0	0.277926	0	0	0.212825	0.0151515	0	0.249817	0	0	0	0.00401606	0.0523343	0	0	75.8267	0	166.693	0.0316957	5.12151	0.0140351	0.537961	0.577737	0.445295	0	11.2346	0.12643	0.484716	0	48.3696	0.411309	280.515	0.662718	9.14723	0.0144182	20.3274	0.128624	9036.11	0.0138889	0	0.00358423	1.03128	0.0037037	1.5966	0	0.00266667	0	0.0108006	0	5.67098	0	0.0272904	0	0.400591	0	4.90129	0.004329	42.5326	7.8968	4.75154	0.00653595	14.7549	0.27709	3569.41	4.47255	0.0778085	0	223.397	0.327367	0	0	0	0	0	0	0	0	0	0	0	0	0	0	0	0.00311526	2.06951	0	0.981327	0	0	0	0.004329	0	10.0771	0.0528701	34.3959	0.00314465	13.1015	0.0525664	19.8368	0.00311526	3.38447	0	0.0418623	0.270741	0.0251865	0.00333333	0	0.0819387	87.8679	0.860176	313.684	5.16035	0.00396825	14.3505	612.796	1.96829	150.996	0.00248756	2370.26	37.2408	5641.25	71.9849	1428.25	3.33124	1004.34	44.4686	900.752	1.89789	1.57682	0	787.652	1.53984	350.473	1.20261	385.179	19.9004	1912.51	37.9751	1158.03	4.25071	
4.82664e+07	MFG_R_7_4	59.4877	1.26582	0.38315	3323.76	171917	1.55918e+06	0.105406	33.9463	0	1.47408	116005	166.256	280.063	1.56494	30.274	141355	0.00757576	187518	902.85	991466	6549.31	0	0.137279	360320	0	240.788	0.0251662	439149	7.30571	61.7663	4623.78	1.72999e+07	2534.44	17.0549	2.59006	269742	634.981	2.80409	1133.52	3.64275	0	0.00877193	0	326091	0.00254453	0.00320513	0.0103801	0	0.00326797	0	0	45963.9	0.0218579	0.979341	0.241057	16.9276	0.11892	0.604815	0	8.41247	0	2.85217	0.00546448	5242.38	0.00490196	0.0896942	0	1.4826	0.0116451	88.02	0	0.479456	0	5.77869	0	0.577773	0.0784163	9.12178	0.00362319	0.359901	0	0.00505051	0.0280507	97.2387	0	83.2674	0	4.24053	0	2.98225	0	0	0.00323625	12.1562	0	0.148225	1.04545	76.8467	0	0.0484207	0	0	0	248.682	0.0322757	1.89796	0	0.0390252	0	31.8304	0	0.00529101	0	0.124082	0	0	0	12.8402	0	0.0181414	0	0.107759	0	0.0840815	23.9458	7.51548	18.4145	202.026	0.0121066	3.67564	24.2574	347.642	0.014898	4.4123	0.530928	386.342	0	1822.54	0	133.487	0	143.21	0.0346164	2847.11	0	16.3131	36.45	5.28261	12.9036	15.1467	0	0.115963	37.7937	0.0211694	0	0.475629	0	0.0565244	0	0.302121	0.0168041	28.5428	0.230758	2756.46	0	0.0818882	0.00280112	2.96114	2.08145	17776.3	0	0.342328	0.317019	55.9909	6.38397	0	14.2715	0.653263	28.234	0	3.97078	0	0	0	0	0	0	0	0.0157058	12.5628	0.00512821	0.0965154	0	0.0748565	0.323927	0.0406371	0	0.004329	0	18.0781	0.0664763	0.646511	0	0.0186489	1.55537	20.4842	0.0128205	1.70165	0.0325168	259.61	0.0282652	0.103529	0	37.8124	0.0551631	1099.46	0.0108862	1594.06	0.0109407	13967.1	5.01972	16224.5	1.25076	31.4779	3.33817	10242.5	0.00401606	717068	5.5494	18694.1	0.00401606	644088	1.57838	147666	0.376308	0.113568	0.0271582	687.791	1.8038	36855.3	0.274608	61290.4	0.0315728	63983.3	0.232975	437408	
