data	data	4.2664e+07	4.85192e+07	4.99936e+08	2.38657e+07	5.79633e+08	1.00179e+08	1.64852e+08	3.76313e+07	8.73118e+07	4.62825e+07	6.38528e+07	2.20489e+07	1.56518e+08	5.54669e+07	8.24926e+07	4.41185e+07	8.13661e+07	5.16313e+07	5.4797e+07	3.34001e+07	9.46493e+07	5.93167e+07	9.35306e+07	4.54128e+07	8.29952e+06	2.2661e+07	2.16161e+08	1.26085e+08	1.89107e+07	1.59191e+07	1.02342e+07	3.50576e+07	3.36757e+07	1.24784e+07	3.63508e+07	2.68842e+07	2.84167e+07	3.25564e+07	5.22244e+07	2.90016e+07	8.2699e+06	4.78297e+06	2.73678e+07	5.54903e+07	2.28847e+07	1.26078e+07	6.14544e+07	6.85015e+07	1.54513e+07	2.64584e+06	4.17652e+07	1.50245e+07	8.08081e+07	4.16088e+07	6.01419e+07	4.45541e+07	1.93734e+08	4.9542e+07	2.31119e+08	1.72113e+08	2.59157e+07	1.65586e+07	4.72497e+07	1.32251e+07	4.32257e+06	1.26999e+07	4.49709e+06	2.03137e+07	9.11508e+07	1.25162e+07	1.37608e+07	3.79836e+07	4.64131e+07	4.24718e+07	3.25063e+07	3.78757e+07	4.94566e+07	1.39929e+07	6.82257e+07	4.8659e+07	4.41536e+07	4.47162e+07	1.75856e+08	4.30041e+07	6.31747e+07	5.40348e+07	7.41976e+07	7.93752e+07	1.06995e+08	4.82547e+07	1.11522e+08	2.55216e+07	3.46898e+07	3.52453e+07	1.42792e+08	4.21936e+07	9.56533e+07	3.53123e+07	8.57813e+07	1.83082e+07	3.06986e+07	3.20221e+07	1.63004e+08	1.41822e+08	3.69316e+08	4.38513e+08	2.34992e+08	1.75837e+08	3.43406e+07	6.25566e+06	4.65503e+06	1.50765e+07	2.57711e+06	1.97394e+07	9.02615e+06	4.36634e+07	3.90707e+07	1.28257e+06	1.04543e+07	1.48122e+07	1.88095e+07	1.89352e+07	2.07953e+07	1.06492e+07	3.31626e+07	9.96461e+07	1.52511e+08	4.56178e+07	3.61301e+06	9.24014e+06	2.33765e+07	8.67278e+07	1.80923e+07	5.3472e+06	2.61788e+08	9.73588e+07	5.76485e+07	9.60982e+07	6.12521e+07	6.5642e+07	8.85946e+07	3.90648e+07	4.9525e+07	3.60099e+07	2.1521e+07	3.85597e+07	3.29144e+07	2.95531e+07	8.14832e+06	2.58165e+07	1.47448e+08	1.31802e+08	5.60555e+06	1.4326e+07	6.75242e+07	4.77556e+07	1.56017e+07	6.10193e+06	7.31752e+07	2.32532e+07	7.66135e+07	4.8919e+07	1.93139e+07	2.46786e+07	2.15254e+07	2.46940e+06	8.28654e+06	2.7468e+06	1.51573e+08	8.85292e+07	4.07679e+06	1.01339e+06	5.4674e+07	1.98642e+06	973950	3.59375e+06	6.65882e+06	2.10486e+07	2.7725e+07	8.94208e+06	4.8664e+06	2.03628e+07	8.86304e+06	2.44295e+06	4.26449e+06	2.15812e+06	8.02828e+06	4.25912e+06	1.53756e+08	2.34489e+08	5.74211e+08	3.58377e+08	4.04028e+08	4.03098e+08	7.65312e+07	2.25105e+08	6.46315e+08	3.63518e+08	1.66803e+08	7.3888e+07	2.58875e+07	4.22313e+07	2.31404e+08	1.48931e+08	2.26226e+08	2.00656e+08	4.23071e+08	1.89547e+08	4.02065e+08	9.25127e+07	3.3883e+07	2.21863e+07	5.48548e+07	3.58824e+07	2.48341e+08	2.86509e+08	1.62406e+08	1.76903e+08	9.74919e+07	2.04418e+08	2.3532e+08	3.40506e+08	1.9239e+08	2.69482e+08	2.33153e+08	3.26296e+08	1.20585e+08	1.72959e+08	1.37291e+08	4.29351e+08	1.45622e+08	7.10118e+07	2.00091e+08	2.79619e+07	3.56214e+07	2.10252e+07	1.56067e+08	8.16987e+07	6.36935e+07	3.98228e+07	8.57167e+07	7.70766e+07	1.02822e+08	1.25139e+08	1.2541e+08	4.84903e+07	
data	data	SFG_L_7_1	SFG_R_7_1	SFG_L_7_2	SFG_R_7_2	SFG_L_7_3	SFG_R_7_3	SFG_L_7_4	SFG_R_7_4	SFG_L_7_5	SFG_R_7_5	SFG_L_7_6	SFG_R_7_6	SFG_L_7_7	SFG_R_7_7	MFG_L_7_1	MFG_R_7_1	MFG_L_7_2	MFG_R_7_2	MFG_L_7_3	MFG_R_7_3	MFG_L_7_4	MFG_R_7_4	MFG_L_7_5	MFG_R_7_5	MFG_L_7_6	MFG_R_7_6	MFG_L_7_7	MFG_R_7_7	IFG_L_6_1	IFG_R_6_1	IFG_L_6_2	IFG_R_6_2	IFG_L_6_3	IFG_R_6_3	IFG_L_6_4	IFG_R_6_4	IFG_L_6_5	IFG_R_6_5	IFG_L_6_6	IFG_R_6_6	OrG_L_6_1	OrG_R_6_1	OrG_L_6_2	OrG_R_6_2	OrG_L_6_3	OrG_R_6_3	OrG_L_6_4	OrG_R_6_4	OrG_L_6_5	OrG_R_6_5	OrG_R_6_6	OrG_R_6_6	PrG_L_6_1	PrG_R_6_1	PrG_L_6_2	PrG_R_6_2	PrG_L_6_3	PrG_R_6_3	PrG_L_6_4	PrG_R_6_4	PrG_L_6_5	PrG_R_6_5	PrG_L_6_6	PrG_R_6_6	PCL_L_2_1	PCL_R_2_1	PCL_L_2_2	PCL_R_2_2	STG_L_6_1	STG_R_6_1	STG_L_6_2	STG_R_6_2	STG_L_6_3	STG_R_6_3	STG_L_6_4	STG_R_6_4	STG_L_6_5	STG_R_6_5	STG_L_6_6	STG_R_6_6	MTG_L_4_1	MTG_R_4_1	MTG_L_4_2	MTG_R_4_2	MTG_L_4_3	MTG_R_4_3	MTG_L_4_4	MTG_R_4_4	ITG_L_7_1	ITG_R_7_1	ITG_L_7_2	ITG_R_7_2	ITG_L_7_3	ITG_R_7_3	ITG_L_7_4	ITG_R_7_4	ITG_L_7_5	ITG_R_7_5	ITG_L_7_6	ITG_R_7_6	ITG_L_7_7	ITG_R_7_7	FuG_L_3_1	FuG_R_3_1	FuG_L_3_2	FuG_R_3_2	FuG_L_3_3	FuG_R_3_3	PhG_L_6_1	PhG_R_6_1	PhG_L_6_2	PhG_R_6_2	PhG_L_6_3	PhG_R_6_3	PhG_L_6_4	PhG_R_6_4	PhG_L_6_5	PhG_R_6_5	PhG_L_6_6	PhG_R_6_6	pSTS_L_2_1	pSTS_R_2_1	pSTS_L_2_2	pSTS_R_2_2	SPL_L_5_1	SPL_R_5_1	SPL_L_5_2	SPL_R_5_2	SPL_L_5_3	SPL_R_5_3	SPL_L_5_4	SPL_R_5_4	SPL_L_5_5	SPL_R_5_5	IPL_L_6_1	IPL_R_6_1	IPL_L_6_2	IPL_R_6_2	IPL_L_6_3	IPL_R_6_3	IPL_L_6_4	IPL_R_6_4	IPL_L_6_5	IPL_R_6_5	IPL_L_6_6	IPL_R_6_6	PCun_L_4_1	PCun_R_4_1	PCun_L_4_2	PCun_R_4_2	PCun_L_4_3	PCun_R_4_3	PCun_L_4_4	PCun_R_4_4	PoG_L_4_1	PoG_R_4_1	PoG_L_4_2	PoG_R_4_2	PoG_L_4_3	PoG_R_4_3	PoG_L_4_4	PoG_R_4_4	INS_L_6_1	INS_R_6_1	INS_L_6_2	INS_R_6_2	INS_L_6_3	INS_R_6_3	INS_L_6_4	INS_R_6_4	INS_L_6_5	INS_R_6_5	INS_L_6_6	INS_R_6_6	CG_L_7_1	CG_R_7_1	CG_L_7_2	CG_R_7_2	CG_L_7_3	CG_R_7_3	CG_L_7_4	CG_R_7_4	CG_L_7_5	CG_R_7_5	CG_L_7_6	CG_R_7_6	CG_L_7_7	CG_R_7_7	MVOcC	MVOcC	MVOcC	MVOcC	MVOcC	MVOcC	MVOcC	MVOcC	MVOcC	MVOcC	LOcC_L_4_1	LOcC_R_4_1	LOcC_L_4_2	LOcC_R_4_2	LOcC_L_4_3	LOcC_R_4_3	LOcC_L_4_4	LOcC_R_4_4	LOcC_L_2_1	LOcC_R_2_1	LOcC_L_2_2	LOcC_R_2_2	Amyg_L_2_1	Amyg_R_2_1	Amyg_L_2_2	Amyg_R_2_2	Hipp_L_2_1	Hipp_R_2_1	Hipp_L_2_2	Hipp_R_2_2	BG_L_6_1	BG_R_6_1	BG_L_6_2	BG_R_6_2	BG_L_6_3	BG_R_6_3	BG_L_6_4	BG_R_6_4	BG_L_6_5	BG_R_6_5	BG_L_6_6	BG_R_6_6	Tha_L_8_1	Tha_R_8_1	Tha_L_8_2	Tha_R_8_2	Tha_L_8_3	Tha_R_8_3	Tha_L_8_4	Tha_R_8_4	Tha_L_8_5	Tha_R_8_5	Tha_L_8_6	Tha_R_8_6	Tha_L_8_7	Tha_R_8_7	Tha_L_8_8	Tha_R_8_8	
4.2664e+07	SFG_L_7_1	0	4.04778e+06	9.64912e+06	55141.6	432317	46483.3	2.54226e+06	5903.04	323148	5599.46	216769	42462.2	0.0272563	0.0691558	0.00574713	55108	528.321	394907	0.0161239	0	17.0267	16.7887	144.971	358394	6.68709	32505.6	8.65385	0	2155.99	44.294	34.6838	2.97667	111.456	893.584	11.8417	32.5865	5257.2	2164.79	233478	1798.33	0	0.0270563	0.215895	0.432833	0.133392	0.00564972	0.058466	0	0.0515366	0	3.17497	12.0847	0	0.0161622	0.0253991	34.3329	0.217253	14.8098	0.200584	2272.77	0	24.3771	92.8358	0.00401606	4.60074	794.095	5.23531	499.25	3.80639	0	0.0191856	0	6946.41	0.161104	0.0191856	0	202.512	0	0.10779	0	0	1.71972	3.80441	0	0	15.8325	0.178183	0.0301485	0.0362497	0.0103763	0.233608	0.0288978	0.0373992	0	0	0.0030581	0	27.6002	0	1.75323	0	0.0133655	0.166362	0.00260417	2.3136	5.56548	0.00438596	0.00294985	0	0	0.00529101	0	0	0	1.06392	0.0415173	0.66171	0	12.5303	0	0	0.00347222	0	0	103.108	13.3551	26.088	1.52757	0	0	211.125	34.0125	5.73315	2.01534	27.0524	0.317862	0.00564972	1.77857	4.22054	0.198167	2.32964	0.157465	0	2.36645	0.0527091	6.53731	496.279	1.07963	57.541	584.703	1782.91	2.12964	2750.36	3583.21	0	0.00406504	0	0	0	0	7.23398	75.6551	209.774	18.1415	10.3998	0.0562544	306.224	6.19243	118155	142.491	0.0400239	5.69773	95113	50.3154	23.594	25.4081	16.7299	22297.7	0.357407	340.036	229.541	2.26696	49393.3	11869.2	173.585	2669.87	0	0.12202	74.2465	22.8899	219.35	0	1265.02	0	0.913769	2.6357	2112.4	0.021511	289.174	0.0528181	0	0	382.511	0	29.7049	39.8479	8728.29	36.0988	359.54	3.81679	11.8241	9.26297	3.78479	0.105228	84500	1322.6	258.281	0.00239808	0.805084	0.0146716	118875	4744.48	40.5289	0.795881	2407.68	0.0603238	86446.3	338803	1935.61	512.187	472.826	0.00584795	1.51455e+06	0.0122383	15.4379	0.484901	2104.8	0.120329	40640.9	0	54658.4	0.00584795	18212.8	0	271456	0.0131643	
4.85192e+07	SFG_R_7_1	4.04778e+06	0	1.05084e+06	266322	170607	5.56999e+06	1.52213e+06	2.12024e+06	389410	401983	47801.2	1.22982e+06	0.0104167	0.0662261	0	7639.29	228.095	57.72	0	0.159382	13.059	993.488	92853.7	32649.1	24177.3	1033.55	0.0130614	0.0493177	2.41442	2152.52	12.3432	1318.79	57.6685	243223	0.0242504	2135.94	114.168	1.39936e+06	255.601	1.69137e+06	0	0.125338	0	69.7409	0	0.633874	0	0	0.032091	0	0	2771.52	0.155628	0	115.675	0.433261	9.52836	0.00469484	58.6184	1.49116	0.59457	1011.95	0.602286	0.546598	4.03709	2315.83	3.30045	874.379	1.92542	0.00490196	0	0.082357	0.50912	203.834	0	0.0699091	4.00089	0.0306878	0	0	0	2.23111	0	0.45285	0	0.00456621	0	0.409206	4.47067	0.114172	106.149	0.003367	0	1.1666	0	0.533573	0	0.0380134	0	0.0174359	0	0.010799	0.004329	1.21351	316.764	14.9331	0.0658839	0.293923	0	0.00347222	0	0	0	0	0.479934	0.00347222	0.0101805	0.0045045	56.2397	0.00537634	0	0.0690893	0	0.0201424	14.1387	90.1849	6.13564	37.7915	0.00564972	0	5.62844	25.9454	39.4165	9.13723	1.49954	21.8383	0	8.13896	0	3.14565	0	15.7827	0.00343643	0	0	1767.83	704.7	12.3647	26.1827	1987.88	97.1108	88.2909	927.759	3162.36	0	0.00546448	0	0.00680272	0	0	8.39085	11.3439	0.00314465	4274.59	0.0532237	154.263	0.156862	4403.7	165.558	24303.8	0	2108.89	160.83	41530.5	6.3096	37.1758	7.19714	18293.3	2.44224	4863.12	307.678	22.9282	342.007	25708	82.6438	6203.16	0	0.041507	6.43672	988.595	0.0308248	0.0153079	0.121872	0.336943	0.29137	26.1342	0.33382	0.095761	0.0557018	3.60175	0	0	0.0541579	6.31077	341.802	2684.98	2.58072	3896.18	8.25239	409.209	0.010063	2326.93	0.039786	0.896692	126.725	16458.3	1.23823	14.9063	0.0435829	0.776293	3.47377	1.65092e+06	1.87554	9.51706	0.402297	15.0299	16597.9	627831	0.0141117	102258	1.18454	138873	152.36	676054	135.81	87.9952	0.205214	3794.58	58.3362	106878	0.492534	118099	0.181095	74545.6	6.02838	249409	
4.99936e+08	SFG_L_7_2	9.64912e+06	1.05084e+06	0	7040.45	1.58895e+08	755948	1.43792e+07	525.377	2.12273	12.5323	4.64059e+06	253806	0.773194	30.5654	9.65617e+06	33123.9	903642	17360.4	4474.06	0.325823	4.53156e+06	765.675	1.57364e+07	141597	3947.61	2967.34	29.9295	0.210266	240431	5.30078	293253	25.8547	5.92938e+06	385.643	9108.17	64.0811	1.71087e+06	4500.14	8.78841e+06	511.053	0	0	6.68788	0.257784	1.42528	0.00564972	0.54907	0	0.0296296	0	213.433	15.3511	1.41603	0.063154	3.10663	18.8927	137.29	11.9235	5.54175	3010.56	18.2902	5.15892	5846.76	0.0351704	0.0526748	0.251497	0	0.0744215	224.593	0	0.502425	0	105816	0.151535	0.152344	0	10539.9	0	19.3487	0.0030303	0.0597402	0.0558328	135.424	0.00374532	1.18882	0.196812	16.5517	0.0116468	7.46935	0.0113408	31.965	0.072953	6.00068	0.00374532	20.813	0.0283346	28.2057	0.687214	12.3445	0.0847365	0.0259951	0.0469664	1.67455	0.0250501	20.2827	53.0683	4.82089	0.301272	0	0	0	0	0	0	0	0.108101	0.416508	0	0.0489512	0	0.00231481	0.0119603	0	0	311.446	19.8242	161.182	1.4118	0.0517606	0	508.542	68.9755	31.1751	1.53797	358.685	0.94119	15.4818	1.01676	23.358	2.14988	44.6083	0.109556	0.583962	0.103795	5.18403	70.7095	0.0445143	0.015695	0.00606061	0.201027	5194.06	0.651541	0.0490069	0.0981254	574.498	0.00406504	6.38354	0	30.5087	0	413.107	134.097	1716.58	49.5096	7080.55	0.512906	62551.3	2.88258	2.77372e+06	314.27	2.52899	39.6843	2.39374e+06	85.7208	0.229275	0	349.942	38564.7	0.0874242	0.0295123	1.14626	0.00239808	0.107616	0.0790598	0	0.00877193	0	0.00900901	28135.8	167.838	12836.2	0	177785	0	5.70983	7.71067	50796.8	0	1513.85	0.212372	0.00546448	0.0130719	7429.55	0	331.273	224.659	35262.1	15.9977	2097.61	5.63953	1.44762	15.3576	0.53437	0.0603891	122656	1750.13	518.435	0.00239808	1.79649	0.0562639	229675	6538.83	63.4251	1.26996	170058	0.0282679	312282	46384.3	89250	449.217	69124.1	23.9178	4.20952e+06	1.50605	26.817	5.70974	2308.7	3.35851	83224.5	5.74732	109666	37.2049	42071.8	21.8745	1.10235e+06	13.333	
2.38657e+07	SFG_R_7_2	55141.6	266322	7040.45	0	57.9791	228652	17700.8	633638	15446.8	5141.51	5.82891	0	0	0	0	8.14893e+06	5.74541	40.8238	0	0.0636364	0	178.727	4282.82	520634	4163.86	1.28142e+06	0	0	0	240.009	0.00724638	73.6568	0.0638491	59489.5	0	181.491	4.99825	217391	7.8468	264769	0	0	0	5.4897	0	0.0334169	0	0	0	0	0	585.849	0	0.0107527	0.283462	62513	0.0616143	2280	0.264738	58.5024	0	3175.01	0	2.22798	0	0.0196118	0.0204518	0.00546448	0.140995	0	0	0.0258924	0.0596389	800.16	0	0.0570204	0.0272109	0	0	0.00641026	0	1.54911	0	0.0035461	0	8.56706	0	0.043886	0.938724	1104.39	14.6059	498.894	0	0.279383	0	359.99	0	616.827	0	30.0533	0	246.52	0	103.762	73.6011	0.695061	0.00378788	7.93517	0	0	0	0	0	0	0.00546448	0	0	0	0.00512821	0.00537634	0	0	0	0	0.173242	2.32132	0.227969	4.70123	0	0	0.0037037	1.23824	0.69466	1.91303	0.125475	5.68261	0	669.996	0	0.432951	0	1.20993	0	0	0	60.6549	0.123995	0.00438596	0.0213577	0.163237	0.0359231	9.92061	0.202986	0.0251662	0	1.06617	0	0	0	0.040404	0.0606546	0.686784	0.0031746	132.199	0	8.53373	0.0269388	642.068	0.928401	1344.35	0	89.4073	0.982537	2843.86	0	0.0251662	0.00641026	0.0541427	0	0	0.00512821	0	55.5262	0	0	0	0	0	2.74055	10.0407	0	0	0.0143369	0.00444444	0.0189144	3.5702	0.014186	0	0	0.0421835	0	0.449539	0.00358423	0.160471	100.07	0.0848784	0.209113	435.013	0.795553	34.4991	0	421.776	0	0	0.686078	2051.65	0	0.0037037	0	0	1.02706	103186	0.193661	0.0157318	0.225563	0.631795	400.052	7467.13	0.0845084	9248.88	0.129915	14.0438	7.32091	9.53192	6.30587	0.062165	0	2.63838	1.49194	29.4041	0.0533128	50.0759	0.00606061	50.878	0.321284	7.51619	
5.79633e+08	SFG_L_7_3	432317	170607	1.58895e+08	57.9791	0	5.45594e+06	21.337	0.317363	4.17844	0.0133668	2.32038e+07	549099	4.10363e+07	3.92258e+06	1.60759e+07	25933.9	716646	934.235	4.18696e+06	57348.5	6.23507e+06	739480	999154	303511	0.0610509	2.1879	1.9609e+06	1.40286e+06	206420	28.7309	291131	98346.2	4.04631e+06	3919.21	1.17457e+06	165621	1.14682e+06	14309.7	1.71642e+06	1063.39	55.5973	5729.31	15047.8	18836.3	0.93943	251.196	142.919	372477	5.45984	0.797654	228772	98.1178	3.57168	0.0155039	3.78174	4.20276	802.076	2.23011	7.60727	920.625	3.18332	0.0881941	102.466	0.0156884	0.0530074	0.0543356	0.00416667	0	651.985	0	51.0894	0.0128827	2042.05	0.552861	8.71707	0.0128827	2782.27	0	21.2245	0.0030303	0.138935	0.261676	163.997	0.011396	1.36146	7.45175	29.487	0.0519808	14.7026	0.0422875	106.417	0.0461901	7.29067	0	68.545	0.127444	129.059	10.9376	52.6384	0.161715	0.0488425	0.011977	271.703	0.0114507	8.6327	8.0922	14.0922	0.422257	21.4311	0	0	0	0	0	197.138	0.0259396	272.205	0	502.276	0	0.128666	0.124111	0	0.00456621	157.638	64.9956	703.205	3.16229	0.386023	0	236.622	8.90498	207.784	1.47265	1252.72	1.97786	304.637	1.01348	7.71688	4.41182	118.035	0.526555	6.39707	0.795862	343.854	93.6478	87.2836	2.76677	0.0459402	3.30615	20798.5	0.468983	43344.8	0.386694	3421.82	0	14.3879	0	572.275	0	2735.07	19.7033	3215.38	77.8679	1952.1	1.41913	53163.1	2.67269	1.68449e+06	462.037	1.65328	46.3273	370502	126.045	43105.7	0.0255848	912567	1.05542e+06	709813	1.77888	18726.7	7.33708	285936	0	36700.7	0.0293928	14080.3	0.133636	27178	143.411	23870.5	0.00258398	249060	0.014881	3.99744	0.796013	85462.3	0	5091.85	0.0271762	0	0	15058.1	0.0258417	549.517	30.8493	54321.7	5.37076	4292.67	4.30776	4.85321	1.54469	20.1693	0.0113196	17034.8	438.791	3987.03	0.0710413	7653.07	3004.02	99553.2	1512.39	175.834	86.627	740471	57.0309	1.85242e+06	3474.73	364110	466.604	1.19168e+06	128.937	1.73184e+06	37.0048	46.6371	2.27535	134983	21.4245	29300.6	3.76243	138231	75.4946	299297	36.4445	1.58041e+06	61.4377	
1.00179e+08	SFG_R_7_3	46483.3	5.56999e+06	755948	228652	5.45594e+06	0	127.393	61.9082	8.78572	7.76008	1.19696e+06	7.01431e+06	129344	1.01499e+07	188363	1.02039e+06	47.1665	5.35611	28085	4.71196e+06	497355	1.25353e+06	92.143	850054	29.0671	0.273176	82.3537	835637	0.764674	8522.97	3504.66	152438	571203	1.07673e+06	21479.1	171126	84283.4	2.18349e+06	17111.1	647200	0.378704	0.371318	0.280002	585.441	0.131787	0.335849	2.90303	2.14983	0.00223714	0.0687805	125.228	490.512	0	0.360171	0.258799	0.245149	0.165603	4631.1	0.325183	16.636	0	30.2943	0	2.34274	1.60275	20.2361	0.358069	4.82886	20.4105	0.0140902	0	3.57053	48.4169	48.2318	0	13.3048	206.042	0.401807	0.735139	0.014425	0	2600.32	0.732923	1.4981	0	15.7276	0.003003	122.289	0.455371	23.9324	0.835315	21.9448	0.0462754	2.6414	0.0261199	144.834	0.00333333	357.45	0.00333333	128.698	0	8.16985	5.86165	11.4412	2.2112	4.27998	0.0108235	0.107022	0.525357	0.954025	0	0.0390191	0	0	0.015824	5.22469	6.07001	0.0045045	16.1008	0.00383142	0	147.035	0	27.2293	7.89482	1691.49	23.7032	1941.84	0	0	6.2792	853.283	0.841609	409.803	5.29617	1079.42	0	876.102	0.0165689	111.531	0.0175712	311.631	0	0.227358	0	17870.4	410.561	445.771	1.92162	964.284	221.598	178.527	207.159	45018.6	0	545.459	0	531.402	0	672.363	0.296888	52973.4	13.2051	151300	49.6051	228.356	1029.43	9988.89	49826.8	777391	0.0131231	15688.3	10397.2	24524.8	3.25387	203.821	175361	1.00328e+06	161.965	279920	110.885	2334.45	29.9846	250.827	6.25165	122.411	2526.97	7042.7	1029.72	455.621	413.896	6.42861	15515.4	17.8711	0.06278	6.75217	4265.06	2.0513	19.5834	46.9267	0	0	340.651	51.5064	4.9681	1347.97	372.518	4961.26	23.4139	6477.12	0.727271	1.68989	0.871123	0.138014	123.916	725.844	39.2137	295.825	0.0462145	12867.1	49.3956	173382	7.95491	203.187	15517.1	11521.5	14921.6	451824	6864.33	939221	8910.3	271096	1396.06	488277	1.47395	1035.47	1224.08	21091.1	245.675	340.753	1754.61	19111.1	4906.65	13773.8	3228.75	70510.4	
1.64852e+08	SFG_L_7_4	2.54226e+06	1.52213e+06	1.43792e+07	17700.8	21.337	127.393	0	171038	2.08647e+07	1.08323e+06	0.0847518	0.0666164	0.0929104	0.00287356	20.1831	6323.12	1133.65	2413.82	4.9258	0	8173.7	1.16572	31180.4	493.757	420786	5914.94	52.8857	0.0259665	19989.8	0.0254176	4125.93	0.131176	1120.51	0.483889	32583.5	3.85315	1789.78	35.9801	1.01928e+06	47.9213	0	0	151.999	0.0175084	0.864782	0	0.296321	0	0.476684	0	28639.1	1.58022	1987.09	0.134447	3.23426e+06	490.433	169.206	108.46	219997	5097	1098.16	3.49447	13984.8	0.152386	1.71712	27.5658	5.06524	2284.8	47.5106	0.00392157	7.71699	0	104622	0.0542208	1.64331	0	3703.59	0	1.21813	0	0.0173189	0.0153277	25.3183	0.0302332	0.173711	0.0030303	2.52424	0	6.26525	0.0926182	13.8169	0.170118	0.314398	0.0150664	0.0978127	0.126142	0.238016	0.106231	0.0177809	0	0	0.128204	0.138755	0.203898	73.4829	574.324	0.24852	1.37941	0	0	0	0	0	0	0.0674604	0.265682	29.4237	0	0	0	0.0772255	0	0	0	666.497	378.378	20.7126	99.0784	0	0	9366.68	1391.15	26.533	23.8893	33.6687	48.3744	0.140837	6.47116	32.6918	0.00396825	29.231	0	0	0	5.0607	0.576116	0.170657	0.00229885	982.445	96.8353	104.719	6.61997	0	28.9059	0.156314	0.0035461	0	0	0.0242504	0.003663	151.303	415.757	104.405	1.14689	50896.9	0	28145.4	0.157884	350417	20.3678	0.240974	0.605588	2.25375e+06	3.10227	0	0	0	2.52737	0	0	0	0.00323625	0.00813008	0.213788	0	210.187	0	0	1573	2534.96	25.3367	0	158.447	0	207.226	122.29	250.348	0	25.4466	4.53765	0.00546448	0.152446	56.7148	0	612.88	5239.64	873.055	62.5933	294.53	62.5634	447.164	65.1542	158.33	0.650366	4.82604e+06	4776.09	335.278	0.0293185	6.26836	0.732497	5.5099e+06	17934.9	424.57	13.3861	2671.09	8.31232	459349	23567.3	29934.5	960.365	131.054	0.195037	2.14769e+07	0.537844	22.5479	139.32	6916.06	0.602358	165750	0.813521	206803	0.628454	94224.9	1.20995	1.13559e+06	0.415709	
3.76313e+07	SFG_R_7_4	5903.04	2.12024e+06	525.377	633638	0.317363	61.9082	171038	0	965823	5.23145e+06	0.00350877	0	0	0.00421941	0	64334.5	0.355986	189.959	0	0	0.0211694	70.2651	20.0895	152.027	149.855	1.94623e+06	0.0718234	0.012023	0	5.37337	0.00520833	54.9479	0	36.9869	0.00243309	1083.26	0	5692.69	0.694076	8895.59	0	0	0	7.63299	0	0.0296883	0.0113948	0	0.00444444	0	0	108.585	1.87825	126.718	1270.18	820162	158.573	729.196	1548.39	33.2853	0.0536532	5006.31	0.0953471	741.995	1.92511	13.1369	17.6153	0.0383075	2.12144	0.00505051	0	1.05312	0.00537634	449.82	0	0.741126	0.00546448	0.00680272	0	0	0	0.0375352	0.102771	0.0165735	0	0	0	0.0194107	5.54234	0.897241	124.569	1.19545	0.00239808	0.00505051	0	1.03175	0	1.66512	0	0.00438596	0	0.913771	0	0.0393439	767.562	11.2768	0	0.105325	0	0	0	0	0	0	1.31524	0	0.078244	0	0	0.00537634	0	0.004329	0	0	53.4484	12.1525	21.0678	3.04309	0.0224105	0	23.3891	29.381	224.47	0.181982	14.1534	4.99704	0	565.133	0	0.00641026	0	0.201603	0	0	0	15.3933	0.0109916	0	62.6485	3.76802	0.366081	4.95443	0.0037037	0	0	0.0515873	0	0	0	0.713778	44.9989	62.8815	0.0124055	31.2183	0	2.56308	0	15.7346	0.250579	536.023	0	61.3054	0.195734	5629.8	0	0	0	0	0	0	0	0	254.426	0	278.135	0	0	0	33.4083	474.639	0	0	0.00297619	0.151044	9.60721	28.1252	0.197452	0.003367	0.0031746	1.73905	0	0.00208333	0.00297619	4.64379	1488.54	876.829	14.6043	558.704	84.9048	25.8055	0.0542701	3020.56	0.432696	0.559144	64.4322	137828	0	0.00833333	0.0973248	0.207908	70.0824	6.0574e+06	4.10427	2.72703	0.624842	15.3755	1556.05	22949.4	1.57755	23534.9	0.384924	28572	611.022	388775	783.517	321.239	0.0614834	119.094	65.2657	37154.7	0.00350877	10486.2	0.0031746	11626.9	1.4676	92241.2	
8.73118e+07	SFG_L_7_5	323148	389410	2.12273	15446.8	4.17844	8.78572	2.08647e+07	965823	0	4.62227e+06	3.74363	8.71581	0	0	0.0505295	7064.23	1.64958	8.10529	0.00226757	0	27.1501	0.0513361	1.80113	7.43828	152.013	3123.73	3.3184	0.00266667	2.57854	0	5.755	0	0.339186	0.0828147	24.5656	0.0551418	0.247967	0.0735719	12.8456	0.180555	0	0	0.254939	0	0	0	0.0131025	0	0.157787	0	28.8094	0	251.855	0.00383142	2.29513e+06	79785.2	30.3578	60.8814	4.22208e+06	26433.6	6.41061	0	37.439	0.0456212	6990.95	670.846	708615	213591	6.04475	0	0.120082	0	0.925098	0	0.117729	0	0.932355	0	0.0405603	0	0	0.00273224	0.274622	0.00254453	0	0	0.118424	0	2.42126	0.00946388	3.84718	0.064879	0.0110087	0	0.00396825	0.0219478	0	0	0	0	0	0.0401038	0	0.0983157	22.0315	100.628	0.00378788	0.0901311	0	0	0	0	0	0	0.0037037	0.193867	18.0629	0	0.00653595	0	0	0	0	0	16.1431	24.9163	1.45628	13.9753	0	0	338.148	101.425	1.10092	0.843709	0.535507	4.74747	0	0.12307	0.588072	0	0.477678	0	0	0	0.0236451	0	76.925	7.68513	3822.98	1505.41	2.55558	0.506225	301.914	2275.76	0	0	0	0	0	0	33.0471	185.25	0.0536032	0	48.1582	0	34.6163	0	43.4625	0	0	0	402.472	0.00421941	0.580648	34.7875	0.407981	2528.04	0	0.27133	0.0617178	15.4511	119994	594.552	185390	3796.38	0	0	551.751	1012.82	0.55138	0	0.767186	0	64.7254	25.179	1.24374	0	0.0185185	0.338204	0	0.0488388	0.651029	0	296.279	1368.84	1.61488	1.66115	3.1364	3.82385	223.368	2.77338	83.8435	0.0921448	803201	372.455	0.0196461	1.01484	1.1777	0.0752893	317545	1812.24	91.3386	1.59539	328.773	0.682046	41442.5	7077.14	90.4752	47.3658	7.98565	0	7.08112e+06	0.0437822	6.89389	15.6984	1066.26	0.0793267	24636	0.42607	24664.1	0.397154	17640.5	0	264385	0.0295203	
4.62825e+07	SFG_R_7_5	5599.46	401983	12.5323	5141.51	0.0133668	7.76008	1.08323e+06	5.23145e+06	4.62227e+06	0	470.453	4927.25	0.0104167	0.0226232	0	2631.86	1.19027	78.4559	0	0	0	1.33715	0.747851	9.50883	0.0255102	3242.29	0.104464	0.0854802	0	1.53503	0	1.56155	0	7.02553	0.00243309	50.9263	0	395.73	1.11782	1347.41	0	0	0.00245098	0.206373	0.00323625	0	0.00323625	0	0	0	0.00245098	3.8116	72.7156	32.7209	192041	1.46713e+06	88653.5	0	2.49897e+06	232264	0.150453	1769.44	0.095671	399.019	28.6877	18393.4	9302.45	4.01215e+06	0.431388	0.00505051	0	0.00628931	0	100.576	0	0.00628931	0.00546448	0	0	0	0	0	0.0214293	0	0	0	0	0	1.05252	0.00314465	7.11335	0	0	0	0	0	0	0	0	0.00574713	0	0.00574713	0	0.00314465	95.4524	11.9416	0.0170968	0.161535	0	0	0	0	0	0	2.1092	0.00421941	0.0769791	0	0.0520266	0	0	0	0	0	38.2244	0.545625	20.076	0.0764806	0.0224105	0	30.3991	1.8758	140.156	0.00546448	5.32598	0.0167702	0	0	0	0	0	0	0	0	0	0.131703	17.2187	0.0423387	45.9382	22294.7	0.111987	0.520883	71.9752	1215.71	0	0	0	0	0	0	103.833	8.41767	0.012289	0.0771822	0.0224105	0	0.00555556	0.00900901	0.0885369	1.37113	0	0.0900735	0.138449	33.5696	0	0	0.738371	84.3808	0	2026.43	0.0216462	0	1366.36	32284.4	10344.9	64234.3	0	0	31.1994	122.812	0	0	0	0.207051	73.6722	7.39394	0.0288808	0	0.00323625	0.211344	0	0.00323625	0	0.710044	430.921	200.204	3.02485	11.0438	31.5597	0.608344	0.0348082	457.049	0.161418	0.0482116	112.77	213510	0.020683	0	0.042847	0.0413301	185.028	2.83318e+06	1.26581	0.582444	0.182927	7.01383	3686.6	818.812	0.368237	1942.36	0.308407	883.73	1055.04	52554.8	389.612	653.511	0.0892584	0.965714	24.2948	1860.88	0.00512821	190.302	0.0031746	491.156	1.13256	9670.18	
6.38528e+07	SFG_L_7_6	216769	47801.2	4.64059e+06	5.82891	2.32038e+07	1.19696e+06	0.0847518	0.00350877	3.74363	470.453	0	542346	796786	172.92	7.02043	34400.7	45963	3.27108	41.9586	13.2055	4798.32	12032.6	9546.94	329398	0	0.00406504	0.295766	19.4358	12038.7	22.7566	1848.33	891.556	46688.7	2031.02	21.8995	2080.32	48353	5072.6	69387.6	165.768	11.0609	26.7571	0	0.157012	0.0211288	0	0.0470779	0	1.48025	14.6677	0.0306158	9.37554	0	0	0.00212314	0.0346262	0.0175214	0.131081	0.0021645	24.4832	0	0	0	0	0.298973	67.8765	0.324129	32.0959	9.1062	0	0	0	32.3942	0.025641	0	0	105.951	0	0.132405	0	0	0	0.138469	0	0	0.092864	0	0.00294985	0.20828	0	0.392418	0	0	0	0.00343643	0	0.00396825	0.092864	0	0.004329	0	0	0.0400144	0	1.12493	0.312095	0.00497512	0.00347222	0	0.00483092	0.00529101	0	0	0	8.82264	0.00483092	0.121974	0	101.032	0	0	0.00294985	0	0.00456621	0.965239	0	0.106774	0.0373069	0	0	2.44735	0.30997	0	0	0.0706681	0	0	0.014409	0.00546448	0.685734	0.00512821	0.0208283	0	0.00396825	0	12.5392	220.357	1.27582	2.2446	194.776	809.927	0.896057	3643.33	663.825	1.17485	0	0	0	0.00520833	0	0.0854798	1.35804	0.364287	8.30976	16.733	0.308239	339.081	0.435341	34141.7	49.6308	0.0398099	10.385	12868.6	21.7221	339.61	2.9909	4747.04	47166.2	383700	69422.4	2902.57	20.3165	6368.79	41.1874	254.519	329.091	42.1682	2224.47	841.094	1.9782	202.906	0	5424.76	0.00416667	0.0754307	0.0162626	673.962	0.047371	4.66903	0	0	0	120.819	0	9.87802	1.72792	30.2905	0.565385	0.159479	0.0984987	0.202551	0.138839	0.0215558	0	674.389	10.2076	89.0686	0.151095	0.00416667	0	193.813	39.5242	3.12224	6.46697	3343.04	0	2861.42	543.534	223.43	19.6503	3065.42	0.0940274	34331.5	0.0211034	0.975223	0.0136756	28.3356	0.00606061	663.281	0.050207	624.12	0.148324	542.043	0.0532803	30251.8	0.0211034	
2.20489e+07	SFG_R_7_6	42462.2	1.22982e+06	253806	0	549099	7.01431e+06	0.0666164	0	8.71581	4927.25	542346	0	3308.82	250296	4750.05	34.979	83.9073	0.00421941	667.005	0.05	27735.5	7.3291	70.0051	379.745	0.103074	0	14.3046	0.00833333	3.01737	25.3475	165.692	11.6339	15000.2	1197.5	559.334	3.43688	3965.43	2382.94	2124.4	425.11	0.615241	22.7427	0	0.268699	0.00280112	0.0307529	0.904781	0	0.174689	1.12431	1.91384	3.37119	0	0	0.0035461	0	0	0	0.0176742	0	0	0.181836	0	0.017205	1.59827	2549.05	0.755458	396.323	0.895856	0	0	0.00203252	7.99424	0.017205	0	0.00203252	63.2068	0	0.0321019	0	0	0.267875	0.00289855	0	0	0	0	0.00401606	0.0175439	0.0485369	0.0306349	0.0575008	0	0.00469484	0.00289855	0.116304	0.00333333	0	0.00333333	0	0	0.0485369	0	0.0292348	0.0342333	0.037199	0.0031746	0	0	0.0183198	0	0	0	0	0	0.158667	0	0	0.310048	0	0	0.00438596	0	0.00617284	0.00421941	2.08951	2.85741	0.471327	0	0	0.0035461	2.14303	0.0144945	0.121159	0.032126	0.00490196	0	0.0194658	0	1.47991	0	0.902368	0	0	0	213.475	59.8403	58.3326	6.25193	2389.71	4.97414	7.89972	8.68456	26679.9	0	0	0	0	0	0	0	1.28203	0.529628	422.179	4.56488	0.739676	39.8248	6.94316	4919.73	1072.92	0.00289855	107.116	2488.46	182.534	0.142619	139.363	1415.21	90906.5	15.6516	882351	2.44561	879.605	0	230.147	0.221537	4693.03	5.82759	35219.6	79.4092	26.7478	34.5124	0	348.023	0	0	0.16037	47.3788	0	0.652492	0	0	0	6.08013	0	0.0926712	110.979	7.49206	0.635204	0.185227	0.465665	0	0.0042735	0	0.0042735	0.912518	9.98622	0	39.5826	0.0114943	0.0070922	0.0325397	836.059	0.0107527	1.13349	291.213	0	27.7383	4694.13	84.9001	451.301	0.170762	704.186	0.152352	7720.75	0.0035461	1.13529	0.0194295	21.4221	0	18.8215	0.0463857	116.855	0.0508572	33.8825	0.103845	1178.24	
1.56518e+08	SFG_L_7_7	0.0272563	0.0104167	0.773194	0	4.10363e+07	129344	0.0929104	0	0	0.0104167	796786	3308.82	0	3.37545e+06	18.5863	0.0256786	0.00421941	0	89388.1	32737.1	525.787	6094.18	0.0264568	0.00574713	0.00666667	0	1.4636e+07	2.61629e+06	0	0	0.0128205	545.611	0.0737766	0.00323625	2634.39	1776.79	11.87	0.366225	0	0	914560	9746.28	3624.29	175401	138.47	2837.25	691788	2.13649e+06	739.997	199.024	17769.5	0.401719	0.00444444	0	0.00529101	0	0.0446634	0	0	0.00330033	0.0171193	0	0.00444444	0	0.24489	0	0.0231902	0.0104167	42.6132	0	0.833759	0.00320513	0.0154386	0.00483092	0.234469	0.00320513	0.00333333	0	0.0352061	0	0	0	0.523313	0.171143	0.0158753	0	0.0604593	0	0.00280112	0	0	0	0.0182433	0.0456522	0	0.00483092	0.00392157	0	0	0	0	0	15.2594	0	0	0	0.00280112	0	2.63941	0	0	0	0	0	45.3825	0	21.465	0	114.99	0	0	0	0	0	1.82773	5.05448	1.56594	0.384361	0	0	1.81884	0.0290923	1.2914	0.0511086	2.23873	0.0509833	0.1185	0.0224748	0	0.00340136	0.40047	0.00323625	0.017094	0	2.78782	0.112967	47.8008	1.16665	0	0.574341	683.098	0.0269709	23608.1	31.481	2.42559	0	0	0	1.84407	0	5.28465	0.00330033	0.49669	0.778648	0	0	0	0.00483092	161.744	5.15871	0	0.0160665	0.00469484	0.0386942	22395	1.33782	776294	835447	8.55227e+06	2671.06	2131.1	1.80906	304968	0.595632	85916	0.0104167	567476	3415.73	66.5019	0.561182	107.172	0.00258398	152.109	0	0.0379454	0	26.8217	0	3.3278	0.0030303	0	0	6.17717	0.0258417	1.05922	0.00287356	28.1628	1.03907	3.7884	0.104663	0.0380357	0	1.3429	0.0138063	548.45	0	373.033	0.0338432	63303	17552.2	56.5504	0.114575	779.375	365.01	70422.3	7.39262	117224	17.6399	432.679	21.4697	59884.2	7.85839	441.142	1.5729	0.18308	0	24607.1	8.55367	43.4412	0	2723.99	0.528184	17037.2	5.99421	24366.9	1.93496	
5.54669e+07	SFG_R_7_7	0.0691558	0.0662261	30.5654	0	3.92258e+06	1.01499e+07	0.00287356	0.00421941	0	0.0226232	172.92	250296	3.37545e+06	0	18137.5	0	0	0	23713	27112.6	58944.6	22622.9	0	0.0128205	0	0	931792	4.25872e+06	0	0	0.0653577	23.3729	2.12908	0.0395234	16107.1	296.607	8.69528	0.133391	0.402426	0.00900901	2011.72	270851	0.271792	158.829	881.797	0.0221556	81169.1	81546.6	95.9405	396.604	635.036	78.0676	0	0	0	0	0.0721066	0	0.0456823	0	0	0	0	0	0	0.0261538	0	0	3.33741	0.0640933	0	0	0.0100341	0.0252381	0	0	0.00995524	0.513436	0.00976814	0	0	0	0.0762978	10.3721	0.00292398	0	0.0221678	0	0.0212331	0.003003	0.00273224	0	0.00932446	2.03652	0	0.761803	0.0251654	0	0.00273224	0	0	0	0.00239808	2.24756	0	0.0667554	0.00241546	0.00411523	0	0.104978	0	0.0172222	0	0	0	0.949737	2.76242	0.0364421	0	0	0	0	0	0	21.4378	6.80157	410.204	22.1723	0	0	0.0235618	0.0556853	0.662031	0.619467	140.249	0.360429	0	13.7902	0	0	0	0	0.00273224	0	0	0.00234742	162.147	3.60815	0	0.488657	317.249	99.1338	0.0847095	7159.57	0.00254453	0	0	0	0.00254453	0	0.00287356	0	0.0128217	0.34898	0.01382	0	0	0	8.91301	145.819	0	0.00854701	0.587471	0	0.0224868	261.967	366570	3.27713e+06	2.47232	39759.8	0.00537634	1562.49	0.175879	14.7734	0	0.243094	42168.6	136845	2.43903	1851.34	13.7904	876.411	19.8319	1958.14	0	0.0689977	122.88	54.1563	1.09089	14.2755	0	0	10.681	542.316	0.00289855	33.6247	276.203	348.209	391.111	16.7404	4.17609	0.0640933	4.62295	0.292595	2.24342	89.8322	0.0306653	487.137	92.5279	120361	14.7925	1.48946	782.479	19832	32.823	63525.1	1.66477	47653.4	7.54475	29764	6.23928	9947.74	2.65066	3694.75	0.0251318	0.469006	39.3555	29757.7	0.172702	18.4224	0.217824	628.737	0.119427	31825.9	5.12467	1812.87	
8.24926e+07	MFG_L_7_1	0.00574713	0	9.65617e+06	0	1.60759e+07	188363	20.1831	0	0.0505295	0	7.02043	4750.05	18.5863	18137.5	0	0.00680272	952.678	0	982963	4.33162	1.2256e+07	35508.3	1.68306e+06	0.0253968	8.45263	0	2832.78	11.3139	1.41454	0	221.646	10833.4	13542.9	0.664677	187375	16986.7	3608.56	1.69208	1251.37	0.00641026	0	0	38.5128	0.606278	0	0	0.0143519	0	0	0	8920.61	2.19757	2.10002	0	53.5141	0	72.265	0	30.4461	0	0.897013	0	10.27	0	0	0	0	0	10.0896	0	26.1489	0	17.8345	0	4.51375	0	19.3793	0	5.25017	0	0.00406504	0.0332222	9.13535	0	0.074561	0	5.95695	0.003663	0.941546	0	6.26503	0	1.27987	0.00362319	4.15727	0	9.43539	0	2.84043	0	0.00350877	0	3.59722	0.00362319	0.0285916	0	0.577704	0	0.209884	0	0	0	0	0	0	0	3.0335	0	0	0	0.335101	0.0332222	0	0	0.126949	0.003663	151.966	0.0953669	0.0464234	0	4.4894	0.00406504	33.988	0.003663	393.265	0.177364	171.124	0.0345101	2.61234	0.0165517	66.5135	0.110526	2.02954	0	156.272	1.0503	0	0	0	0	33.2776	0.0292605	0.00653595	0	84.295	0	1.73791	0	35.4134	0	167.635	0.00406504	423.37	2.21269	6.09508	0	117.919	0.00564972	27842.3	5.42943	0.36039	0.957493	1293.22	1.78664	0	0	12.5987	214.897	0	0	0	0	0.00653595	0	0	0	0	0	1300.15	3.45531	500.448	0	3987.77	0	0.00223714	0	250.663	0	2.51213	0	0	0	58.1525	0	2.99371	0.0035461	184.527	0.50424	729.101	0.534688	0.00505051	0	0.296234	0	6.91503	0	12.4901	0.00362319	0	0.0220521	3636.73	2.4867	1.46124	0	4590.75	0.0363937	6359.36	131.607	34907.1	5.92591	3367.11	67.854	3091.79	34.6324	0.0283069	0.00254453	207.921	1.84077	63.4202	0	708.278	25.6873	1261.21	0.817107	1734.72	36.4917	
4.41185e+07	MFG_R_7_1	55108	7639.29	33123.9	8.14893e+06	25933.9	1.02039e+06	6323.12	64334.5	7064.23	2631.86	34400.7	34.979	0.0256786	0	0.00680272	0	92.4407	24.3591	0.00724638	623866	7.02539	393873	11635.4	9.87366e+06	1758.29	1.12756e+06	0.250332	475.241	0.00740741	516.124	0.105898	1586.64	12753	77238	0.163538	344.091	18073.1	201687	7158.8	174294	0	0	0.0030581	2.47209	0.00297619	0.00877193	0.0125265	0	0	0	0	367.192	0	0.747221	0.105513	62535.7	0.0400287	2357.13	0.0234206	56.065	0	523.967	0	28.7328	0	0.0254545	0.00595238	0	4.82843	0	0	0.216968	28.7118	154.474	0	0.499141	5.16872	0	0.00520833	0.00653595	0	43.6605	0.740162	0	0	624.496	0	3.75867	0.146465	10095.2	0.889505	3609.52	0	13.6097	0	3546.16	0	5715.45	0	386.753	0	2086.5	4.15057	1020.31	3.34615	0.0687062	0	53.6555	0.385561	0	0	0	0	0	0	0	2.60392	0	0	0	0	2.52976	0	0.220629	9.88086	7.95315	0.00392157	10.1891	0	0	15.9968	3.00613	0.242872	1.61289	0.0341027	12.9705	0	1586.58	0.0686037	2.68257	0.0686037	4.80516	0	0.176509	0.004329	206.516	0	0.408666	0.0789818	1.11369	2.82727	4.08866	0	0	0	0.0380952	0	0.0299663	0	0.0313131	0.358326	3.24331	0.444212	483.392	1.28318	11.2895	308.187	759.642	3134.05	1846.62	0	240.989	1360.07	2045.44	0	0	0	0.00757576	0.0231902	0	0	0	13.6189	0	0	0	0	0	108.944	0.433996	47.673	0	674.398	0.00444444	0	0.042863	223.508	0	1.06985	0.314639	0	1.99812	12.9119	0.0718384	3.31473	0.00469484	36.6555	80.4022	0.529158	31.6369	0	55.4295	0.00374532	0	14.915	278.865	27.0769	0.28114	0.00320513	0.00462963	1.23793	7692.12	0.169339	0.039272	787.696	0.392136	2241.43	5055.91	291.602	2895.51	10.5963	60.215	199.168	15.5876	0.745694	0.39067	71.8528	14.9315	4.73704	18.7346	55.2393	94.8273	156.098	91.5187	17.0859	18.1141	
8.13661e+07	MFG_L_7_2	528.321	228.095	903642	5.74541	716646	47.1665	1133.65	0.355986	1.64958	1.19027	45963	83.9073	0.00421941	0	952.678	92.4407	0	1275.3	1.7864	0	622237	0.00187266	2.28616e+07	3391.89	666084	33.624	0.360053	0	4.43292e+06	0.158613	510987	0	183763	0.652984	292.744	0.0152396	389.207	1.09801	10680.8	1.07858	0	0	1.31125	0.0015873	0.906083	0	0.273199	0	0.0172183	0	10.045	0	47046.6	0	31035.8	0.614803	29603.6	0.0155951	5487.76	2.15611	14.833	0	5.12033e+06	0.00505051	0	0	0	0	1.97455	0	1722.44	0	864.423	0.00641026	19968.1	0.00416667	32.1028	0	695.159	0	92912.8	0.0563336	636424	0.00333333	171590	0.257505	178754	0.0140741	790.377	0.832209	241748	0.352997	9904.66	0.00320513	506678	0.638049	1.27491e+06	0.886005	726597	0.184675	1432.94	0.410805	38.4778	0.0516728	9.07763	0.00416667	3600.72	0.0914154	0.0609745	0	0	0	0	0	0	0	0	0	0	0	38484.2	0.00416667	3520.49	0.00416667	1.8253	0.0322606	231.949	0.00188324	354.898	0	49.3859	0.134399	2933.84	0.0035461	1075.23	0.00421941	179904	0.0695097	78494	0	75671.5	0	743.902	0	41.0217	0.00401606	5.55368	0	0	0	18.3055	0	0	0	161815	0	0.686521	0	11951.3	0	47375.7	0.0335944	117.246	0.00187266	15.7144	0.0588679	284.683	0.00628931	5865.53	0.567379	0	0	5652.58	0.105157	0	0	0	0	0	0	0	0	0	0	0	0	0	0	2.46089	0.0305967	4.08171	0	17.6172	0	0.952301	0.00396825	15.2262	0	2.97604	0	0.0109319	0.015506	6.39344	0	2.03386	0.0360424	173.657	0.0119707	983.719	0	0	0.0187793	0.00564972	0.00444444	55.4896	0.853482	5.7555	0	0.0698496	0.0369069	110.422	4.11483	2.78472	0.0916702	33.3811	0.462814	281.51	89.8473	662.589	0.562451	0.00854701	0.05153	721.434	0.00401606	0.987573	0.00392157	0.195327	0.00340136	16.1407	0.0920985	11.1345	0.270674	3.24411	0.203876	65.9295	0.0224486	
5.16313e+07	MFG_R_7_2	394907	57.72	17360.4	40.8238	934.235	5.35611	2413.82	189.959	8.10529	78.4559	3.27108	0.00421941	0	0	0	24.3591	1275.3	0	0	0	0.215654	10692.2	30071.2	7.90772e+06	14143.3	775833	0.00311526	0	0.97379	6.14947e+06	1.99053	1647.6	0.869773	89056.1	0.00584795	119.128	19.0195	11763.6	402.871	47148	0	0	0.00529101	0.462507	0	0	0	0	0	0	0	16.2401	0	34593.2	0.0218814	114261	0	24533	0.125842	1204.43	0	1340.57	0	2.7897e+06	0.00483092	0	0	0	0	0	0	0.641501	6.16327	70.259	0	1.88649	1.04655	0	0.00483092	0.0249417	0	68871	0.00374532	0.567534	0	275156	0.00483092	5365.57	0.00416667	2485.79	0.0359118	3081.19	0.00374532	2.93926	0	3620.28	0	230913	0.00416667	15100.6	0	2073.71	0	71.0888	0.0359118	0	0	8.16219	0	0	0	0	0	0	0	0	0	0	0	0	0	18694.5	0	5984.53	0.260403	65.0293	0.00438596	2287.35	0	3510.28	0.106765	971.019	0.028605	9241.6	0.0867837	94.5589	0.004329	5.58272e+06	0.00438596	39927.9	0.00438596	126643	0	472568	0	166.039	0.0383136	0	0.396604	0	0.682774	0.159378	0	0	0	19869.9	0	0.11291	0	213.872	0.217677	24.4267	0.0572904	18.0028	0	0.0909648	3.43	4.03146	177.359	75.2539	0	15.7121	168.411	95.351	0	0	0	0	0	0	0	0	0.0703212	0	0.00628931	0	0	0	0.00383142	0.0347305	0.0138889	0	0.503183	0.00438596	0	0	1.12592	0	0.0890419	0.0354856	0	0.0472334	0.347245	0.00438596	0.0156079	0.0613907	3.83246	11.5511	0.132531	177.507	0.00262467	8.00989	0	0	0.245333	48.4811	0.0608354	0	0.0146248	0.00343643	1.88326	481.196	0.031283	0.00343643	0.892923	0.00606061	100706	401348	0.106626	109.154	97.5833	2.53631	30.6748	7.75367	0.357456	0	1.81837	2.04658	266.24	3.09118	314.46	6.15584	114.063	6.73061	456.321	6.21164	
5.4797e+07	MFG_L_7_3	0.0161239	0	4474.06	0	4.18696e+06	28085	4.9258	0	0.00226757	0	41.9586	667.005	89388.1	23713	982963	0.00724638	1.7864	0	0	160.958	1.05007e+07	25901.7	64.0682	0.16644	17.2439	0	1.10753e+07	4030.42	0.242717	0	97.9103	8092.42	12.6367	0.111159	140369	12624.1	182.691	0.526685	8.0489	0.00628931	0	10.405	35836.2	2.63182	0	0	0	362.71	0.0370935	0	216643	2.67918	0.233502	0	0.604919	0	6.60611	0	0.388181	0	0.117325	0.00555556	0.605544	0	0	0	0	0	1.95783	0	17.4737	0.00323625	0.759123	0.0175836	2.60068	0.00323625	1.50189	0	1.40678	0	0	0.00387597	4.71344	0	0.0176981	0	1.50513	0	1.33721	0	3.19735	0	0.487377	0	3.16738	0	2.43546	0	0.501248	0	0.0146591	0	4.57578	0	0.134547	0.00320513	0.940429	0	0.200133	0	0	0	0	0	0.0182836	0	3.24989	0	0	0	0.130648	0.00387597	0	0	4.21374	7.82004	83.7131	0.487003	0.00505051	0	2.89657	0.115135	24.0309	0.0548748	151.47	0.0240852	42.0201	0.00945817	0.133284	0	29.206	0	0.302753	0	77.7983	0.039651	0.00362319	0.504908	0	0.12443	19.5507	0.0877232	0	0	28.959	0	0.746277	0	24.8766	0	70.8007	0	232.866	0.0645521	1.17862	0.00564972	50.1492	0.00564972	4337.34	1.30774	0.212107	0.00628931	63.6393	0.53873	0	0	3.36853	3.11359	0	0	0	0	0	0	0	0	0	0	390.847	4.03366	439.188	0	683.075	0.00421941	0.0353282	0	121.22	0	2.67621	0	0	0	22.7825	0	2.65942	0.0122582	158.193	0.0519584	454.81	0.0124139	0.0169312	0.00314465	0.0704934	0	4.90835	0	8.40835	0.0232942	201.035	4.65863	964.443	0.014652	3.32409	3.18265	16321.2	9.40494	16235.1	4.53294	7195.81	7.45284	4657.69	2.19246	1536.66	0.633151	0.535521	0.059815	929.63	0.139375	79.6681	0	314.164	1.75493	935.957	0.133426	4780.11	0.551035	
3.34001e+07	MFG_R_7_3	0	0.159382	0.325823	0.0636364	57348.5	4.71196e+06	0	0	0	0	13.2055	0.05	32737.1	27112.6	4.33162	623866	0	0	160.958	0	8722.34	3.42258e+06	0	6927.9	0	0	0.181194	7.76359e+06	0.00314465	0	0.0586892	8783.05	8.451	0.0446429	3018.41	31303.7	16.556	15.0892	4.73079	0	0	0.00813008	0.115325	77.4701	0	0.0128205	0	0.0342782	0.00392157	0.00813008	479.28	10.1425	0	0	0	0	0	0.127122	0	0	0	0	0	0	0	0	0	0	0.00273224	0	0	0.00490196	0	0.010101	0	0	0.0047619	0	0	0	0	0.248152	0	0	0	0	0	0.0359676	0	0.086716	0	0.00374532	0	0.0135451	0	0.680082	0	0.0042735	0	0.13665	0	0	0.00273224	0.00330033	0	0	0	0	0.00273224	0	0	0	0	0	0.00268817	0	0.00273224	0	0.0268443	0	0	0.00392157	0	0.00469484	0.0338103	2.74909	0.0283985	1.71715	0	0	0.00378788	0.961159	0.003367	1.08985	0.383119	1.59132	0	0.476346	0	0.082733	0	0.265081	0	0	0	10.3123	0.0121829	0.0759374	0	0.236435	0.15026	0.357868	1.56962	0	0	0.00512821	0	0.00666667	0	0	0	1.85166	0.0121382	137.436	0	0.0424242	0.0266773	0.173737	0.440295	314.359	0	3.83251	0.134714	2.60435	0.230438	0	24.3784	12.0035	6.62959	0.0166667	0.0285837	0	2.77766	0	1.19964	0	0.0262485	0.0636364	0.0760653	1.25512	0.0760653	0.515965	0.376594	0.724317	0	0	0.315454	0.038628	0	0.0445566	0	0	0.0492842	0.0680898	0	0.00444444	0.199962	4.75933	0.622675	5.13953	0.0109965	0	0	0	0.0467213	0.00520833	0	0.0184488	0	13.8939	0.180624	6.9897	0.0464106	5.44361	0.290294	71.9956	3.19828	64.7408	0.1592	566.316	0.96226	26.1053	0.254265	6.69425	0	0.0213347	0.576463	6.26839	0	0.00490196	0.430078	3.04614	0.708194	5.80765	0.256563	4.20287	
