data	data	3.82094e+07	1.05772e+08	8.9977e+07	2.9643e+07	1.43605e+08	1.28077e+08	7.71659e+07	6.43093e+07	2.19474e+07	3.18165e+07	9.79804e+06	1.54219e+07	8.78852e+07	1.10489e+08	3.77702e+07	4.35422e+07	2.31954e+07	1.30779e+07	6.11484e+07	4.51947e+07	2.21586e+07	9.60457e+07	3.38489e+07	4.26024e+07	7.12717e+07	6.078e+06	3.10104e+08	2.95793e+08	3.06484e+06	2.85624e+06	2.25887e+07	3.04774e+07	2.18043e+07	1.56325e+07	1.23832e+08	1.92559e+07	7.37425e+06	2.71868e+07	9.96378e+06	5.29193e+06	2.65275e+07	1.33063e+07	5.87647e+07	4.07732e+07	4.36005e+07	2.90994e+07	2.6568e+08	2.28299e+08	1.81752e+07	4.75252e+06	6.23297e+07	4.28737e+07	8.37241e+07	2.12638e+07	7.81521e+07	3.87819e+07	2.34127e+08	1.67467e+07	1.66248e+08	1.99039e+08	2.16938e+07	5.98442e+06	1.39925e+08	1.56698e+07	1.31661e+07	2.65062e+07	3.98026e+06	9.99149e+06	3.6419e+08	1.76149e+08	2.82563e+07	7.70984e+07	3.32747e+07	4.40544e+07	1.50998e+07	8.36553e+07	2.24485e+08	4.277e+07	6.5351e+07	5.26405e+07	6.33644e+07	4.11149e+07	2.19931e+08	7.86702e+07	2.53891e+07	5.64361e+07	2.34296e+07	5.4984e+07	8.37015e+07	3.07373e+07	2.36335e+07	1.52768e+07	1.7492e+07	5.09676e+07	5.64736e+07	3.70363e+07	1.27792e+07	5.37112e+07	7.51955e+07	1.28076e+07	6.85453e+07	7.6584e+06	1.63658e+08	8.3964e+07	1.0449e+08	1.27322e+08	8.43191e+07	3.01897e+07	4.68075e+07	2.93688e+07	3.40034e+07	1.66396e+07	7.1183e+06	1.56553e+07	1.50902e+07	5.53787e+07	3.65971e+07	4.26126e+07	737200	1.08298e+07	8.95511e+06	1.39369e+07	4.95149e+06	2.15427e+07	6.51299e+07	4.77914e+07	2.62936e+07	1.15803e+08	2.22188e+07	3.54006e+07	8.07725e+07	5.87158e+07	2.47582e+07	3.72833e+07	8.52207e+07	5.02711e+07	5.63552e+07	1.10114e+08	6.83112e+07	8.04728e+07	1.34179e+08	1.08088e+08	6.67185e+07	5.07806e+07	1.83871e+07	1.67384e+07	1.7989e+07	7.11928e+07	7.99424e+06	3.21894e+07	2.57501e+07	6.34223e+07	6.2779e+06	7.78831e+06	9.1437e+07	3.11994e+07	8.10569e+06	2.73855e+06	7.44688e+07	1.89043e+07	1.54107e+08	6.5146e+07	1.05357e+07	2.13725e+07	1.06668e+08	2.01719e+07	4.37026e+07	2.79541e+06	9.78924e+07	4.89743e+07	5.36275e+06	2.8378e+06	4.64807e+07	4.20902e+06	2.96287e+06	1.65524e+06	7.10997e+06	2.08441e+07	5.34746e+07	1.39445e+06	1.37965e+07	4.73071e+07	1.06251e+07	592668	4.80046e+06	2.70555e+06	3.01846e+07	7.49269e+06	3.70881e+07	5.57832e+07	9.93531e+07	1.85783e+08	9.78519e+07	1.2961e+08	3.1245e+07	4.8051e+07	1.43831e+08	2.73929e+08	6.26365e+07	3.18429e+07	1.88238e+07	1.54816e+07	8.30659e+07	7.51085e+07	4.68908e+07	9.42153e+07	4.21555e+07	1.46496e+08	3.15755e+07	1.60026e+08	1.94055e+07	8.64883e+07	1.04457e+08	2.24528e+08	2.63609e+08	4.52263e+08	3.63228e+08	2.98809e+08	7.22946e+07	2.24281e+08	2.24548e+08	6.37026e+08	3.73947e+08	5.07111e+08	4.51044e+08	2.01047e+08	8.20941e+07	1.13632e+08	1.6577e+08	5.96449e+08	1.32197e+08	7.70199e+07	4.975e+08	4.26081e+07	1.67379e+08	5.51089e+07	2.19647e+08	6.29446e+07	1.89416e+08	1.32676e+08	1.92025e+08	1.35592e+08	1.59242e+08	7.47672e+07	3.72336e+08	1.36306e+08	
data	data	SFG_L_7_1	SFG_R_7_1	SFG_L_7_2	SFG_R_7_2	SFG_L_7_3	SFG_R_7_3	SFG_L_7_4	SFG_R_7_4	SFG_L_7_5	SFG_R_7_5	SFG_L_7_6	SFG_R_7_6	SFG_L_7_7	SFG_R_7_7	MFG_L_7_1	MFG_R_7_1	MFG_L_7_2	MFG_R_7_2	MFG_L_7_3	MFG_R_7_3	MFG_L_7_4	MFG_R_7_4	MFG_L_7_5	MFG_R_7_5	MFG_L_7_6	MFG_R_7_6	MFG_L_7_7	MFG_R_7_7	IFG_L_6_1	IFG_R_6_1	IFG_L_6_2	IFG_R_6_2	IFG_L_6_3	IFG_R_6_3	IFG_L_6_4	IFG_R_6_4	IFG_L_6_5	IFG_R_6_5	IFG_L_6_6	IFG_R_6_6	OrG_L_6_1	OrG_R_6_1	OrG_L_6_2	OrG_R_6_2	OrG_L_6_3	OrG_R_6_3	OrG_L_6_4	OrG_R_6_4	OrG_L_6_5	OrG_R_6_5	OrG_R_6_6	OrG_R_6_6	PrG_L_6_1	PrG_R_6_1	PrG_L_6_2	PrG_R_6_2	PrG_L_6_3	PrG_R_6_3	PrG_L_6_4	PrG_R_6_4	PrG_L_6_5	PrG_R_6_5	PrG_L_6_6	PrG_R_6_6	PCL_L_2_1	PCL_R_2_1	PCL_L_2_2	PCL_R_2_2	STG_L_6_1	STG_R_6_1	STG_L_6_2	STG_R_6_2	STG_L_6_3	STG_R_6_3	STG_L_6_4	STG_R_6_4	STG_L_6_5	STG_R_6_5	STG_L_6_6	STG_R_6_6	MTG_L_4_1	MTG_R_4_1	MTG_L_4_2	MTG_R_4_2	MTG_L_4_3	MTG_R_4_3	MTG_L_4_4	MTG_R_4_4	ITG_L_7_1	ITG_R_7_1	ITG_L_7_2	ITG_R_7_2	ITG_L_7_3	ITG_R_7_3	ITG_L_7_4	ITG_R_7_4	ITG_L_7_5	ITG_R_7_5	ITG_L_7_6	ITG_R_7_6	ITG_L_7_7	ITG_R_7_7	FuG_L_3_1	FuG_R_3_1	FuG_L_3_2	FuG_R_3_2	FuG_L_3_3	FuG_R_3_3	PhG_L_6_1	PhG_R_6_1	PhG_L_6_2	PhG_R_6_2	PhG_L_6_3	PhG_R_6_3	PhG_L_6_4	PhG_R_6_4	PhG_L_6_5	PhG_R_6_5	PhG_L_6_6	PhG_R_6_6	pSTS_L_2_1	pSTS_R_2_1	pSTS_L_2_2	pSTS_R_2_2	SPL_L_5_1	SPL_R_5_1	SPL_L_5_2	SPL_R_5_2	SPL_L_5_3	SPL_R_5_3	SPL_L_5_4	SPL_R_5_4	SPL_L_5_5	SPL_R_5_5	IPL_L_6_1	IPL_R_6_1	IPL_L_6_2	IPL_R_6_2	IPL_L_6_3	IPL_R_6_3	IPL_L_6_4	IPL_R_6_4	IPL_L_6_5	IPL_R_6_5	IPL_L_6_6	IPL_R_6_6	PCun_L_4_1	PCun_R_4_1	PCun_L_4_2	PCun_R_4_2	PCun_L_4_3	PCun_R_4_3	PCun_L_4_4	PCun_R_4_4	PoG_L_4_1	PoG_R_4_1	PoG_L_4_2	PoG_R_4_2	PoG_L_4_3	PoG_R_4_3	PoG_L_4_4	PoG_R_4_4	INS_L_6_1	INS_R_6_1	INS_L_6_2	INS_R_6_2	INS_L_6_3	INS_R_6_3	INS_L_6_4	INS_R_6_4	INS_L_6_5	INS_R_6_5	INS_L_6_6	INS_R_6_6	CG_L_7_1	CG_R_7_1	CG_L_7_2	CG_R_7_2	CG_L_7_3	CG_R_7_3	CG_L_7_4	CG_R_7_4	CG_L_7_5	CG_R_7_5	CG_L_7_6	CG_R_7_6	CG_L_7_7	CG_R_7_7	MVOcC	MVOcC	MVOcC	MVOcC	MVOcC	MVOcC	MVOcC	MVOcC	MVOcC	MVOcC	LOcC_L_4_1	LOcC_R_4_1	LOcC_L_4_2	LOcC_R_4_2	LOcC_L_4_3	LOcC_R_4_3	LOcC_L_4_4	LOcC_R_4_4	LOcC_L_2_1	LOcC_R_2_1	LOcC_L_2_2	LOcC_R_2_2	Amyg_L_2_1	Amyg_R_2_1	Amyg_L_2_2	Amyg_R_2_2	Hipp_L_2_1	Hipp_R_2_1	Hipp_L_2_2	Hipp_R_2_2	BG_L_6_1	BG_R_6_1	BG_L_6_2	BG_R_6_2	BG_L_6_3	BG_R_6_3	BG_L_6_4	BG_R_6_4	BG_L_6_5	BG_R_6_5	BG_L_6_6	BG_R_6_6	Tha_L_8_1	Tha_R_8_1	Tha_L_8_2	Tha_R_8_2	Tha_L_8_3	Tha_R_8_3	Tha_L_8_4	Tha_R_8_4	Tha_L_8_5	Tha_R_8_5	Tha_L_8_6	Tha_R_8_6	Tha_L_8_7	Tha_R_8_7	Tha_L_8_8	Tha_R_8_8	
3.82094e+07	SFG_L_7_1	0	1.18786e+06	7.99078e+06	3668.31	753498	137.415	2.9292e+06	153367	87556	175407	4664.73	3.08677	313.093	0.190995	0.343425	4791	5.13729	667.383	0.228716	0	4.84427	0.777755	481.722	898.097	162.35	3285.87	0.958713	0.105105	0.503274	0.0937323	5.78841	0.0858742	6.51926	0.220498	14.5975	0.0424603	648.626	10.0461	2563.19	26.5264	0.348658	0.00606061	0	0.0121222	0	0.08284	1.78849	0.375947	8.56187	0	0.0817616	0.0334242	2.59329	6.1422	0.569519	655.09	128.312	0.0364384	35.6075	167.278	11793.9	27.6211	1995.34	502.661	5801.88	17.8013	2925.88	333.944	766.331	0.600606	0.302881	1.04536	0.0200348	0.709155	0.0961764	1.15221	18.1698	0	0.00740741	0.527717	5.5181	0.0335137	91.6001	0	0.577876	0.0402092	0.341777	0.0031746	0.351528	0	0.00564972	0	0.816731	0.004329	0.540867	0	0.0932216	0	12.4489	0.0181481	0.141881	0	1.01899	0.102469	0.212011	0.00497512	0.0170525	0	0.0326499	1.45585	0.305897	0.659756	0.0663514	0	4.76123	4.93022	12.3143	0.813445	0	0.563855	0.580868	0.0636532	0	0.0143968	526.182	2.103	5.52402	0.193233	0	0	125.59	3.41853	15.7826	0	1.81012	0.0142602	0.227913	0.0155525	0.114145	0	1.53157	0.00347222	0.236027	0	0.574877	0.00529101	1676.73	113.244	10338.7	171.612	419.221	1.28421	1825.82	501.432	0.277547	0	0	0	0.126416	0	91.9606	2.91159	0.308993	0	0.412377	0	6.32385	0	22.0378	0.0271923	0.397865	0	1446.46	0.00421941	73.253	168.931	35.3832	286.626	2337.73	5.78527	906.422	417.998	225000	141.753	544.59	1.24938	330.793	0.232071	2.40816	3.2614	0.255142	0.00220751	1.32782	0	0	1.30447	0.0149919	0.00617284	0.666763	0	0	0.004329	17.8664	0	1.91638	102.084	18.4719	0.0045045	1.42721	0	20.648	17.0679	50.5944	0.258169	7412.53	468.303	31.4309	20.2184	0.892537	0.217374	641074	1936.18	742.67	1.53721	255.938	0.0805898	14488.3	204373	4988.82	27.6947	78.2332	9.64184	3.75177e+06	31.6326	18948.8	55.2612	55.6111	0	27207.7	2.01942	8166.97	0.294831	724.987	0.068109	848575	74.0864	
1.05772e+08	SFG_R_7_1	1.18786e+06	0	1.58421e+06	189487	2.67894e+06	4.1078e+06	200122	1.57461e+07	8357.85	5.2997e+06	34909.9	220269	356.495	143.678	4471.26	18370.4	0	50130.3	65.8681	0.994403	1.2405	13839.2	56511.2	145997	6602.39	13461.3	7.43589	2.218	0	25167.9	0.242127	2854.18	0.0149983	273906	0.827859	42.5891	0	453261	0	698059	0.00680272	0	0	37.9619	0	1.32935	0.0326113	0.938917	0.00164204	0	0.0195545	138.576	0.0468288	430.609	53.5166	80095.3	298.167	136.984	286.886	1639.7	0	2823.87	0.16664	152300	1.14187	4282.81	2.98738	1220.96	21.6913	7.42689	0	6.54106	0	84.3896	0	6.05173	0.72038	1.67794	0.0129891	3.79371	0	901.147	1.18891	30.6531	0	13680.7	0	1537.64	0.208485	0.93882	0	0	0.0986051	10.3333	0.121861	8.33125	0	3867.36	0.0307082	230.161	0.0301671	0	0.500592	40.8988	9.60089	0.576866	0.150239	0	0.0118915	306.018	0.00280112	191.654	0	0.169599	0.00564972	392.052	0.483936	33.5602	0	75.6422	0	690.66	0	54.152	185.688	29.4009	8.36376	13.3709	0.185756	3.93159	140.491	384.065	8.86974	2.42098	0.40489	150.221	0	90.3466	0	2072.28	0	5727.4	0.00456621	5.90638	0	5127.41	72.6241	4164.7	2.49523	8565.15	0.500361	35.9062	3.58317	38678.9	0	50.3044	0	0.135819	0	19.4623	106.005	338.697	0	0.301508	0.0145724	0.53138	0	3.89218	0	164.983	0	2.45103	0	1138.39	20.1787	122.77	5581.31	14583.1	0.411384	2290.28	0.208431	2927.84	2.22395	2134.21	0.0916458	909.052	0.00350877	0.0166667	381.088	8.28086	0.189529	0.118386	1.49803	22.8279	0.22747	6.06367	2.45817	1.89625	0.0530341	0.0125797	0	0.17834	6.3935	49.5746	181.341	11.5837	0.885342	34.7293	0.295087	2.71382	0.613785	9993.33	3.65594	28.0029	67.9247	1.68892e+06	0.11694	1954.73	0.0880846	17.3559	774.338	1.33138e+07	60.0364	90.465	21.0107	304.558	8639.08	328710	10.6214	19406.6	0.133295	8243.3	1288.53	2.97564e+06	1081.58	12852.3	0.800402	5.24315	2785.89	262788	286.538	13744.5	12.3111	2715.25	990.755	847283	
8.9977e+07	SFG_L_7_2	7.99078e+06	1.58421e+06	0	58636.4	1.68889e+07	6620.08	2.42767e+06	23082.4	3.34304	1778.24	21.9805	618.195	5.47048	0.5345	10924	28451.9	55.3669	37.9773	60.6188	0	241.208	0.136508	7.54893e+06	3069.33	8110.48	162.479	190.55	0.00203252	0.106017	0.959975	777.333	0.019059	22520.1	0.177929	3587.07	0.0766419	2205.94	0.6589	162782	1.65676	0.252644	0	2.17341	0.0486141	0.00362319	0.0120159	81.9666	0.00203252	0.165082	0	205.317	0.0703762	11.8012	0.00680272	7.44145	17.7646	192.895	0.704153	110.343	118.837	88135.2	0.016282	3076.76	0.871589	18.6007	259.05	4.88189	24.9922	3731.42	0.129636	51.5652	3.1819	0.785933	1.28074	0.0277898	4.27787	137.649	0	10.9856	2.90599	5.15074	0.0303571	723.786	0.0121302	0.820802	0.00462963	26.2269	0.0817915	0.984025	0	0.0724955	0	1.90149	0.00287356	6.23892	0	0.347143	0	25.6692	0	0.305079	0	73.281	0	0.759636	0.0133243	14.6741	0	0.950743	0.0348204	1.45815	0.0149832	2.00935	0	0.0292632	0.150777	51.5625	0.0165638	0	0.0348204	0.093192	0.0117754	0	0.0124938	660.677	5.71882	84.0094	0.399018	0.0430761	0	976.696	2.2408	660.637	0.0334812	276.367	0.0266819	8.89793	0.260441	3.15065	0	3.47886	0.00347222	42.4573	0	15.324	0	3.02002	88.8631	0.338218	712.745	0.957551	0.0439128	0.0484301	1734.46	0.510428	0	0	0	0.294898	0	563.431	3.80616	360.963	0	0.782404	0	204.634	0	11121.3	0.0772693	2.26977	0	59424.5	0.00421941	0.0296726	1.51583	0	22.8039	0	260.292	0.117169	4.10214	0	91.0015	0	185.31	0	0	1.54875	6.49905	5.52927	0.00904464	19.9656	0.00297619	0.0766485	1.67087	1.85546	0.010582	23.7491	0	0	0	214.3	0.00297619	13.4684	134.504	492.456	0	15.9374	0.0128665	33.7613	91.2784	145.266	0.281878	11973.3	490.394	1515.3	0.774624	7.00046	1.60199	2.88855e+06	851.115	2360.19	7.54778	2333.2	0.869222	59498.7	58245.8	214600	118.307	308.553	2.05264	3.82889e+06	26.3347	16736	77.1168	4036.82	0.0998282	93209	6.53144	73870	0	35994.3	0.0339851	744427	60.7187	
2.9643e+07	SFG_R_7_2	3668.31	189487	58636.4	0	275223	642796	8.22455	555240	0.769341	0.708964	32609.6	0	0.0991774	0.157902	366.137	1.13608e+07	0	310.681	0	24534.4	0	620870	1956.23	425090	0.182315	119648	0	61.636	0	115.726	0	157381	0	264876	0	18.2048	0	17129.6	0	10824.8	0	0	0	19.2106	0	0.129346	0	0	0	0	0	113.751	0	0.154682	0.00546448	404.254	0.729339	6.42948	0.154966	12.7092	0	23.1473	0	4.43996	0.0169312	0.0251931	0	0.00740741	0	0.01327	0	5.34742	0	0.441162	0	3.4266	0	0.0195157	0	0.254042	0	152.993	0	4.13568	0	1661.93	0	361.55	0	0.0141097	0	0	0	0.0695855	0	0.0449134	0	615.908	0	103.773	0	0	0	0.225177	0	0.003367	0	0	0	0	0	0	0	0.01327	0	0	0	0	0	0	0	373.746	0	40.0447	0.347692	2.52358	0.00392157	3.39769	0	0.0588839	0.730833	69.4608	0.0037037	0.814728	0	15.5293	0	26.622	0	113.676	0	1199.13	0.00416667	0.210675	0	1671.81	0.0591274	0.813827	0.0597848	0.0244669	0.0340938	0.170386	0	0	0	0.300856	0	0.00740741	0	0.195091	0.690295	26.1664	0	0.628726	0	0.0452041	0	1.97021	0	29.2316	0	0.305755	0	21.8914	0.0340938	0	0	0.0176981	0.165176	0	0	0	0.105595	0	0	0	0	0	0.11753	0.0170503	0	0.00483092	0	2.47882	0.00497512	0	0.00411523	0.270191	0	0	0	0.0202765	0.00411523	3.06303	0.215375	0.0569497	0	10.614	0	2.62574	0	19.3821	0	0	0.204814	667.59	0	42.2188	0	0.0114943	2.47277	16438	0.002331	0.0194444	0.002331	0.716372	3.68804	19837.6	0.181929	2717.78	0	0.893847	1.20664	1061.06	0.421089	16.2454	0	0	0.153	5457.13	0.00411523	316.372	0.00595238	157.232	0.0458415	6000.97	
1.43605e+08	SFG_L_7_3	753498	2.67894e+06	1.68889e+07	275223	0	1.3742e+07	30.0058	21	14362.2	456.142	3.9372e+06	800604	1.45107e+07	185064	7.68633e+06	177355	0.348252	1.37054	2.23797e+06	7883.82	16314.1	5841.35	17888.6	4660.87	11.2478	0.119926	344605	6108.61	0	0.108584	5809.21	1087.83	25027.4	4850.06	407698	314.669	443.173	27.3699	62423.9	1.01992	0.00392157	0	1.76576	180.442	0.00362319	0.0747097	11.1962	0.0838258	0.661477	0	51412.4	24.0392	0.0809675	0	0.0375214	0.319997	392.292	0	173.591	149.418	2.95395	0.0726195	2.02158	0	5179.87	1181.24	530.006	166.842	7327.51	0.973045	3.51577	8.24835	1.54923	5.12369	0	8.44134	121.438	0.0110267	4.17249	6.47979	0.0421375	0.0277244	546.113	0.0110267	0.0168254	0.0509608	0.714589	0.321533	0.589167	0.00350877	0.0349258	0	2.14698	0.0742703	0.737656	0	0.00444444	0.0764047	0.354984	0.0136842	0.0561663	0	107.087	0.241106	0.0154248	0.0271807	19.8258	0	4.80485	5.0498	59.9002	2.81259	0.401799	0.108905	1576.17	7.32436	215.236	0.641866	0	3.35563	0	0.0133347	0	0.0320011	6462.42	3.48899	289.306	0.99691	0.120824	0	1318.32	9.80098	1721.03	0.0135946	739.935	0.0553048	6.30638	0.0528163	0.168873	0.168367	0.0230159	0.192325	77.2103	0	0.969513	1.19152	63015.9	576.858	51921.3	2590.79	106515	27.0942	109579	8826.83	0	0	0.0573975	0	0	0.00497512	328.545	2.81098	983.945	0.0293301	0.531309	0.0273697	124.259	0.0545936	20499.9	0.146834	0	0	10560.2	0	26447.7	10.6336	72822.7	562392	415867	382.494	87164.7	417.504	115192	6.14297	20310.3	841.336	11.6055	2.94558	2.21267	1.19862	30.8364	0.0317379	56.9874	0.00343643	0.0124098	0.291273	4.8168	2.63558	19.5398	0	0.013024	0	178.734	0	3.1069	17.7496	63.0635	1.92916	7.82866	0.00271003	310.983	9.81517	93.9165	2.14332	13139.2	115.243	25260.6	44.0398	12.2032	3.48983	594693	235.634	1533.08	14.317	4603.05	18.5732	126483	175489	197226	143.891	2763.15	14.1343	1.45386e+06	42.9344	6844.63	127.025	26493.1	0.0374099	372889	126.367	339390	31.9397	175505	3.74363	1.72741e+06	276.788	
1.28077e+08	SFG_R_7_3	137.415	4.1078e+06	6620.08	642796	1.3742e+07	0	42.8399	499.45	4.1624	0.737775	402172	3.256e+06	664749	6.26044e+06	644758	1.28625e+06	0.00469484	15.3725	982330	4.90113e+06	55701.4	6.59467e+06	41.5651	727222	0.0199717	49.6175	287172	176816	0	111.267	0.48656	588677	0.191826	1.51897e+06	6354.4	1.14453e+06	0.00529101	342640	0	9433.05	8.11329	0	0.0186729	131498	0.0198009	0.304761	6.87893	4.17296	0.887598	0.00520833	4050.88	1.59787e+06	0.0346263	0.235741	0.319218	604.972	22.6182	69.5478	13.0289	53.4645	0	68.1766	0.142588	5.4303	0.576321	0.299396	0.00505051	0.398683	12.468	156.344	0	893.886	0.003003	3.92911	0	733.194	0.0749179	16.457	0.0121222	4.75735	0	498.145	1.12296	322.617	0	5213.2	0.0270504	1027.98	0.0766528	10.5477	0	0.00378788	0.0814745	49.1432	0.0134134	38.1597	0	4715.61	0.0134134	350.727	0.0134134	0	0.86943	445.147	5.80698	39.5072	0.277636	0.0319384	0.00292398	1696.52	0.0762112	736.305	0.00273224	17.7435	0.0266829	3479.07	0.0728333	310.661	0	313.234	0	944.1	0	148.316	172.29	282.964	796.421	5231.53	0.0328633	15.5367	195.445	11117.3	14.7186	39.3642	9.95365	1118.63	0.0327281	1389.07	0	541.186	0	2434.77	0.533284	0.757435	0	15601.6	187.645	1195.77	3.91833	2.23502	182.395	352.226	6.17928	37355	0	7.53452	0	58.2801	0	7.66576	40.6158	5048.86	0.217882	83.2366	0.257372	10.4083	0.205427	2863.97	0.691721	378.687	0	19.5178	0.00505051	2797.33	15.9096	66.4954	28993.3	577925	45.4579	3962.38	0.123434	90116.1	5.67721	0.440324	2.35685	44.9133	3.24749	2.80777	10.4804	55.8477	10.1038	484.822	50.7439	8582.39	0.00469484	1.02151	211.43	6895.84	0.576622	1.64627	0	4.37258	113.499	5416.47	7.31936	0.162214	228.128	10455.7	60.1433	2960.86	1.66988	881.207	4.2496	622.002	18.7919	98818.9	22.443	59702.1	2.63959	86740	255.455	2.00233e+06	270.106	64964	57.7974	1.10926e+06	0.239798	3.09257e+06	237.658	1.46719e+06	3.94144	618693	120.078	680957	506.178	789.228	282.414	16663.9	422.374	1.24338e+06	34.7979	156730	10.1154	105239	250.8	2.29742e+06	
7.71659e+07	SFG_L_7_4	2.9292e+06	200122	2.42767e+06	8.22455	30.0058	42.8399	0	15975.1	6.31247e+06	1.33921e+06	0.0193126	0	0.037452	0.0458372	279.414	2.76921	309.562	278.921	41.8524	0	74.6409	1.55811	132930	3.62374	3.75952e+06	197.496	6.28442	0.00343643	114.557	0.105994	21.9329	0.180984	480.023	1.01944	181.707	0.260682	7.47864	5.48591	2952.71	62.4413	0.012703	0	0.0413596	0.0119133	0	0.0030581	3.80203	0	0.00277778	0	0.463501	0.037011	81885.2	64.1601	942759	15977.1	35920.3	35.6332	421866	2735.18	273079	63.5366	1.48537e+06	849.024	0.087282	25.2106	1.65754	4054.25	1021.37	0.0340078	182.19	0.939529	3.10883	0.201615	19.935	0.931534	20.7742	0	4.63363	0.201036	92.7046	0.0131519	128.235	0	2.18813	0.536092	75.6521	0.0132937	0.218137	0	0.154786	0	0.121511	0	2.36261	0	0.0992186	0.206334	145.494	0.00343643	0.0213456	0	7.65993	0.0963622	3.81955	13.1814	2.15307	0	0.00323625	0.455785	0.0919533	0.119952	0.0609544	0	0.00323625	1.01287	10.6381	0.15159	0	0.227383	21.3649	0.0862723	0.00694444	0.0547166	14.0789	10.434	0.573184	0.19164	2.93335	0	988.744	22.8907	8.29198	0	12.9221	1.49677	12.5912	0.390586	0.0299966	0	34.5864	0.00347222	14.0273	0.00469484	2.58734	0	4.23607	72.3061	0.237926	137.649	0.0437257	0.469175	0.032124	118.626	72.1589	0.00595238	0.0224616	0	5.07347	0	268054	18.7038	6.71481	0.00350877	0.474948	0	224.59	0	379.201	0.0271292	1.5114	0	12087.7	0	0.428452	26.9642	0	1.29165	0	0	0.00606061	79.5944	0	3.75062	0.00900901	0.202901	0	0	14.6869	73.1968	0.0623256	0	0.517148	0	0.0229885	23.2276	0	0.00617284	4.54663	0	0	0.017316	41.9567	0	14.5134	793.264	49.3483	0.0921856	3.71967	0.0037037	85.1759	943.025	93.0269	0.0601585	483833	4099.01	2.00833	4.27592	0.820181	0.0186562	9.31784e+06	12016.8	1108.82	0.378023	628.086	0.883279	314.022	33680.2	29727.9	153.042	35.6167	21.2193	6.69207e+06	72.8427	13540.5	142.318	17.7353	0	17896.7	11.6104	5377.35	0.0242504	77.0051	0.0199447	1.29686e+06	187.136	
6.43093e+07	SFG_R_7_4	153367	1.57461e+07	23082.4	555240	21	499.45	15975.1	0	9439.46	68982.8	0.00793651	0	0	0.46104	0.61912	97694.8	0	55891.4	0.188966	0.00320513	0.0141622	852.202	1205.34	425192	506.026	870118	0.267363	0.152558	0	23445.6	0.187251	76.6	0	58135.6	1.22014	5.1003	0	1.10427e+06	0.0398254	978413	0.00383142	0	0	3.06884	0	0.0190255	0.158475	0.0183987	0	0.00854701	0.0548028	11.9741	0.0592157	942.262	3.1383	982976	110.381	8.03038	116.598	483.464	0	125496	0.341173	407034	0.246282	19.486	0.0536742	6.29599	11.773	0.227448	0	0.365427	0	85.4435	0	0.245865	0.62125	0	0.00217865	0.140527	0	28.272	1.09553	0.474668	0	2530.89	0	29.8723	0.0614926	0.0803788	0	0	0.0778955	5.52556	0.0690885	3.69537	0	387.891	0	9.93589	0.0156079	0	0.120522	0.145721	7.54242	0.0134034	0.0324208	0	0	0	0	0	0	0.0281454	0	0	0.253871	0	0	0	0	4.66131	0	3.37615	37.2561	2.14253	2.04456	1.21412	0	0.57053	26.8446	25.2059	1.46189	0.126521	1.70692	23.667	0.087796	9.46762	0	670.716	0.0218579	709.392	0.0494536	1.35399	0	144.791	2.09845	0.21798	1.20723	3.72948	0.0803171	0.0030303	1.11327	0.00617284	0	9.84697	0	0	0	4.65546	40.4929	25.2373	0	0	0.00185185	0.0277898	0	0.234903	0.00383142	0.829739	0	0.02764	0	719.46	0.00546448	0	0	0	0	0	0.0860775	0	0	0	0.0893416	0	0	0	287.531	1.49487	0.319183	0.0301056	1.87371	1.0398	0.115877	1.067	1.91018	0.218252	0.0703715	0	0	0.0520266	2.21762	0.916271	48.0539	1.49438	0.204036	0.625859	0.0925584	0.0548269	0.79543	65384.1	1.553	6.91539	21.0849	2.16272e+06	0	0.025736	0.224737	2.48999	311.884	7.76506e+06	47.074	32.8432	17.0033	7.40581	559.91	1034.09	2.00437	939.613	0.0348246	337.319	711.427	420646	158.749	5239.3	0.0183761	0.173895	740.774	1417.74	149.714	0.00347222	0.680786	2.67037	178.834	17285.9	
2.19474e+07	SFG_L_7_5	87556	8357.85	3.34304	0.769341	14362.2	4.1624	6.31247e+06	9439.46	0	957808	5.17779	0.00877193	0.00833333	0.0243247	0.00740741	0.372744	0.558642	32.9433	0	0	0.067027	1.53077	0.685829	2.81934	4.71959	20.7702	7.85505	0.00193798	0.260815	0.0722473	0.0125831	0.125707	0.00546448	0.946364	0.643914	0.196982	0	1.48126	0.0891266	80.5102	0	0	0.0202721	0.0119133	0	0.0030581	6.62344	0.00193798	0	0	0.200717	0.00387597	7532.62	189.947	758668	81317.4	4.71975	1982.52	276866	36374.8	46.0909	73.1953	12861.6	421.148	350	1817	116914	75270.2	136.687	0	0.0230502	0.212071	0.00546448	0.0804815	0.00606061	0.159955	3.89072	0	0.00546448	0.0793486	0.0542208	0	15.4176	0	0.00606061	0	0.0244669	0.00347222	0	0	0	0	0	0.0030303	0.00606061	0	0	0.00343643	0.216712	0.00343643	0	0	0.225382	0.015873	3.39257	0.523995	0	0	0.00323625	0.122012	0.00323625	0.0805158	0	0	0.00323625	0.122012	2.06525	0.0042735	0	0.122012	0.0242424	0.0311426	0	0.0138889	4.91006	3.50424	0.25759	0.0305866	0	0.00641026	2.13824	11.6747	0.94671	0	0.118561	0.12458	0	0.19724	0	0	0.0280733	0	0.0070922	0	0	0	9.56414	23.2278	196.428	202.536	0	0.65144	1.01459	21.1371	0	0.00666667	0	0	0	0	0.0995546	3.18782	0	0	0.0159686	0	0	0	0	0.0439242	0	0	0.00546448	0	0.00775194	8.19006	0	0.0819142	1.01396	0	0	21.1351	7426.73	0.0786241	4162.45	2302.65	0	0	4.66176	2.86573	0.0172757	0	0.0690634	0	0.00574713	1.01806	0.0047619	0	0.0379855	0	0	0	1.22086	0	2.14691	103.932	0.252677	0.0142607	0.0497966	0	12.2873	320.619	11.189	0.0297258	53078	1260.6	0.430614	0.326659	0.222759	0.01615	660238	6255.38	125.882	0.180403	28.5683	1.09815	95.5175	202.374	3.37377	14.4211	18.2579	7.08954	1.23657e+06	62.3963	1721.72	88.518	6.65811	0.00268817	3746.12	3.32633	1344.78	0.021164	21.5237	0	232861	66.2066	
3.18165e+07	SFG_R_7_5	175407	5.2997e+06	1778.24	0.708964	456.142	0.737775	1.33921e+06	68982.8	957808	0	15.1553	0	0.0201465	0.0310475	0.246625	10.6833	0.241072	9065.88	0	0	0.00490196	4.70864	80.3303	890.415	894.27	8794.78	0.0589578	0.0130732	0	1208.88	0.326932	0.273906	0.62456	1.67063	0.365155	0.02056	0.00564972	38.7663	0.352435	2675.99	0	0	0.003367	0	0	0	0.0341174	0	0	0	0.0556942	0.00421941	339.862	89535.1	15492.4	1.98057e+06	67.013	2.14207	15331.3	287769	12.3591	9568.65	348.284	505778	0.898204	9069.5	353.038	625462	1.65379	0.0263001	0	0.109597	0	4.53693	0	0.0744935	0.0409314	0	0	0.0474736	0.0754528	0.0150877	0.164897	0.161707	0	15.8601	0	0.0150877	0.0152376	0	0	0	0.0770427	0.0308356	0.113761	0.0153247	0.0196078	6.15478	0.439036	0.00574713	0.0147368	0	0.0687732	0	1.0728	0.0307283	0	0	0.00314465	0.00653595	0	0	0	0	0.0208232	0.0278867	0.0382124	0	0	0	0	0	0	0.00326797	48.6424	17.1392	0.266927	0.0035461	1.29118	0.872862	53.1769	45.7507	0.415991	0.00362319	0.421326	10.7724	13.1311	1.6828	0	0.708834	0.0486687	0.105647	5.63505	0.332003	0	0.00641026	56.3016	854.139	32.1032	8876.84	6.7518	0.117579	16.2326	1393.06	0.00740741	1.48316	0	0.00641026	0	0.787772	235.065	35.9214	0.0145724	0	0.0341174	0	0.0667357	0	0.0579384	0	0	6.17685	0.60034	6.60033	4.04856	0.175665	3.17778	0.392032	0	0.148148	33.2502	0.845423	0	1641.24	6.55229	45892.8	0	0	357.126	1.56015	0.0358881	0	0.102531	0	0.0778796	1.8598	0.103203	0	0.0119603	0	0	0.050584	0.545002	0	11.8082	0.595387	0.015281	0.0254177	0.0335172	0.0122911	0.0182683	972.16	0.137166	0.130314	1.12729	42734.7	0.155601	0.567062	0.0248628	0.582184	137.801	3.71771e+06	12.5636	2.89941	4.46978	1.31247	0.084104	3177.28	114.042	1.18532	0.0715453	196.83	67.5362	522030	33.6125	68182	0.0187831	0.00775194	296.174	26275.1	61.5661	0.892606	0.13623	4.45358	198.81	59607.5	
9.79804e+06	SFG_L_7_6	4664.73	34909.9	21.9805	32609.6	3.9372e+06	402172	0.0193126	0.00793651	5.17779	15.1553	0	17506.9	49515.9	26.4723	3.57776	21436.8	0	0	2.94142	3.34783	0.0677222	104.613	0.583973	163.946	0.00854701	0	3.03084	2.419	0	0	0	10.0046	0	30.6294	0.0114943	0.0205018	0	0.148785	0	0.0253968	4.20235	0.0600471	0	0.210513	0	0.057209	2.22403	1.61511	26.8325	0	0	0.014186	0	0	0	0	4.33189	0	0.0798701	0.0214785	0	0.00469484	0	0	687.764	0.00606061	6.11618	0.34282	1.96535	0	0	0	0	0	0	0	0	0	0	0	0	0	0.116093	0	0	0	0	0	0	0.00350877	0	0	0	0.00350877	0	0	0	0	0	0	0	0	0.00193798	0	0	0	0	0	0.115934	0.0423737	6.1998	0.0423737	0.00537634	0.0194257	97.9902	0.0761062	2.54765	0	0	0.0431907	0	0	0	0	86.1095	0.00311526	1.02942	0	0	0	1.97169	0.0953528	0.00546448	0	0	0.0035461	0	0.0035461	0	0	0	0	0	0	0	0	5325.46	0.296699	6085.4	0.127091	8660.03	1.62115	6532.34	0.738235	0	0	0	0	0	0	0.0438388	0	0	0	0	0	0	0	0	0	0	0	0	0	1969.08	0.0893496	1626.31	6707.07	225359	273.692	4528.38	4.75324	125985	1.11211	1336.03	0.512654	1759.12	0.00877193	0	0	0	0.00416667	0	0	0	0	0	0.044246	0	0	0	0	0	0	0.00374532	0	0.00193798	0.366704	0	0	10.9956	0	0.11215	0	87.8195	0.337635	237.527	0.929948	0.0424242	0	0.312514	1.07614	2.21927	0	0.159707	0.017019	6.79231	818.216	0	0.0741997	0.0545392	0.100752	74.8288	0.182886	0.0946325	0.004329	0.950541	0	41.8107	3.74447	52.2717	0.936884	12.2199	0.0406036	167.723	3.46809	
1.54219e+07	SFG_R_7_6	3.08677	220269	618.195	0	800604	3.256e+06	0	0	0.00877193	0	17506.9	0	131345	2.96499e+06	53516.8	0	0	0	29826.1	0.0469136	486.728	269.695	3.31363	23.0537	0	0	7565.22	0.953166	0	0	0	94.7758	0	41.7836	24.2702	11.2714	0	1.33411	0	0	0.0290404	0	0	0.189206	0	0	0.0187945	0	0	0	27.4596	3.69013	0	0	0	0	0	0	0	0	0	0	0	0	0	0.484506	0	0	0	37.4405	0	0	0	0	0	0	0	0	0	0	0	0	0	0.164397	0	0	0	0	0	0	0	0	0	0.0652049	0	0.0364037	0	0	0	0	0	0	0	59.5776	0	0	0	0	0	726.053	0	364.961	0	0.041957	0	1107.29	0	117.185	0	150.301	0	0	0	0	0.0156392	0.0042735	0	0	0.00343643	0	0.0154199	0.00529101	0	0	0	0	0	0	0	0	0	0	0.00392157	0	0	0	0.0281481	27.692	0	2.6669	0	20.7354	0.0568906	28071	0	0	0	0	0	0	0	0.0208384	0	0	0.00182149	0	0	0	0.00505051	0	0	0	0.00505051	0	2.05071	31.3205	253.739	88992.8	100.443	63500.9	0	24089.4	0	0.361742	0.00724638	31.9062	0	13618.7	0.00347222	0	0	0	0	0	0	0	0.00311526	0	0	0	0	0	0	0	0.0037037	0.00333333	0	0	0	0	0	0.0042735	0	22.7106	0	1267.02	0.00182149	1709.79	0	14.4921	0.00343643	542.664	0	0.142836	0.00182149	2307.49	0.0035461	203.406	0	0.677942	0	19.3426	0.00343643	59.2806	0.0042735	1.23169	0.00740741	0.64862	0.0042735	113.561	0	24.5186	0.01219	10.8204	0	128.758	
8.78852e+07	SFG_L_7_7	313.093	356.495	5.47048	0.0991774	1.45107e+07	664749	0.037452	0	0.00833333	0.0201465	49515.9	131345	0	7.01276e+06	5.43396	0.172442	0.00387597	0	554854	10153.2	1430.46	685.606	17.8626	0.0213529	1.12356	0	8.46965e+06	2.24085e+06	0	0	0.0850797	0.0758914	1.77774	3.34494	175161	0.91548	0.641173	8.03486	0.00362319	0	416403	216.878	9095.6	1938.09	0.0111672	552.54	2658.53	234920	170.314	0.0967949	127237	68.2534	0	0	0	0.00326797	4.92795	0	1.59544	0.00222222	0.0146459	0	0.0159686	0	201.889	0	0.483898	0	8.57796	1.06972	0.0126507	0.272891	0.511207	0.0285732	0	0.116655	81.3903	0.131199	1.53815	0.0784779	1.30713	0	32.9907	0.0539861	0.0180477	0	51.275	0.0117557	0.0866817	0	0.0671098	0	0.0564649	0.0279659	0.19688	0.00287356	0.152946	0	0.0188034	0	0.0144945	0	16.9353	0	1.18774	0.0030581	0.936338	0	0.978565	0.033583	4.79778	0.0142101	0.00406504	0.0381452	1356.62	0.0928198	87.5543	0.0037037	0	0.270858	0	0.00333333	0	0.0306186	10.496	0	18.7425	0.134116	0.175901	0	4.82201	0.0031746	23.3187	0	292.677	0.0786196	0.232461	0.0272742	0	0.00411523	3.2743	0.00387597	6.69685	0	0	0.015882	33591.7	2.9753	8183.9	0	39431.4	16.469	144130	20.8556	0	0	0	0	0	0	0.866982	0.00222222	246.57	0.0126385	35.8286	0.773665	0.448008	0	28132.1	0.0483156	0	0	0.0875667	0	11576.8	0.180187	57321.8	157503	7.88756e+06	265.631	17271.6	64.1734	358630	1.2225	127115	0.104056	140703	5688.58	677.041	0.20259	480.188	0.212768	1195.74	0.20962	0.237283	0	16.5707	3.6247	1053.08	0.0124034	0.0189135	0.00308642	18651.4	0	478.913	0	1731.12	1.70852	180.252	0.0021097	418.895	0.0514254	3.29933	0.594043	2559.83	0.289197	5597.23	2.08691	182.022	93.8797	5.7747	0.118809	1641.07	16.2817	264645	0.580843	1023.5	0.113657	2761.28	2.16114	549.527	0	803.879	0.00222222	0.425631	0.235113	203.671	0	36.2095	0.28607	247.634	0.0207937	392.025	0	1470.11	0.350387	
1.10489e+08	SFG_R_7_7	0.190995	143.678	0.5345	0.157902	185064	6.26044e+06	0.0458372	0.46104	0.0243247	0.0310475	26.4723	2.96499e+06	7.01276e+06	0	0	0.0522619	0	0.0582641	315400	315829	6304.55	12758.7	0.00383142	0.0978756	0.00162602	0	4.50143e+06	1.56076e+07	0	0	0	2.06465	0.00928604	0.0185714	1418.12	55580.2	0	99277.7	0	0	468910	463152	3375.51	526348	2845.3	6012.85	283315	3.12205e+06	117.627	6815.41	8440.89	613272	0	0.0127595	0	3.77008	0.0953501	0.0782231	0.0903173	4.18887	0	0.0844119	0	0	0.00323625	0.15424	0	0.0161622	196.139	1032.23	0.00275482	8.57278	0.110995	1.12761	0	8.78487	4.73719	197.034	0.472726	0.25135	0	0.762547	21.13	802.399	0	6.30033	0.0110677	1.1543	0.172416	2.32731	0.0111336	0.00378788	0.0659061	50.5484	0.0221738	0.901394	0	25.3308	0.00229885	1.34356	0.00913285	0	5.25863	361.072	1.39178	411.133	0.490184	0.0629624	0.367949	320.469	0.363248	97.7968	0.0110667	6.02091	0.0117531	621.691	1.44435	96.7034	0.002331	55.0515	0	0.0625833	0	0.158879	60.6543	190.749	1469.02	4079.22	0.00350877	0.28892	3.42551	155.62	9.51829	18.6771	29.8846	528.811	0.0035461	517.422	0	0.374877	0	17.2351	0.131485	0.0399989	0	70.9502	192.191	1006.1	0.0175836	0.44358	299.902	760.507	2.90395	15194.6	0	0	0	0.290847	0	0.00444444	0.123786	4.54365	0.147662	1204.18	10.7611	901.256	0.060286	0.78501	1.29354	8189.84	0	0.0681381	0.00238095	11.2418	2.42467	1471.32	46579.6	1.18281e+06	691.119	8919.16	0.0604787	67802.8	0.0526912	1.13748	0.00555556	206.349	4132	702285	1.16957	780.55	363.434	13895.8	1689.97	85614.3	0.144382	18.7178	7443.35	94261.6	1.08365	6.9152	0	4.73371	3488.52	21632.3	0.431507	0.0720984	3798.66	29491.5	493.422	3267.4	26.1125	1.4026	67.1568	6337.01	73.8106	3481.32	692.57	21461.7	426.553	571019	71.5474	14996	3288.15	714175	667.088	6.09777e+06	1.48172	8930.16	865.879	2.33079e+06	19.018	82619.6	0.865517	27988.6	72.8883	417.357	2119.16	35550.9	150.129	72793.5	68.9056	20671.3	23.7344	43476.5	43.3956	19100.2	
3.77702e+07	MFG_L_7_1	0.343425	4471.26	10924	366.137	7.68633e+06	644758	279.414	0.61912	0.00740741	0.246625	3.57776	53516.8	5.43396	0	0	254.358	4.73799	0.165725	4.41677e+06	6.66406	1.70633e+06	1113.87	4.24885e+06	48.1349	23.2261	0	20283.1	0.043813	7.01822	0.0216612	9869.35	499.563	872.316	2518.65	20985.9	263.305	50.5731	8.31046	147.391	0.102945	0	0	0	0	0	0	0.540674	0	0.00505051	0	169.714	0.162402	2.00656	0	0.082884	0.00401606	15.0099	0.0169913	5.56946	1.53066	42.7771	0	186.095	0	0.283338	0.668443	0.0242623	0.00617284	372.186	0.0499897	0.893944	0.0871021	7.10078	0.217176	0.0207729	0.221086	7.5335	0	0.888406	0.22013	0.0195491	0.0110279	16.4558	0	0.00396825	0.046964	0.643409	0.0037037	0.101302	0	0.00456621	0	0.20848	0	0.0723004	0	0.00456621	0.0753717	0.768766	0.0125664	0.0328963	0	9.99489	0.003663	0.00326797	0	2.71012	0	0.0310915	0.003663	0.135001	0	0.0590348	0	0	0.00401606	2.32904	0.003663	0	0	0.0490166	0.0037037	0	0.0037037	140.971	0.0348432	4.69797	0.0152415	0	0	48.9795	0.251399	90.3609	0.00387597	93.2933	0	1.9924	0	0.10516	0.0205323	0.458305	0.0166667	9.61372	0	0.237868	0.00529101	0.442252	0.0643123	0	1.47469	0.00529101	0.0204145	0.00555556	19.9185	0	0	0	0	0	0.00497512	12.2422	0.20007	77.9051	0.00333333	0.0512421	0	8.6771	0.0242745	1392.88	0	0.600916	0	721.961	0	0.00456621	0.00456621	0	475.589	0.0392157	5.00458	0	0.284136	0	0.00641026	0	2.19373	0	0	0.0943338	0.00421941	0.248982	0	0.911388	0	0	0	0.00350877	0	1.66169	0	0	0	3.71967	0	0.727572	0.42185	1.5912	0	0.42031	0	0.0759345	0.581947	1.94079	0.109009	327.116	4.14752	683.051	1.026	0.291873	0.00456621	3362.85	18.4177	27.6205	0.870648	137.499	0.0246914	6949.94	87.2336	4121.37	12.6997	199.285	1.2286	6072.92	1.04409	96.8529	0.975781	2186.11	0	3595.03	28.6896	6520.9	7.67377	6672.06	0.806833	10427.6	27.1607	
4.35422e+07	MFG_R_7_1	4791	18370.4	28451.9	1.13608e+07	177355	1.28625e+06	2.76921	97694.8	0.372744	10.6833	21436.8	0	0.172442	0.0522619	254.358	0	0	6.3037	0.0070922	506120	0.0070922	1.66382e+06	1591.07	6.30861e+06	0.0634058	112940	0.0070922	255.66	0	2.49702	0	71775.9	0.0070922	66801.3	0	17.7054	0	1095.94	0.0070922	305.202	0	0	0	11.2296	0	0.0726191	0	0.00347222	0	0	0	44.3037	0	2.04395	0	426.112	0.116663	2.89957	0.112107	3.3917	0	4.27342	0	15.1711	0.0169312	0.00653595	0	0.00740741	0	0.00326797	0	0.829472	0	0.212527	0	0.523663	0	0.043358	0	0.181675	0	23.9883	0	1.62315	0	339.685	0	72.5034	0	0	0	0	0	0.00529101	0	0.0198413	0	111.045	0	7.98427	0	0	0	0.0137044	0.003003	0	0	0	0	0	0	0	0	0.0137044	0	0	0	0	0	0	0	69.5024	0	6.75493	0.209969	0.497587	0	0.67534	0	0.35075	0.430943	40.7682	0	0.123217	0.00358423	7.64125	0	23.5768	0	24.5441	0	286.655	0	0.0891679	0	315.488	0.0030581	0.0796282	0.0333443	0	0.0340938	0.0735667	0	0	0	0.070927	0	0.0273934	0	0.0698448	0.27769	10.8021	0	0.424396	0	0.00833333	0	0.866182	0	3.0512	0	0.15351	0	3.15221	0.0340938	0	0	0	0.0701001	0	0	0	0.0333443	0	0	0	0	0	0.0200785	0.00362319	0	0	0	0.219559	0.00497512	0	0	0.0135787	0	0	0	0	0	0.348767	0	0.00362319	0	1.49818	0	1.52093	0	2.5511	0	0	0.00680272	92.3403	0	49.8448	0	0.168081	0.310746	3197.8	0.002331	0.0403937	0.002331	0.205802	0.463959	18350.1	0.0306824	1211.88	0	3.18379	0.0322487	1625.61	0.093257	60.7993	0	0	0	6998.46	0	412.743	0	154.573	0	8294.71	
2.31954e+07	MFG_L_7_2	5.13729	0	55.3669	0	0.348252	0.00469484	309.562	0	0.558642	0.241072	0	0	0.00387597	0	4.73799	0	0	0	43.8408	0	183914	0	1.81297e+06	0	3.28336e+06	0	0.929686	0	122869	0	69358.6	0	42381.2	0	58.3855	0	1.49079	0	63285.7	0	0.0030303	0	0.0154271	0	0	0	0.0450642	0	0.0149328	0	0.380887	0	1361.49	0	832.243	0.0662055	16.2871	0	0.612942	0.0859096	68905	0	5.81893e+06	0	0	0	0	0	1327.67	0	281.443	0.00358423	27.6717	0	1.438	0	3018.64	0	2129.52	0	489.025	0	5360.18	0.0022831	7722.73	0	1030.6	0	406.119	0	338.006	0	50.4001	0	162.091	0	3679.24	0	15481.1	0	101.503	0	847.094	0	0	0	326.023	0	0.00520833	0	0.00392157	0	0.00401606	0	0	0	0.120638	0	0	0	80.086	0	0.127833	0	2.49612	0	1.01884	0	28.1513	0	78.2817	0	7.64884	0	8.53601	0	9382.86	0	21.0034	0	37266.5	0	1435.15	0	55.9838	0	0.0218638	0	0	0	0.00537634	0	0	0	9634.95	0	0.598517	0	7896.56	0	2435.5	0	23.7427	0	0.0318107	0	78.2819	0	509.753	0	0.0255675	0	1673.6	0	0	0	0	0	0	0	0	0	0	0	0	0	0	0	0	0.0184973	0	0	0	0	0	0.00497512	0	0	3.27097	0	0.121948	0	0.638125	0	0.00392157	0.00411523	15.4039	0	0.370025	0	0.0100045	0	0.0450431	0	9.02816	0	6.27537	0	0	0.00680272	8158.38	0	8.66106	0.0204082	33.364	0	17.1018	0.265671	5230.46	0	0.777801	0.0047619	1168.57	0.0181414	2.40973	0.0746541	7.1421	0	163.806	0.0045045	137.908	0	46.5074	0	617.392	0.0424771	
1.30779e+07	MFG_R_7_2	667.383	50130.3	37.9773	310.681	1.37054	15.3725	278.921	55891.4	32.9433	9065.88	0	0	0	0.0582641	0.165725	6.3037	0	0	0	0	0	449.828	7.82807	2.33182e+06	4.49236	142230	0	0.00294985	0.00606061	846542	0	38.4519	0.00606061	328.879	0	0.246599	0	4571.7	0	10205.1	0	0	0	0	0	0.00326797	0	0	0	0	0	0.157368	0	37187.3	0.563052	955380	6.85539	4067.05	4.49968	18.018	0	1216.76	0.00694444	1.82126e+06	0	0	0.108099	0.00793651	0.0900528	0	0	0.0168041	0	0.587761	0	0.0359588	0	0	0	0.327697	0	4.24056	0.00343643	0.30513	0	46517.6	0	5.52737	0	0.00330033	0	0.00490196	0	0.00330033	0	0.0179367	0	28462.9	0	1.9941	0	0	0	0.00330033	0.0173247	0.00343643	0	0	0	0	0	0	0	0	0	0	0.0145759	0	0	0	0	0.196956	0	0	0.0596646	4.21056	0.013172	0.363514	0	3855.79	0.435352	185.232	0.00323625	6.01171	0.0121212	27991.7	0	93596.9	0	30500.7	0	7843.24	0	267.632	0	14.0006	0.00314465	0.00469484	0	0	0.0117094	0.00490196	0	0	0	2490.21	0	363.359	0	2870.15	5.48784	951.225	0	0.0618865	0	0.0141988	0	0.00555556	0	0.0996317	0	0.050307	0	0.174522	0	0	0	0	0	0	0	0	0	0	0	0	0	0	1.12071	0.0145724	0	0	0	0	0	0.0334865	0	0	0.0030303	0	0	11.9741	0	0	0.00411523	0.273395	0	0.164464	0.0030303	0.535425	0.0346843	29.4567	0.0608978	0	0.188375	4616.88	0	0	0	0.0311218	2.11563	15316.4	0.165074	0.235924	0	0.031592	3.06011	200.593	0.0154189	10.4627	0	0.0626925	18.0018	958.329	2.63671	25.494	0	0	0.0868553	0.252132	0	0	0	0	0	36.1193	
6.11484e+07	MFG_L_7_3	0.228716	65.8681	60.6188	0	2.23797e+06	982330	41.8524	0.188966	0	0	2.94142	29826.1	554854	315400	4.41677e+06	0.0070922	43.8408	0	0	17965.5	7.01467e+06	6649.47	91683.6	2.94518	27.4576	0	1.46376e+07	19829	81.6973	0	389.451	15.9703	75.9057	25.08	98847	79.2089	32.6968	14.5508	74.2265	0.0205177	2.09187	0	42.7007	4854.56	0	0	35.7267	0	0.0232536	0	60706.5	313.502	5.10564	0	1.18085	0.0559832	7.84107	0.00311526	2.64212	1.40577	79.2851	0	2224.81	0	0.667998	0.0175469	0.0255848	0	262.387	0.0116162	4.39386	0.156379	47.3429	0.0767943	0.00456621	0.113206	78.4905	0	3.13138	0.0481021	46.7096	0.00314465	37.7058	0.0552227	0.12279	0.00347222	1.23871	0.00314465	1.63423	0	0.0375156	0	0.932099	0.00292398	4.63236	0.00292398	0	0.0136111	211.705	0.00333333	1.1503	0	26.7423	0.00277778	0	0	4.18132	0	0.0557989	0.0289958	0.13199	0.0286384	0.0317708	0	0.137516	0.1159	2.54009	0.0116162	0	0.00326797	0.243062	0.00314465	0	0	130.128	0.00358423	4.71233	0.0915202	0.00469484	0	46.1387	0.340448	46.9403	0.00358423	70.9364	0	1.0607	0.00275482	0.774663	0.0165638	0.0891544	0	6.78483	0	18.6293	0.0368865	5.79356	0.0606374	1.14305	0.00469484	3.19567	0	4.73252	0.93802	0.103648	0	11.4356	0	0.103648	0	13.7398	0.0319068	221.086	0	0.112821	0	10236.5	0.0961681	8591.06	0	146.528	0	13224.6	0	0.211816	0	33.7847	259.714	85.4962	0.0479723	0.459937	1.10402	12.8412	0	5.43511	0	0.00378788	1.31395	0.882823	0.0404414	1.14613	0	4.7721	0.00280112	0	0.113174	0.0165689	0.0412913	0.870178	0	0	0	112.642	0	3.44223	0.00362319	1.85939	0	1.24573	0.00358423	0.0155039	0.11944	0.971081	0.00988456	299.797	3.79331	396.521	2.76144	0.195671	0.0150029	2060.33	10.8981	41.0034	0.2343	728.937	0.0136756	8949.4	32.1562	2990.28	3.16794	784.59	3.00861	6106.52	1.35594	103.856	1.1258	941.595	0.00833333	3254.49	20.5855	5319.55	5.79287	4104.72	1.64213	10313.6	17.9526	
4.51947e+07	MFG_R_7_3	0	0.994403	0	24534.4	7883.82	4.90113e+06	0	0.00320513	0	0	3.34783	0.0469136	10153.2	315829	6.66406	506120	0	0	17965.5	0	1301.42	1.2836e+07	0	57455.9	0	0	6083.83	3.76202e+06	0	0	0	300.551	0	407.125	42.3135	14813.2	0	3173.97	0	0.147054	0.0257267	0	29.6319	36494.2	0	0	0.00606061	0.557814	0.0235862	0	418.418	34327	0	0.00314465	0	0.0516868	0.00347222	0.295567	0	0.0199495	0	0.238453	0	0	0	0	0	0	0.0157648	0	0	4.5358	0	0	0	6.52445	0.00421941	0.0407512	0	0	0	0.219904	0.00421941	1.03788	0	5.48647	0	0.721367	0	0.00462963	0	0	0	0.169865	0	0.169865	0	9.23602	0	0.239216	0	0	0.00287356	0.00378788	0	0	0	0	0	0	0	0	0	0.00378788	0.00282486	0	0	0	0	0	0	0.743322	0	0.247879	0.0035461	0.121338	0	0.163994	0	0.0210091	0.0966025	29.4557	0.00444444	0.120524	0	0.125255	0	0.499995	0	1.01583	0	7.68833	0	0	0	85.5955	0.00314465	0.0461478	0	0	0.0134694	0.0187831	0.0134694	0.00546448	0	0.209965	0	1.87726	0	0	0.0176608	13.1542	0	0.0332133	0	0.589506	0	82.6364	0	0.264962	0	0.226974	0	59.2712	0.00333333	0	0.00724638	0.363241	0	0	0.0283874	0	0	0	0	0.00680272	0	0	0	0	0	0	0.0031746	0.166318	0	0	0.0031746	0	0	0	0	0	0.0031746	0.00469484	0	0	0	0.463942	0.00343643	0.0444393	0.0047619	0.0791021	0.003663	0.00497512	0.00282486	44.3325	0.0121222	176.599	0.00813008	10662.4	0.00347222	558.326	0.0047619	2.65437	0	1014.32	0.00490196	13761	0.0035461	927.565	0	18674.3	0.0142705	691.345	0.747613	2.17745	25.0875	2460.91	0.41435	1336.48	0.297288	2273.27	0	3957.62	1.14376	4000.62	
