data	data	3.84476e+07	1.05069e+08	9.41117e+07	6.83144e+06	1.64707e+08	9.05904e+07	6.33843e+07	4.60298e+07	5.24314e+06	3.49451e+07	6.78962e+06	1.66256e+07	1.05819e+08	6.52428e+07	1.48248e+07	3.06386e+07	1.75962e+07	2.30253e+07	2.1609e+08	3.94219e+07	2.40761e+07	1.18529e+08	1.58098e+07	3.05924e+07	1.32432e+07	2.11982e+07	3.75903e+08	1.29819e+08	2.75639e+07	3.84304e+06	2.34941e+07	1.57326e+08	6.38289e+06	1.60676e+07	1.70228e+07	6.95046e+07	1.92851e+07	1.2713e+07	4.35476e+07	2.05983e+07	3.93278e+06	1.21288e+07	7.72644e+07	5.18444e+07	7.77113e+07	2.14075e+07	1.21915e+08	3.54051e+07	1.45329e+07	3.46465e+06	8.65342e+07	1.47305e+07	4.15762e+07	1.08967e+08	8.4841e+07	3.39518e+07	2.54519e+08	2.70282e+07	7.61034e+07	1.22941e+08	5.01782e+07	1.25175e+07	5.99067e+07	5.05031e+07	1.94089e+07	5.37133e+06	3.55777e+06	1.22255e+07	4.9628e+07	9.53152e+07	4.01772e+07	3.06773e+07	1.97193e+07	1.2384e+07	5.58247e+07	3.18603e+07	3.32016e+07	2.13913e+07	5.80969e+07	1.44428e+07	2.58683e+07	2.39934e+07	7.58387e+07	2.72657e+07	4.7676e+07	3.04111e+07	6.27011e+07	3.63679e+07	5.10814e+07	2.77631e+07	4.8337e+07	700555	1.40499e+07	2.07051e+07	4.69161e+07	2.23793e+07	4.21618e+07	4.59313e+07	1.31997e+07	7.76600e+06	2.63697e+07	5.37645e+06	8.69641e+07	1.72089e+08	3.50146e+08	3.8421e+08	1.65571e+08	1.2721e+08	5.42141e+06	1.6618e+07	7.71196e+06	3.21983e+06	2.72408e+06	2.45230e+07	7.0576e+06	9.21182e+06	1.37242e+07	1.99838e+07	3.80654e+06	3.54543e+06	1.05514e+07	1.8865e+07	1.69722e+07	1.22407e+07	2.51375e+07	9.94315e+06	3.44099e+07	3.80981e+07	1.40068e+07	1.65545e+07	1.01035e+08	2.62964e+07	2.39571e+07	1.9669e+07	4.22367e+07	2.25981e+08	1.75763e+08	3.30098e+08	2.27484e+07	5.34992e+07	9.27817e+07	8.08249e+07	1.61938e+08	7.46441e+07	2.0734e+07	2.07859e+07	3.4691e+07	1.31114e+07	7.52503e+07	9.02223e+06	1.22749e+07	1.2255e+08	1.81425e+07	6.33608e+06	4.16149e+07	1.00226e+08	8.676e+06	1.11624e+07	1.56262e+07	4.34431e+07	6.73563e+07	4.96051e+07	9.02044e+06	1.51749e+07	2.50298e+07	5.96757e+06	1.67231e+07	2.51654e+06	4.60936e+07	3.41526e+07	9.09523e+06	2.55067e+06	3.76118e+07	1.41978e+07	5.51012e+06	1.43297e+07	1.95105e+07	1.95392e+07	1.80559e+07	3.29895e+06	1.03523e+07	2.53988e+07	9.01231e+06	475756	2.78497e+06	4.57318e+06	1.17934e+07	5.21565e+06	1.97667e+08	2.12937e+08	3.24335e+08	7.46776e+07	2.02716e+08	1.63228e+08	1.17284e+08	2.6627e+08	1.74025e+08	2.00139e+08	1.17062e+08	1.4982e+08	4.27098e+07	5.98695e+07	3.70494e+08	1.79081e+08	1.63921e+08	1.71673e+08	3.99417e+08	2.14289e+08	2.81096e+07	2.65328e+08	1.23466e+07	1.52033e+07	2.23867e+07	1.32276e+08	1.80809e+08	5.0848e+08	1.355e+08	2.87269e+08	7.45023e+07	1.59453e+08	2.90657e+08	6.17822e+08	1.88014e+08	3.23502e+08	2.31618e+08	2.2036e+08	8.30323e+07	1.98655e+08	1.90868e+08	3.94785e+08	1.10459e+08	1.60845e+08	4.50551e+08	8.83542e+07	1.46622e+08	5.47649e+07	8.56857e+07	3.35994e+07	1.57543e+08	8.89967e+07	6.9131e+07	8.24767e+07	9.84211e+07	8.86138e+07	2.22017e+08	1.75968e+08	
data	data	SFG_L_7_1	SFG_R_7_1	SFG_L_7_2	SFG_R_7_2	SFG_L_7_3	SFG_R_7_3	SFG_L_7_4	SFG_R_7_4	SFG_L_7_5	SFG_R_7_5	SFG_L_7_6	SFG_R_7_6	SFG_L_7_7	SFG_R_7_7	MFG_L_7_1	MFG_R_7_1	MFG_L_7_2	MFG_R_7_2	MFG_L_7_3	MFG_R_7_3	MFG_L_7_4	MFG_R_7_4	MFG_L_7_5	MFG_R_7_5	MFG_L_7_6	MFG_R_7_6	MFG_L_7_7	MFG_R_7_7	IFG_L_6_1	IFG_R_6_1	IFG_L_6_2	IFG_R_6_2	IFG_L_6_3	IFG_R_6_3	IFG_L_6_4	IFG_R_6_4	IFG_L_6_5	IFG_R_6_5	IFG_L_6_6	IFG_R_6_6	OrG_L_6_1	OrG_R_6_1	OrG_L_6_2	OrG_R_6_2	OrG_L_6_3	OrG_R_6_3	OrG_L_6_4	OrG_R_6_4	OrG_L_6_5	OrG_R_6_5	OrG_R_6_6	OrG_R_6_6	PrG_L_6_1	PrG_R_6_1	PrG_L_6_2	PrG_R_6_2	PrG_L_6_3	PrG_R_6_3	PrG_L_6_4	PrG_R_6_4	PrG_L_6_5	PrG_R_6_5	PrG_L_6_6	PrG_R_6_6	PCL_L_2_1	PCL_R_2_1	PCL_L_2_2	PCL_R_2_2	STG_L_6_1	STG_R_6_1	STG_L_6_2	STG_R_6_2	STG_L_6_3	STG_R_6_3	STG_L_6_4	STG_R_6_4	STG_L_6_5	STG_R_6_5	STG_L_6_6	STG_R_6_6	MTG_L_4_1	MTG_R_4_1	MTG_L_4_2	MTG_R_4_2	MTG_L_4_3	MTG_R_4_3	MTG_L_4_4	MTG_R_4_4	ITG_L_7_1	ITG_R_7_1	ITG_L_7_2	ITG_R_7_2	ITG_L_7_3	ITG_R_7_3	ITG_L_7_4	ITG_R_7_4	ITG_L_7_5	ITG_R_7_5	ITG_L_7_6	ITG_R_7_6	ITG_L_7_7	ITG_R_7_7	FuG_L_3_1	FuG_R_3_1	FuG_L_3_2	FuG_R_3_2	FuG_L_3_3	FuG_R_3_3	PhG_L_6_1	PhG_R_6_1	PhG_L_6_2	PhG_R_6_2	PhG_L_6_3	PhG_R_6_3	PhG_L_6_4	PhG_R_6_4	PhG_L_6_5	PhG_R_6_5	PhG_L_6_6	PhG_R_6_6	pSTS_L_2_1	pSTS_R_2_1	pSTS_L_2_2	pSTS_R_2_2	SPL_L_5_1	SPL_R_5_1	SPL_L_5_2	SPL_R_5_2	SPL_L_5_3	SPL_R_5_3	SPL_L_5_4	SPL_R_5_4	SPL_L_5_5	SPL_R_5_5	IPL_L_6_1	IPL_R_6_1	IPL_L_6_2	IPL_R_6_2	IPL_L_6_3	IPL_R_6_3	IPL_L_6_4	IPL_R_6_4	IPL_L_6_5	IPL_R_6_5	IPL_L_6_6	IPL_R_6_6	PCun_L_4_1	PCun_R_4_1	PCun_L_4_2	PCun_R_4_2	PCun_L_4_3	PCun_R_4_3	PCun_L_4_4	PCun_R_4_4	PoG_L_4_1	PoG_R_4_1	PoG_L_4_2	PoG_R_4_2	PoG_L_4_3	PoG_R_4_3	PoG_L_4_4	PoG_R_4_4	INS_L_6_1	INS_R_6_1	INS_L_6_2	INS_R_6_2	INS_L_6_3	INS_R_6_3	INS_L_6_4	INS_R_6_4	INS_L_6_5	INS_R_6_5	INS_L_6_6	INS_R_6_6	CG_L_7_1	CG_R_7_1	CG_L_7_2	CG_R_7_2	CG_L_7_3	CG_R_7_3	CG_L_7_4	CG_R_7_4	CG_L_7_5	CG_R_7_5	CG_L_7_6	CG_R_7_6	CG_L_7_7	CG_R_7_7	MVOcC	MVOcC	MVOcC	MVOcC	MVOcC	MVOcC	MVOcC	MVOcC	MVOcC	MVOcC	LOcC_L_4_1	LOcC_R_4_1	LOcC_L_4_2	LOcC_R_4_2	LOcC_L_4_3	LOcC_R_4_3	LOcC_L_4_4	LOcC_R_4_4	LOcC_L_2_1	LOcC_R_2_1	LOcC_L_2_2	LOcC_R_2_2	Amyg_L_2_1	Amyg_R_2_1	Amyg_L_2_2	Amyg_R_2_2	Hipp_L_2_1	Hipp_R_2_1	Hipp_L_2_2	Hipp_R_2_2	BG_L_6_1	BG_R_6_1	BG_L_6_2	BG_R_6_2	BG_L_6_3	BG_R_6_3	BG_L_6_4	BG_R_6_4	BG_L_6_5	BG_R_6_5	BG_L_6_6	BG_R_6_6	Tha_L_8_1	Tha_R_8_1	Tha_L_8_2	Tha_R_8_2	Tha_L_8_3	Tha_R_8_3	Tha_L_8_4	Tha_R_8_4	Tha_L_8_5	Tha_R_8_5	Tha_L_8_6	Tha_R_8_6	Tha_L_8_7	Tha_R_8_7	Tha_L_8_8	Tha_R_8_8	
3.84476e+07	SFG_L_7_1	0	2.01782e+06	9.40773e+06	5061.76	66857.5	1245.67	6.01462e+06	7248.91	77999.5	3081.96	23381.5	54526.3	35.8065	3700.2	0	107829	0	102.297	0.00273224	0	0.0405324	3.40842	7.04752	156607	0	27823.6	0.0647691	0.00628931	0.032182	0	0	0.912968	0	1.06893	0.0109741	0.139911	0.77756	1.093	2141.42	0.236229	0.0315015	2.92138	0	0.0256505	0.387182	0	1.07144	0.00595238	0.0363372	0.0483955	0	0	0	0	59.1839	0.00724638	61.6397	0	6.49846	0.293749	8796.06	0.0584758	8122.94	0.0280982	1394.37	2688.54	8.34482	160.098	0.221627	0	0.00512821	0	2087.21	0.00653595	0	0	0.160055	0.00387597	0.707617	0	0	0	0.166657	0.0037037	0.00564972	0	0.0193888	0.0037037	0.0173797	0	0.00340136	0	0.00378788	0	0	0	0.018297	0.213821	0.00340136	0	0.00378788	0	0.447356	0.0276971	0.237647	0	0.0630023	0	0	0	0.00374532	0	0.0592985	0	0	0	0	0	0	0	0.00378788	0	0	0	240.054	0.0335998	2.15394	5.15408	0	0	783.275	0.209791	0.044502	0	9.65774	0.0365458	0.040873	5.67924	0.0042735	0	0.00416667	0.0208384	0.185314	0.399585	0	0	74.3807	0.0669623	2908.38	1888.03	0.205169	0	168.893	0.590848	0	0	0	0	0.00775194	0	1261.9	6.48435	0.0635285	0	0.00387597	0.003367	0	0.00617284	0.0396176	0.00617284	0	0	14.1308	0.00617284	1.28128	0.117084	73.5518	13074.3	19.3417	2415.96	1767.07	0.362158	3889.6	0.232253	26.8499	0.654879	5.70782	36.0335	0.79127	0.0167082	0.281431	0	0.004329	0	0.18533	0.0426902	0.0383197	0.00219298	4.43693	0	0.405366	0	0.279089	0.00219298	0.725739	1.18846	1.13026	0	0.0466346	0.248045	0.0932351	0.00406504	0	0	141.131	2.41758	0.115015	0.00273224	0	0.00287356	8562.53	6.53345	0.233879	0.272845	1.34401	0	12790.8	170352	44.2276	4.04094	3453.26	0	550131	0.0418106	299.643	0.276844	41.9771	0	58209.3	0.140504	4466.09	0	6323.98	0	379060	0.140504	
1.05069e+08	SFG_R_7_1	2.01782e+06	0	1.40638e+06	613056	9978.58	15996.2	4.04314e+06	1.01035e+07	262784	1.00312e+06	2173.39	600152	0.999167	3.50705	0.0358821	18334.6	0	24317.3	0.378538	0	0	145.626	1122.34	7426.39	1.52529	6843.94	0.260956	0.00308642	0.00374532	12086.4	0	89.4252	0	108532	0.00245098	50.8676	0.00740741	102045	1.3031	1.33022e+06	0	0	0	0.243354	0	0.00383142	0	0.00383142	0.0030303	0	0	0	21.8072	37.8213	61920	177.625	3305.94	0.318674	12.8082	175.367	0.134932	26877.7	0.186309	1.36066e+06	519.313	1251.21	161.609	800.799	35.7348	64.0381	0	0.139144	0.00724638	52.8634	0	0.20401	23.6533	3.30595	0.0527453	0.249226	0	0.0218638	30.6939	4.53428	0.00383142	53.5874	0.0109756	0.511128	0.0315859	0.308054	0	0	0.214045	17.9861	0.0901095	0.115145	0.062688	49.595	0.003367	0	0.0599257	0	1.12056	38.1012	83.7517	5.12519	0.552219	4.32242	0	0.380335	0.00537634	0	0.0026455	0.752897	0.564285	0	0	6.61431	0.0220798	0	0	2.69901	0	4.42846	6.95818	111.481	18.3345	99.5092	18.0768	0.100989	313.504	2283.1	8.72701	0.0230159	73.2929	37.1417	9.2597	451.297	0	19.5277	0	140.547	21.0804	834.736	0	2.82488	2.29051	1895.8	869.233	2109.23	0.480939	1.59449	14.0842	762.951	0.0266667	0.0290381	0	0.0255102	0.165432	0.00775194	684.856	769.947	0.00347222	114.24	0	0.0569129	0.184024	15.7809	1.0465	690.686	0.00343643	0.698534	0.796047	3138.03	0.571219	6.17989	9.07991	4609.61	0.161914	22796.2	79.9242	1399.72	323.543	6.32139	4.4674	2370.31	0	0	268.615	88.051	0.00308642	0.00512821	0	0.371717	90.9517	8.20658	0.00308642	0.361244	0.200477	0.122257	1.23271	3.79647	0.0299852	0.538177	11803.2	1049.38	0.0124034	1.46353	0.0115442	4.83697	0	123.887	0	51.7758	715.866	4.45653e+06	0.0685824	113.159	0	3.06053	4806.74	1.87309e+07	0.282949	100.635	2.353	38.4941	27714.3	537172	194.871	22577.8	0.0868174	47829.3	16944.3	3.3055e+06	437.413	28161	0.0297049	0.0535295	767.701	467783	0.146072	39628.5	0.163046	11159.7	0.480546	1.62885e+06	
9.41117e+07	SFG_L_7_2	9.40773e+06	1.40638e+06	0	5395.17	1.57145e+07	80919.3	6.05592e+06	36.0209	4.04806	105.422	592.848	270905	54.309	4694.17	188316	56087.7	761.042	119.504	170.241	0	17471.6	88.6959	726815	75726.8	100.725	9693.51	38.1985	0	135700	0.0070922	3361.79	100.144	12164.6	71.2725	4.10844	17.6674	26158.6	2.14428	2.07147e+06	0.189208	0.0232042	3.85041	1.37931	0	28.706	0	22.856	0.024026	0.0330477	0.00537634	4.44395	0	6.66624	0.0042735	121.834	0.159639	584.287	0.00401606	39.3289	0.320385	125695	0.003663	92045.4	0.09454	943.164	2193.45	10.8902	88.996	320.252	0	0.227456	0	27273.9	0	0.0737153	0	39.2582	0	17.851	0	1.2951	0	148.547	0.0037037	3.22231	0.00323625	5.81048	0.0037037	1.58871	0	2.1224	0	8.06254	0	3.87642	0	13.453	0.0173189	0.603423	0	3.19423	0	541.095	0.0439412	129.818	0.0966955	131.705	0.013617	0.0864303	0	0.449933	0	6.95504	0.00262467	0.00401606	0.00564972	0	0	0.00401606	0	0.861657	0	0.215754	0	5417.35	0.641312	53.5599	146.36	1.47668	0	30029.6	4.31296	4.94648	0	1216.76	4.14032	18.8555	82.7139	0.0236985	0.00292398	0.921985	0	31.2503	0	0.0188034	0.00438596	47.1249	0.109517	8655.02	1800.45	2.81602	0	0.377195	0.0458747	7.69291	0.0047619	0	0	1.28192	0	8968.2	17.9937	56.3321	0	1.63332	0	50.8574	0	634.583	0	0.497155	0	41046.3	0	0	0	0	5509.73	0	2796.98	1.3348	0	0.0294486	0.15898	0	0.0249417	0.148295	32.2243	44.8776	2.30788	11.612	0	0.837844	0	12.5952	3.39167	2.91017	0.00855263	55.8628	0.00343643	43.651	0	21.7634	0.00855263	149.041	22.0831	32.9149	0	3.46125	11.4536	0.235905	0.183162	0	0	14100.1	99.6576	237.633	0.0246914	0	0.0122831	572495	110.236	5.1244	0.0546749	272.855	0	613665	175147	42256.4	17.107	101047	0	4.42664e+06	0.133905	1128.13	4.74621	10385.6	0.0030581	1.06586e+06	0.139229	596838	0	359542	0.0125942	2.44682e+06	0.193074	
6.83144e+06	SFG_R_7_2	5061.76	613056	5395.17	0	1221.6	473424	311.122	23299.9	14.0913	1.72055	437.515	0.0138889	0.121564	0.013265	0	1.19798e+06	0	111.822	0.00680272	0.0035461	0	15844.2	18.0448	14779	0.0393074	928182	0	0.003003	0	8.4528	0	2164.08	0.00775194	17449.4	0	339.478	0	5261.84	0.0310078	1789.31	0	0	0	0.013641	0	0	0	0	0	0	0	0.00793651	0.00854701	0.0123457	28.0926	359.58	14.5991	0.00584795	0.00378788	2.32197	0	26.5203	0	6.63123	0.400252	0.0193565	0	0.336595	0.131479	0.0175089	0	0	0	0.175841	0	0	0.0983784	0.111771	0.00275482	0.0210091	0	0	0.133755	0.00546448	0	0.0918459	0	0.127568	0	0.066108	0	0	0.0106776	0.295269	0.0106776	0.0703297	0	0.544378	0	0	0	0	0.00260417	0.481658	0.356485	0.0045045	0	0.101403	0	0	0	0	0	0.0037037	0	0	0	0.00555556	0	0	0	0.00411523	0	0	0.0144996	0.59503	0.0312978	1.79846	0	0.0310078	1.06103	23.7147	0.003663	0.00555556	0.236824	25.4571	0	112.085	0	3.67064	0	3.95958	0.0144148	2.53265	0	1.97766	0	14.4316	1.73054	5.81689	0	0.0185185	0	0	0	0	0	0	0	0	2.22199	2.45401	0.00392157	29.0853	0	0.0305624	0	0.163332	0	159.809	0	0.0460317	0	38.7171	0	0	0	0	0	0	0	0	4.22115	0	0	0	0	0	1.34409	0.0194658	0	0	0	0.0751401	0.313927	0.0194658	0	0	0.00297619	0.00574713	0	0.171715	0	0.0133344	20.5829	0.12941	0	0.0751401	0	1.03041	0	0.619032	0	0.0158641	8.12136	11917.2	0.00260417	0.405788	0	0	42.2079	81025.5	0	0.183425	0.0226134	0.226507	34.6031	9239.09	1.5376	1174.84	0	53.3858	71.6087	1169	1.05609	0.811087	0	0	0.989266	1364.79	0	278.868	0	58.4778	0.00406504	2219.39	
1.64707e+08	SFG_L_7_3	66857.5	9978.58	1.57145e+07	1221.6	0	1.17914e+07	5.18159	3.23485	7.19448	0.161651	2.29133e+06	623510	4.94177e+06	4.32488e+06	1.49909e+06	13478.3	8422.69	2.52885	8.70818e+06	353399	855945	342704	2319.46	35416.4	0.144566	1851.38	888350	3739.06	758680	0.0070922	282333	127362	248236	413.552	667.511	4876.58	434341	2.83102	2.88672e+06	0.003663	0.00680272	13.1305	25.4637	156.362	153.088	0.207544	132.722	3.65573	1.00314	0.0252381	354.994	44.7322	15.5391	0	55.5828	0.108367	130.867	0.00401606	0.843477	0.209183	219.744	0	39.0569	0.003663	463.401	0.0924074	3.28207	0.00694444	5938.64	0.0696987	36.557	0	797.186	0.151505	11.3002	0	609.327	0.0121768	532.017	0.0030581	27.5679	0	3599.23	0.097496	497.598	0.0130084	300.507	0	76.6659	0	151.326	0	1277.28	0.0977155	567.182	0	1938.39	0.0031746	34.7555	0	222.042	0	16929	0.478095	4172.15	0.329895	3336.65	0.0210457	19.9255	0.00245098	93.3908	0	170.25	0.0223192	106.484	0.0227937	0.218925	0	8.46243	0	23.798	0	6.20942	0	15399.8	1.05191	10634.9	3603.78	296.184	0	8320.96	5.49435	2886.85	0	24290.1	117.309	442.542	1373.86	0.690838	0	17.9356	0	896.041	0	461.109	0	550.34	1785.46	8574.74	1.0758	42.0224	437.018	5355.93	1783.26	160.098	0	3.11869	0	4.18658	0	631.879	1.71681	30528.5	0.0259173	31.0332	0	206052	0.00239808	167073	0.00239808	649.129	0	136730	0	5698.42	0.0550755	398752	78438.7	3715.35	3687.32	273757	0.73682	2572.86	0.00900901	31.568	0.0643315	56.0708	3588.45	71.95	8.76322	355.892	0.0191856	96.2609	0	30.2855	8.38574	70.9942	0	10074.1	6.25058	3972.53	0.00326797	2915.47	0	1246.36	33.0494	3542.25	0.0285853	141.604	813.723	2.9985	0.129597	6.54048	0.0773142	23898	59.0808	9712.5	0.29185	389.345	0.0116642	1.71551e+06	70.974	1268.39	6.01653	218780	0.128158	3.11179e+06	82869.5	2.67556e+06	84.8326	1.71143e+06	0.00628931	4.59976e+06	0.0120456	137.651	2.07818	310643	0	1.55461e+06	1.09474	1.41571e+06	0.0163655	1.2692e+06	0.0292913	4.96388e+06	0.0782819	
9.05904e+07	SFG_R_7_3	1245.67	15996.2	80919.3	473424	1.17914e+07	0	57.4469	4.15907	0.792777	1.20805	259275	3.45315e+06	802422	3.65996e+06	13632.2	3.90709e+06	0	0.00813008	203965	9.9875e+06	20354.8	1.7343e+06	375.45	6754.09	0.00401606	0.448059	501.018	176713	47.6732	1038.04	1912.26	527778	319.814	313764	0.468752	116002	486.288	20105.3	653.6	1.26085	0.010101	0.00520833	0	75186.9	0	0.269743	0	0.314908	0	0.0165347	0	13955.1	0	0.0387226	652.194	0.884139	469.222	0	0.387736	0.0174194	0	1.90481	0	1.14851	0.219219	0.796587	0.0244669	0.134824	0.480328	794.29	0	23.4209	0	63.2741	0	14.4537	0.271227	32.1542	0.00294985	22.4216	0	0.467799	0.33049	20.7231	0	3.40898	0	37.8704	0.00320513	9.23775	0.00340136	0.104241	0.0308313	492.878	0	0.933439	0.00333333	57.0501	0.00333333	0	0.00320513	0	3.67904	669.341	2.67378	3.60226	1.06468	72.8065	0	5.14944	0.00308642	0	0.0275275	6.61191	0	0	0	167.638	0	0.00546448	0	7.64949	0	0.795219	0.0943288	2.29521	0.23652	5.4564	0.095252	0.0489159	11.526	101.215	0.135702	2.26501	1.33729	2931.23	0	6838.28	0	0.0277778	0	17.0553	0	17.0279	0	153.85	0.252214	46.483	5.89924	17.3387	0.0376984	26.8156	1.94853	6.63576	0	0	0	2.678	0	0.00694444	4.94897	8.46976	0.173394	6561.24	0	132.063	0.00724638	35.4365	0.320602	31799.5	0	0.314286	0.806411	1406.28	1.47997	80.322	158029	30938.5	83.6559	0.285449	25.2893	4953.73	0.0402047	0	0	366.263	11.7479	0	8.96727	104.625	0.00330033	0	0	15.8653	3.51776	0.121785	0	1.11452	0.347274	62.1165	0.355299	107.253	0.0305217	665.227	4.72158	192.378	0.0589725	115.93	0.00266667	181.456	0.0146226	125.104	0	236.99	80.7927	76089.1	0.0478962	34851.6	0.00653595	33263.6	1161.49	414577	0.00239808	1825.16	3.77671	79954.9	8.05502	2.63987e+06	44.7359	77321.2	4.12725	1.75071e+06	1746.29	483998	2.30976	0.926364	2.28026	14332	115.662	216587	10.1291	263851	0.8803	333749	3.81447	960631	
6.33843e+07	SFG_L_7_4	6.01462e+06	4.04314e+06	6.05592e+06	311.122	5.18159	57.4469	0	121482	789174	72540.4	5.9596	12344.4	0.390571	607.985	5.02892	1869.42	29.372	9.80084	0.26351	0	5.96205	0.958818	58001.2	455.386	11750.1	450.015	0.262706	0.00252525	198.383	0	4.9469	1.37013	0.1335	1.7354	0.0180431	0.437683	34.8116	2.47036	10501.5	1.59237	0	0.132198	0.00282486	0.00260417	0	0	0.00401606	0	0.00775194	0	0.0374147	0	23106.6	41.6906	142034	3157.25	4059.18	0.0957904	108208	510.685	99575	0.298172	223797	130.142	146.233	1807.48	60.2805	285.312	8.32946	0	0	0	9270.74	0	0.0037037	0	8.94985	0	2.13066	0	0.513381	0	10.5041	0.0037037	0.271011	0	1.56615	0.0037037	0.327768	0	0.116569	0	0.303156	0	0.447605	0	5.23922	0.212194	0.222177	0	0.502291	0	6.89481	0.0441766	3.80127	0.0035461	4.62183	0.00444444	0	0	0.0300427	0	0.218794	0	0	0.556288	0	0	0.0042735	0	0.0386038	0	0.00469484	0	111.726	0.137335	1.63146	92.5119	0.225003	0	1155.48	0.881321	0.166836	0	36.5656	0.466289	2.62137	192.959	0.0070922	0.00292398	0.0961438	0.0194658	6.63797	0.944275	0	0	3.78103	0.0223423	584.326	1216.63	0	0	0.0307529	0.725764	0.796851	0	0	0	0.628436	0	4395.82	20.0828	0.579528	0	0	0	8.60957	0.0752001	13.5417	0.0197531	0.0392426	0	550.826	0.0197531	0.0388615	0	1.07326	340.06	0	154.691	3.36804	0.343128	1.71117	57.7161	0	3.7631	0	1.74419	25.9465	8.7515	0.0696631	0	0	0	3.19724	7.1418	0.004329	0.0337739	58.7648	0	5.29986	0.0035461	0.0678592	0.0337739	100.214	221.948	0.55744	0	0.164658	3.65079	0.241163	4.10399	0	0	11104.5	674.385	0.00320513	0.024868	0.0429871	0.0253883	720120	838.619	183.277	0.0529701	4.16155	0.144264	12467.8	5633.86	4187.12	43.7193	1841.52	0.00252525	1.16877e+07	0.691491	1926.65	0.202294	2.89038	0.0030581	39598.1	0.0545822	154.493	0	2587.55	0	1.38395e+06	0.175148	
4.60298e+07	SFG_R_7_4	7248.91	1.01035e+07	36.0209	23299.9	3.23485	4.15907	121482	0	74951.8	673578	0.143249	0	0.0815752	0.0802766	0.00942862	49770.9	0	10456.1	0.030002	0	0	232.46	0.204915	66156.9	0.607122	922013	0.210526	0.0291389	0	18709	0	231.691	0	2948.89	0	110.554	0	1420.65	0.00564972	680258	0	0	0.00222222	0.183925	0	0	0	0	0	0	0	0	6.16305	235.4	12219.1	387549	656.308	0.287526	13.161	32.1718	0.0220443	39051.2	0.0220443	836489	20.1006	0.00666667	17.1729	0.025641	3.97587	78.0421	0	0	0	15.7892	0	0	4.63041	0.446972	0.00280112	0.0047619	0	0.00537634	4.66016	0	0	0.141483	0	0.00537634	0	0.00973236	0	0	0.172016	3.36862	0.0109151	0	0	0.947555	0	0	0.00287356	0	0.137814	0.525554	6.52579	0.00362319	0.048447	0.0279319	0	0.0111358	0	0	0.0026455	0.00922998	0.0907981	0	0	0.435032	0	0	0	0	0	0	1.7564	1.81539	2.10449	0.202621	0.76811	0.233966	9.62504	14.999	2.56418	0.00653595	5.95335	1.59014	0.327392	623.33	0	87.2971	0	466.141	0.853562	816.176	0	0.11616	0	5.89936	9.43074	1.92721	0	0	0	0	0	0.15229	0	0.00595238	0.0259119	0.0350877	70.2206	13.268	0	1.63281	0.00222222	0.0570896	0.00942862	12.1922	0.037408	17.799	0	0.139768	0	173.794	0	0	0	0	0	0	0	0	1.24571	0	0.0671937	0	0	0	18.865	4.94816	0.00308642	0	0	0	12.0465	1.01444	0.00308642	0	0.0817013	0.00462963	0.0850135	0.0403653	0.00308642	0	1408.93	48.3262	0.0283138	0.0111578	0	0.0397299	0	9.09899	0	83.1307	312.303	2.31032e+06	0.00277778	0.2367	0	1.61097	969.125	6.45968e+06	0.0244521	132.911	0.303339	5.97128	0.0395062	2864.37	20.7952	3648.5	0	81.5173	2461.55	146578	45.9633	5365.96	0	0	104.455	6237.56	0	13.5539	0.00740741	5.42241	0.0119821	39322.1	
5.24314e+06	SFG_L_7_5	77999.5	262784	4.04806	14.0913	7.19448	0.792777	789174	74951.8	0	712329	423.117	828.844	0.177337	4.95671	0	34.5079	0	68.1135	0	0	0	0.00529101	0	4.0541	0	4253.12	0	0	0	0	0	0.00529101	0	0.0567746	0	0.00529101	0	0.0596389	0	0.00666667	0	0.00555556	0	0	0	0	0	0	0	0	0	0	1.68313	133.645	10527	222356	1773.53	1.00679	191976	18263.3	0	0.00666667	0	517.507	311.124	229.489	207964	24233.4	0	0	0	0	0	0	0	0	0	0	0	0	0	0	0	0	0	0	0	0	0	0	0	0	0	0	0	0	0	0	0	0	0	0	0	0	0	0	0	0	0	0	0	0	0	0	0	0.00574713	0	0	0	0	0	0	0	0	0.00512821	0.00505051	0.00512821	0.0047619	0	0	34.7768	0.31339	0	0	0.00277778	0	0	0	0	0	0	0	0	0	0	0	6.44414	5.01191	1093.34	104.913	0.00497512	0.00694444	5.67068	23.4963	0	0	0	0	0	0	219.248	171.667	0	0	0	0	0	0	0	0	0	0	0	0	0.249172	0.0728633	22.9552	86.4858	0	24.5466	189.31	5.4206	132.603	57.4752	17560.7	511.133	0	0.0578831	0	0	0	0	0	0	0	0	0	0	0	0	0	0	0	0	0.0153277	0	0	0	0	0	0	0	0	0	0.00617284	0.494286	0	0.00574713	0	0	0	0.800202	0.0635772	0	0	0	0.949544	3.07333	0	0.00378788	0	0	88.446	0.16519	2.16257	0.352053	0	0	1.9662	0.0542328	0	0	0.0412698	0	43.9439	0.140192	
3.49451e+07	SFG_R_7_5	3081.96	1.00312e+06	105.422	1.72055	0.161651	1.20805	72540.4	673578	712329	0	0	12.6459	0.0130084	0.200832	0	118.541	0	5014.67	0.0113002	0	0	43.3391	0.104978	111.774	0.270117	726.645	0.0486173	0.0285942	0	3.47892	0	56.2747	0	7.76456	0	31.2543	0	0.923288	0	12.9583	0	0	0.00222222	0.117016	0	0.00333333	0	0.00330033	0	0	0	0	162.256	1409.69	427842	86350.5	109587	0	412491	8.69512e+06	0	1.6412	0	68398.2	738.988	4200.95	151044	642324	3.59548	119.161	0	0	0	0	0	0	2.51267	0	0.00262467	0	0	0	4.87399	0	0	0	0	0	0	0.00243309	0	0	0.170882	4.52703	0.0248153	0	0	0	0	0	0.00287356	0	0.282624	0.123724	0.514859	0.139622	0.386359	0.0151226	0.00483092	0.00223714	0.0884481	0	0	0.00223714	0.57145	0.00574713	0	2.38507	0.227626	0	0	0	0	0	1.75227	2.08715	1.93722	0.698578	0.987899	0	3.27107	130.006	1.36302	0	10.0408	0.036039	0.238636	1.34623	0	0.121934	0	0.0919806	0.7826	0.271065	0	0	33.884	6.82508	2469.67	1095.48	0.0289855	0.00854701	200.156	11.3503	0	0.0114943	0	0	0.00740741	0	26.82	112.183	0	0	0.00222222	0	0.0393822	0.0070922	0.0855605	0	0	0	0	0	0.209812	0.0326797	153.215	0.03822	0	0.24178	1875.09	1.35928	51.1835	825.529	603.12	904.373	0	0	4.56451	7.59805	0	0.00537634	0	0	3.97327	1.63253	0	0	0.161153	0	0.903026	0	0	0	114.879	44.6384	0.0128217	0	0	0.0120276	0	1.10736	0.00483092	133.982	44.2774	1.01323e+06	0.676816	0.103955	0	6.65122	168.446	2.67867e+06	0.0505673	212.478	0.169596	6.56466	0	3740.4	12.1428	6.82515	0.00900901	15.4824	999.423	380091	25.312	189562	0	0	139.433	21286.4	0	8.14874	0	0.0476799	0.00323625	104785	
6.78962e+06	SFG_L_7_6	23381.5	2173.39	592.848	437.515	2.29133e+06	259275	5.9596	0.143249	423.117	0	0	105229	297470	1824.02	0.146203	1666.63	0	0	0.250594	303.765	1.27827	170792	0.0743902	106.923	0	0.698356	0	70.5863	32.654	0	0.218765	46021.2	396.096	24.8442	0.0119048	737.017	222.45	0.0671099	559.617	0	0.0485933	0.029818	0.00392157	15.7131	0.0955022	0.106185	0.854787	0	0.410267	0.00925926	0	3.91377	0	0	0	0	0.00694444	0	0.00833333	0	0	0	0	0	19.5263	0	5.1357	0.0114943	4.62076	0	0	0	0	0	0	0	0.004329	0	0	0	0	0	0.473609	0	0	0	0	0	0.00374532	0	0	0	0	0	0	0	0	0	0	0	0.00374532	0	0.0168215	0	0	0	0.0349202	0	1.92946	0	7.10562	0	0.0045045	0	18.9803	0	0.0735953	0	8.79569	0	0	0	0	0	0.532212	0.00374532	0.0756495	0.0587744	0	0	2.52491	0	0.00546448	0	0.0450549	0	0.0450549	0.0137472	0	0	0	0	0.0047619	0	0	0	920.183	0.00680272	3772.83	0.277326	17.1558	0	15570	14.9145	0	0	0	0	0	0	0.0942306	0	0	0	0.00392157	0	0.00292398	0	0.00292398	0	0	0	0.155252	0	1070.94	15.2138	13004.9	562.536	4236.65	7225.53	136249	270.759	2157.27	0	287.284	1.26067	37.2043	0.960829	0	0.00444444	0.0353463	0	0.0160736	0	0.00411523	0	0.0770444	0	0	0	0.00438596	0	0.0353463	0	0.0191886	0	0.0353463	0	0	0.00340136	0	0	0.224835	0	57.4905	0	88.2352	0	0.00606061	0.00666667	23.9996	0.00275482	0.11149	0.166936	0.248918	0	1075.99	58.2426	0.609291	0.0289904	789.093	0.00628931	128.234	0.00617284	0	0	180.977	0	671.823	0.00628931	843.195	0	726.437	0	1577.84	0.00628931	
1.66256e+07	SFG_R_7_6	54526.3	600152	270905	0.0138889	623510	3.45315e+06	12344.4	0	828.844	12.6459	105229	0	35763.5	1.3102e+06	320.274	500.031	0	0	2139.04	5.03517	206.792	61.8337	1077.93	0.616905	0.00740741	0	10.8753	0.319316	3.11056	0	44.7253	8.00323	15.6284	1.59755	0.118718	2.11713	37.1024	0.0111111	104.809	0	0.504634	529.252	0	0.217236	0	0	3.65661	1.44788	0.00980392	0.993794	0	0.00877193	0	0	0.0158753	0	0.00392157	0	0.0330477	0	0.00833333	0	0	0	0.00680272	13.6591	0.522664	4.1285	0.10265	0.0436914	0	0	0	0	0	0	0.0716526	0	0	0	0	0	0.0456685	0.0193237	0	0	0	0	0	0	0	0	0.00320513	0.0193237	0	0	0.00411523	0	0	0	0	0	0.717093	0	0.474587	0	0.404814	0	0	0	0	0	0.0122953	0	0	0	0	0	0	0	0	0	0	0	0	0	0.073128	0	0	0	0	0	0	0	0.178117	0	0	0	0	0	0	0	0	0	0	0	5.65088	114.239	0.538531	695.894	0.581808	2.92675	6.00336	12604	0	0	0	0	0	0	0	0	0.0153257	0	0	0	0.00724638	0	0.0780302	0	0	0	1.00816	0	1.14654	9846.31	5033.71	162079	4.72254	1.42357e+06	4.4998	204621	0.0196078	0.777194	0	4751.03	4.46868	17330.3	0.00469484	0	0	0	0	0	0	0	0	0	0.060486	0	0.0575377	0	0.00347222	0	0.177081	0	0.0412022	0	0.0045045	0	0	0	0	0	0	1.62016	0.00320513	0.691264	0.148042	0.00628931	14.5178	15.4546	0.0535038	2.6847	0.172363	0	0.349138	174.674	6.92854	0	0.0661826	48.2618	0.18856	43.2082	0	0.00490196	0.0639243	0.116379	0	21.6352	0.00320513	11.1877	0.0639243	8.59586	0.0147689	42.891	
1.05819e+08	SFG_L_7_7	35.8065	0.999167	54.309	0.121564	4.94177e+06	802422	0.390571	0.0815752	0.177337	0.0130084	297470	35763.5	0	1.14944e+07	0.079826	27.651	0	0	130973	8230.1	89.8877	1201.67	0.00292398	0.0205556	0.0187776	0.00333333	2.18613e+07	5.15989e+06	4.77874	0	889.554	21.3714	113.562	0.0901873	4641.08	0.514699	26.747	0	3.70179	0	150731	15778.5	1334.93	28.1419	1073.8	12.2138	33070.2	1.0605e+06	46.9892	0.621485	4769.41	0.986461	0.00333333	0	0.423661	0	0.974296	0	0.130287	0	0.027977	0	0.003003	0.003367	0	0	0	0	50.3198	0.0189394	0	0	0.131629	0	0	0	20.1434	0	0.6664	0	0.0400657	0	10.2322	0.0688406	4.95003	0	0.0140731	0	0.148188	0.00273224	0.687319	0	16.39	0.135687	5.51547	0	51.9758	0.0124621	0.934396	0	3.00711	0	171.604	0.308249	108.091	0.0132632	28.9367	0.0113642	523.313	0	2431.52	0	14.5778	0.0105091	3508.26	0.00287356	35.238	0	230.206	0	0.012229	0	0	0	2.30921	0.0146032	44.4564	8.85595	0.00444444	0	0.0747797	0.00243309	0	0	9.70341	2.16665	0	5.6347	0	0	0.0154148	0	0.0692884	0	0.00374532	0	88.7381	16.7381	26.7827	0	12.0857	6.03408	3928.32	20.6839	0	0	0	0	0	0	0.0186562	0.00243309	0.205204	0	640.18	0.00694444	3.28146	0	70.9682	0.00694444	0.0131528	0	7.81553	0	172023	12.328	2.02937e+06	1.26592e+06	713944	2440.68	396736	114.841	178648	0.0601664	4064.52	0.121144	204414	2208.39	0.99596	0.861577	3604.8	0	2136.38	0.00401606	0.581896	0.753031	1119.46	0	843.631	0.221703	10.4458	0.116293	17634.4	0	52.2145	0.767349	6184.05	0.212383	10.2733	3.53377	2.38272	0.00900901	493.087	0	5862.08	0.45452	7737.4	0.263462	318038	0.176087	3136.22	0.535301	38748.1	20.9298	783474	0.00260417	83375.4	0.0183364	64385.5	0.231025	219186	0	165480	0	0.178709	0.0722818	4180.26	0	15153.1	0.0558541	3311.06	0	12423.2	0	164070	0	
6.52428e+07	SFG_R_7_7	3700.2	3.50705	4694.17	0.013265	4.32488e+06	3.65996e+06	607.985	0.0802766	4.95671	0.200832	1824.02	1.3102e+06	1.14944e+07	0	79.9007	2.09475	0	0	325761	100973	0.95634	209.646	0	0.00362319	0	0.0143386	1.11146e+06	3.28931e+06	0.0246416	0	0.427315	11.1988	0.114584	0.455554	0.159604	27.5763	0	9023.01	0	0.2408	6031.66	528416	0.0289992	8923.68	0	1.71511	1035.67	689805	21.8089	907.965	0.00740741	29410.7	0	0.00374532	0.0305677	0	0.00243309	0	0.00243309	0.0189211	0	0.7456	0	0.241762	0.00383142	0	0	0	0.0115616	51.4372	0	4.02785	0	32.3773	0	5.99342	0.00268817	35.6209	0.00277778	8.09192	0	0.638114	0.00277778	8.734	0	10.9121	0	23.0203	0	4.96063	0	0.0031746	0.00320513	69.5829	0	0.559708	0	44.2098	0	0	0	0	0.00320513	474.334	0	3.60371	0	54.3085	0	8.93574	0	0	0	15.6836	0.0499662	0	0.0319088	10.1925	0.00347222	0	0	2.02805	0	0.203391	0	0	0.0389273	0.01575	0	0.0196248	0	0.0642617	0	0.0803142	0	3037.92	0	4883.92	0	0.0042735	0	11.1765	0	0.0436975	0	12.7243	0.2509	0.00462963	0.00383142	0.0278261	0.032967	222.396	1.69799	135.005	0	0	0	0.268701	0	0	0.00314465	0.0047619	0.00239808	8752.58	0	259.868	0	172.83	0	25846.6	0	0.00275482	0	5.57118	0.320089	36794.6	268311	1.6605e+06	0.470858	10113.8	24.2949	101689	0.0275946	26.484	0	844.94	17174.1	1.10454e+06	0.183091	550.944	0.0301196	0.318055	0	939.469	0.0135328	0.0171024	0.00213675	1333	0	2019.95	0	128.456	0	42977.3	0.00396825	556.787	0.0118493	4020.68	0	92.8427	0	10.4816	0	116.628	0.15478	895.028	0.207338	3853.84	5.68195	421883	0.0138651	30366.1	6.91318	42640.5	0.00401606	885060	3.32479	420800	0.0269375	172173	1.26013	287569	0.702777	24563.7	0.010886	1.28941	1.24742	2058.48	2.99106	34.026	1.30748	28706.1	0.880422	38827.3	0.412142	63215.7	
1.48248e+07	MFG_L_7_1	0	0.0358821	188316	0	1.49909e+06	13632.2	5.02892	0.00942862	0	0	0.146203	320.274	0.079826	79.9007	0	34.0168	0.526738	0	937201	78.6662	2.32025e+06	29.9637	2.20057e+06	0.0213107	0.00333333	0.00252525	49.8564	0.564851	106.551	0	5806.64	0.0671717	4177.09	0	11.7343	0.00740741	52290.8	0	770.97	0	0	0	0.0104706	0.0254176	0.0327546	0	0.0327546	0	0	0	0	0.00680272	0.111217	0	0.0775375	0.00248756	0	0	0	0	0.90378	0	1.11648	0	0.00529101	0	0	0	9.50304	0.00308642	0.106991	0	20.2242	0.003367	0.0387955	0	6.51836	0	15.4562	0	2.53718	0	89.1596	0	229.051	0	1.86718	0	2.60555	0	3.86459	0	24.9439	0.012522	142.752	0	397.838	0	4.86087	0	24.9488	0	834.504	0.010759	378.866	0	150.016	0	0.0035461	0	0.175773	0	9.11842	0	0	0	0	0	0	0	0.913281	0	0.122369	0	156.252	0	204.951	66.1326	1.30024	0	0.983752	0.00438596	20.3436	0	405.826	3.20707	0.454163	19.5849	0.0213655	0	0.142506	0	4.05632	0	0.4792	0	0.944356	37.3091	0.593321	0	0.418037	9.64672	0.0718631	48.7641	0.0563131	0	0.00537634	0	0.246273	0	0.0714462	0	2463.74	0.011396	0.00271003	0	52047	0	19801.5	0.002849	4.97825	0	634.473	0	0	0	0	0	0	0.3455	0	0	0	0	0	0	0	0	0.0703795	0.162415	14.8978	0	0.686882	0	0.112315	0.306917	0.455471	0	1344.6	0.515909	161.915	0	206.693	0	50.3264	0.323291	579.982	0.0303483	6.33921	14.0207	0.263839	0	0	0.00323625	31.8111	0.0216056	12.4619	0.0718638	0.00333333	0.014409	15929.3	0.140002	11.5162	0.0508052	18279.6	0.011396	5045.66	0.0382512	58072.1	1.11495	682.489	0.0167084	7855.5	0.00396825	1.50308	0	430.912	0	463.385	0.0138799	232.185	0.0037037	545.915	0.00323625	1293.89	0.00396825	
3.06386e+07	MFG_R_7_1	107829	18334.6	56087.7	1.19798e+06	13478.3	3.90709e+06	1869.42	49770.9	34.5079	118.541	1666.63	500.031	27.651	2.09475	34.0168	0	0	3810.41	12.0116	511557	475.231	376109	33.8558	7.40531e+06	0.00438596	1.40232e+06	0.00666667	25668.8	4.04739	141.683	125.429	4761.88	15.5727	5401.81	0	1020.64	7.58767	252.648	28.7432	250.085	0	0	0	2812.89	0	0.00343643	0	0	0	0	0	47.4152	0	2.6679	8.80303	10689	8.7585	0.0349206	0.0160853	177.909	0	0.0827463	0.00757576	504.472	3.70836	0.238584	0.00694444	0.683632	0.135821	5.25883	0	0.0224486	0	0.00456621	0	0.0224486	0.17854	0.0757538	0	0.127674	0	0	0.105851	0.340476	0	2.37177	0	0.00469484	0.00320513	0.0986541	0	0	0.02764	6.30366	0.00275482	0.004329	0	2.181	0	0	0.00320513	0	0.152445	1.48341	0.0951989	0.0943027	0.0127595	0.143612	0	0.013641	0	0.00323625	0	0.0135647	0	0	0	1.47485	0	0	0	0.0251931	0	0.313015	0.0331158	9.94325	0.0273621	13.9221	0	3.61984	6.96364	229.574	0.00362319	0.00617284	0.274953	6.71808	0.00358423	889.184	0	710.498	0	749.152	0.0160573	592.538	0	0.115201	0.0276928	54.681	19.189	9.75394	0.0121829	0	0	0	0	0.560129	0	0	0	0.140572	3.58887	67.5788	0	6.53652	0	0.00401606	0	0.0111111	0	42.779	0	0	0.004329	27.4956	0	0	0.0438574	0	0.00813008	0	0.0191856	0.0231729	1.36035	0	0	0	0	0	0.391789	0.119693	0	0	0	0.00483092	0.125155	0	0	0.00505051	0.0246032	0.00497512	0.00280112	0.298238	0.00343643	0.0193237	3.37276	0.159044	0.00297619	0.0197628	0.0118003	0.594112	0	2.49311	0	1.80743	1.83602	757.87	0.00277778	88.0652	0	0.0270749	29.0659	2725.82	0.0239466	0.220856	0.0521503	0.0921856	824.168	172297	1.64365	58.1799	0.0616497	4421.69	55.9913	2133.56	1.31766	1.39056	0	17.9515	9.58208	8913.25	0.77475	3094.94	0	2313.53	0.496101	11702.8	
1.75962e+07	MFG_L_7_2	0	0	761.042	0	8422.69	0	29.372	0	0	0	0	0	0	0	0.526738	0	0	0	6.37905	0	52141	0.124199	1.28578e+06	0	456835	0	0.895363	0	3.30804e+06	0	1.60074e+06	0.00740741	20.2043	0	0.0137516	0	6.10698	0	73705.8	0	0	0	0.00350877	0	0	0	0	0	0	0	0.0137516	0	8119.26	0	2333.69	0	71.7081	0	0.00980392	0	13024.7	0	1.19905e+06	0	21.0592	0	0	0	629.724	0	0	0	169.38	0	0.201242	0	370.531	0	13.1686	0	322.829	0	1488.8	0	7461.96	0	565.391	0	611.166	0	899.606	0	73.3497	0	96.1977	0	7481.18	0	284.918	0	388.582	0	34.5975	0	0.670325	0	133.221	0	0	0	0	0	0.0653516	0	0	0	0	0	0	0	68.0686	0	792.454	0	0.0593091	0	0.00490196	0.0164348	28983	0	1350.6	0	118.533	0	4801.88	0.00411523	351663	0.0392507	252.023	0	2134.4	0	372182	0	0	0	0	0.00438596	0	0	0	0	0	0.0047619	1050.5	0	0	0	3758.5	0	294.179	0	0.143338	0	0.0137516	0	14.8762	0	40.6688	0	0.168624	0	94.0194	0	0	0	0	0	0	0	0	0	0	0	0	0	0	0	0	0	0	0	0	0	0	0	0	0	0.581206	0	43.338	0	0	0	0.083868	0	0.00374532	0	0	0.0392507	0.0726782	0	0	0	0.260436	0	0.0139971	0	0.00374532	0	11.9169	0	0.378148	0	19.0802	0	0.019293	0.010101	288.942	0	0.00641026	0	4.02322	0	0.116473	0	0.130752	0	0.471502	0	0	0	0.00323625	0	0.0350427	0	
2.30253e+07	MFG_R_7_2	102.297	24317.3	119.504	111.822	2.52885	0.00813008	9.80084	10456.1	68.1135	5014.67	0	0	0	0	0	3810.41	0	0	0	0	0	409703	0.032967	1.79889e+06	0	697022	0	0.00340136	0	321458	0	305608	0	104735	0	822.764	0	600.746	0	16620.8	0	0	0	0.0201465	0	0	0	0	0	0	0	0	0	21258.6	8.23264	36129	1.84515	1721.21	0.0159732	56.9612	0	55.5988	0	7.11269e+06	3.64598	0.00617284	0	0	0.0428387	0.0644864	0	0	0	0.10353	0	0	0.0240645	0.075192	0	0.00555556	0	0	0.0240645	0	0	0.0240416	0	0	0	0	0	0	0	0.0756614	0	0	0	0.606299	0	0	0	0	0	0.0353407	0.00462963	0	0	0.004329	0	0	0	0	0	0	0	0	0	0	0	0	0	0	0	0	0.0932308	9.18488	0.0570136	24.9197	0	1120.69	2.5733	41.0146	0.0037037	62.3375	0.00490196	4.97843	0.00490196	262360	0	70983.1	0	88867	0.00490196	211512	0	0.545087	0	0.0296651	13.6603	0.00584795	0.00311526	0	0	0	0	14.2201	0	0	0	2.65434	0.292503	1231.68	0	0.0433927	0	0.0153581	0	0.120879	0	1.81384	0	0.521998	0	1.19772	0	0	0	0	0	0	0	0	0	0	0	0	0	0	0.0767407	0	0	0	0	0	0.0444503	0	0	0	0	0	0.0145724	0.00520833	0	0	0.64876	0	0	0	0	0.0429353	0	0	0	0.0644864	0.300739	478.087	0	0.00347222	0	0	1.86144	3498.59	0	0.198883	0	0.0557138	0.956287	683.615	0.11797	90.6487	0	1.98247	7.3106	49.9722	0.0284102	16.3522	0	0	0.681186	59.5597	0	0.165178	0	0.422424	0	96.3463	
2.1609e+08	MFG_L_7_3	0.00273224	0.378538	170.241	0.00680272	8.70818e+06	203965	0.26351	0.030002	0	0.0113002	0.250594	2139.04	130973	325761	937201	12.0116	6.37905	0	0	17045.1	990416	12.2	2862.43	0.033293	0.276581	0.00961671	7.87182e+07	11508.6	88.2076	0	25175.3	0.103962	12776.6	0.0226249	175802	0.0229953	82893.4	0	2629.53	0.00347222	0.33631	3.00139	68428.1	0.0979005	10.7429	0	6.53181	4628.76	0.00483092	0	2.09896e+06	0.00606061	1.05372	0	0.550012	0	0.139147	0	0.00520833	0.0204554	8.00081	0	3.75435	0.00347222	0.0159201	0	0	0	1186.9	0.0415002	0.571599	0	642.067	0.0030303	0.10087	0	16629.6	0.0030303	1434.47	0	7.19548	0	619.02	0.389978	1279.61	0.012703	7.58368	0	70.738	0.0105927	86.0324	0	1175.98	0.793247	1783.76	0	4574.35	0.0280423	62.6459	0	630.526	0	19026	1.34263	8938.44	0.169313	3206.76	0.0114705	0.0807566	0	14.691	0	226.562	0.0377859	0.00323625	0	0.026103	0.00287356	0.0042735	0	0.455995	0	0.0137097	0	980.932	0.182968	1244	581.282	2.10867	0	211.291	0.00392157	77.074	0	4113.44	36.8393	2.85113	182.705	0.255899	0	1.46639	0	93.1506	0	5.21532	0	12.4898	339.296	114.972	0.0572861	20.2809	71.1313	1.31281	385.186	0.52973	0	0.184364	0	0.00271003	0	0.271785	0.0107938	9404.82	0.0111625	268493	0	298678	0	429454	0.0111625	139.278	0	22881.9	0	0	0.003367	0.00980392	0.358027	0	22.675	0.121557	0.0128502	0	0	0	0	0	0.899129	10267.6	97.3278	127481	0.0844014	329410	1.06487	223.222	11.8926	13717.8	0.0775665	49043.1	5.1294	2083.84	0.449068	690081	0	10877.3	8.21368	232170	1.58603	139.82	127.311	2.00605	0	0	0.0760172	2328.24	1.57138	2837.96	2.06268	126994	0.00248756	217940	3.2997	443180	1.99653	6.80889e+06	0.129016	1.29491e+06	0.00287356	1.71349e+06	19.8202	529376	0	787317	0.00383142	45.3549	0.588628	70208.6	0.00287356	84282.7	0.218672	43714.1	0.0124138	153058	0.0119777	681637	0.00396825	
3.94219e+07	MFG_R_7_3	0	0	0	0.0035461	353399	9.9875e+06	0	0	0	0	303.765	5.03517	8230.1	100973	78.6662	511557	0	0	17045.1	0	184.83	1.94167e+06	0	0	0	0	40.963	6.27765e+06	0.10472	0	33.9179	14303.4	2.38788	0.206068	0	2437.62	4.11187	54.4373	0.00641026	0	0	0	0	59097.6	0	0.00340136	0	0.0123457	0	0.00483092	0	2173.5	0	0	0.03546	0.00564972	0.0170024	0	0	0.0222469	0	0.00490196	0	0.00490196	0	0	0	0	0	70.9486	0	0.0457185	0	0.034188	0	0.0174603	0	0.0139267	0	0.00378788	0	0	0	1.16844	0	0.00456621	0	0.0351732	0	0.230293	0	0.00411523	0	47.332	0	0	0	0.361078	0	0	0	0	0.00330033	16.9753	0.00330033	0.0031746	0	0.764509	0	0.0294248	0	0	0	0.0031746	0	0	0	32.5047	0	0.00490196	0	0.0170689	0	0.0183917	0	0.0447828	0	0.0349943	0	0	0.00396825	0.251174	0	0.0194907	0	25.9234	0	43.4932	0	0	0	0.183849	0	0.125155	0	0.372165	0	0.0194658	0.00396825	0	0	0.00401606	0.0153257	0	0	0	0	0.053617	0	0	0.00416667	0.0509143	0.00330033	49.822	0	1.60561	0	2.35729	0	92.6113	0	0	0	0.0232669	0.00438596	0	0.0184338	0	0	0	0.0652892	0	0	0	0	0	0	0	0	7.53617	0	0	0	0.0709025	0	0	0	0.0376987	0	0.23433	0	0.752034	0	40.9955	0	7.91443	0	0.217844	0	1.76042	0	0.580281	0	20.3559	0.00411523	944.423	0	4224.61	0	5567.74	0.119404	209.006	0	81.9436	0.00330033	1059.64	0.137878	263351	0.00362319	981.849	0.043364	73576.8	0.654218	2892.87	0.00297619	0	0	2156.59	1.77308	26.8127	0.23873	23788.2	0.00406504	40556.8	0.0746381	14342.9	
2.40761e+07	MFG_L_7_4	0.0405324	0	17471.6	0	855945	20354.8	5.96205	0	0	0	1.27827	206.792	89.8877	0.95634	2.32025e+06	475.231	52141	0	990416	184.83	0	4816.83	762577	1.61043	0.460997	0.00641026	91219.3	164.713	2918.24	0	6.1246e+06	80.2007	33974	0.292863	507366	33.4596	7515.35	0.0490527	3763.36	0	0	0	12.4427	196.878	0.0389145	0	0.00358423	0	0	0	24576.3	72.4179	129.748	0	12.1368	0	43.6723	0	0.00680272	0	50.384	0	8352.3	0	0.0215517	0	0	0	204.06	0	1.28849	0	6.48296	0	1.18749	0	202.314	0	15.0977	0	86.6659	0	457.881	0	2951.4	0	204.945	0	31.1839	0	85.3269	0	21.8352	0	32.367	0	1004.89	0	19.1891	0	25.1386	0	345.135	0	70.6457	0	110.48	0	0.00333333	0	0.176458	0	2.37364	0	0	0	0	0	0	0	23.6256	0	78.3157	0	0.854726	0	3.54898	0.631219	18.1922	0	5.25028	0	2.9247	0	2075.39	0.00350877	15885.2	0.228976	89.8732	0	171.194	0	125335	0.0035461	1.62592	0	0.0208537	0.015531	0.882742	0	0.00520833	0.00421941	0	0.150108	55.5214	0	0	0	161.201	0	5.67307	0	64.1983	0.00343643	0	0	1166.44	1.27132	3794.88	0.0141097	103.494	0	2453.79	0.00350877	0	0	0.00421941	0	0	0	0	0	0	0	0	0	0	0	0.0668331	0	4.96494	0	68.286	0	0.00490196	0	0.108398	0	22.1885	0	176.936	0	92.5505	0	15.7569	0	19.2212	0	0.0193399	0.0321992	0.0133387	0	0	0	5.50106	0.00392157	6.002	0.00392157	0	0.308276	27189.3	0	3.93847	0	703.079	0.0307091	4348.58	2.72698	13017.6	0.0888085	1564.56	1.92454	221.58	0.015105	0.114225	0.00292398	199.64	0.00490196	521.999	0.00292398	332.145	0.488858	356.846	0.477737	1790.56	0.299771	
