data	data	7.84878e+07	6.80893e+07	6.76902e+07	8.46343e+06	1.23646e+08	1.0103e+08	8.10568e+07	6.11167e+07	3.14974e+07	1.00211e+07	2.28351e+07	1.47652e+07	1.07826e+08	9.47005e+07	2.96752e+07	4.45028e+07	2.9027e+07	1.10804e+07	3.80234e+07	1.40249e+07	1.02163e+08	6.43427e+07	6.33543e+07	2.86732e+07	2.31577e+07	7.89638e+06	1.69573e+08	2.01717e+08	2.71034e+06	7.17631e+06	1.08963e+08	7.56431e+07	8.76676e+07	2.3312e+07	6.68173e+07	1.02255e+07	1.4938e+07	1.35235e+07	5.98756e+07	1.30439e+07	6.09989e+06	8.33902e+06	5.58337e+07	1.63061e+07	2.73752e+07	2.0605e+07	1.15573e+08	1.33807e+08	3.41067e+06	3.10129e+06	6.13459e+07	3.21978e+07	4.11265e+07	1.19055e+07	3.42128e+07	1.33636e+07	2.39699e+08	3.50108e+07	1.20529e+08	1.73855e+08	1.12426e+07	1.32637e+07	3.16849e+07	1.3295e+07	2.40029e+07	5.13125e+07	4.12269e+06	5.66608e+06	6.35017e+07	7.07341e+07	2.22611e+07	5.78512e+07	6.34896e+07	4.84352e+07	2.28185e+07	5.38935e+07	7.18747e+07	6.03701e+07	7.62807e+07	2.03394e+07	3.15616e+07	4.17225e+07	2.46749e+07	6.35104e+07	4.46028e+07	5.03674e+07	3.29262e+07	5.48132e+07	5.78281e+07	2.96522e+07	1.57016e+07	1.56369e+06	3.08409e+07	5.9706e+07	3.50349e+07	1.0686e+07	5.18254e+07	2.26729e+07	5.91901e+07	1.20726e+07	5.0216e+07	1.54823e+07	7.66831e+07	1.30122e+08	1.3177e+08	2.39663e+08	1.04896e+08	8.11227e+07	4.09126e+06	2.93809e+07	7.92264e+06	8.11646e+06	4.78191e+06	1.41516e+07	1.43518e+07	1.16322e+08	1.4633e+07	1.16139e+07	2.57928e+06	5.22357e+06	1.56302e+07	2.65202e+07	2.3298e+07	1.58123e+07	4.00698e+07	4.02458e+07	4.46186e+07	6.57748e+07	1.16945e+07	1.93069e+07	2.93158e+07	7.65713e+07	1.45195e+07	2.7736e+07	6.33262e+07	6.90627e+07	6.54965e+07	1.11222e+08	5.47339e+07	6.6896e+07	7.07375e+07	3.89797e+07	9.71771e+07	3.84013e+07	3.62318e+07	2.38116e+07	2.14728e+07	4.1429e+07	5.35575e+06	5.89343e+07	4.40123e+07	7.35504e+07	5.71272e+06	1.31629e+07	6.40361e+07	3.92383e+07	1.80023e+07	8.66524e+06	7.43355e+07	5.79943e+07	1.75268e+08	8.88902e+07	2.32049e+07	1.49895e+07	1.92355e+07	1.50673e+07	1.42906e+07	7.50674e+06	1.41435e+08	3.11774e+07	4.91214e+06	2.88275e+06	9.1817e+07	6.60911e+06	3.24278e+06	4.51321e+06	5.13555e+06	2.59227e+07	1.09641e+07	7.15479e+06	4.62321e+06	2.01272e+07	5.55205e+06	3.28604e+06	6.03656e+06	3.68751e+06	7.21091e+06	1.13264e+07	7.95846e+07	2.04535e+08	1.27285e+08	1.75509e+08	9.35874e+07	3.23301e+08	5.47424e+07	1.55668e+08	2.07911e+08	2.61467e+08	4.95921e+07	1.60606e+08	4.87172e+07	4.78126e+07	1.36957e+08	2.03675e+08	3.44743e+07	1.18582e+08	9.7199e+07	9.89596e+07	2.4598e+07	3.66274e+07	1.32084e+07	2.44725e+07	7.57434e+07	1.24443e+08	2.45067e+08	5.55567e+08	2.41307e+08	5.15772e+08	1.52061e+08	3.2254e+08	2.93135e+08	4.81074e+08	4.47945e+08	2.88625e+08	3.63487e+08	3.78696e+08	1.14644e+08	1.86245e+08	2.96353e+08	4.3941e+08	1.68671e+08	1.25252e+08	2.29895e+08	4.70722e+07	9.85572e+07	2.9681e+07	1.53956e+08	4.91158e+07	1.29497e+08	7.61349e+07	9.06261e+07	1.13489e+08	1.54733e+08	1.06843e+08	1.97617e+08	9.59695e+07	
data	data	SFG_L_7_1	SFG_R_7_1	SFG_L_7_2	SFG_R_7_2	SFG_L_7_3	SFG_R_7_3	SFG_L_7_4	SFG_R_7_4	SFG_L_7_5	SFG_R_7_5	SFG_L_7_6	SFG_R_7_6	SFG_L_7_7	SFG_R_7_7	MFG_L_7_1	MFG_R_7_1	MFG_L_7_2	MFG_R_7_2	MFG_L_7_3	MFG_R_7_3	MFG_L_7_4	MFG_R_7_4	MFG_L_7_5	MFG_R_7_5	MFG_L_7_6	MFG_R_7_6	MFG_L_7_7	MFG_R_7_7	IFG_L_6_1	IFG_R_6_1	IFG_L_6_2	IFG_R_6_2	IFG_L_6_3	IFG_R_6_3	IFG_L_6_4	IFG_R_6_4	IFG_L_6_5	IFG_R_6_5	IFG_L_6_6	IFG_R_6_6	OrG_L_6_1	OrG_R_6_1	OrG_L_6_2	OrG_R_6_2	OrG_L_6_3	OrG_R_6_3	OrG_L_6_4	OrG_R_6_4	OrG_L_6_5	OrG_R_6_5	OrG_R_6_6	OrG_R_6_6	PrG_L_6_1	PrG_R_6_1	PrG_L_6_2	PrG_R_6_2	PrG_L_6_3	PrG_R_6_3	PrG_L_6_4	PrG_R_6_4	PrG_L_6_5	PrG_R_6_5	PrG_L_6_6	PrG_R_6_6	PCL_L_2_1	PCL_R_2_1	PCL_L_2_2	PCL_R_2_2	STG_L_6_1	STG_R_6_1	STG_L_6_2	STG_R_6_2	STG_L_6_3	STG_R_6_3	STG_L_6_4	STG_R_6_4	STG_L_6_5	STG_R_6_5	STG_L_6_6	STG_R_6_6	MTG_L_4_1	MTG_R_4_1	MTG_L_4_2	MTG_R_4_2	MTG_L_4_3	MTG_R_4_3	MTG_L_4_4	MTG_R_4_4	ITG_L_7_1	ITG_R_7_1	ITG_L_7_2	ITG_R_7_2	ITG_L_7_3	ITG_R_7_3	ITG_L_7_4	ITG_R_7_4	ITG_L_7_5	ITG_R_7_5	ITG_L_7_6	ITG_R_7_6	ITG_L_7_7	ITG_R_7_7	FuG_L_3_1	FuG_R_3_1	FuG_L_3_2	FuG_R_3_2	FuG_L_3_3	FuG_R_3_3	PhG_L_6_1	PhG_R_6_1	PhG_L_6_2	PhG_R_6_2	PhG_L_6_3	PhG_R_6_3	PhG_L_6_4	PhG_R_6_4	PhG_L_6_5	PhG_R_6_5	PhG_L_6_6	PhG_R_6_6	pSTS_L_2_1	pSTS_R_2_1	pSTS_L_2_2	pSTS_R_2_2	SPL_L_5_1	SPL_R_5_1	SPL_L_5_2	SPL_R_5_2	SPL_L_5_3	SPL_R_5_3	SPL_L_5_4	SPL_R_5_4	SPL_L_5_5	SPL_R_5_5	IPL_L_6_1	IPL_R_6_1	IPL_L_6_2	IPL_R_6_2	IPL_L_6_3	IPL_R_6_3	IPL_L_6_4	IPL_R_6_4	IPL_L_6_5	IPL_R_6_5	IPL_L_6_6	IPL_R_6_6	PCun_L_4_1	PCun_R_4_1	PCun_L_4_2	PCun_R_4_2	PCun_L_4_3	PCun_R_4_3	PCun_L_4_4	PCun_R_4_4	PoG_L_4_1	PoG_R_4_1	PoG_L_4_2	PoG_R_4_2	PoG_L_4_3	PoG_R_4_3	PoG_L_4_4	PoG_R_4_4	INS_L_6_1	INS_R_6_1	INS_L_6_2	INS_R_6_2	INS_L_6_3	INS_R_6_3	INS_L_6_4	INS_R_6_4	INS_L_6_5	INS_R_6_5	INS_L_6_6	INS_R_6_6	CG_L_7_1	CG_R_7_1	CG_L_7_2	CG_R_7_2	CG_L_7_3	CG_R_7_3	CG_L_7_4	CG_R_7_4	CG_L_7_5	CG_R_7_5	CG_L_7_6	CG_R_7_6	CG_L_7_7	CG_R_7_7	MVOcC	MVOcC	MVOcC	MVOcC	MVOcC	MVOcC	MVOcC	MVOcC	MVOcC	MVOcC	LOcC_L_4_1	LOcC_R_4_1	LOcC_L_4_2	LOcC_R_4_2	LOcC_L_4_3	LOcC_R_4_3	LOcC_L_4_4	LOcC_R_4_4	LOcC_L_2_1	LOcC_R_2_1	LOcC_L_2_2	LOcC_R_2_2	Amyg_L_2_1	Amyg_R_2_1	Amyg_L_2_2	Amyg_R_2_2	Hipp_L_2_1	Hipp_R_2_1	Hipp_L_2_2	Hipp_R_2_2	BG_L_6_1	BG_R_6_1	BG_L_6_2	BG_R_6_2	BG_L_6_3	BG_R_6_3	BG_L_6_4	BG_R_6_4	BG_L_6_5	BG_R_6_5	BG_L_6_6	BG_R_6_6	Tha_L_8_1	Tha_R_8_1	Tha_L_8_2	Tha_R_8_2	Tha_L_8_3	Tha_R_8_3	Tha_L_8_4	Tha_R_8_4	Tha_L_8_5	Tha_R_8_5	Tha_L_8_6	Tha_R_8_6	Tha_L_8_7	Tha_R_8_7	Tha_L_8_8	Tha_R_8_8	
7.84878e+07	SFG_L_7_1	0	1.10639e+06	1.03445e+07	2361.16	3.22982e+06	11012.3	2.03733e+06	163407	102692	270.431	36673.4	19270.2	923.313	3.36741	36736.1	92.7258	793786	13896.4	6121.12	5.3632	431989	14190.4	6.83435e+06	10637	531087	1297.78	452.663	0.73521	22246.3	14637.7	312590	160852	777837	66140.8	30.397	0.0217161	124691	266.858	4.87506e+06	4120.95	0	0	0.0262346	0	0.00326797	0	0.266281	0	0.00740741	0.0047619	1.13998	0.0161616	91.1161	0	382.386	0.532995	168.921	0.187374	48.6478	9.7442	111267	0.231552	196682	5.92279	967.71	12.0787	532.585	24.646	2.32337	0.108686	17.8067	0.0030303	3487.28	0.103609	2.02144	0.0030303	1547.22	0.0117477	431.103	0	229.931	0.00416667	30.6077	0.0504313	2.62145	0.0383035	8.18093	0.0130615	24.8709	0.00374532	1.16907	0.152149	875.223	0.224339	893.295	0.0536247	31.5584	0.0383035	363.891	0.264167	702.675	0.258226	2.00036	0.0306553	3.20597	0.0164709	15.9518	0.0381322	0.0686388	0.395411	0.684756	0.00326797	0	0.00326797	60.2928	1.0467	22.0951	0.0893004	0.281411	0.0435201	0.0181616	0	0.00438596	0	3300.7	3.64476	40.8634	2.06639	0.0532695	0	901.76	69.9181	0.403267	0.00292398	671.529	0.0302041	21.895	0.591159	4.8751	0.00411523	4.51531	0.00497512	346.679	0	7.19086	0.0761713	2950.71	191.922	980.907	92.9718	1183.62	76.3238	4551.84	50.2641	49.9002	0	3.96622	0.0030303	12.5975	0.0026455	591.837	8.76986	362.024	0	0.0597756	0	139.897	0	554174	0.00411523	665.251	0	385409	0	30.1759	1.43092	11803.7	3585.61	8.16842	1178.51	3360.34	18.5788	6819.08	4095.15	2157.72	55.0075	0.798063	17.7883	7.85365	12.6184	1.02431	1.66377	86.0489	6.02092	10.7443	0.353534	54.1064	4.18564	496.752	0.253014	15.9222	0.030008	338.765	5.05181	0.967892	7.70452	145.733	2.16219	128.137	0.0145372	0.485854	0.0286379	44.8027	0.393635	7738.51	30.3545	2711.74	26.894	0.918195	0.28104	1.23587e+06	26.892	14.9709	1.56891	9.36638	0.437573	70333.4	145679	13943.2	2.16796	105.156	20.5071	2.84404e+06	0.0680569	7769.21	9.41142	28656.9	0.64822	217779	162.081	129181	3.4994	152025	5.16635	989623	31.9549	
6.80893e+07	SFG_R_7_1	1.10639e+06	0	6225.78	155288	1144.99	241929	154992	2.34161e+07	3364.87	340670	333.695	630522	4.73022	20.3981	2.08245	23062.2	83328.6	113995	0.00595238	31.1575	57243.1	1374.8	56192.5	500880	915.941	2944.04	0.625338	5.86797	134.928	29752.9	39286.2	11775.8	23428.2	36482.9	0.421427	17.0654	613.01	15206.1	39213.7	103256	0.028757	0.00813008	0	0	0.00268817	0	0.189334	0.0817952	0.130299	0	0.00231481	2.88606	42.23	0.96468	1163.59	1.32796	450.554	0.98928	38.7795	1396.52	1843.8	29.636	3306.89	453.364	2.75913	6333.96	0.32899	5072.82	0.386817	19.6284	0.00362319	0.33197	89.2283	0.678908	0	0.544688	105.948	3.58265	34.8413	0.0245164	0.0159044	245.701	0.0843827	77.6865	0.0177778	0.444406	0	137.495	0.59327	0.0299644	0.0031746	0.003367	0.18362	1685.85	0.0614849	47.61	24.6605	0.0187831	51.2562	0.364947	0.0620453	0.212678	0	11.8927	10.0047	0.14694	2.53261	0.126414	0.00411523	0	0.00490196	0	0	0	0.00490196	0.0757439	0.00411523	0.00490196	0	0	0	32.5054	0	2.64754	5.4867	5545.98	6.41869	162.39	0.0238781	0.00387597	6.5905	22517.9	0.0155228	12.3872	29.7529	0.0448413	1.62521	4.25802	0.0424267	87.3284	0.170778	224.299	44.9261	0.228291	0.102072	1778.76	8.80045	4593.37	0.640931	8378.37	9.36104	4924.62	43.6607	5420.51	0.00740741	1.36334	0	0.256407	0.372419	12.8371	12.0754	1151.09	47.0897	254.63	0	9.25491	6.60523	10852.8	17653.9	7757.49	0.025987	1116.71	3900.2	17600.5	8.85738	1.62809	11331.2	4725.37	2.26996	46651.2	4.0178	249.833	238.982	287641	4.00203	2214.08	4.2922	111.711	158.122	226.787	0.0186562	27.0246	5.65641	248.869	1.71369	2.59747	2.13462	417.248	40.776	26.8715	0	0.0187831	24.3248	287.802	71.4767	128.655	2.48368	37.4113	0.0346536	0.368622	0.0538037	4.15153	0.732724	1367.78	102.913	56611.2	1.12837	17730.1	0.819424	45.8696	46631.1	841569	5.81515	194.628	2.29335	38.2181	79.9218	1.52698e+06	2256.51	35924.4	0.473019	49485.1	7448.92	2.18975e+06	40.1905	14622.1	24.4993	3689.78	67.5411	483331	8.56012	195971	37.1601	314302	1017.89	567339	
6.76902e+07	SFG_L_7_2	1.03445e+07	6225.78	0	4.02803	4.63387e+06	966.536	2.5819e+06	333.235	0.0214408	0.0254079	14.1843	618.496	0	0	1.42668e+06	7.02626	266387	2.33877	164869	2.11856	918136	2364.99	1.10623e+07	66.1477	633671	3.30612	2987.8	0.831532	1508.63	5.85611	627498	5216.38	477964	162.582	7305.78	0.00416667	6189.47	0.025641	547859	0.319707	0	0	0.00617284	0	0	0	0	0	0.00740741	0	0.199892	0.0473485	10.3783	0	26.2358	0	1.25482	0	0.583362	0.0814376	18174.5	0.00641026	32487.8	0	0	0	0	0	0.0280733	0	0.404485	0	83.4711	0	0.0788179	0	49.9865	0	9.63082	0	27.3887	0	2.17915	0	0.607065	0	0.300777	0	0.636821	0	0.00401606	0.004329	3.01045	0	66.58	0	1.11344	0	25.6927	0.0161486	40.7657	0.0156207	0.00320513	0	0.0310388	0	0.0665181	0.00406504	0	0	0.00320513	0	0	0	0	0	0	0	0	0	0.00469484	0	0	0	2.08434	0.0313993	2.90028	0.0163605	0	0	9.20106	0.003367	0.0438593	0	18.139	0	1.51245	0	0.0987993	0	0.203959	0	16.8637	0	0.774843	0	0.0695623	0.513669	0.00740741	0	0.0787814	0.084212	0.10543	0.0145547	4.08644	0	0.108562	0	0.953146	0	3.13316	0	8.20747	0	0.00740741	0	10.9849	0	15976.7	0	8.76471	0	13371.5	0	0	0	0	0.00694444	0	0	0.00680272	0	0	0	0.0070922	0	0	0.00694444	0.124892	0.0370435	0	0	1.40407	0.00374532	0.324116	0.017205	0.730342	0.003367	8.9168	0	0.0372303	0	7.67524	0.00374532	0.0176608	0.00326797	0.851919	0.0125331	0.28039	0	0.00529101	0	0.0406399	0	47.0732	0.193981	2.50104	0.0174897	0	0	17139.4	0.307152	0.0208091	0	0.0376739	0	43.202	7.66924	664.837	0	1.38587	0	25460.5	0.002331	5.6698	0.0136635	26.7356	0.00462963	123.275	0.165229	190.347	0.0216049	239.605	0.0447531	1071.74	0.0998119	
8.46343e+06	SFG_R_7_2	2361.16	155288	4.02803	0	2.49091	150897	4.28378	198121	0.217049	11.9267	0.44229	0.0208333	0	0.135878	0	1.61444e+06	118.867	9241.21	0	0.51977	40.5371	18462.7	166.271	1.57823e+06	1.13777	219737	0.00347222	0.0111111	0.00680272	26815.4	11.0721	94164.9	9.39407	99719.1	0.0037037	0.276373	0.114118	1004.3	17.2771	46982.3	0	0	0	0	0	0	0	0	0	0	0	0.204268	0	0.00537634	0	6619.42	1.65659	1542.38	0.114348	2317.94	0.830428	0.511458	0.334102	85.7591	0.759501	0.31313	0.00617284	0	0.00401606	0	0	0	0.025679	0.142003	0	0	0.0225379	0	0	0	0	3.03117	0.0163605	0	0	0	0	3.11712	0	0.0199005	0	0.00595238	0.207758	0	0	0	0.004329	0.00606061	0.004329	0.00595238	0	0.0911748	0.0042735	0.0838811	0.255656	0.0348264	0	0.00333333	0	0	0	0	0	0	0	0	0	0	0	0	0	0.217833	0	0.0277898	0.0422591	0.129288	0.003663	0.155759	0	0	0.116473	0.638519	0	0.00520833	0	0	0	2.28416	0	0.725461	0	1.00153	0	0.00694444	0	24.4947	0	0.0116451	0.160978	0.102669	0.00401606	0.00628931	0.0798032	0.00628931	0.00606061	0.00564972	0	0.0321705	0.00606061	0.446369	3.55426	0.816765	0.003663	0.66553	0	0.00877193	0.003663	0.822132	4.5535	6.99403	0	0.0738562	0.533856	1.10329	0	0	0.00854701	0	0	0	0	0	0.228611	0	0.0200603	0	0	0	3.66353	0	0	0	0.0144945	0.00326797	0	0	0.059292	0.00628931	0.0150702	0.00326797	0	0	0.059292	0.0290418	0.610346	0.0543765	0	0.0113968	0	0.00483092	0	0	0	0.00564972	0.336457	70.7395	0.309397	0.0344098	0	0.00258398	45.2762	4880.61	0.00347222	0.00258398	0.00347222	0.56171	65.5722	12.6469	1.1161	38.3824	0.00653595	0.107285	35.3891	10.4334	1.09784	0.013862	11.3304	0.00564972	5.70117	0.400364	0.286931	0.0697269	16.9752	0.651311	32.9045	0.0778328	
1.23646e+08	SFG_L_7_3	3.22982e+06	1144.99	4.63387e+06	2.49091	0	2.63117e+06	228.138	3.0619	14.8301	0.59761	9.67593e+06	168145	7.22187e+06	1.86248e+06	5.25280e+06	218.803	14735.1	0.892276	4.65222e+06	341.443	7.4144e+06	218593	368797	320.129	2.43793	0.00546448	142877	202182	347.319	187.769	4.09539e+06	632743	2.31874e+06	83389.9	3.78616e+06	6272.87	14189.3	294.514	344306	4.23436	0	0.130587	0.0206916	4.63314	0.00311526	0	0.0723322	630.633	0.067409	0	63357.2	10109.6	104.597	0	385.083	0.0726663	444.63	0.014737	26.2355	2.04532	315.75	0	129.438	0	3.24422	0.00358423	0.0111111	0.0778093	11.77	0.0512484	6.43163	0.00258398	159.218	0.00287356	0.401241	0.00258398	260.912	0.0477377	85.3219	0	175.376	0.00411523	22.6268	0.298707	7.77838	0	6.25821	0.0293697	12.2152	0	1.68566	0	837.61	0.392478	644.519	0.108426	193.027	0	769.895	0	437.695	0	143.628	0.0030581	2.00761	0.0047619	34.3354	0	0.0603538	0.00456621	36.5013	0	0.00483092	0	1833.34	0.0390191	85.0408	0.0146632	10.9862	0	0.00469484	0	0	0	545.752	3.0887	669.658	1.95558	0.00584795	0	145.192	2.00014	24.4622	0.035304	2964.14	0.0525617	49.1494	0.003367	12.3663	0.00411523	0.642635	0	810.53	0	370.1	0.0180344	10.5299	128.843	7.47676	0.888892	1302.81	78.9117	8207.66	11.347	63.2694	0	38.8165	0	26.7248	0	3326.99	0.233292	61.1007	0.0113745	0.00350877	0	1032.24	0	76155.2	0.0873999	6.97951	0	57948.2	0	56560.1	0.193336	132166	450304	11232.4	6.79334	30715.9	1.42075	7910.26	0	2883.65	0.0789372	28.1959	22.8721	3.71503	7.4708	0.468861	0.93587	159.532	4.30741	0.0987967	0.154484	133.801	0.801054	250.758	0.378425	43.489	0.0525617	592.881	4.13374	0.275093	3.37002	140.991	3.13162	230.303	0.003367	0.599963	0.0303982	510.333	0.282255	40704	3.04406	25933.1	9.25398	7.79469	1.74651	136168	5.6318	128.46	3.3123	1442.48	36.1155	273946	278.711	74674.2	25.354	36430.6	3.38323	445760	0.475713	2843.19	1.27276	33812.2	0.390378	107667	29.8421	128809	1.53585	248436	2.73006	362362	7.21622	
1.0103e+08	SFG_R_7_3	11012.3	241929	966.536	150897	2.63117e+06	0	0.380873	350.938	1.0623	9.57219	41293.3	5.05827e+06	345310	1.92057e+07	6473.65	9.58553e+06	2.6078	7.48472	17750	498275	29290.4	1.15656e+06	35.2863	1.41595e+06	0.0523291	2.64491	903.824	17245.9	0	283.562	303448	1.56446e+06	521951	1.91563e+06	10006.2	66056.7	17.2032	17361.9	6699.37	2104.54	4.76434	0.468866	0.00250627	16.1694	0.765375	0.0279202	100.106	1.4489	0.577644	0.10023	3.64835	54898.2	0	1.56531	0.354566	1.70129	3.62022	2.03383	1.09576	7.21654	0.0481475	0.788073	0.0137598	1.90497	0.23289	77.2742	0	60.2236	2.16249	23.7352	0	1.61417	0.00343643	12.5967	0	31.5415	0.0313098	15681.2	0.0047619	0.382116	0	204.487	1.58559	11773.6	0	0.00505051	0	1787.26	0.00311526	3.30998	0.0266657	0.151975	16.8511	379.096	0	90.5033	0.0268857	0.0752976	0.00374532	0.903963	0	3.04933	0.0528516	34.0863	0.771105	69.6277	0.275637	389.82	0	1361.33	0	0.172989	0.0030303	0.0687821	0.0481784	4878.03	0.241046	26.6099	0	30.2642	0	0.116481	0	0	0.32709	253.163	3.13209	743.017	0	0.0394375	2.94927	528.998	0.0127278	8.15138	25.1492	0.67266	0.0284823	321.881	0	1.72026	0	0.957521	0.217118	0	0.0307174	14.9817	14.552	29166.5	0	5952	2.3831	75185.2	13.6957	143417	0	1.46164	0.0047619	0.261514	0	38.2975	8.18165	76.392	0.0383754	137.063	0	1.74708	0.0480307	0	30.5845	6299.22	0.00490196	0.11284	6.30611	0.34687	0.023752	148.969	265162	409832	169.644	176041	0.117807	30399.2	1.55481	54032.9	0.0239899	1907.33	17127.8	2290.98	15.4292	49751.6	56.2129	111001	12.0202	79519.8	0.449093	1857.49	55.084	120864	1.99016	5188.14	0.122249	138.589	23.2127	41036.3	0.900692	18401.5	6.18156	4833.76	0.541972	1.76428	0.362681	2.93214	3.31661	115.496	13.0083	9650.39	219.416	610217	283.166	9969.34	416.497	16630.9	2826.35	10899.1	1309.62	1.87593e+06	289.855	495038	376.652	552833	227.528	73481.1	93.3094	82275.3	512.551	299.956	152.158	727.445	1284.22	45093.2	468.469	42049.3	760.136	52116.9	430.937	60985	
8.10568e+07	SFG_L_7_4	2.03733e+06	154992	2.5819e+06	4.28378	228.138	0.380873	0	120147	9.83177e+06	595750	0.0567134	0.00320513	0.0355361	13.1692	1.90239	0	757907	42.433	21.2527	0	10376.8	0.159198	536733	15.9767	3.60831e+06	49.3549	1.71062	33.4113	39785.8	3.63885	2755.21	0.448337	2378.44	1.63324	18.2789	0.0403767	3908.48	25.3246	160643	17.8061	0	0	0	0.0160736	0	0	0.00537634	2.59338	0	0	3.62634	0.0990129	14738.6	60.3105	5.95023e+06	5863.66	19.6889	5.06498	924082	254.523	117063	271.96	697762	1067.04	0.087227	31.6747	0.144556	1163.62	1.20293	0	0.153554	0	594.424	0.102583	0.0253968	0	946.429	0	316.924	0	55.813	0.0035461	0.853602	0	9.14338	0.0182648	2.84689	0.0035461	0.178297	0.00411523	0.0450159	0.0179173	6.78875	0	50.6646	0	4.72989	0.0182648	60.3249	0.0676934	13.5136	0.265655	0.0500371	0.00411523	108.925	0.530383	3.67166	0.144302	0.0037037	0.00512821	0	0	0	0	0.00555556	0.0205128	0.0663411	0	0	0.0393249	0.00529101	0.00343643	0	0	107.455	13.9031	195.996	0.0394782	0	0	10.0001	83.129	0.13107	0	499.912	0.00462963	49.2862	4.16105	0.346789	0.156758	3.04766	0	406.814	0	1.16296	0	0.278244	5.08014	0.00396825	49.3191	0.0177427	0.645982	0.0070922	3.61002	2.25881	0	0	0	0.419169	0.100249	11.1642	3.14529	285.225	0	0.00564972	0	30.4215	0.00564972	212591	0.0380561	36.6511	0	25432.1	0.0261142	0	0.116242	0	0	0	0	0	2.03086	68.896	791.651	0	0.549083	0	0	463.064	7.21183	0	0	46.5735	0.194108	152.815	1.0807	14.4121	0.0261438	727.05	0.0163901	0.155497	0	404.31	0.0649135	30.1833	10.6636	54.7517	0.00323625	0.0708884	0	116.124	9.59833	0.648568	0	244408	210.431	0.77696	0.0741532	0.24128	0.777254	3.39446e+06	723.614	1.82308	0.0410399	1.84259	0.480093	1844.66	198.373	187143	8.51525	0.356091	0.13853	8.12304e+06	4.11876	4608.26	39.1551	37.7355	0.00396825	1019.51	5.59302	368.784	0	748.284	0.0130159	166838	7.47153	
6.11167e+07	SFG_R_7_4	163407	2.34161e+07	333.235	198121	3.0619	350.938	120147	0	18887.2	171723	0.220925	0.0871082	0	2.25254	0	553.71	4018.1	42331.5	0	0	103.097	329.463	188.281	36288.3	336.054	330023	0.0467771	5.93124	14.9804	14030.1	40.9465	1903.9	40.9418	10521.4	0.0386905	13.5199	16.8265	39790.1	902.357	53085.9	0	0	0	0	0.00268817	0	0.00997405	0.0757351	0.0840374	0	0.0325262	3.74976	25.4178	1.01277	2354.24	103717	1165.1	3302.05	512.51	28008.9	113.691	32888.9	384.898	1660.61	21.1361	1169.85	15.5716	0.0424242	0.288805	2.78782	0	0.22439	4.08452	291.256	0	0.411135	7.19008	1.31639	2.52704	0.0423612	0.110927	80.724	0.0842831	27.4491	0	1.65959	0.00456621	57.2166	0.423635	0.0168231	0	0.0266667	0.390047	334.036	0.0156884	20.092	32.2885	0.700916	52.8667	0.0266667	0	0.00564972	0	4.82891	41.9513	5.01902	3.62072	0.410406	0.00411523	0	0	0	0	0	0.0045045	0.00546448	0.0388462	0	0	0.0167881	0	9.67699	0	1.03055	44.2727	2891.76	0.1318	42.8352	0.0238781	0.254831	3.95005	12788.9	0	8.33808	0.96668	0.0734028	0.485233	5.62294	0.00606061	77.1216	0.0190515	81.6535	3.02828	0.240151	0.0355941	751.483	30.3036	126.866	2.00085	1701.54	0.177126	0.00529101	1.3854	0.0494888	0.0220521	1.70422	0	0.18789	0.273268	15.0039	31.4333	1779.17	0.566843	46.9273	0	6.4019	0.0764487	1553.46	1080.01	2161.42	0	192.067	237.164	5211	0	0	0	0.00396825	0	0	0	0.00512821	334.228	0	0.883226	0	0	0	145.259	285.681	0	0.912957	1.34953	75.2032	17.3682	29.7136	1.20487	5.72647	3.46139	8.98008	0	0.0763378	3.53638	106.791	81.4308	77.675	0.444099	24.9005	0.00387597	0.0186489	0.0905651	573.099	1.61098	113.822	36.2816	872923	1.9388	2547.86	0.242317	25.3938	8746.68	3.08665e+06	3.79528	69.487	0.689829	17.4813	307.641	346489	183.484	14897.5	0.519488	4074.7	7765.96	1.0571e+06	73.802	4264.77	53.1388	901.317	101.77	91038.8	14.2081	39520.6	105.942	97274	2698.35	87692.1	
3.14974e+07	SFG_L_7_5	102692	3364.87	0.0214408	0.217049	14.8301	1.0623	9.83177e+06	18887.2	0	1.5851e+06	118.444	0.0671812	16.3573	0.395582	0	0.00877193	2.25614	51.6287	0.00775194	0	0.0191146	30.4243	0	51.4446	0.478606	120.445	0.0517824	0.0711232	0	119.078	0.342457	3334.1	0.811043	2185.87	0.609481	0.00401606	0.0249625	3.11071	0.579728	77.2144	0	0	0	0.00392157	0	0	0	0.00606061	0	0	0.327514	0.0352974	952.676	381.849	812.256	215312	991.317	465.397	104807	7033.46	0.0868485	884.933	632.921	8699.24	2247.59	158.528	876687	33732.4	0.642198	0.0644547	0	0.00326797	1.46302	0.0155951	0	0.00326797	23.8709	0	4.40991	0	0.0462086	0	0.0787589	0	0.019765	0.374572	0.00641026	0	0.00311526	0.016167	0.0200603	0.551384	0.691472	0.0168776	0.0406764	0	0.00347222	0.366658	0.0192901	0.757276	0.00456621	1.077	0.00574713	0.037071	24.0018	0.268359	0.468609	0.144686	0	2.962	0	0.00505051	0	0	0	14.3974	0.194996	0.0793969	0	0.0457183	0	0	0	0	1293.83	9.67201	14.8078	0.260326	0	0.0236155	32.885	137.52	0.00694444	0.0236007	11.9152	0.0196759	0.0788623	29.6933	0.00529101	0.596935	0.00555556	0.00497512	9.54218	0	0.00529101	0	3232.4	192.112	3823.17	626.437	0.355657	63.172	7904.23	468.124	0.00877193	0	0	0	0	0.391347	20.3892	11.6243	4.25188	0	0	0	0.0953767	0	2995.98	0	0	0	17.9235	0.00401606	0.103486	13.299	72.7128	1.18453	0.0580762	0.0833762	1.00692	434.082	6093.79	619.118	370786	79.6811	0.0375661	0.0375661	258.944	1.82938	0	0.0266667	0.636871	0.140906	18.9028	0.156291	0.442839	8.03522	15.8593	0.0359489	0	0.00462963	12.2782	0.0359489	22.2587	10.0539	0.752649	0	0	0	43.2734	7.95081	0.622064	0.0644547	73983	341.988	0.0591737	28.7804	0.219149	0.785115	733675	669.499	1.68318	0.10534	0.400005	0.478922	1023.98	3.39048	11334.5	7.8659	0.0455198	0.0985294	1.60974e+06	3.26217	6344.26	49.5016	6.11578	0.00396825	691.431	7.71388	169.899	0	361.11	0.0130159	109052	9.58029	
1.00211e+07	SFG_R_7_5	270.431	340670	0.0254079	11.9267	0.59761	9.57219	595750	171723	1.5851e+06	0	0.324824	3.12973	0.0393519	0.0232804	0	0	34.8483	6.63285	0	0	0.247618	2.05608	0.393943	0.511413	0.197756	421.898	0	0.0864866	0.178026	4.23547	0.104713	3.30504	0	7.55101	0.00326797	0.149997	2.37917	27.1475	7.24361	46.3744	0	0	0	0	0	0	0	0.00245098	0	0	0	0	0.430279	365.442	337032	137981	17806.3	0.00546448	106729	358901	0.120337	47930.1	0.246117	111664	19.1456	225.516	16306.6	127584	0	0.00254453	0	0.00252525	0.00653595	0.315329	0	0.00252525	0.00574713	0.00401606	0	0	0	0.730494	0	0.00564972	0	0.405332	0	0.607116	0.00326797	0	0	0	0	0.121603	0	0.0162014	5.5301	0	7.55844	0	0	0	0	0	17.4612	1.14435	0.436773	0.068938	0.00225225	0	0	0	0	0	0.00555556	0	0.00225225	0	0.00564972	0.00396825	0	0.742128	0	0.166551	4.42388	17.1268	0.00234742	0.19616	0.0238781	0	0.0725815	45.0217	0	0.0167508	0.249009	0	0.504242	0.908474	0	0.750848	0.0443701	0.163941	0.987154	0.17294	0	0.0724092	55.038	5.66595	61.7771	109.878	1.4833	2.32688	169.153	2.53339	0	0.00952381	0	0.0938111	0.0222222	0.414003	3.01993	18.8041	0.187584	0.00490196	0	0.0758366	0.033975	0.135303	9.69364	0.250881	0	0.0410354	1.48682	0.463217	0.944943	0.0279561	625.321	5.40905	0	2.66907	16.91	0.770698	2129.2	26369.3	126.847	3069.54	0.0375661	0.449412	38.4059	22.2673	0	0.00406504	0	0.0383669	6.07644	6.52954	0.0037037	0.134275	0	0.00421941	0	0	0.0145759	0.03883	0.851249	1.72105	0	0.0458653	0	0	0	566.404	0.00225225	0.051482	0.593781	272030	0.225941	0.54246	0	0.291104	145.16	708650	0.0249721	0.0602628	0	0.00456621	0.0599087	2811.15	0.509187	17.1914	0.0103525	84.6931	25.6175	26508.9	0.229228	139.669	0.00191571	2.3665	0.184143	3545.65	0.0213675	177.108	0.00191571	1013.93	0.0647934	5227.62	
2.28351e+07	SFG_L_7_6	36673.4	333.695	14.1843	0.44229	9.67593e+06	41293.3	0.0567134	0.220925	118.444	0.324824	0	3545.08	749159	79.1027	1548.15	41.0193	6664.62	8.32828	24.2639	1.99871	77629	50676.1	7266.76	214.864	0	0.00900901	6.9518	95.2773	90.3273	83.0317	111362	177873	120788	31005	863.033	51.1949	185.271	5.56055	11052.4	1.00258	0.300634	0	0	0.224375	0.00311526	0	0.0853755	0.840168	0	0	0.00877193	89.4877	0.424491	0	0.213888	0	10.1739	0	0.0517652	0.0301021	1.98917	0	0	0	1.58371	0	0	0	0.297796	0.0134454	0	0	1.58453	0	0	0	11.8827	0.0119603	6.212	0	0.0394154	0	0.0718711	0.071299	0.0639408	0	0.0275177	0	0.124178	0	0.66654	0	36.2506	0.114677	0.109936	0.0495605	16.9407	0	22.7055	0	0.139476	0	4.18861	0.0030581	0.0345922	0	11.0302	0.00326797	0.0354335	0.038401	0.635276	0	0.00378788	0	175.579	0.038401	26.2233	0	0.13481	0	0	0	0	0	6.84885	0.0937969	93.9964	0.496152	0	0	1.50494	0.0341285	0.115142	0.00362319	165.919	0.003367	1.36887	0.003367	0.191982	0	0	0	27.9462	0	4.55665	0	1.19897	47.1662	1.87436	0.308904	861.804	23.7847	3291.93	8.41567	0.762056	0	3.49034	0	0.26382	0	248.028	0.00358423	3.05945	0	0	0	36.4463	0	1932.47	0.0146591	0.0330225	0	930.452	0	4573.39	0.00595238	2771.69	164.763	25008.9	1561.07	8369.2	0.0814167	828.617	9.81143	210.654	0.174768	8.1274	8.42673	0.0642284	0.207799	0.034635	0.390716	4.6312	0.201809	0.0377727	0	6.17556	0.058067	7.80479	0.0294675	11.9255	0.003367	12.7932	0.391808	0.0167722	0.222244	17.7231	0.15755	100.145	0.003367	0.0588663	0	12.0104	0.0519348	1838.49	0.0982294	1631.59	1.06086	0.0973267	0.178498	6454.17	0.114883	2.48061	0.558452	0.767157	0.600775	10192	218.435	2642.53	0.655839	2754.07	0.49762	90532.8	0.0468279	445.704	0.170231	2677.51	0	20834.6	3.38661	24419.1	0.00350877	28606.8	0.00350877	67781.9	0.531863	
1.47652e+07	SFG_R_7_6	19270.2	630522	618.496	0.0208333	168145	5.05827e+06	0.00320513	0.0871082	0.0671812	3.12973	3545.08	0	2909.83	128659	1765.09	21379.5	15.6027	0.0111111	233.395	869.256	16853.7	4630.24	52.9695	34487	0	0	1.68968	3.56487	0.00694444	0.0970439	123780	4156.52	90928	5442.94	3011.87	7.3845	14.3248	0.709234	1410.36	1.87415	0	0	0	0	0	0	0	0	0	0	0.060101	4.83972	0	0	0	0	0	0	0	0.458806	0	0	0.255483	0	0	9.38317	0	24.8526	0	1.20353	0	0	0.00505051	0	0	0	0.00505051	0.11738	0.00505051	0	0	0.00529101	0	1.69018	0	0	0	0.0218814	0.00311526	0	0.0129462	0	0	43.0392	0.00387597	0.178077	0	0	0	0	0.00387597	0	0	0.926605	0.0031746	0.0031746	0.0897943	0.0031746	0	11.3118	0	0	0	0	0	30.8412	0	0.0400047	0	0.237365	0	0	0	0	0.00239808	6.67218	0.0156073	0.610049	0	0	0.00396825	16.0157	0	0.00537634	4.16833	0.00406504	0	0.00416667	0	0.00584795	0	0	0.0163605	0	0	0.0603209	0.110661	3156.1	0	1276.02	0	7795.9	0.0489959	15359.6	0	0	0	0	0	0.00584795	0.00886892	0.246779	0.0177404	0	0	0	0.00490196	0.0107527	5.76166	0.0981064	0.00490196	0	2.48028	0	0.0268384	15.46	3228.58	36147.5	22.5178	810150	0	1615.56	0.1	9622.37	0.00694444	962.413	9.509	25.1703	0.543264	1.20721	0.0047619	28.4494	0.0596073	15.5224	0.0109788	0.0031746	0.0334582	539.188	0.0599363	0.254814	0.0344858	0.00406504	0.451425	2.13328	0.054244	0.410801	0.0620323	0.0933816	0.00421941	0	0	0.0494536	0	30.3637	0	323.335	0	1146.71	0	1.37672	0.0498886	2078.01	0.0656684	15.5406	0.160268	1.22254	0.0319478	82241.9	9.20075	7.60724	0.00564972	8969.98	0.0546257	10015.6	0.133102	51.3118	0.002849	115.475	0.0237204	19013.4	0.0335774	19067.6	0.00564972	19136.2	0.00421941	9256.27	
1.07826e+08	SFG_L_7_7	923.313	4.73022	0	0	7.22187e+06	345310	0.0355361	0	16.3573	0.0393519	749159	2909.83	0	5.40874e+06	1.67875	1.34412	0	0	152122	39.1104	61762.8	724.511	0	0.936419	0	0	1.8537e+07	8.1684e+06	0.0151515	0.0214486	149.249	348.786	181.105	496.787	72340.3	498.321	2.94676	15.2772	3.83446	0.0280982	269305	8714.89	112197	1.31619	8409.27	208.606	777206	2.1362e+06	382.555	0.822532	1.13237e+06	956.17	0.0251662	0	0.727344	0	0.126073	0	0.00512821	0.0357068	0.00653595	0	0	0	11.4785	0.00362319	0.00358423	0	90.7049	0.136324	0	0	14.2504	0	0	0	74.9403	0.00490196	9.16219	0	0	0	0.600289	0.0154062	0	0	0.0924172	0	0.0138934	0	0.0388703	0	295.18	0.135642	0	0.00280112	0.0683694	0	0	0	0	0	22.6979	0.00416667	0.0518282	0	1.56486	0.0141764	0.0421934	1.6858	1122.74	0	0.00411523	0	6539.55	4.51684	38.1517	0.0416825	678.859	0.00469484	0	0	0	0	3.42213	0.360511	55.3462	2.18515	0	0	0.699773	0.273663	0.0183917	0	156.333	0.013913	1.24731	0	0	0	0.0846561	0	8.94905	0	0.258288	0	4.2139	55.8862	10.3085	4.91825	1975.29	92.6304	30585.4	189.937	0	0	0	0	0	0	0.293764	0	0.332598	0	0.0983433	0	0.00529101	0	694.321	0	0	0	0.0496663	0	292084	12.6297	705262	1.52182e+06	3.65064e+06	338.27	27449.7	54.5045	372939	124.71	92118.6	56.5821	917937	10737.3	0.182452	7.79944	315.488	0.690705	3237.56	16.4428	0.00396825	0.00333333	2175.16	28.2743	157.075	0.643293	0.447521	0.00333333	8009.25	2.01199	220.809	1.56016	132.089	14.6537	50.3708	0.124177	0.0583805	0	73.5685	0.767361	8162.35	5.2719	18928	12.2492	230790	1.56423	761.348	0.0982306	11216.8	3.939	330406	5.06249	237922	0.0334786	50091	2.84597	83881.3	0.430268	30994.3	0.00829309	224.122	0.531124	9435.32	0.0306088	5919.38	2.37661	2792.6	0.0045045	44915.7	0	28861.3	0.894311	
9.47005e+07	SFG_R_7_7	3.36741	20.3981	0	0.135878	1.86248e+06	1.92057e+07	13.1692	2.25254	0.395582	0.0232804	79.1027	128659	5.40874e+06	0	0.625762	67.8166	0.0238171	10.8231	80029.7	489.649	178.834	5830.05	0	3.91327	0.0949294	2.70699	263358	7.65757e+06	0	0.289577	77.2942	748.935	33.1305	11.6989	7772.6	9273.42	0.0467859	1627.33	0.010978	9.5103	3206.75	549873	1.1576	156.209	1097.8	0.254199	43941.7	312531	227.994	5.02016	1767.89	43847.2	0	0.295891	30.1747	1.03067	9.05799	1.8192	3.91922	4.39809	0	0.387869	0.0159307	0.0888615	0.0733757	0.335991	0	0.177925	6.2659	504.936	0	1.34858	0.00343643	7.88458	0	52.0555	0.161353	86140.8	0	1.02127	0	304.772	2.32133	32269.1	0.0148148	0.01911	0	2560.27	0.00347222	7.51767	0.00241546	0.0186141	37.1049	266.227	0	217.08	0.429648	0.0772514	0.304581	0.251231	0	3.87718	0	23.0682	0.395626	107.025	0.0494072	454.289	0	87.352	0.0030581	0.0749842	0	0.018018	0.0457588	248.243	0.480909	2.16933	0	8.1299	0	0.032619	0	0	0.321367	165.421	1.99758	1545.46	0	0.00438596	2.80581	309.253	0.00229885	10.6532	0.948203	0.938777	0.0244927	265.914	0	0.781893	0	0.0396584	0.0387362	0	0.0549917	4.82264	25.3927	3622.98	0	100.643	1.55225	6096.51	29.6808	16198.5	0	2.89148	0	0.0292587	0	31.9711	6.5611	87.836	0	245.521	0	1.81172	0	0	0.143961	1778.56	0	0	0.00343643	0	0.00900901	72.1741	282639	2.66656e+06	38.6585	4542.35	0	6056.67	0.821567	4323.46	0	2312.75	356887	363138	5.77457	85936.4	377.554	265352	15.4537	144006	0.63359	3171.86	74.6553	226746	0.415245	3945.49	0.0266387	129.156	25.2868	33966.6	0.328518	23815.7	4.84503	6616.1	0.12781	2.83932	2.57581	4.86472	8.77144	28.0914	5.4983	948.539	483.386	969442	3837.1	472892	1007.27	6442.28	9535.16	55598.6	3081.45	4.12353e+06	71.3816	113651	382.955	1.27036e+06	16.8738	66076.9	5.84901	9615.46	1139.49	16.6393	207.045	1292.11	857.084	377.585	20.1087	4480.12	14.2146	5501.63	4.8977	5239.47	
2.96752e+07	MFG_L_7_1	36736.1	2.08245	1.42668e+06	0	5.25280e+06	6473.65	1.90239	0	0	0	1548.15	1765.09	1.67875	0.625762	0	0.0729283	0.0569697	0	2.11028e+06	0.110332	747009	2505.72	5.16865e+06	0.00740741	0	0	13362.5	0.174004	0	0.0625181	9231.41	4785.38	1789.62	61.8145	53659.8	0.176628	23.0765	0.474313	30.5468	0	0	0	0	0	0	0	0	0	0	0	4.10326	0.456625	0.00925926	0	0.0334169	0	0.022807	0	0.0215278	0	0.0240729	0	0.00925926	0	0	0.00462963	0	0	0	0	0.00574713	0	0.0914172	0	0.00574713	0	0.0306878	0	0.00793651	0	0.00564972	0	0.00595238	0	0	0	0	0	0.00347222	0	0	0	0.0194658	0	0.0402674	0	0.0169913	0	0.00416667	0	0.0402674	0	0.0190632	0	0.00343643	0	0.0378964	0	0	0	0	0	0	0	0.00444444	0	0	0	0	0	0	0	0	0	1.06214	0.0143519	0.469159	0	0	0	0	0.00347222	0.0723255	0	5.62537	0	0.0199717	0	0.00520833	0	0.00555556	0	0.170136	0	0.353779	0	0.0147886	0	0	0.0166667	0	0	0.0997141	0	0	0	0.0231606	0	0	0	0.263349	0	0.0829728	0	0	0	0.188009	0	35.8711	0	0	0	11.8147	0	0.059272	0	0.0292722	0.703991	0	0.439377	0.00444444	0	0	0	0	0	0	0.0107527	0.00343643	0.00343643	0	0	0.451816	0	0	0.00343643	0.551613	0	1.50502	0	0.0421856	0	3.3388	0	0	0	0.0762294	0	0	0	0	0	0.0442198	0	3.31128	0.0161012	1.16123	0	0	0	22.8652	0.0161012	0.0176981	0	1.66672	0	6.28648	0.0211302	62.2387	0	2.77578	0	22.3608	0.0466207	0.280882	0	1.37299	0	2.64618	0	2.82267	0	5.2526	0	18.4833	0	
4.45028e+07	MFG_R_7_1	92.7258	23062.2	7.02626	1.61444e+06	218.803	9.58553e+06	0	553.71	0.00877193	0	41.0193	21379.5	1.34412	67.8166	0.0729283	0	8.46074	5.13881	0.00555556	1.89265e+06	597.248	767260	11.0575	8.27688e+06	0	582.951	0	6136.19	0.0269388	0.0296296	1460.36	57422.8	1397.77	482.095	0.533684	2.05881	0.166852	0.405637	170.921	0.0599708	0	0	0	0	0	0	0	0	0	0	0	1.95152	0	0.00680272	0	0.396778	0.00574713	0.0377655	0	0.00877193	0.228003	0.0281804	0.0258924	0.00680272	0	0	0	0	0	0	0	0	0	0	0	0.00505051	0	0.0185328	0	0	0	1.22083	0	0.0045045	0	0.303622	0	0.02103	0	0.0779051	0	0.0243713	0.0037037	0.00469484	0.00374532	0.0460397	0	0.0945541	0.00392157	3.18345	0.0153338	0.346315	0	0.0047619	0	0	0	0	0	0	0	0	0	0	0	0	0.0030581	0	0	0	0	0	0	0	0.00343643	0.0198179	0.014716	0.13199	0	0	0.0042735	0.0395307	0	0.212934	0.00362319	0.00680272	0	0.17067	0	0.0242424	0	0.00740741	0	0	0	0.183905	0	0.0631738	0	0.00606061	0.0037037	0.266199	0	0.204471	0	0.00628931	0	0	0	0.524645	0	0.41664	0.00343643	0.00490196	0	0	0.00343643	1.54144	0.0766333	2.0132	0	0.00546448	0.0789676	2.79818	0	0	0.207751	0.00564972	0.3258	0.0119048	0	0.0264052	0	0.0279661	0	0	0	0	0.0157991	0.00505051	0	0	0.00323625	0.0141287	0	0.00505051	0	0.00628931	0	0.00340136	0	0	0.00323625	0.134155	0	0.0916628	0	0.0546862	0.003663	0	0	0.0183917	0.0030581	0.00564972	0.0152486	1.69188	0.111317	0.393173	0.0030581	0.00421941	0.0599917	36.7692	0.0030581	0.0125366	0	5.39091	0.374856	541.716	0.00392157	14.5094	0.521493	33.5273	2.2331	207.817	0.117095	0.179113	0.0152486	0.169103	2.4467	13.1867	2.06625	2.792	1.99624	2.18837	5.41761	70.7995	
2.9027e+07	MFG_L_7_2	793786	83328.6	266387	118.867	14735.1	2.6078	757907	4018.1	2.25614	34.8483	6664.62	15.6027	0	0.0238171	0.0569697	8.46074	0	182.556	0.0104167	4.75746	2.39982e+06	463.514	4.26659e+06	685.749	732372	8.55119	0.0979908	1.26587	402666	839.227	75435.9	9397.23	1342.6	2451.11	0.999039	0	284.772	3.07711	48588.8	294.385	0	0	0.00444444	0	0.00273224	0	0.00273224	0	0	0	0.108988	0	65187.6	0	1.1802e+06	0	17373	0.0512962	2869.7	0.0187879	941.776	0.407241	2.0824e+06	0.314557	0.0913056	0	0	0.0662055	0.00793651	0	63.341	0	7.8764	0.00323625	21.6941	0	2.62418	0.00323625	1.05203	0	60127.6	0.0352302	1049.9	0	55013.4	0.00416667	114.115	0	4769.7	0	0.0782351	0.00421941	964.314	0	38821.7	0	63275.2	0.00416667	825133	0.0157648	44087.8	0.014652	101.716	0	0	0	72.3424	0	0	0	0	0	0	0	0	0	0	0	0	0	22788.9	0	159.18	0	0.0544927	0.0154915	0.125671	0.0042735	0.140292	0	2.71542	0.0159535	0.0269388	0	15.8005	0	26589.4	0.0185759	8397.21	0	19772.7	0	643.993	0	174.8	0	0.00666667	0.0042735	0.00584795	0	0	0	0.00740741	0	101522	0.00483092	0.513983	0	1015.05	0	8687.15	0.00483092	18.1752	0	0.0484181	0	12.476	0.00653595	1024.39	0	0.00505051	0	379.455	0	0.00666667	0	0.00694444	119.352	0	0	0	0	0	0	0	0	0	0	0	0	0	0	0.0419106	0	0	0	0.0182786	0	1.56189	0	0	0	0.476526	0.00323625	0	0	0.143991	0	0.00483092	0	0	0	0	0	0.510178	0	0.127236	0	0.00273224	0	1001.42	0.0146073	0	0	0	0	5.12487	9350.59	377.495	0.00641026	0.00273224	0	352.895	0.00333333	0.122019	0.036334	0.804078	0	0.71277	0.0042735	0.758029	0	0.366465	0	9.53404	0	
1.10804e+07	MFG_R_7_2	13896.4	113995	2.33877	9241.21	0.892276	7.48472	42.433	42331.5	51.6287	6.63285	8.32828	0.0111111	0	10.8231	0	5.13881	182.556	0	0.0246914	0.937733	890.854	1600.48	16.2741	775287	0.446014	824632	0.0246914	1.23048	0.6504	207933	910.16	1634.98	677.046	1254.08	0.00546448	2.44833	96.1511	45.5904	1904.17	1092.28	0	0	0	0.0328715	0	0.0143386	0	0	0	0	0	1.80228	0.144038	27560.2	2.03577	245213	32.178	31753.1	2.50964	27781.3	105.412	12.2173	17.4147	2.40076e+06	12.3696	0.395394	0.0204518	0.0232046	0	0.0311666	0.00392157	239.615	3.48866	115.551	0	29.0045	1.37994	3.97403	0.173984	2.14992	0.0042735	265902	0.146357	3379.7	0	16178.6	0	25407.9	0.0152386	1424.71	0	101.619	0.920569	125.371	0.991274	9467.67	0.256302	13.1609	2.20347	9859.69	0.563601	12159.8	0.00392157	113.801	0.00220751	0	0.00374532	4.26982	0	0	0	0	0	0	0	0	0	0	0	0	0	14634.6	0	394.572	0.630307	8.54347	0.459501	0.0562088	0	13.5984	49.5474	47.4518	0	1.91774	0.762094	0	0.0642455	304533	0	734.512	0.00497512	5054.47	1.36949	176.484	0.0177022	91.1233	0.0398246	0.575809	0.869783	0.896952	0.0161908	0.0119133	0.00512821	0	0	85529	0	5.04285	0	350.313	48.7378	1075.3	1.502	43.5045	0	0.0822733	1.56489	0.0476407	443.76	14.7503	0	0.0187909	260.71	0.00574713	0	0	0	0	2.60728	0	0	0	2.39739	0	0	0	0	0	0.00220751	0.31438	0.00275482	0.00406504	0.924317	0.221754	0	0	0.175835	0.0302635	2.10322	0.0152587	0.0146591	0.0890126	2.26033	0.95033	0.0688491	0.205703	0.127777	0.00287356	0.0983307	0.00289855	0.00406504	0.0274799	0.219667	0.11486	10.4332	4.27655	3.47538	2.21725	0.00320513	0.032421	666.416	23.5158	0.105242	0.0541341	0.00320513	1.96877	399.68	48243.5	46.2955	335.282	0.0213675	1.82324	615.557	8.75509	11.8475	1.91257	39.3921	0.120379	81.8724	22.6928	22.3706	2.58793	91.4611	9.15583	425.934	12.4055	
3.80234e+07	MFG_L_7_3	6121.12	0.00595238	164869	0	4.65222e+06	17750	21.2527	0	0.00775194	0	24.2639	233.395	152122	80029.7	2.11028e+06	0.00555556	0.0104167	0.0246914	0	2.68674	2.10896e+06	175.269	252060	0	0.010101	0.00617284	9.02367e+06	3802.67	0	0.00462963	869.95	167.824	10.4636	2.68558	403063	50.5606	14.2821	0.848342	0	0.0834727	0	0	22.2815	0.263008	0	0	0.419997	0.0620748	0	0	28742.8	96.5353	0.64897	0	15.2172	0	18.655	0	0.576294	0	0.00564972	0	0	0	0.00497512	0	0	0	0.0703258	0	0	0	0.00653595	0	0	0	0.00653595	0	0.00653595	0	0	0	0	0	0.00406504	0	0.00641026	0	0.003367	0	0	0	6.16951	0	0	0	0.183391	0	0.399992	0	0.003367	0	4.0735	0	0	0	0.0161237	0	0	0	0	0	0	0	0	0	0	0	0	0	0	0	0	0	1.03254	0.00383142	0.0738848	0.0131443	0	0	0.190184	0.0157929	0.165285	0	1.7371	0	0.00483092	0	0.00529101	0	0	0	0.373871	0	0.551264	0	0	0.0343953	0	0.00383142	0.0216816	0.003367	0.00537634	0	0	0	0.0505156	0	0.00520833	0	2.96669	0	0.0934226	0.00323625	0	0	2.77781	0	23.26	0	0	0	10.6524	0	0.00628931	0	0	0.0287037	0	0	0.00537634	0	0	0	0	0	0	0	0	0	0.0202067	0	2.58305	0.00282486	0	0	2.52288	0	0.559007	0.00282486	0.00469484	0	7.76624	0.0127419	0	0.0323774	0.226445	0.0295913	0.00444444	0	0	0	8.87508	0	69.1594	0	74.5664	0.0144928	0.003663	0.004329	10.9786	0.004329	1.46098	0	15.5493	0.158334	3708.92	0.0865231	84.5656	0.0473192	565.704	0.0216667	117.292	0.00416667	12.2221	0.0397314	88.0211	0.00555556	105.3	0.194692	46.1407	0	720.901	0	608.974	0.198496	
1.40249e+07	MFG_R_7_3	5.3632	31.1575	2.11856	0.51977	341.443	498275	0	0	0	0	1.99871	869.256	39.1104	489.649	0.110332	1.89265e+06	4.75746	0.937733	2.68674	0	3039.08	795369	4.53877	9191.2	0	0	0	3.7951e+06	0.139531	0.05888	4256.75	5663.81	4122.46	62.4721	3.42912	449.576	32.6941	28.3202	1208.35	1.05765	0	0	0	1.35539	0	0	0	0.0868347	0	0	0.00490196	515.598	0	0	0	0	0	0.00444444	0	0.00444444	0.142892	0.0238781	0.0495951	0	0	0	0	0	0	0	0	0.00537634	0.0487939	0.133535	0	0.00537634	0	0.021585	0	0	0	0.025641	0	0.021585	0	0	0	0.10357	0	0	0	0	0	0.0045045	0.0133453	0	0	0	0	0	0.00323625	0	0	0.0045045	0	0.0205323	0	0.00497512	0	0	0	0	0	0	0	0	0	0	0	0	0	0	0	0	0	0	0	0.0411784	0	0	0.139925	0.380153	0	0	0	0	0	0.0428749	0	0	0	0	0	0	0	0	0	0.0348909	0	0	0	0.0420847	0	0.00584795	0	0	0	0	0.0047619	0.0196078	0.0152625	0.116557	0	0.0471627	0	0.11098	0	0	0.04808	44.5902	0	0	0.359152	0	0	0	1.18317	24.2942	0	0.0485009	0	0	0	0	0	0	0	0	0	7.47762	0.00490196	0.0757149	0	28.7644	0	0	0	3.41205	0	13.6373	0	0.522981	0	76.7438	0	5.42662	0	1.01506	0	0	0	0.00793651	0	0	0	0	0	6.03197	0.010588	0.878139	0.471808	0.0794345	0.0415457	0.458375	0.0226847	324.108	0.00411523	104.826	0.00947342	20.3688	0.00411523	0.627167	0	0.025752	0.00314465	0	0.00282486	0	0.00314465	0.00854701	0	0.00529101	0.00411523	0.124534	0.00411523	0.136891	
