data	data	9.41857e+07	6.96959e+07	1.34429e+08	3.65239e+07	5.41302e+08	1.18872e+08	1.5128e+08	7.02651e+07	1.21441e+08	7.78986e+07	2.63375e+07	1.30619e+07	2.13876e+08	8.14023e+07	1.13603e+08	4.17104e+07	3.93119e+07	2.04977e+07	4.85283e+07	2.66328e+07	2.96174e+07	1.84438e+07	4.08084e+07	8.85935e+06	4.61907e+07	1.42234e+07	3.96183e+08	1.42656e+08	5.77224e+06	1.12911e+07	6.63775e+06	8.82996e+06	5.34448e+06	3.62221e+07	1.34174e+07	5.77505e+06	5.07313e+06	4.18685e+07	2.68897e+07	1.964e+07	1.48083e+07	9.63603e+06	2.66213e+07	7.5997e+06	3.44465e+07	2.33441e+07	1.64755e+08	7.16378e+07	1.26619e+07	1.01504e+07	3.7637e+07	1.25092e+07	7.68347e+07	6.10615e+07	3.94472e+07	2.64219e+07	2.92933e+08	3.09622e+07	2.1629e+08	9.34802e+07	1.09606e+07	1.86946e+07	5.60645e+07	3.56998e+07	730749	4.06738e+06	2.37765e+06	7.13324e+06	1.46361e+08	7.23212e+07	5.74629e+07	3.73871e+07	3.87235e+07	2.12445e+07	4.97169e+07	3.93295e+07	5.1737e+07	9.28243e+07	8.91162e+07	9.80718e+06	3.66748e+07	1.91088e+07	1.17568e+08	1.00479e+08	2.986e+07	4.01337e+07	3.98937e+07	2.33569e+07	6.47422e+08	2.07678e+07	6.37594e+07	2.47275e+07	1.70371e+08	8.2617e+06	2.9086e+08	2.46889e+07	1.57881e+07	3.73501e+07	1.1021e+07	2.04054e+07	3.62327e+08	1.70478e+07	2.69926e+08	1.97941e+08	2.05862e+08	1.75603e+08	3.69246e+08	1.06635e+08	1.28246e+07	1.71113e+07	1.75339e+07	4.66467e+07	1.66727e+07	6.89822e+07	4.70744e+07	1.80948e+07	5.3848e+07	6.74116e+06	2.39204e+07	7.31075e+06	1.85998e+07	7.39355e+06	1.83847e+07	9.16603e+06	7.05659e+07	5.25297e+07	2.46417e+07	4.77297e+07	2.38842e+07	3.59496e+06	3.77697e+07	1.05074e+07	5.30665e+07	4.90071e+07	8.81392e+07	1.44526e+08	1.22102e+08	1.21554e+08	2.976e+07	7.74641e+07	9.62338e+07	7.6972e+07	1.30271e+08	3.31719e+07	1.77461e+07	1.94317e+07	1.76314e+07	3.18645e+07	3.20618e+06	9.14639e+06	4.68797e+07	9.73221e+07	3.201e+06	9.38122e+06	5.85437e+07	6.67331e+07	4.96290e+06	5.41246e+06	2.97044e+07	4.70717e+07	9.98468e+07	9.78169e+07	2.50764e+07	1.40477e+07	3.57208e+07	1.61321e+07	2.06525e+07	3.13292e+06	1.63907e+08	3.67337e+07	7.27933e+06	4.77726e+06	8.01241e+07	5.31807e+06	1.15347e+06	1.2817e+06	6.34788e+06	2.54686e+07	1.08882e+07	5.66114e+06	1.32292e+07	2.2336e+07	7.99503e+06	2.1517e+06	2.86819e+06	1.42659e+06	1.15727e+07	9.81012e+06	3.97248e+07	1.0573e+08	1.54448e+09	1.15969e+08	6.9208e+08	1.34073e+08	5.25313e+07	8.536e+07	1.78896e+09	3.59123e+08	5.83889e+08	8.89812e+07	5.33787e+07	1.99848e+07	1.33143e+09	3.10808e+08	1.30446e+08	1.30934e+08	4.42218e+08	1.62929e+08	2.40796e+07	9.4244e+07	7.07922e+07	1.54124e+07	9.02053e+07	7.88974e+07	3.66445e+08	2.72661e+08	2.80831e+08	2.21371e+08	1.05379e+08	9.71129e+07	2.36829e+08	3.92355e+08	2.49325e+08	1.55738e+08	5.1021e+08	1.61549e+08	2.33894e+08	1.25367e+08	1.76867e+08	2.73649e+08	2.01632e+08	1.33223e+08	3.98609e+08	6.58017e+07	1.39888e+08	3.26259e+07	1.46397e+08	7.9913e+07	2.68265e+08	9.98454e+07	2.75576e+08	1.59539e+08	3.06725e+08	1.09452e+08	3.06686e+08	1.4582e+08	
data	data	SFG_L_7_1	SFG_R_7_1	SFG_L_7_2	SFG_R_7_2	SFG_L_7_3	SFG_R_7_3	SFG_L_7_4	SFG_R_7_4	SFG_L_7_5	SFG_R_7_5	SFG_L_7_6	SFG_R_7_6	SFG_L_7_7	SFG_R_7_7	MFG_L_7_1	MFG_R_7_1	MFG_L_7_2	MFG_R_7_2	MFG_L_7_3	MFG_R_7_3	MFG_L_7_4	MFG_R_7_4	MFG_L_7_5	MFG_R_7_5	MFG_L_7_6	MFG_R_7_6	MFG_L_7_7	MFG_R_7_7	IFG_L_6_1	IFG_R_6_1	IFG_L_6_2	IFG_R_6_2	IFG_L_6_3	IFG_R_6_3	IFG_L_6_4	IFG_R_6_4	IFG_L_6_5	IFG_R_6_5	IFG_L_6_6	IFG_R_6_6	OrG_L_6_1	OrG_R_6_1	OrG_L_6_2	OrG_R_6_2	OrG_L_6_3	OrG_R_6_3	OrG_L_6_4	OrG_R_6_4	OrG_L_6_5	OrG_R_6_5	OrG_R_6_6	OrG_R_6_6	PrG_L_6_1	PrG_R_6_1	PrG_L_6_2	PrG_R_6_2	PrG_L_6_3	PrG_R_6_3	PrG_L_6_4	PrG_R_6_4	PrG_L_6_5	PrG_R_6_5	PrG_L_6_6	PrG_R_6_6	PCL_L_2_1	PCL_R_2_1	PCL_L_2_2	PCL_R_2_2	STG_L_6_1	STG_R_6_1	STG_L_6_2	STG_R_6_2	STG_L_6_3	STG_R_6_3	STG_L_6_4	STG_R_6_4	STG_L_6_5	STG_R_6_5	STG_L_6_6	STG_R_6_6	MTG_L_4_1	MTG_R_4_1	MTG_L_4_2	MTG_R_4_2	MTG_L_4_3	MTG_R_4_3	MTG_L_4_4	MTG_R_4_4	ITG_L_7_1	ITG_R_7_1	ITG_L_7_2	ITG_R_7_2	ITG_L_7_3	ITG_R_7_3	ITG_L_7_4	ITG_R_7_4	ITG_L_7_5	ITG_R_7_5	ITG_L_7_6	ITG_R_7_6	ITG_L_7_7	ITG_R_7_7	FuG_L_3_1	FuG_R_3_1	FuG_L_3_2	FuG_R_3_2	FuG_L_3_3	FuG_R_3_3	PhG_L_6_1	PhG_R_6_1	PhG_L_6_2	PhG_R_6_2	PhG_L_6_3	PhG_R_6_3	PhG_L_6_4	PhG_R_6_4	PhG_L_6_5	PhG_R_6_5	PhG_L_6_6	PhG_R_6_6	pSTS_L_2_1	pSTS_R_2_1	pSTS_L_2_2	pSTS_R_2_2	SPL_L_5_1	SPL_R_5_1	SPL_L_5_2	SPL_R_5_2	SPL_L_5_3	SPL_R_5_3	SPL_L_5_4	SPL_R_5_4	SPL_L_5_5	SPL_R_5_5	IPL_L_6_1	IPL_R_6_1	IPL_L_6_2	IPL_R_6_2	IPL_L_6_3	IPL_R_6_3	IPL_L_6_4	IPL_R_6_4	IPL_L_6_5	IPL_R_6_5	IPL_L_6_6	IPL_R_6_6	PCun_L_4_1	PCun_R_4_1	PCun_L_4_2	PCun_R_4_2	PCun_L_4_3	PCun_R_4_3	PCun_L_4_4	PCun_R_4_4	PoG_L_4_1	PoG_R_4_1	PoG_L_4_2	PoG_R_4_2	PoG_L_4_3	PoG_R_4_3	PoG_L_4_4	PoG_R_4_4	INS_L_6_1	INS_R_6_1	INS_L_6_2	INS_R_6_2	INS_L_6_3	INS_R_6_3	INS_L_6_4	INS_R_6_4	INS_L_6_5	INS_R_6_5	INS_L_6_6	INS_R_6_6	CG_L_7_1	CG_R_7_1	CG_L_7_2	CG_R_7_2	CG_L_7_3	CG_R_7_3	CG_L_7_4	CG_R_7_4	CG_L_7_5	CG_R_7_5	CG_L_7_6	CG_R_7_6	CG_L_7_7	CG_R_7_7	MVOcC	MVOcC	MVOcC	MVOcC	MVOcC	MVOcC	MVOcC	MVOcC	MVOcC	MVOcC	LOcC_L_4_1	LOcC_R_4_1	LOcC_L_4_2	LOcC_R_4_2	LOcC_L_4_3	LOcC_R_4_3	LOcC_L_4_4	LOcC_R_4_4	LOcC_L_2_1	LOcC_R_2_1	LOcC_L_2_2	LOcC_R_2_2	Amyg_L_2_1	Amyg_R_2_1	Amyg_L_2_2	Amyg_R_2_2	Hipp_L_2_1	Hipp_R_2_1	Hipp_L_2_2	Hipp_R_2_2	BG_L_6_1	BG_R_6_1	BG_L_6_2	BG_R_6_2	BG_L_6_3	BG_R_6_3	BG_L_6_4	BG_R_6_4	BG_L_6_5	BG_R_6_5	BG_L_6_6	BG_R_6_6	Tha_L_8_1	Tha_R_8_1	Tha_L_8_2	Tha_R_8_2	Tha_L_8_3	Tha_R_8_3	Tha_L_8_4	Tha_R_8_4	Tha_L_8_5	Tha_R_8_5	Tha_L_8_6	Tha_R_8_6	Tha_L_8_7	Tha_R_8_7	Tha_L_8_8	Tha_R_8_8	
9.41857e+07	SFG_L_7_1	0	2.71765e+06	2.25147e+07	108470	1.70821e+06	114976	3.84475e+06	9499.52	302156	7196.1	648401	13892.4	1806.76	106.302	30.6724	6065.38	60.2372	0	1.10907	16.4	13.433	0.548833	44934.6	0.54872	23809.9	1511.87	12.5793	130.154	6537.08	0	1.00777	0.0132784	1.46597	0.303854	17.121	0.003663	324.226	1.70647	610771	0.0329982	0	0	0	0	4.52485	0	15.5169	0.0944953	0.340093	0	0.487821	0.00383142	0.0370656	0.0143098	1.42192	5.87247	115.29	0.9786	68.1104	150.32	67118.1	0	20873.6	0	36.2286	57.486	149.868	8.47066	418.155	0.00406504	0	0	7429.78	0	0	0	480.135	0	185.064	0	0	0	17.1449	0	0	0	0	0	6553.1	0	0.0144148	0	4254.66	0	1.3486	0	0	0	0	0	3.10724	0	1844.3	0.0253913	28.6544	0.0325086	7144.31	0	0	0	0.00483092	0.0111304	0	0.0111304	0.122204	0	0.0196078	0	0.122204	0	0	0	0	0	23548.5	240.998	2186.4	5.84972	0.473994	0	271.921	157.051	1083.11	0.799114	18340.1	0.055183	346.312	0.0551523	0	0	0	0	3484.4	0	0	0	61415.7	113.795	2383.84	4992.68	54764.6	0.131016	10300	61.4504	0	0.003367	0	0	0	0	427.754	80.0401	91443.4	0	0.228909	0	982.114	0.0373613	616503	0	265.719	0	567637	0	0.38706	0.00694444	1126.24	21669	115.414	0.0104167	219.558	0.628542	23418.1	0.225672	97815.9	29.0977	0.0748372	0.00595238	1294.57	356.232	96.1393	0	4.42518	0.0121639	939.26	30.125	433.789	0.0026455	3688.15	0.003367	0.0171053	0	501.861	0.0121639	15.0474	38.2521	156.586	0.0481857	3.79881	0.0547136	0.177338	0.945341	1.1194	0.0140825	123070	462.13	4412.35	0.0282237	5.39777	1.13703	5.52533e+06	7046.92	21.319	0.162055	56.2944	2.78662	4021.07	19412.7	57552.9	1.09394	425.544	0.00275482	3.70268e+06	0.0656456	25181.1	155.815	518.023	0	515306	36.0338	119489	8.24797	76528.9	15.8972	2.49504e+06	98.9049	
6.96959e+07	SFG_R_7_1	2.71765e+06	0	329946	689549	106113	1.46715e+06	713619	7.83838e+06	526728	1.09864e+06	4997.95	721194	82.1941	552.449	70.2332	7268.45	3430.33	2.88037	0.0035461	0.0359968	2.10847	0	118765	0.232516	588656	12457	0.491343	1.93593	0.00680272	23610.4	0.0269608	0	0.912552	176.891	0.0595005	0.88956	2.26095	903.341	16.2643	153453	0	0	0.00383142	0	0.0129462	0.243168	0.118507	0.456296	0.0572338	0	0.0584858	0.22385	0.678728	0.158466	86650.8	1.92749	1324.75	0.0691053	1188.37	419.982	1.89501	1.40541	0.574765	250.343	3.90861	1209.53	58.7646	13.394	2.94702	19.8674	0	0	2.4104	0.00952381	0	0	0.271816	1.83841	0.0932099	0.00490196	0	0.0775106	1.55675	7.7374	0	0.044485	0.0026455	0.020915	43.3329	0.187522	0	0	33.8242	40.9759	0.834528	0.845232	0	0.0406602	0	0.529573	0.179322	8.5554	3.63032	108.446	9.54299	0.00444444	44.7814	0	0	0.0127595	0	45.3783	0	58.092	0	0	0	0.0190476	0	0	0	0	0	0	2540.27	303.23	197.392	164.223	0.362898	0	168.502	884.316	160.872	17.0497	189.505	132.273	5.57644	135.589	0	0	0	0.00666667	17.6386	0.00666667	0	0	245.521	65.196	49.66	3130.75	3.29274	9.86546	27.1913	10965.9	0	0.00775194	0	0	0	0.00775194	296.785	1679.06	63.0317	20.6866	0	0	4.26888	0.00617284	271.344	703.475	0.125547	1.94962	128.934	27.9079	0	0.0742178	1313.29	25902.1	0.0037037	231.362	0.042055	31.6512	0.0037037	1428.71	25.8259	852.618	0.0952144	0.0235862	254.941	291.45	5.87648	0	0.39951	0.201519	112.926	59.2814	16.5301	0.216841	17.2362	3.12871	0	0	28.8953	0.799146	96.0045	1.17833	1.52732	5.32918	0.374624	62.6889	12.0132	52.6237	0.129564	150.781	39538.6	195326	244.83	761.078	0.0918245	6.32463	124644	1.25071e+07	7.67329	450.376	33.7158	1.39908	1078.43	650845	1034.38	140048	0.850352	35740.8	52937.3	1.64001e+06	2612.14	4246.31	26.1942	3.34864	14348.9	740881	3272.64	215595	2813.58	5615.83	25387.5	1.17486e+06	
1.34429e+08	SFG_L_7_2	2.25147e+07	329946	0	7189.24	2.28256e+07	67183.6	5.41805e+06	192.786	3.47002	180.849	29.3936	10504.7	0.681875	2.64299	432835	384.529	11840.1	0	29.3869	2.43622	12796.2	0.135888	3.3635e+06	0.308821	611748	71.069	2.7776	0.00271003	49996.1	0	245.531	0	16322.6	0.0342275	300.724	0	9321.92	0.562992	3.42194e+06	0	0	0	0.079714	0	1.31849	0	3.68698	0.00271003	0.262912	0	8.48244	0.00378788	0.194455	0.0332274	0.283754	1.96295	13.3451	0.309588	10.3351	37.2543	142871	0	33491.4	0	0.00574713	0.0604766	0.0128852	0.00813008	194.69	0	0.00387597	0	21102.7	0	0	0	1483.3	0	333.649	0	0	0	16.592	0	0	0	0.00401606	0	10904.3	0	0	0	6558.3	0.0109741	10.6341	0	0	0	0	0	5.63049	0	2454.09	0.00289855	11.5789	0	11318.6	0	0	0	0	0.00289855	0	0.00289855	0	0	0.003003	0	0	0	0	0	0	0	2777.25	68.3857	209.149	2.20994	0.750182	0	32.8044	44.4333	368.255	0.224344	23627.6	0.0139804	136.811	0.0310486	0	0	0	0	4999.99	0	0	0	6.71897	19.9115	2.12363	666.288	0	0.00326797	0	0.0116642	0	0.0145759	0	0	0.045242	0	10.0633	21.7443	108974	0	8.79331	0	4945.97	0.037071	1.87636e+06	0	604.539	0	2.17495e+06	0	0	0	0.0593367	766.514	0	0.00775194	0	0	0	0.00952381	0	0.0341991	0	0	317.421	94.1274	2050.61	0	292.589	0	146.052	8.06718	9126.38	0	21946.3	0	0.0379787	0	15363.4	0	3.94425	5.62373	138.125	0.0104173	1.01019	0.0136069	0.115786	0.565589	2.6612	0.0109741	25594.3	152.951	1715.81	0.0125265	1.14706	0.0795383	2.18309e+06	2202.77	65.1552	0.0657283	1778.81	0.377342	1829.1	1985.38	57700.5	0.62705	75.9965	0	568080	0.0042735	4561.75	48.7207	268.514	0	166355	9.47324	47306.5	2.13302	30273.6	3.14463	536462	27.9157	
3.65239e+07	SFG_R_7_2	108470	689549	7189.24	0	4083.16	1.41782e+06	1366.3	19592.1	230.405	2.6831	42.4157	0.00396825	0	0	0.2049	1.23086e+07	489.988	2406.48	0	6121.3	0	1292	101033	6388.1	11495.9	100059	0.0022831	0.246768	0.0625	285265	0	28587.4	0	198819	0	102.359	0	77593.9	0.851255	38748.8	0	0	0	0.00378788	0.0022831	0.0154189	0.0022831	0.0611447	0	0	0	0.150624	0.0162626	0.113868	12.8788	0.626272	27.642	0.294766	20.0453	346.967	0.0616497	0.715739	0.0286772	7.60984	0.177293	11.102	0.190933	22.6043	0.0111304	8.14494	0	0.365293	0.101341	1.97951	0	1.62837	0.0484849	9.79333	0.038055	6.18362	0	6.77312	0.04755	51.4394	0	1.61727	0.0107639	16.53	0.703321	0.54833	0	0	0.383421	16.5502	0.0109297	25.952	0	3.4533	0	19.4832	0.00262467	81.6365	0.13314	71.337	0.115142	0.0121212	0.70266	0.00378788	0	0.0291318	0	22.865	0	36.1109	0	0	0	0	0	0	0	1.70163	0	0.0561586	31.6193	1472.35	3.81408	119.268	0	10.2011	4.37215	4046.82	1.60299	844.864	6.93957	50.1712	0.176112	54.7743	0	0.00628931	0	0.0918654	1.32931	0.218757	0	1.09182	0.829728	6.87662	0.0421678	41.8756	0.0669751	0.0174299	0	0.0119133	0	3.82315	0	0.0045045	0	5.69597	8.67855	2679.83	0.994223	144.806	0	0.00469484	0	154.352	9.68285	3023.81	0	15.1396	9.80527	36.3698	0	0	0.00462963	0.00462963	0	0	0	0	0	0	0.00438596	0	0	0	13.7046	28.7408	0.0541584	0	0.00347222	0.587185	1.49614	3.14416	0.128061	0.698168	0.625182	0.746143	0	0	0.0316098	2.16872	7.18929	0.621472	0.0128087	0.502637	0	20.0489	1.39415	0.0616023	0.00289855	6.15563	1397.86	1340.65	0.290621	3487.07	0.0208333	0.478798	5306.62	617156	0.0289406	55.0285	0.118701	1.06294	15.4836	874778	50.446	220401	0.100992	117859	1279.75	202401	109.492	24.9121	0.019591	241.433	257.178	215527	24.8752	155446	7.33937	15044	563.81	400090	
5.41302e+08	SFG_L_7_3	1.70821e+06	106113	2.28256e+07	4083.16	0	8.44503e+06	64.0094	292.607	31.4866	293.28	9.59284e+06	631407	5.97398e+07	3.72202e+06	3.31417e+07	2975.19	18933.1	0.00392157	3.82908e+06	6650.86	580234	270.849	691321	0.00378788	35.2674	0.232974	427878	20549.2	5237.69	0	13095.1	0.00308642	293929	0.0904278	233005	0.0342448	91583.3	0.560242	1.2209e+06	0.00350877	306.574	0.0958136	581.356	570.19	822.864	0.00438596	6788.51	25.6927	6.12129	0.0961431	214978	0.474615	24.8228	0.0145759	15.5478	3.82219	180.007	1.33516	110.118	266.124	2042.27	0	153.257	0	0.373616	0.0348992	2.82534	0.063719	55108.7	0.0111111	1092.89	0	9385.31	0	8.7316	0	5783.61	0.0455956	4656.32	0	6.01681	0	4289.51	0.155422	0	0	108.773	0	154969	0.00268817	0	0	36778.3	0.0273307	37711.6	0	0	0	5.82749	0	11316.9	0.00268817	1801.96	0.2647	416.083	0.140729	103313	0	0.0157929	0	0.0628273	0.0947305	0	0.125784	0.702212	0	2.66775	0	0.00406504	0	0.151832	0	0.0723255	0	15575.3	429.605	7712.49	61.1411	6274.64	0	8082.6	62.2751	27508.3	9.25044	371761	0.325916	12352.4	0.261369	0.353578	0	21.4839	0	31282.5	0	8.6649	0	696.893	381.834	21.2988	379.542	158.953	0.41071	951.959	5.34231	18.2765	0.0145759	13.9643	0	4935.42	0	11797.1	239.756	103770	0	50.9881	0.0121562	728811	0.00396825	7.44371e+06	0.0116069	35896.4	0	2.24269e+06	0	1.56686	0	361003	1.38395e+06	11183.4	167.401	4726.75	0.534165	1483.74	0	133.178	0.0502047	62532.4	6.62675	13315.9	372.922	292456	0	270592	0.00245098	1030.13	40.2782	1.61808e+06	0.0276173	1.61086e+06	0.0118449	0	0	1.67137e+06	0.0495214	785.133	17.7768	100701	0.431696	8208.74	0.204536	9.60728	6.02062	3182.62	0.0109741	300713	82.6059	422695	0.379795	10449.3	2.94809	6.40945e+06	3020.93	185462	6.07437	7.77589e+06	3.72429	2.42393e+07	979.361	6.37127e+06	1.95452	9.85125e+06	1.88799	4.43533e+06	0.456014	7383.49	143.552	740463	0.657475	6.97449e+06	77.1044	1.09442e+07	7.06336	1.02431e+07	7.05742	1.52563e+07	147.069	
1.18872e+08	SFG_R_7_3	114976	1.46715e+06	67183.6	1.41782e+06	8.44503e+06	0	50.9511	37.5065	30.9094	29.156	803180	4.02408e+06	401702	1.97686e+07	307790	1.03892e+06	22.6646	0.00617284	1.36456	5.57596e+06	2031.31	84874.6	362466	454.334	8.65582	0.0241619	4590.18	411107	0.00666667	28315.5	2.33028	70714.6	152.882	906016	0.860677	10706.6	4577.38	467648	11.4755	6744.1	0.343757	9.15977	0	6.09503	0	0.360194	130.432	15.9152	0	0.827857	0.00574713	291.39	0.442155	2.13046	3.08996	89.8443	2.42645	89.2114	5.79762	260.599	0	0.451641	0.00456621	5.35127	0.00374532	14.2915	0.329987	24.8675	61.3828	14.5864	0	1.42891	13.042	2.8192	0	4.81939	0.395272	34.7365	0.289444	8.23544	0	10.49	2.24554	122.772	0	6.67406	0.0122365	20.7096	538.381	30.0386	0	0.0586435	215.829	45.0691	77.8854	18.0922	0	8.58982	0.00294985	7.34264	3.52969	101.838	5.47236	1722.6	0.0143519	8.06151	464.225	0.0906856	0	0	0	595.749	0	1148.97	0.00248756	0	0.00248756	0.119957	0.00248756	0.00378788	0	0.421892	0	0	49.2793	25744	49.2326	3046.01	0.00234742	140.306	15.4097	2875.19	7.09917	19745.9	486.894	760.821	6.77997	4895.85	0.00421941	0.00469484	0.00421941	0.0633801	91.0683	0.00271003	0	6.91998	30.0522	39.9659	2.75536	56.3787	3.35873	10.3387	5.97332	108.907	0	14.1385	0	0.127875	0.0343643	20.7482	1.51148	2937.7	136.714	121.936	0	0.0359322	3060.8	1750.8	21707.4	10427.1	11.8627	40.1124	4514.71	71.7069	0	0	42354.4	235811	21.9058	0.536973	0.292474	189.39	0.193831	0.0187943	3.74917	0.278965	9365.99	59.1024	11.9008	146.567	986.956	0.103671	1027.59	8.47664	0.450256	12.656	5002.13	13.9471	2590.51	78.1035	0	0.003663	17505.1	159.788	1.42855	1.95101	71.9523	410.686	0.768778	1241.62	0.0324907	0.2578	3.95274	26.4552	765.342	11199.1	498.057	79080.6	0.611493	16772.2	9936.6	2.19839e+06	1059.4	227.106	20710.5	95026.8	9091.73	2.74813e+06	25229	1.23409e+06	1860.03	2.15974e+06	4719.17	1.60901e+06	52.8918	47.4087	528.222	197585	3218.92	151706	5718.08	686182	6206.44	341154	5946.09	1.59293e+06	
1.5128e+08	SFG_L_7_4	3.84475e+06	713619	5.41805e+06	1366.3	64.0094	50.9511	0	165101	4.11939e+07	870550	1.39258	11.7946	5.49153	2.28976	1.54558	157.124	40.6095	20.8061	0.023399	0.0354201	0.153801	0.0958265	4168.7	1.68951	593436	2457.96	13.3944	0.0035461	0.326961	0	0.00595238	0	0.183069	0.104473	3.3408	0.0159544	17.0818	0.694691	17116.6	0.483686	0.00320513	0	0	0.0030581	0.0150779	0	0.0661985	0.00220751	0.0400761	0.00217865	0.43982	0.0042735	18.413	4.30318	237957	230.722	4038.99	303.496	318143	1320.26	17536.9	0	2114.32	3.47867	4.2323	302.781	494.038	1604.82	16.2638	0.00406504	0	0	8107.11	0	0.00680272	0	662.026	0	24.3753	0	0	0	8.40926	0	0	0	0	0	19211.8	0	0.00462963	0	11095.1	0.0037037	4.29732	0	0	0	0.00462963	0	13.1797	0	5010.88	0.0464907	21.6975	8.87672	21067.7	0	0	0	0	0.00282486	0	0.0114977	0	0	0.00595238	0	0	0	0	0	0.00680272	0	1151.72	17.981	0.252374	5.59905	3.7538	0	296.514	19.8126	803.815	3.66932	4542.93	0.0305092	139.38	0.0557328	0.0289992	0	0.329411	0	2431.62	0	0	0	0.0296726	3.16441	7.43314	520.048	0	0	0	45.9242	0	0.0593102	0	0	0	0	1325.14	176.106	217842	0	0.116334	0	85.7709	0.0378361	688684	0.00282486	1227.25	0	235368	0	0	0	1.19124	2.022	0	0	0.126321	0.636339	2.79954	11.4325	0.0111111	92.6383	0	0	2237.34	485.123	0.473117	0	0.0163605	0	2430.98	256.212	5.6686	0.00314465	96.1055	0.003367	0.107855	0	0.781621	0.0128253	23.914	38.421	0.126113	0.0298059	0.00275482	1.00549	927.464	0.938365	0.376148	0.0155375	3.14011e+06	21330	0.837883	0	2.06989	0	8.9759e+06	69107.1	14.2938	0.0966345	278.179	0.291709	381.908	62.6646	1.27722e+06	79.0274	0.357093	0	7.06076e+06	0.0177809	20134.4	0.0598425	0.00641026	0	7215.31	0.00438596	44.3327	0.00401606	134.967	0.0171645	431892	0.0177809	
7.02651e+07	SFG_R_7_4	9499.52	7.83838e+06	192.786	19592.1	292.607	37.5065	165101	0	317488	1.25031e+07	6.0885	0.002331	1.08111	0.119174	0.287618	3.44569	0.376907	353.831	0.0035461	1.81384	0	0.832678	4.1627	19.3461	4211.73	661630	0.293951	0.0139388	0	18.0746	0	0.557814	0	321.88	0.014898	39.3932	0	12206.6	0	364190	0	0	0.00383142	0	0	0	0.00347222	0	0	0.00724638	0.0329697	2.35523	0.53219	7526.19	9354.06	381439	1304.39	7.02892	2018.91	2.59425	0	212.006	0	11744.3	0.00653595	0.956121	492.228	0	0.026903	1.0938	0	0	0	1.22534	0	0	0	0.0194658	0.00815819	0.157906	0	4.30107	0.0409174	0.663756	0	11.883	0.00147493	3.70301	3.55769	0.0651499	0	0	0.939267	1.98286	0.042332	6.58643	0	4.29836	0	8.45959	0.0106243	10.3511	0.0413523	110.501	8.89575	0.0361552	3.55769	0.0152386	0	0.0514136	0	85.3065	0	108.157	0	0	0	0	0	0	0	0.646935	0	0	61.2426	62.0442	0.339904	3.92076	0.288043	0.0274943	39.5104	43.1923	55.0616	46.0379	5.43649	109.934	1.25241	159.706	0	0.440103	0	2.79839	0.273973	4.66748	0	0	0.257313	0.12411	0.683932	3.08786	0	0	0.00421941	0.0255711	0	0.462574	0	0	0	2.55675	102.624	214.124	0	47.1426	0	0	0	9.23514	0.00185185	1011.07	0	8.6251	0	1938.48	0	0	0.00238095	0	0	0	0	0	0	0	0	0	0	0	71.6039	142.616	0.00280112	0	0	0.0365398	52.0679	46.5081	0.00280112	0.0339286	0.0518501	0.34292	0	0	0	0.322812	45.4992	1.50246	0.0115019	1.61925	0	17.1982	1.14003	183.188	0	18.0663	49855.9	692570	0.0393028	0.3729	0.00529101	2.61295	58657.8	1.07642e+07	0.205737	60.0534	1.43915	0.376156	0.216919	683.246	286.824	883279	0.0215682	1130.24	8459.89	332943	175.115	615.442	0.0893798	0.168278	119.813	3804.55	4.97357	312.651	0.133772	2.29869	28.1191	19634	
1.21441e+08	SFG_L_7_5	302156	526728	3.47002	230.405	31.4866	30.9094	4.11939e+07	317488	0	1.70534e+06	1.45405	0.0282965	5.70741	0.298297	0.11132	60.251	0	31.9069	0	0.00374532	0	0.0342275	0.013468	0.852507	1268.15	3981.29	12.6826	0.0035461	0	0.00564972	0	0	0	0.178049	0.00326797	0.0159544	0	0.238382	2.2108	0.769971	0.00320513	0	0.00326797	0.0030581	0	0	0.0180213	0.00220751	0.0182786	0.00217865	0.0288533	0.0042735	9.01417	27.0703	123691	373.804	4292.6	359.352	154103	1710.3	7.52462	0	68.823	37.3679	217.143	372.268	443798	10847.3	3.34502	0	0	0	7.26329	0	0	0	0.448653	0	0.0592157	0	0	0	0.438968	0	0	0	0	0	716.222	0	0.00462963	0	368.255	0	0.804739	0	0	0	0.0145086	0	1.01102	0	171.855	0.0736239	14.6654	30.7285	777.186	0	0	0	0	0.011854	0	0.0265529	0	0	0.00595238	0	0	0	0	0	0	0	4741.44	17.5059	0.19679	8.40275	0.348488	0	367.991	19.1766	198.036	3.89695	153.294	0.0305092	26.7612	0.175051	0.0070922	0	0.166205	0	71.5821	0	0	0	913.542	14.8962	853.791	800.344	21.9273	0.00248756	1.26076	96.4036	0	0.0343816	0	0	0	0	993.055	229.821	8765.93	0	0	0	0	0.0042735	6343.1	0.011854	20.3281	0	342.073	0	0	0.00694444	0.674107	1.19717	0	0	0.190047	3.74232	545.108	5.17242	244.485	111.436	0.00555556	0	1135.78	579.388	0.0313813	0	0	0	1238.06	340.999	0.178087	0	1.58864	0.003367	0.00411523	0	0.0154564	0.00326797	17.3233	41.5907	0.210847	0.0293389	0	1.68803	2760.11	0.199491	0.464686	0.00483092	3.39956e+06	21219.9	0.0230769	0.00483092	1.4785	0	6.89418e+06	60694.4	16.0754	0.349459	234.893	0.0863721	459.196	0.768141	279287	137.571	0.473509	0.00666667	5.00393e+06	0.00666667	15392.3	0.0716506	0.0586892	0	4739.94	0.0277778	32.347	0	84.882	0	215460	0.0616667	
7.78986e+07	SFG_R_7_5	7196.1	1.09864e+06	180.849	2.6831	293.28	29.156	870550	1.25031e+07	1.70534e+06	0	12.1787	0.6646	6.28326	0.473135	0.771558	1.40581	0.333782	2.1255	0	3.66878	0	2.53068	4.41486	0.233834	2105.52	11462	1.42352	5.32145	0	0.882607	0	2.99204	0	173.286	0.120604	50.5007	0.0106512	540.155	0	4688.71	0	0	0.095588	0	0	0.0175983	0.0142705	0.297462	0.00505051	0.0278261	0.376934	16.5905	3.31094	51403.9	203166	1.71077e+06	72480.4	1.79479	193832	708829	0	240.31	0	2761	13.5077	30060.4	135093	412985	0.0497595	1.6173	0	0	0	0.0798535	0	0.00617284	0.00546448	0.0452563	0.0375624	0.100684	0	5.597	0.127603	4.43162	0	15.9285	0.00147493	1.05995	10.918	0	0	0	3.41192	3.15296	0.268023	2.19653	0	2.91089	0	4.50743	0.0671181	0.325714	0.0433922	1.0599	2.50554	0.214946	9.94961	0	0	0	0	0.947051	0	1.0599	0	0	0	0	0	0	0	0.135658	0	0	1308.67	50.0037	6.90484	2.01617	0.233505	0.0616497	51.6869	54.4892	37.867	16.0315	8.55071	0.449725	1.13574	13.9269	0	0.557615	0	2.01881	0.157641	3.37724	0	0.0254176	3487.57	0.342463	3980.49	16173.2	68.5661	0.00505051	114.11	11200.9	0	179.816	0	0	0	0.642435	149.013	607.698	0.00258398	0.0477933	0	0	0	12.1075	0.0449985	3.47817	0	0	0.0185047	364.749	0.00757576	0	1.27708	1.96551	0	16.8484	1.06821	0.0220058	0.132193	3995.25	1857.99	25570.7	0	0	50.5848	397.904	0	0.0045045	0	0.0667378	35.7447	287.927	0	0.0363095	0.0224375	0.00469484	0	0	0	0.0624478	28.9433	8.16407	0.142635	2.19666	0	0.07049	1.36523	198.149	0	8.37886	50088.1	2.87241e+06	0.0459621	0.328074	0.0315263	151.444	58699	1.49374e+07	0.117593	168.719	5.73294	19.8725	2.48949	4729.34	460.718	327977	0.0387766	7955.65	9750.33	677457	165.465	2774.16	0.059998	0.331619	100.46	37353.2	6.83507	369.769	0.400019	102.979	28.0258	164580	
2.63375e+07	SFG_L_7_6	648401	4997.95	29.3936	42.4157	9.59284e+06	803180	1.39258	6.0885	1.45405	12.1787	0	108474	500474	6551.51	4791.07	7501.87	263.993	0.00392157	0.172506	11531.3	2026.88	1.1515	3021.53	0	2.37085	0.00694444	19.9388	2748.55	7.38813	0	1.10597	0	59.3033	0	0.0508571	0.0155039	76.3726	0.00387597	5.88898	0	0.0138949	0.00497512	0.0300605	11.5639	1.26718	0	5.72196	1.28812	0.0657006	0.00497512	0.00266667	0.0618301	0.107974	0	0.165566	0.0333656	6.34005	0.0339632	9.241	12.235	0.449393	0	0	0	0.633667	0.00416667	4.20576	0.117536	2115.34	0	0.589491	0	3.86216	0	0.00387597	0	1.33456	0	1.20693	0	0.00358423	0	13.7341	0	0	0	0.0895821	0	89.7844	0	0	0	63.3428	0	20.4852	0	0	0	0.003663	0	3.61855	0	1.03995	0.0257947	4.8789	0.0113993	61.3526	0	0	0	0.0197628	0.00280112	0	0.0113993	0.238403	0	0.0422323	0	0.238403	0	0	0	0	0	2964.58	3.38765	722.136	2.18307	0.640052	0	46.0618	0.430781	30.1365	0.167263	589.072	0	15.6605	0	0	0	0.0714015	0	12.2856	0	0.0202067	0	5082.44	4.66648	174.684	1.58655	2455.18	0.413057	6905.11	3.45651	0.0186489	0	0	0	2.46409	0	11.6448	10.8371	14.5175	0	0.0291397	0	43.4775	0	1053.25	0	8.24649	0	217.344	0	1.14962	0.0247678	18473.6	7910.72	1354.06	36.2872	2743.3	5.07004	1273.16	0.408756	1686.73	0	2.96713	0.0299228	5.72363	5.66802	22.89	0	17.8389	0	8.92744	0.601105	176.004	0	766.088	0	0	0	226.542	0.0031746	0.342088	0.990952	14.4278	0.00314465	15.2597	0.00323625	0.017747	0.450932	38.9578	0	4353.67	1.90571	7060.92	0.0350057	4.58592	0.585362	114673	42.8445	131.603	0.150118	2729.32	0.122584	275043	4.1318	6977.56	0.029899	28201.5	0.475149	57974.8	0.192119	306.51	4.12475	8855.39	0.0130446	145932	2.27875	218932	0.615448	210782	0.685541	332063	4.89949	
1.30619e+07	SFG_R_7_6	13892.4	721194	10504.7	0.00396825	631407	4.02408e+06	11.7946	0.002331	0.0282965	0.6646	108474	0	7948.11	884843	11894.5	0.0532915	267.829	0	0.00900901	0	385.862	0.0111111	50227.2	0	1559.8	0	0	0.434488	0.00793651	0	0.137385	0	28.2193	0	0.161067	0	337.973	0	2.88266	0	0	0	0	0	0	0	0	0.0107527	0	0	0	0	0.0182648	0	0	0.00311526	0	0	0.0134169	0.120893	0.122622	0	0.0246363	0	0	0.665407	0.0940426	0.0250305	4.03345	0	0	0	0.813461	0	0	0	0.132555	0	0.129675	0	0	0	0.0113985	0.00358423	0	0	0.00311526	0	114.867	0	0	0	46.5086	0.00358423	18.6933	0	0	0	0	0	0.84296	0	0.520748	0.0174218	0	0	104.559	0	0	0.00483092	0	0	0	0	0	0.0202438	0	0	0	0.0476071	0	0	0	0	0.936779	0.0119584	1.40435	0.00462963	0.00406504	0	3.51182	0.0263962	1.12567	0.003003	97.0795	0.004329	1.50177	0.004329	0	0	0	0	22.9881	0	0	0	9.05565	9.61892	0.928425	15.5874	0.785065	276.05	3.6543	2742.62	0	0	0	0	0.0347947	0	0.0589716	0.0686479	8.51791	0	0	0	226.532	0	2612.58	0	0.654079	0	314.796	0	0	0.0179739	2675.29	30920.1	6.03141	3351.36	0.0497639	1014.52	0	4.98235	1.60757	2.13821	8.85203	261.125	0.587827	0.00358423	163.569	0	222.828	0	0.0153227	0.092978	893.122	0.00595238	456.443	0	0	0	2943.26	0	0	0	9.00641	0	0.00350877	0.004329	0	0	0.123219	0	11.5731	0.117646	6.89247	1.23465	0	0.0121829	1465.35	0.298012	377.916	0.0274578	5812.83	0	21.8596	29.0054	5349.63	0	9.90131	1.30656	754.472	0.390637	0.00595238	0.00378788	6.75616	0.00311526	32.5995	4.87823	81.6345	2.08536	89.8149	0.65193	239.913	6.74892	
2.13876e+08	SFG_L_7_7	1806.76	82.1941	0.681875	0	5.97398e+07	401702	5.49153	1.08111	5.70741	6.28326	500474	7948.11	0	3.98331e+06	1.44323e+06	41.722	0	0	2.12911e+06	7612.94	40174.4	2816.74	0.0230159	0	0.113757	0	1.01813e+07	6.47451e+06	0	0	2.24585	0	0.0712653	0.267345	33638.1	1.38351	16.2599	4.07889	0.00653595	0	1.8305e+06	9075.65	2837.1	22888.4	71.7336	37.7879	4580.44	493326	118684	35.7275	521454	29.2796	0	0	0.52858	0.0581367	10.6545	0.0035461	6.51711	6.14464	0.423922	0.002849	0	0	0	0	0.0656226	0.0037037	3271.05	1.94733	2.28558	0	7.69351	0.0370277	0.0164835	0	86.8848	2.75052	37.9269	0.0368896	0.0130435	0.0864859	230.346	1.40952	0.00392157	0	0.172091	0.0384458	1429.74	0.515695	0.0319149	0.0396818	850.661	0.0579063	196.227	0.279814	0.0035461	0.0621762	0.0856459	0.0382482	58.9555	0.243764	122.211	11.0664	0.802056	0.00952381	1231.32	0.0921992	0.00383142	0.00219298	0.0648319	2.67445	0	6.52351	1.19713	0	0.65762	0.00813008	0.00456621	0	0	0	0	0	39.7364	28.9403	34.3618	17.0304	51.0498	0.0247279	200.974	0.922134	512.153	12.5493	6215.73	1.46325	460.343	28.1357	0	0	0.291107	0	692.254	0	0.0803374	0.00314465	25.0415	5.84181	0.213768	0.24199	473.867	6.05167	7166.71	35.2982	0.173224	0	0.050756	0	85.2338	0	394.673	3.06699	21.4142	0.044169	433.731	1.01557	12.6504	0	14655.9	0.879961	0.283146	0	2.76704	0	219.954	0	837289	1.90709e+06	705075	93.9155	40795	21.1787	129072	0.898924	2292.4	0	731014	77802.2	7329.58	1.12224	12448.8	0.00268817	41721.1	0.0105403	36.5266	0.140631	110774	0.375309	20485.4	0.444167	0.00392157	0.00981241	32756.4	3.6687	163.224	0.223943	2421.71	15.0611	55.8437	4.5138	2.45723	0.0104167	463.743	0.0113002	43484.7	1.43573	54374.4	22.7211	223463	337.355	100037	85.8273	55549.8	2431.73	2.10604e+06	451.739	4.08268e+06	158.542	61645.7	642.329	2.99817e+06	216.736	255628	41.1079	447.595	0.533879	118612	32.1553	544972	5.57971	1.11252e+06	79.9509	967242	55.613	1.55875e+06	68.6059	
8.14023e+07	SFG_R_7_7	106.302	552.449	2.64299	0	3.72202e+06	1.97686e+07	2.28976	0.119174	0.298297	0.473135	6551.51	884843	3.98331e+06	0	287749	0.410425	0.0192095	0	1.05926	2834.36	9.7329	6201.47	36.1352	0	0.219191	0	523134	4.31537e+06	0	0	0.00387597	0.043659	0.152845	16.793	2.61274	105.095	6.15085	190.733	0.0882991	0.037037	4224.24	940084	0.204026	178.155	56.197	0.00340136	138653	32133.6	35.0503	11122.2	16.7369	106.734	0	0	0.00289855	0.0668292	0.0445668	0.0778796	0.146146	0.292303	0	0.0371243	0	0.0213347	0.00374532	0.0475101	0	0.0803872	7.42718	1.8716	0	0.040549	0.00606061	1.64725	0	0.656101	0.00396825	6.48057	0.00396825	2.16701	0	0.925736	0.0112472	10.1341	0	0.128829	0	5.32428	0.277726	10.6568	0	0.217619	0.171209	0.0967362	0.0119086	7.118	0	1.63093	0	0.690639	0.0026455	8.34804	0.00229885	323.13	0	2.89865	0.222681	2.34533	0	0.0154395	0	133.06	0	218.174	0.0135367	0.0603459	0.407239	0.003663	0	0.0156079	0	0.0133655	0	0	0.169865	339.057	0.509094	88.1922	0	31.6241	0.00282486	88.5572	0.0035461	488.267	1.74472	73.6681	0.00311526	647.149	0	0	0	0.0148097	0.46187	0.0101149	0	0.799234	0.626407	0.794613	0.020202	0.487623	1.23878	1155	1.51902	5820.49	0	0.306531	0	0.111168	0	1.63792	0.0256259	60.0865	0.0030303	0.254167	0.9081	0.116167	0.920064	0.00925926	11.3942	421.941	0	0	1.00206	0.00258398	0	0.0861642	273884	2.60463e+06	4512.83	4957.98	0.524858	3950.46	0.782867	79.6271	0.268261	1.23738	88939.3	1.64727e+06	0.0108845	0.96728	2.06997	0.0896489	2.37905	2.28507	0	0.0659571	9.71786	4.95148	4.17653	29.2243	0	0.312707	17.1068	127.279	0.0120207	0.0316453	1.13482	376.091	0.317561	75.0156	0.304483	0.030223	1.48925	0.550746	211.596	1118.35	259.494	14190	84.8795	66985.6	51.1635	70276.2	227.539	591.534	61.8828	284448	5225.03	166279	20.9239	75766	3710.94	376732	91.2545	70824.6	0.199934	0.16329	311.694	92667.8	1274.18	205.454	1528.06	61438.9	1698.18	67849.9	2813.22	67054.4	
1.13603e+08	MFG_L_7_1	30.6724	70.2332	432835	0.2049	3.31417e+07	307790	1.54558	0.287618	0.11132	0.771558	4791.07	11894.5	1.44323e+06	287749	0	32.6168	45.808	0	6.68692e+06	86.9991	3.49316e+06	0.107257	4.12394e+06	0	6.43493	0	10885	119.757	0.260862	0	15495.5	0	73544.8	0	540872	0	72035.1	0	2587.01	0	3.04045	0	0.0353535	0	2.28772	0.00438596	35.8036	0.195635	0	0	13391.9	0	10.4392	0	1.42094	0	1.59714	0	0.228028	0.5464	117.56	0	1.51495	0	0	0	0.00564972	0	503.98	0	9.52423	0	800.935	0	0.0677989	0	1854.86	0	392.93	0	0.164806	0	124.547	0.00362319	0	0	2.92076	0	13435.3	0	0.00323625	0	2958.45	0.00362319	2978.75	0	0	0	0.118954	0	837.772	0	194.023	0	0.240259	0.00760734	9078.32	0	0	0	0	0	0	0	0.0387383	0	0.200804	0	0	0	0	0	0.00529101	0	12.5452	0.810498	16.806	0.310677	162.999	0	121.004	0.0537814	1098.56	0.0293241	22142.9	0	467.858	0	0.00505051	0	1.98339	0	1362.34	0	0.398519	0	1.06727	4.91251	0.00564972	0.0521577	2.37178	0.0351732	98.6773	0.177336	2.52247	0	1.33671	0	124.134	0	243.906	0.322287	16384.9	0	0.175152	0	840804	0	1.9232e+06	0	6810.25	0	255238	0	0	0	38045.1	99954.3	3106.67	6.27087	488.279	0.0447828	395.718	0	7.50868	0.00396825	25200.4	0.113603	2260.3	0.0218432	32396	0	102457	0	3.09596	0.0102332	205816	0	187300	0	0	0	369642	0	187.538	0.0286613	9620.02	0.0128972	757.155	0	0.0832679	0	89.9122	0	7909.86	0	8856.59	0.003367	44.2624	0.0786438	25738.6	3.19614	12693.3	0.00362319	529850	0.0685613	406954	0.261041	223448	0	228195	0.0319596	18620.3	0	10.3763	0.213769	15890.8	0.0566479	99085.9	0.563966	100202	0.0868355	118791	0.0566479	162849	0.485529	
4.17104e+07	MFG_R_7_1	6065.38	7268.45	384.529	1.23086e+07	2975.19	1.03892e+06	157.124	3.44569	60.251	1.40581	7501.87	0.0532915	41.722	0.410425	32.6168	0	200.51	43578.1	0	687053	23.229	705230	9410.24	2.17635e+06	6125.36	408703	0.00998626	3.09888	0.0277778	541593	0.00724638	258454	1.2244	234111	0	5805.9	2.94951	237824	1.2016	41614.6	0	0	0	0.0882766	0.0022831	0.033969	0.0022831	0.0606177	0	0.00421941	0	1.51796	0.00411523	0.906096	4.43466	7.74549	14.07	11.3863	10.4427	224.257	0.0274943	1.72113	0.0286772	32.3435	0.00483092	3.61705	0.0623846	9.7206	0.615084	6.2624	0	15.7099	0.0249417	4.91189	0	24.8053	0	13.1848	0	29.2686	0	43.5753	0.0107639	72.0115	0	17.2142	0.0107639	136.492	0.840077	1.72512	0	0.00416667	0.227013	29.5775	0.190324	52.9958	0	14.5704	0	72.815	0.0115942	201.529	0.00260417	55.3404	0.00497512	0.0110723	0.936368	0	0	0.00330033	0	8.08856	0	13.8292	0	0	0	0.00462963	0	0	0	19.5125	0	1.39859	6.18543	1901.58	4.14929	276.197	0	76.6977	2.02631	1264.49	0.538175	1500.74	3.84173	17.6268	0.131192	140.277	0	0.816757	0	0.549429	0.82682	2.45702	0	26.0198	0.0626202	2.57359	0	11.0336	0.0141097	0	0.0164634	0.00289855	0	29.3533	0	0	0	35.2316	1.61926	2662.99	0.431671	220.532	0	0.00469484	0.630132	1324.39	28.4505	3407.62	0.00314465	227.242	6.52736	163.884	0	0	0.00462963	0.0416986	0	0	0	0	0	0	0	0	0	0.00421941	3.65666	9.59505	1.2692	0	1.424	0.201631	0.33751	0.851942	4.86747	0.331983	2.26459	0.115477	0	0	19.3405	0.480635	2.30165	0.504948	0.35325	0.0152778	0.0334609	36.8999	0.560555	0.00505051	0.056712	5.43702	707.364	2144.36	3.02094	11455.9	0.00340136	3.57386	1842.37	355002	1.45809	52.931	31.0407	1.39425	51.5948	388528	104.967	145634	2.82741	156020	372.024	183391	27.5676	4.48027	2.26641	3565.78	151.078	196754	69.0196	210327	52.3508	46164.2	208.567	409835	
3.93119e+07	MFG_L_7_2	60.2372	3430.33	11840.1	489.988	18933.1	22.6646	40.6095	0.376907	0	0.333782	263.993	267.829	0	0.0192095	45.808	200.51	0	0	335.785	0.068759	859386	0	5.51494e+06	0	3.4768e+06	0	0.0461967	0	1.40013e+06	0	24051.1	0	70096.9	0	37.7096	0	925.929	0	978438	0	0	0	0	0	0	0	0	0	0	0	0.287754	0	426489	0.00595238	11470.5	0	7242.64	0	1.6007	0.305245	37148.7	0	3.82584e+06	0.00595238	0	0	0	0	131.156	0	0.0047619	0	2590.45	0	0	0	207.128	0	32.5659	0	1089.18	0	114.729	0	61.9002	0	1.95277	0	357256	0	411.487	0	695.566	0	263617	0	78.5024	0	9961.09	0	395687	0	110.778	0	0	0	101637	0	0	0	0	0	0	0	0	0	0.0030581	0	0	0	0.299144	0	0	0	1.21846	0.0323749	0.166803	0	16744.7	0	2352.02	0.003663	3237.59	0.0144148	1962.62	0.00347222	744271	0	12962.1	0	123789	0	96929.9	0	0	0	0.0193539	0	0	0	0	0	0	0	83229.6	0	0.00564972	0	162164	0	15228.7	0.178391	3721.05	0	1.08418	0	99.5073	0	138856	0	87.3591	0	166107	0	0	0	0	0	0	0	0	0	0	0	0	0	0	0	7.0582	0.0174299	159.12	0	9.96346	0	1.15806	0.00469484	814.576	0	2014.72	0	0.0569652	0	1280.29	0	0.0384744	0.00401606	13.4595	0	0.166329	0	0.00724638	0	3.42218	0	635.547	0.0144945	139.022	0	0	0	212326	2.01993	5.54018	0	182.14	0	60.2748	7.06224	27618.4	0	27.5156	0	5488.94	0	5.93951	0	92.5106	0	5511.15	0	4856.85	0	1816.96	0	18502.5	0	
2.04977e+07	MFG_R_7_2	0	2.88037	0	2406.48	0.00392157	0.00617284	20.8061	353.831	31.9069	2.1255	0.00392157	0	0	0	0	43578.1	0	0	0	0	0	0.0122383	0	260406	119.701	2.81217e+06	0	0	0	1.75552e+06	0	0.707278	0	3994.25	0	0.537264	0	1464.34	0	880515	0	0	0	0	0	0	0	0	0	0	0	0.235354	0.00740741	31693.1	36.0329	13102	1.54187	1330.73	0.863642	0.272513	0	34.1404	0	2.46391e+06	0	0	0	0	0	0	0	0.00497512	0	0.24278	0	0	0	0.0443185	0	0.129908	0	4042.67	0	0.0176794	0	41798.1	0	171.584	0.0113287	4.904	0	0.358109	0.00268817	0	0	1357.33	0	19415.6	0	4209.69	0	155.595	0.00268817	28.3481	0	0.00387597	0.0113287	0.0189623	0	0.00326797	0	11.6407	0	18.1945	0	0	0	0	0	0	0	4.67176	0	0	0.043981	127.042	0	83.0255	0	685.284	0.0360457	110.067	0.0037037	14507	0	3972.69	0	1.52736e+06	0	31885.4	0	87491.9	0	155113	0	0.0270443	0	0	0.00546448	0	0	0	0	0	0	3252.29	0	0	0	21459.8	0.0613229	879.765	0	18.1661	0	0	0	1.24692	0	254.837	0	3.38443	0	234.615	0	0	0	0	0	0	0	0	0	0	0	0	0	0	0.00462963	0	0	0	0	0	0.00462963	0	0	0	0	0.0407648	0	0	0	0.017205	0.0711174	0	0	0.0174299	0	2.81843	0	0.00952381	0	0	8.49139	118.431	0	0.0821202	0	0.00505051	9.07734	42003.7	0	0	0	0	0.00462963	0.0217969	0.18659	17357.8	0	0.106272	5.4075	0.774171	0.0360457	0	0	0.0217969	0.0037037	0.0375661	0	0.0217969	0	0.0217969	0.0378277	0.218631	
4.85283e+07	MFG_L_7_3	1.10907	0.0035461	29.3869	0	3.82908e+06	1.36456	0.023399	0.0035461	0	0	0.172506	0.00900901	2.12911e+06	1.05926	6.68692e+06	0	335.785	0	0	0	4.00557e+06	0.00775194	18664.7	0	0.0909091	0	5.89112e+06	1.88416	1.003	0	200.933	0	159.819	0	683527	0	2635.85	0	0.822509	0	7.66602	0	227.68	0.0274943	2.43319	0	2.26669	1.23136	0	0	688724	0	1.64996	0	0.277541	0	0.0682803	0	0.0346195	0.00308642	14.2966	0	0.0216931	0	0	0	0	0	3.59327	0	1.54108	0	64.0085	0.00241546	0	0	163.326	0	40.6309	0.00241546	0	0	13.4738	0	0	0	0.462841	0	1345.32	0	0.00323625	0	343.44	0	214.152	0	0	0	0.0648792	0	55.7635	0	29.005	0	0.0150664	0	1069.39	0	0	0	0	0	0	0	0	0	0	0	0	0	0	0	0	0	0.363332	0.0499709	0.15495	0.0295127	5.72552	0	16.6728	0	89.196	0	1886.51	0.00271003	65.6362	0	0.0203574	0	0.305783	0	255.964	0	0.00406504	0	0	0.118683	0	0.00268817	0	0	0	0.0144996	0.925917	0	0.152982	0	23.0015	0	62.8795	0	196.505	0	14.8521	0	10227.8	0	18096.3	0	352.708	0	6286.66	0	0	0	0	0	0	0	0	0	0	0	0	0	0	0	56.6065	0	2804.98	0	5455.72	0	0.012699	0	17141.6	0	7880.74	0	0	0	21394.5	0	51.3112	0.00262467	392.676	0	5.82251	0	0	0	0.328102	0	32.3223	0	35.4518	0	1702.95	0.00653595	129.581	0.0312612	5763.03	0	193449	0	1386.47	0	24608.4	0.00241546	1648.77	0	175.242	0	2.15153	0.00326797	94.0456	0	252.001	0.0137589	396.861	0	308.497	0	1708.94	0.054774	
2.66328e+07	MFG_R_7_3	16.4	0.0359968	2.43622	6121.3	6650.86	5.57596e+06	0.0354201	1.81384	0.00374532	3.66878	11531.3	0	7612.94	2834.36	86.9991	687053	0.068759	0	0	0	41.4705	3.30457e+06	2.16355	627.163	0.240587	0.0037037	251.162	2.95567e+06	0	0.745703	0.360709	5646.43	2.26016	18264.7	0	23900.9	41.4285	23253.6	0.455337	118.749	0.185957	0.0237744	0.256324	7104.51	0	0.0442834	0.0315904	0.752879	0	0.00512821	2.56161	14252.9	0	0.615298	0	20.4783	0.0047619	27.8069	0.0413572	0.867903	0	0.0935673	0	0.387075	0	0.00537634	0	0.00584795	1.0971	895.305	0	0.310131	0.00628931	0.00387597	0	0.22246	0	916.015	0	0.107531	0	0.310401	0.0267995	710.416	0	0.202672	0	0.280771	17.8649	1.20441	0	0.0979635	6.03663	0.830699	2.71955	0.633951	0	0.811578	0	0.144676	0.188558	1.86665	0.450502	176.613	0	2.29723	17.3483	0.769949	0	0.014553	0	72.2053	0	123.487	0	0.0042735	0	0	0	0.0211694	0	0.00469484	0	0	1.05247	85.8175	0.224538	60.5689	0	0.298762	1.23876	5.31631	0.135013	78.6344	13.1832	104.582	0.130872	404.312	0	0	0	0	2.8202	0	0	0.324723	0.0953317	0.354887	0.00401606	0.0701708	0.26777	55.055	0.709763	0.0388121	0	3.12288	0	0.00546448	0	0.896227	0.0128809	243.542	1.17633	10.9383	0	1.97323	22.0527	54.9612	296.805	682.925	0.122464	3.29372	44.8349	2.42085	0	0	0.00740741	0.285668	1.81618	0	0.503134	0.041558	1.29433	0	0.0373533	0	0	0	0	8.0466	13.4756	110.493	15.4076	72.0258	0.00282486	7.87821	75.7526	1392.16	27.2363	4.42117	0	0.00411523	269.799	745.829	0.00358423	0.0691568	0.879932	87.0963	0.0127618	109.27	0.00878818	0.00512821	0.258506	1.58291	17.6824	1907.16	30.6304	13073.9	1.29238	32943.1	13.7245	7387.77	23.054	209.342	590.309	79964.1	573.271	212810	881.383	60240.8	205.398	90218.2	5.2799	11940	1.40856	0.0497592	35.6368	18890.5	131.604	1175.52	199.223	49207.5	203.358	48659.9	190.188	24887.8	
2.96174e+07	MFG_L_7_4	13.433	2.10847	12796.2	0	580234	2031.31	0.153801	0	0	0	2026.88	385.862	40174.4	9.7329	3.49316e+06	23.229	859386	0	4.00557e+06	41.4705	0	0.00680272	1.72713e+06	0	3.39307	0	53480.8	3.41877	8406.8	0	2.11251e+06	0	146102	0	1.52356e+06	0	4452.29	0	2904.71	0	0	0	0	0	0	0	0	0.00595238	0	0	122917	0	56.3553	0	0.00628931	0.00564972	0.0667526	0	0.00469484	0	1.73148	0	327.279	0	0	0	0	0	36.5253	0	0	0	36.328	0	0	0	21.8743	0	3.37761	0	0.178419	0	3.82124	0	0	0	0.0355742	0	391.086	0	0.00483092	0	28.9135	0	334.318	0	0.0200785	0	10.663	0	244.885	0	3.10246	0	0	0	147.562	0	0	0	0	0	0	0	0	0	0	0	0	0	0	0	0	0	0.0747566	0.013847	0.230861	0.00323625	0.744959	0	2.88064	0.00406504	1.9273	0.013847	80.7308	0	65.2975	0	8.91898	0	64.445	0	15.9271	0	0	0	0	0.0141989	0	0	0	0	0.00483092	0	0.831239	0	0.00555556	0	12.3548	0	5.31692	0	110.592	0	0.0128205	0	27389.7	0	36207.4	0	56.3229	0	14397.3	0	0	0	1.16943	0.30142	0.077027	0.231516	0	0	0.0244767	0	0.00740741	0	0	0	12.3932	0	714.266	0	1843.65	0	0	0	3513.75	0	2552.4	0	0	0	14877.9	0	0.21846	0	87.8044	0	0.285312	0	0.00333333	0	0.655341	0	43.0317	0	41.284	0.00333333	0	0	93.5391	0	41.6254	0.00483092	3125.31	0	104.307	0.0139927	1696.71	0.00330033	114.87	0.0138351	61.4774	0	0.00900901	0	67.0474	0	321.617	0.00245098	768.196	0.0521262	595.12	0.00333333	603.175	0.00245098	
