data	data	5.79301e+07	4.96502e+07	6.17136e+08	1.40772e+08	8.66589e+08	3.9254e+08	1.22495e+08	2.13499e+08	2.03608e+07	1.00779e+08	1.68e+07	5.94645e+07	2.27878e+08	9.16422e+07	1.37935e+08	4.31638e+07	3.22418e+07	1.17045e+07	2.20811e+08	7.14431e+07	2.4556e+07	5.52128e+07	6.13792e+07	1.45024e+07	7.39073e+06	8.927e+06	2.76154e+08	1.65314e+08	4.7318e+07	9.22702e+06	4.64292e+07	2.10358e+07	2.41101e+07	1.94402e+07	1.36115e+07	2.26016e+07	1.50509e+07	1.04851e+07	3.94199e+07	1.86743e+07	4.50551e+06	6.54879e+06	1.90627e+07	1.59331e+07	5.94035e+06	5.85911e+06	9.23523e+07	5.49343e+07	9.22891e+06	6.50752e+06	3.56733e+07	1.93783e+07	3.85327e+07	3.71459e+07	5.11404e+07	9.09788e+07	1.98333e+08	4.0638e+07	4.12546e+07	1.71667e+08	1.0427e+07	4.88203e+06	2.67833e+07	2.64392e+07	638738	2.53837e+07	1.85095e+06	7.25085e+06	5.47992e+07	3.60451e+07	3.24959e+07	4.90304e+07	2.53974e+07	2.48134e+07	1.57098e+07	4.34001e+07	2.06547e+07	3.20374e+07	2.82935e+07	7.79193e+06	3.90458e+07	2.08888e+07	2.22e+07	4.05721e+07	8.27116e+07	4.32681e+07	3.9749e+07	4.26576e+07	5.26577e+07	5.50328e+07	1.69307e+07	2.15653e+07	4.44924e+07	4.5289e+07	2.85902e+07	4.08335e+07	6.60396e+07	3.94723e+07	3.04268e+07	3.62398e+07	3.8323e+07	2.67943e+07	2.01984e+08	1.31629e+08	2.2592e+08	3.79002e+08	1.07918e+08	7.34189e+07	2.02437e+07	3.5662e+07	2.56454e+07	3.37148e+07	6.38032e+06	9.91221e+06	4.56798e+07	2.27135e+07	6.98902e+06	5.1897e+07	4.95918e+06	9.32787e+06	1.27598e+07	1.78471e+07	2.86277e+07	9.21546e+06	2.36144e+07	5.4101e+07	2.57205e+07	4.9947e+07	1.0129e+07	4.02978e+07	1.80021e+07	5.24174e+07	1.61359e+07	8.44924e+06	7.98097e+07	6.51587e+07	5.72825e+07	9.38785e+07	3.3181e+07	8.06222e+07	5.97868e+07	6.12298e+07	6.95257e+07	6.87348e+07	2.32406e+07	1.78323e+07	2.36685e+07	6.0954e+07	3.6218e+06	2.56441e+07	6.42777e+07	3.09222e+08	2.21152e+07	2.03634e+07	3.08953e+07	3.77756e+07	7.29821e+06	1.67952e+06	1.79243e+07	3.82479e+07	7.74908e+07	5.56688e+07	5.79546e+06	1.86732e+07	1.19909e+07	2.30586e+06	2.40537e+07	3.83561e+06	8.79233e+07	4.63835e+07	2.26053e+06	1.44111e+06	6.16444e+07	4.91268e+06	1.46098e+06	1.83293e+06	4.52734e+06	2.6957e+07	3.22018e+07	2.10446e+07	1.62912e+07	1.80647e+07	2.56208e+07	5.0321e+06	1.369e+07	8.43015e+06	2.18435e+07	9.47012e+06	1.20784e+08	3.0272e+08	3.38777e+08	1.46534e+08	3.57856e+08	1.1928e+08	7.78762e+07	2.30889e+08	6.06439e+08	3.06005e+08	7.16069e+07	1.37512e+08	5.7271e+07	3.97576e+07	2.36621e+08	1.0672e+08	1.52505e+08	1.68135e+08	6.00559e+07	5.46261e+08	5.18866e+07	4.31411e+08	1.14547e+07	3.84584e+07	8.6894e+07	1.38118e+08	3.65881e+08	6.57499e+08	2.27957e+08	1.8249e+08	1.0374e+08	2.10876e+08	2.4607e+08	7.70593e+08	2.57631e+08	2.79172e+08	3.28026e+08	1.24378e+08	7.05141e+07	2.10119e+08	1.31278e+08	4.84144e+08	8.8352e+07	1.77636e+08	4.23145e+08	8.90879e+07	2.03617e+08	5.7451e+07	8.6072e+07	8.18937e+07	1.9664e+08	1.0669e+08	1.02594e+08	7.03427e+07	7.23167e+07	7.78979e+07	2.20591e+08	1.73592e+08	
data	data	SFG_L_7_1	SFG_R_7_1	SFG_L_7_2	SFG_R_7_2	SFG_L_7_3	SFG_R_7_3	SFG_L_7_4	SFG_R_7_4	SFG_L_7_5	SFG_R_7_5	SFG_L_7_6	SFG_R_7_6	SFG_L_7_7	SFG_R_7_7	MFG_L_7_1	MFG_R_7_1	MFG_L_7_2	MFG_R_7_2	MFG_L_7_3	MFG_R_7_3	MFG_L_7_4	MFG_R_7_4	MFG_L_7_5	MFG_R_7_5	MFG_L_7_6	MFG_R_7_6	MFG_L_7_7	MFG_R_7_7	IFG_L_6_1	IFG_R_6_1	IFG_L_6_2	IFG_R_6_2	IFG_L_6_3	IFG_R_6_3	IFG_L_6_4	IFG_R_6_4	IFG_L_6_5	IFG_R_6_5	IFG_L_6_6	IFG_R_6_6	OrG_L_6_1	OrG_R_6_1	OrG_L_6_2	OrG_R_6_2	OrG_L_6_3	OrG_R_6_3	OrG_L_6_4	OrG_R_6_4	OrG_L_6_5	OrG_R_6_5	OrG_R_6_6	OrG_R_6_6	PrG_L_6_1	PrG_R_6_1	PrG_L_6_2	PrG_R_6_2	PrG_L_6_3	PrG_R_6_3	PrG_L_6_4	PrG_R_6_4	PrG_L_6_5	PrG_R_6_5	PrG_L_6_6	PrG_R_6_6	PCL_L_2_1	PCL_R_2_1	PCL_L_2_2	PCL_R_2_2	STG_L_6_1	STG_R_6_1	STG_L_6_2	STG_R_6_2	STG_L_6_3	STG_R_6_3	STG_L_6_4	STG_R_6_4	STG_L_6_5	STG_R_6_5	STG_L_6_6	STG_R_6_6	MTG_L_4_1	MTG_R_4_1	MTG_L_4_2	MTG_R_4_2	MTG_L_4_3	MTG_R_4_3	MTG_L_4_4	MTG_R_4_4	ITG_L_7_1	ITG_R_7_1	ITG_L_7_2	ITG_R_7_2	ITG_L_7_3	ITG_R_7_3	ITG_L_7_4	ITG_R_7_4	ITG_L_7_5	ITG_R_7_5	ITG_L_7_6	ITG_R_7_6	ITG_L_7_7	ITG_R_7_7	FuG_L_3_1	FuG_R_3_1	FuG_L_3_2	FuG_R_3_2	FuG_L_3_3	FuG_R_3_3	PhG_L_6_1	PhG_R_6_1	PhG_L_6_2	PhG_R_6_2	PhG_L_6_3	PhG_R_6_3	PhG_L_6_4	PhG_R_6_4	PhG_L_6_5	PhG_R_6_5	PhG_L_6_6	PhG_R_6_6	pSTS_L_2_1	pSTS_R_2_1	pSTS_L_2_2	pSTS_R_2_2	SPL_L_5_1	SPL_R_5_1	SPL_L_5_2	SPL_R_5_2	SPL_L_5_3	SPL_R_5_3	SPL_L_5_4	SPL_R_5_4	SPL_L_5_5	SPL_R_5_5	IPL_L_6_1	IPL_R_6_1	IPL_L_6_2	IPL_R_6_2	IPL_L_6_3	IPL_R_6_3	IPL_L_6_4	IPL_R_6_4	IPL_L_6_5	IPL_R_6_5	IPL_L_6_6	IPL_R_6_6	PCun_L_4_1	PCun_R_4_1	PCun_L_4_2	PCun_R_4_2	PCun_L_4_3	PCun_R_4_3	PCun_L_4_4	PCun_R_4_4	PoG_L_4_1	PoG_R_4_1	PoG_L_4_2	PoG_R_4_2	PoG_L_4_3	PoG_R_4_3	PoG_L_4_4	PoG_R_4_4	INS_L_6_1	INS_R_6_1	INS_L_6_2	INS_R_6_2	INS_L_6_3	INS_R_6_3	INS_L_6_4	INS_R_6_4	INS_L_6_5	INS_R_6_5	INS_L_6_6	INS_R_6_6	CG_L_7_1	CG_R_7_1	CG_L_7_2	CG_R_7_2	CG_L_7_3	CG_R_7_3	CG_L_7_4	CG_R_7_4	CG_L_7_5	CG_R_7_5	CG_L_7_6	CG_R_7_6	CG_L_7_7	CG_R_7_7	MVOcC	MVOcC	MVOcC	MVOcC	MVOcC	MVOcC	MVOcC	MVOcC	MVOcC	MVOcC	LOcC_L_4_1	LOcC_R_4_1	LOcC_L_4_2	LOcC_R_4_2	LOcC_L_4_3	LOcC_R_4_3	LOcC_L_4_4	LOcC_R_4_4	LOcC_L_2_1	LOcC_R_2_1	LOcC_L_2_2	LOcC_R_2_2	Amyg_L_2_1	Amyg_R_2_1	Amyg_L_2_2	Amyg_R_2_2	Hipp_L_2_1	Hipp_R_2_1	Hipp_L_2_2	Hipp_R_2_2	BG_L_6_1	BG_R_6_1	BG_L_6_2	BG_R_6_2	BG_L_6_3	BG_R_6_3	BG_L_6_4	BG_R_6_4	BG_L_6_5	BG_R_6_5	BG_L_6_6	BG_R_6_6	Tha_L_8_1	Tha_R_8_1	Tha_L_8_2	Tha_R_8_2	Tha_L_8_3	Tha_R_8_3	Tha_L_8_4	Tha_R_8_4	Tha_L_8_5	Tha_R_8_5	Tha_L_8_6	Tha_R_8_6	Tha_L_8_7	Tha_R_8_7	Tha_L_8_8	Tha_R_8_8	
5.79301e+07	SFG_L_7_1	0	4.74328e+06	1.48303e+07	17197.4	2.29452e+06	59055.8	234828	96025.9	82955.4	609.706	199763	100588	24702.3	178.54	5.69455	12160.9	491.952	1.8246	3.65068	0.0283816	0.449791	0.546915	6.98049	50947	3.09723	132731	1.66394	0.00225225	11014.1	2.6254	62.9016	0.175121	77.3901	18235.8	0.472178	0	741.9	2125.86	127834	7200.56	1.04166	0.0725736	0	0	0	0.688968	0.315541	0.431448	5.43679	0.140049	0.00833333	0	0.590566	0	3.92429	4.7625	187.626	1.47221	59.8069	181.462	2.94924	0.582253	180.294	0	2796.88	8.72527	829.33	5.06041	917.974	0.138887	15.1069	0.0207029	38.6767	0.144651	0	0.0189211	526.846	0.0205033	0.0272222	0	2.36788	0.0144996	2.01572	1.64607	0.373409	0.0169221	0.970309	0.00421941	0.00469484	0.249956	0.0213456	0	0.267736	0.0141907	4.43836	0.249956	0.554329	0.0037037	5.2655	0.0591397	0.173112	0.0348869	4.44015	0.0921449	0.834099	0.218943	0.00421941	0.00326797	0	0.238717	0	11.6711	0	0	0.00462963	11.6711	0	0.18266	0	0.0372311	0	0.00483092	0.00606061	0.0197628	44.4895	5.87358	5.47082	363.724	0.00497512	0.00512821	11.0648	11.0169	2.65922	0.103677	188.864	0	342.458	5.68889	0.00775194	0.0483933	0.42076	203.79	135.71	0.00462963	0.895736	18.5041	43708.5	805.944	31130.2	122.428	9.55281	3.91863	1820.46	849.037	0.739986	0	0	0	0.00537634	0.00595238	207.722	7.78972	9.00192	14.41	0	0.0442153	0.0678773	1.41915	28187.7	1159.63	4.8289	0	139788	3342.2	0.0764318	0.313696	657.647	11161.8	83168.1	16477.8	6.89031	322.808	488496	128044	157009	84.5201	1569.61	0.389051	19.0102	1148.84	0.00411523	0.0356015	0.651474	0.672424	0.112411	0.190114	0.477009	0	3.04608	14.0955	0.00416667	0.00411523	3.7213	8.97979	9.37539	509.448	11.8564	176.026	6.62183	777.287	0.0218638	1199.51	11.8408	0.305141	117560	5626.3	0.47167	26.8105	0.240701	0.0100601	554887	18370.6	17.7065	0.0393964	3.51937	0	3767.52	1.76925e+06	1584.86	3688.53	8.25245	2.38238	1.99288e+06	0.412846	21377.1	0.493735	28.3748	0.260418	10032.9	22.1821	2805.22	7.20373	256.654	2.43585	265978	8.50539	
4.96502e+07	SFG_R_7_1	4.74328e+06	0	1.60859e+06	703322	315655	1.7967e+06	2.14213e+06	1.6069e+06	211808	303668	211.595	205926	0	51.2548	1.41977	114.004	0.0138904	40.9683	0.935217	0	0	112.194	0	64.5408	10.5173	3.446	0.177624	0	0	963.479	0	91.4096	0.00775194	432043	0.00392157	3.4015	0.00392157	54566	0.0682053	304047	0	0	0	0	0	0	0.00277778	0	0.0349168	0	0.00392157	0	0.0296443	0.0107527	344.091	6.48464	143.21	0.0114943	199.271	176.777	0	171.323	0.0218182	71.9962	5.29895	7302.4	20.5858	47.1521	0.432387	0.0187831	0	0.00555556	0	4.74514	0	0	0	0	0	0	0	0.0047619	0	0.0202067	0	0.0394399	0	0	0	0.787484	0	0	0.015	2.97067	0	0.907131	0	0.0404003	0	0.360857	0	0.0186489	0.139214	0.0382403	14.5548	0.180326	0.00387597	0.0315153	0	0.073849	0	0.332469	0	0	0.26348	0.332469	0	0.0365079	0	0.018018	0	0	0	0.0272109	5.21383	25.3156	41.5677	2171.71	0	0.00462963	5.7881	22.001	0.700848	0.180036	2.63506	0	2.8104	6.85398	0	0.00628931	0	3.29445	0	0.00555556	0	0.532749	0.58715	15983.9	20.3926	32896.9	0.611388	0.246032	1.10481	1700.77	0	0	0	0	0	0	12.2494	639.37	0	29.7242	0	0	0	4.99708	0.741992	2622.59	0	0.579478	0.0145933	11837	0.00925926	0.212033	428.91	5789.3	0.0111111	18085.2	0.272988	25.5207	4.65372	188092	0.00854701	2403.99	0	0	85.5279	119.048	0.00411523	0.0176981	0.264267	0.0185185	2.02359	0.51911	0.810342	0.00421941	0.103144	14.1338	0	0	0.795585	12.5954	54.7978	7.42725	0.10272	278.091	0.19783	951.312	0.00271003	165169	1.31538	2.75933	919.217	1.1301e+06	0.00271003	1.26709	0.0457832	0.0355378	1363.41	6.24171e+06	2.40267	6.68973	2.4483	0.0355378	26.2074	356984	156.159	10826.2	0.0952013	73263.3	1911.32	1.41928e+06	45.9613	11234.6	0.572983	125.118	29.7005	119973	18.6751	37833	0.00456621	1274.81	14.8324	529580	
6.17136e+08	SFG_L_7_2	1.48303e+07	1.60859e+06	0	95858.2	1.9388e+08	3.63799e+06	986754	3779.48	1.50242	53.7534	15497.3	979122	2.9047	127.986	3.98678e+06	55014.9	2.10866e+06	0.277508	6859.29	10893.6	443261	63.3696	1.98496e+07	42172.4	47877	90602.8	6.14373	0.0225673	3.44188e+06	0.271223	2.37547e+06	162.87	1.15767e+06	3733.04	176.178	0.0280982	118281	223.772	1.21584e+07	1860.84	0	0	0.193128	0	0	0	0	0	1.76479	0	1.45327	0	41417	0	1489.12	25.919	5748.35	24.2133	165.705	1411.97	24316.5	0.171606	508347	0	6.69965	29.2976	2.41777	6.00196	82402.6	0	93086.5	0.0035461	6448.92	0.0628504	1824.56	0.0035461	59076.1	0	250.167	0	14768.9	0.0107978	5784.22	0.0583374	4142.19	0.0247256	7867.59	0	28.8361	0.0791341	120.298	0	43.6611	0.0160666	9885.05	0.110112	9575.52	0.0128719	21906.8	0.21585	851.227	0.0373755	509.169	0.00308642	55.3758	4.30311	5.30535	0.47593	0.0170968	0	0.0408267	0.157059	0	0.00308642	5.81811	0.59839	0.108839	0	0	0.0045045	262.208	0	30.0055	0	4112.56	21.4929	5143.04	69.0384	1472.9	0.00537634	4104.24	101.065	15148.2	0.00401606	15399.1	0.00282486	30987.5	4.83183	224.616	0.0226575	19725.2	19.3732	16805.2	0	2931.05	1.27981	171.652	120.407	1.3539	27.5595	85.6498	1.88476	192.437	58.6934	9131.56	0	101.618	0	6561.31	0.00595238	129246	58.388	92858.8	3.20118	0.0107527	0	1.76081e+06	0.540176	8.27053e+06	169.235	2247.37	0	8.41774e+06	387.34	0.0628637	0.00666667	0.015873	692.758	18.4384	59.6196	80.2937	12.1019	176.47	26.3551	27.3804	0	0	0	471.362	18361.6	0.344452	0.140687	139.678	0.295187	10.3209	7.39333	117.786	0.014205	1672.41	4.34325	68.3798	0	2008.29	3.17995	391.191	7185.4	2019.55	46.2627	870.494	152.663	1.21468	377.162	55.8475	0.0554981	1.97751e+06	6355.73	422.847	0.375537	0.963557	0.134905	5.48961e+06	19591.7	127.826	0.15651	21852	0.105239	52785.3	501564	405038	3291.9	235522	10.8564	1.51474e+07	2.50058	81306.6	1.50204	1068.78	0.512431	205392	47.6681	149361	16.8065	40114.6	7.32612	2.54845e+06	30.5576	
1.40772e+08	SFG_R_7_2	17197.4	703322	95858.2	0	442011	4.93044e+07	429.16	179557	8.94828	4.26018	28028.5	3.11827	78.3968	0	13.6651	6.03442e+06	0	20281.3	0.59299	32273.3	0	1.51899e+06	0	551469	0	10036	0.130869	0.0147243	0	102099	0.169217	430041	0.563908	3.04032e+06	0	1097.2	0.0212366	159270	0.120014	311993	0	0	0	0	0	0	0.0026455	0.00297619	0.00292398	0	0	0	0	0.00282486	90.7966	19.4742	146.714	1095.27	38.0993	293.254	0	139.623	0	111.758	0	4.69442	0	0.0194025	0.169816	0	0.0379747	234.712	0	237.571	0	42.7441	0	10.8151	0	0.0389923	0.0402457	13.9263	0.00421941	243.182	0	202.703	0.00421941	19.9362	0	13.3039	0.003663	0.444385	0	3.15258	0.0131008	39.8036	0.003663	87.593	0.0183917	133.519	0	0.531086	0.0721298	1.63369	47.0371	1.93554	0.00537634	0.038628	0	0.00537634	0	0	0	0	0.142786	0.00497512	0.00294985	0.0453277	0	0.0173423	0	16.583	0	8.86393	6.11722	6158.23	119.451	14162.5	0.00497512	23.3349	5.63115	5941.01	0.731935	70.3437	0.367112	2.81263	0.714266	851.265	0	0.238403	0	868.015	0	77.5374	0	741.874	61.0774	9710.44	0.104733	24.7883	72.2674	1645.99	232.661	0.181771	0	106.224	0	1.60091	0.00497512	29.731	15.4229	10626.8	0	24414.8	0	0.0107527	0	8855.42	0.0134088	511490	0	263.159	0.0210572	187254	0	0	0	0	0.0874926	0	0	0	0	0	0	0	0	0	527.086	12297.5	0.236912	10119.8	0.478174	3176.3	13.0691	0.212786	0.337593	6993.27	0.212166	4291.78	0	0.801969	0.973177	1869.88	161.356	14.1483	1.68444	35734	0.0954953	58928.3	0.527522	158511	1.61165	1.41969	586.372	115183	0.0130164	63.3843	0.229124	0.805291	595.48	3.15155e+06	9.50216	28.8071	3.48208	2764.55	0.0107659	890355	75.3356	897199	0.144094	440748	514.72	396874	25.9277	86.1495	1.63282	2008.17	9.41231	29177.5	0.733229	17998.7	0.0307081	4207.57	5.34795	372978	
8.66589e+08	SFG_L_7_3	2.29452e+06	315655	1.9388e+08	442011	0	4.34255e+07	1598.25	307.872	28.02	37.0185	3.22272e+06	4.44817e+06	5.87994e+07	1.19883e+07	1.87689e+07	48214.2	345060	0	2.74304e+07	6.94095e+06	124765	419.562	26464	66.7018	195.252	15.9286	2.44377e+06	4.45325e+06	488435	0	1.30356e+06	286.082	965326	1455.39	24151.3	0.186648	86401	115.31	276604	22.5101	0.0166771	223.999	486.22	1.50853	0.00277778	0	19.598	17130.5	0.66371	13.2919	221584	0.271424	286.496	0	953.782	11.7865	4909.95	1.12774	99.0209	105.825	397.28	0.0193393	54.0524	0	124.717	6.9233	86.0488	1.26324	102258	0.0932168	55249.2	0.0957321	1885.9	0.314848	2060.58	0.384098	50618.4	0.00574713	140.152	0.0142101	9164.78	0.00273224	2631.07	0.250421	3200.23	0.0744908	3577.07	0	18.8587	0.347507	113.273	0	523.367	0.0505947	3340.29	0.469783	6572.3	0.0128719	14822.9	0.270833	277.53	0.0347652	4299.22	0.538024	263.494	4.37295	27.1489	0.26813	79.0501	0.238717	67.7379	16.0448	0.175905	0.257809	11427.8	15.2334	157.281	0.419185	14.7929	0.0595102	291.034	0.0037037	3.64353	0	9036.3	7.94216	10832.8	170.79	1515.16	0.0030581	5819.61	33.4225	28184.7	0	16330.1	0	32080.7	7.71681	10.0857	0.00595238	1050.11	27.7335	12174.2	0	2695.16	5.78915	234423	145.42	3175.17	17.6077	38412.7	131.914	323091	308.026	5531.7	0	78.8798	0	4760.91	0.00595238	116955	8.07838	97513.5	6.49512	1574.38	0	2.06985e+06	2.5405	6.75774e+06	371.22	1520.74	0	2.65447e+06	894.577	79.7	0.840609	29736.7	261142	72019.8	719.914	88947	660.937	235933	11.7458	93943.3	2.53403	7.60055	5.25181	2444.19	6062.54	3258.94	0.891859	131751	9.4046	38.1682	4.22803	85912.5	30.1908	28376	18.55	172.791	0	101036	13.1904	30101.9	1877.67	6221.4	403.778	2028.24	518.999	5.91986	35.0949	149.33	0.985312	824248	1236.8	44224.8	43.431	437611	0.0650132	1.14938e+06	2233.98	25225.4	0.537412	3.0082e+06	0.0242104	2.49702e+06	370238	990961	1719.52	4.04149e+06	11.6434	9.48405e+06	0.983213	157694	0.548934	44464.4	1.60201	1.72406e+06	97.3988	1.55741e+06	33.3978	456997	21.6065	9.7948e+06	23.6834	
3.9254e+08	SFG_R_7_3	59055.8	1.7967e+06	3.63799e+06	4.93044e+07	4.34255e+07	0	43.4765	86.5697	18.3406	16.2393	1.18794e+06	1.23289e+07	588606	8.73411e+06	1.36121e+06	7.41398e+06	0.271715	2.49547	481053	5.79232e+06	0	2.60295e+06	0	187739	0.0130109	5.39781	540.329	3.48683e+06	0.00793651	202.731	1.04716	595714	28.4658	987495	0.00740741	48178.8	4.71436	94396.9	5.45244	5672.31	0	0	0	92.0036	0	0	0.0026455	0.150177	0.0816573	0	0	3696.26	0.0138904	0.00282486	36.0018	33.1897	218.935	1018.14	22.4786	527.114	0	1.25423	0.00333333	0.0706333	0.360964	79.1365	0.161072	0.882022	0.333999	0.157971	0.418012	179.623	0.00383142	218.795	0	34.6067	0.0232042	18.5185	0	0.0389923	0.15754	16.5952	0.142061	594.339	0.0042735	144.828	0.0632603	107.977	0	21.6175	0.003663	0.637878	0.0030303	840.039	0.0942295	48.8001	0.0154561	74.0708	0.0387143	116.503	0.00411523	1.3908	0.142137	663.262	107.768	8.26803	0.0213347	0.408243	0	8.10966	0	223.943	0	0.00462963	0.765667	238.336	0.1364	18.664	0.004329	0.239811	0	13.8957	0	6.06816	36.2886	9954.6	178.688	11187.5	0.00497512	30.7155	17.6577	7655.55	5.61077	129.546	0.735402	47.3715	1.08675	1657.28	0	0.0224467	0	498.919	0.149726	81.6317	0	495.309	195.448	76326.3	7.79155	4573.89	204.423	10017.3	770.317	311855	0.00252525	102.106	0	1.58026	0.00497512	26.5481	66.0947	11191.8	0.00401606	53064.8	0	0.0444939	0	13470.4	28.6481	840230	0	115.55	0.716324	63596.3	0.104156	83.383	19309.8	68337.8	109.112	40518.7	10.2276	84150	77.3113	4755.14	1.51955	11283.8	0.00555556	0	881.526	59585.3	0.960829	56092.3	2.04669	11016.3	18.4625	0.883012	2.56332	37948	0.853556	10353.8	0	5.17362	4.29131	4288.34	277.11	41.2284	3.00309	69220.6	0.309786	86557.2	0.90714	154577	2.29494	351.688	547.666	43227.2	0.708304	18319.7	0.229124	571353	1324.39	4.623e+06	29.0678	782.402	20.1758	169663	0.0555697	1.62226e+07	114.43	1.41048e+06	0.265544	1.18152e+07	2778.42	4.8415e+06	96.7082	1163.91	3.25294	256231	91.5134	985755	6.55345	903439	0.382313	934789	14.1234	7.19883e+06	
1.22495e+08	SFG_L_7_4	234828	2.14213e+06	986754	429.16	1598.25	43.4765	0	1.45206e+06	6.27769e+06	671016	0	3.30894	0.437883	0.00222222	11.8002	0.690138	13076	0.261552	4.17857	3.3978	0.0325979	0.775006	1025.46	23.6477	1.22238e+06	31978.5	0.554314	0.0393868	234.739	0.173189	27.3022	0.0447348	58.2329	188.164	0.031764	0.257627	80.0437	485.372	108939	797.438	0	0	0	0	0	0	0	0.00226757	12.9638	0	0.00775194	0.00271003	1.47721e+06	90.9649	6.24416e+06	455.472	8028.09	54.6848	146588	9898.78	215280	71.1327	2.74386e+06	1469.99	5.51478	207.621	355.818	26.4198	250.633	0	0.607463	0	392.99	0.800824	0	0	49.625	0	0.250484	0	1.07921	0.00273224	0.0277898	0.00347222	4.20494	0.0312458	0.200922	0	0	0.0105443	1.89321	0	0.894561	6.35523	0.004329	0.00268817	36.1124	0.00275482	57.5283	0.352869	0	0.0421786	32.6485	0.12354	93.6989	0.702065	0.0759589	0.00320513	0	0	0	0.0486515	0	0	0.0208839	1.92625	0.0222222	0.0304082	0	0.0216816	0	0	0	0	89.4853	401.985	68.6331	10.5251	16.1863	0	29292.7	1244.05	156.924	0.0025641	108.396	0.0263331	212.584	0.297377	3.41481	0	179.196	0.0329711	34.8432	0.0479486	0	0	0.0200513	22.4825	0.00952381	78.5093	0.00462963	0.0174144	0	0.353568	17.0255	0	0.0336266	0	0	0	3929.01	614.215	3402.28	0.0581742	0	0	33.202	5.87655	40069	22.6747	33978.9	0	579908	33.5891	0	0	0	0	0	0	0.00497512	0.971892	19.495	59.4034	0	0	0	0	1293.54	18026.8	0	0	0.0430153	0	10.384	5.15466	0.285135	0	2.20205	0.0154768	0.577392	0	3.54285	0.0154768	527.742	296.969	1.0454	3.18808	0.38075	8.12111	2662.07	53.39	230.336	5.20835	3.54759e+06	19292.8	0.182646	0.183478	4.68648	0.473102	1.54676e+07	66645.8	448.602	9.72127	82.3666	35.4162	7968.99	495.3	1.55409e+06	12781.6	0.117821	0.263901	1.53851e+07	13.0434	21652.2	22.4887	127.319	0.140081	5010.91	65.7311	518.111	11.1812	90.2805	0.0432152	446294	130.339	
2.13499e+08	SFG_R_7_4	96025.9	1.6069e+06	3779.48	179557	307.872	86.5697	1.45206e+06	0	1.28192e+06	2.52364e+07	0	0.189273	0.0106324	0.00226757	86.7878	2.23102	0.00740741	2361.08	15.2823	0.140525	0	11.1246	0	2.79832	0.289	837574	0.102528	0.512708	0	13414	0.251789	4.75249	0.571111	490856	0.00401606	2.99106	0.142891	531377	0	4.08389e+06	0	0	0.00282486	0	0	0	0.00280112	0	0.0806818	0	0.0137798	0	226.467	20708	10713.4	1.07334e+07	458.905	110.885	6232.52	200.732	0	461714	0.465119	2.80733e+06	0.697489	1033.41	983.639	83.8286	1.81304	0	0	0.0166771	0	1869.26	0	0.0378361	0	0.0021645	0	0	0	0.00260417	0	0.158038	0	0.767747	0	0.00953734	0	0.227915	0	0	0.0151055	4.10326	0	0.292221	0	0.402649	0	0.214163	0	0.04189	0.163445	0.234896	109.515	0.75068	0.00387597	0.0146804	0	0	0	0	0	0	3.11366	0	0	0.0318948	0	0.004329	0	0.0137553	0	0	24.053	547.891	552.847	1831.31	0	0.106268	12.0637	386.966	10.5427	0.061424	10.5039	0	15.9358	2.92148	0	1.10304	0.00323625	15.2013	0.00323625	2.76791	0	0	0.0117751	1569.62	0.171236	190.638	0.0165689	0.0623627	0	0.00387597	4.39038	0.556744	0	0	0	0	33.6173	161.308	0	15.5986	0	0	0	911.098	0.0136756	34931.7	0.0070922	24.2117	0.0070922	61184.5	0	0	0	0	0	0	0	0	25.0945	0	169.481	0	0	0	4236.08	1691.63	0	0.100469	0.331519	0.280157	26.6889	8.13399	1.05118	0.0047619	0.14199	8.51108	0	0	0.905945	6.27562	3435.41	61.8101	0.764826	278.83	0.202449	1020.9	0.410438	84389.8	7.25261	2.1692	8410.01	1.67321e+07	0.00292398	0.00584795	0.113729	5.91203	11874.1	3.89823e+07	13.0715	24.8289	8.39943	4.22216	141.606	2760.77	1273.41	166904	1.17277	64.1546	7605.4	577080	465.358	57221.4	18.5702	8.04644	269.209	11257.7	90.0052	330.298	4.02003	58.8186	542.613	129076	
2.03608e+07	SFG_L_7_5	82955.4	211808	1.50242	8.94828	28.02	18.3406	6.27769e+06	1.28192e+06	0	1.26333e+06	40.6504	187.11	0.38535	12.3138	0.158905	0.00308642	0.28789	0.0297619	0.327242	0.0151515	0	0.00574713	0.0400239	0.0297619	0.890635	2599.73	0.0157543	0.00226757	0.0844646	0.00694444	0	0	0	1.6714	0	0	0	2.06922	0.239583	46.2325	0	0	0	0	0	0	0	0.00226757	0.570552	0	0	0	4276.61	2088.98	38059	25452.1	758.757	55.2262	47059.1	697.142	0.084127	33.5155	745.173	18568.1	631.014	150.492	49267.4	6211.98	0.527552	0	0	0	0	0.0729149	0	0	0	0	0	0	0	0	0	0.00347222	0	0.00462963	0	0	0	0	0	0	0.0826923	0.128839	0	0	0	0	0	0	0	0	2.22236	0.0327041	0.893313	0.0312289	0	0.00320513	0	0.0161765	0	0.319378	0	0	0.0213675	0.849814	0	0.0327041	0	0.0435187	0	0	0	0	0.440182	7.84783	0.0162138	0.755892	0	0	948.081	27.718	0	0	0.0297487	0	0.0297487	0.0139318	0	0	0	0.0486921	0	0.210302	0	0	918.186	115.304	12998.3	256.469	0.0196759	1.36066	1.64687	60.6093	0	0	0	0	0	0	16.2657	12.6542	0	0	0	0	0	1.03617	0	8.75353	0	0	0.0796951	7.04275	0	0.130763	0.543371	1.4464	0.0684524	88.3393	0.998722	69.5604	37967.2	5173.15	7491.06	0.966667	0	0.0123457	16.303	497.861	0	0.00323625	0	0.0145046	0.152401	0.0362	0.00462963	0	0	0.0341537	0	0	0	0.014737	5.92598	0.368759	0.00462963	0.631705	0	1.99725	96.4079	0.0988711	13.4647	0.279258	67132.4	181.643	0.0908808	1.06242	0.696204	0.0121109	283165	1038.47	20.4413	0.522675	2.54189	0.0926279	20.2978	2.81401	206.743	354.283	0	0	414303	1.5845	1029.5	3.97558	5.36581	0.0117815	181.414	9.13157	11.9821	1.16802	0.010101	0.0155797	31189.8	17.7033	
1.00779e+08	SFG_R_7_5	609.706	303668	53.7534	4.26018	37.0185	16.2393	671016	2.52364e+07	1.26333e+06	0	0.00877193	663.496	0.0175136	0.497609	3.6676	0.0876813	2.87579	32.8858	1.18255	0.0295503	0	0.0608493	0	0.0718058	0.259944	5330.23	0.00275482	0.0474504	0.024026	16.3238	0.0478037	0.0582983	0.00387597	20.9995	0.00326797	0.0178338	0.00387597	133.285	0	870.897	0	0	0	0	0	0	0	0	0	0	0	0	3420.06	6630.02	131123	7.19072e+06	5293.73	14.1468	197146	123911	0	8059.98	28.651	228958	68.6668	81804.1	19830.5	760877	0.267229	0	0	0	0	21.5442	0	0	0	0	0	0	0	0.00260417	0	0.00438596	0	0	0	0.00260417	0	0.00444444	0	0	0	2.58191	0	0.00444444	0	0	0	0.00483092	0	0	0.00340136	0.25191	10.107	0.0154536	0	0	0.125661	0	0.0213456	0	0	0	26.3984	0.111712	0.121945	0.0445833	0.0479588	0	0	0.00260417	0	0	21.5445	52.2271	62.2171	13.8121	0	0	6.37466	129.742	2.10433	0.0309165	2.02865	0	1.99038	0.0146784	0	0.0251572	0.00323625	0.0566038	0.00323625	0	0	0	205.506	1820.15	2487.4	16703.5	1.22	1.90858	5.73637	72.355	195.427	0	0	0	0	0	17.9951	3422.53	0.0199331	0.117848	0	0	0	30.723	0.471327	1000.75	0.0250997	3.44578	0	1686.67	0	0.114483	0.0392496	0.0809914	0	198.601	60.5723	4.86058	295.158	13531.4	425.57	1226.11	0	0	400.902	229.805	0	0.0441431	0.0155993	0.522606	0.635825	3.30969	0.0770885	0.0047619	0.0163605	1.26154	0	0	0.100476	0.565438	362.998	5.85871	0.0165638	5.38622	0.00421941	19.1816	0.697907	1793.32	2.62792	1.01254	5453.36	4.91811e+06	20.6135	0	0.0030581	0.8265	13545.6	8.99385e+06	3.377	13.7928	1.51506	1.1268	0.628959	3663.02	236.202	5864.79	0.0704946	0.248963	11714.7	84621.7	38.8801	26679.2	1.25846	0.506558	14.2525	6457.37	6.0685	48.5929	0.0340311	32.7739	15.6588	32194.7	
1.68e+07	SFG_L_7_6	199763	211.595	15497.3	28028.5	3.22272e+06	1.18794e+06	0	0	40.6504	0.00877193	0	10378.3	354255	3779.13	0.540167	13220.2	0	0	0.00469484	318321	0	0.030303	0	0	0	0	0.149093	732.031	0	0	0	0.030303	0	1.862	0	0	0	0.867934	0	0	0.201111	11.3555	0	0.036554	0	0.857975	0.149093	2.05072	194.937	3.63164	0	0	0	0.0045045	0	0.0045045	0.111046	0	0.0137516	0	0	0	0	0	226.595	0	94.9895	0	0	0.0529449	0	0.00416667	0	0	0	0.0364598	0	0	0	0.00392157	0	0	0	0.00358423	0	0	0	0	0	0	0	0	0	0	0	0	0	0	0	0	0	0	0	0.105326	0	0	0	0	25.985	0.00333333	60.2973	0.0447627	0.00406504	0.0297644	4487.65	0	39.1047	0.0480538	5.85747	0.00326797	0	0	0	0	0.144144	0.0163605	0.0222222	3.82966	0	0	0	0.0160666	0	0.00546448	0	0	0	0.0173189	0	0	0	0.131924	0	0	0	0.0205908	394779	7.51123	7873.26	4.1167	13042.1	35.8318	201667	12.0213	0	0	0	0	0	0	0.023399	0.00387597	0	0.00406504	0	0.0620547	0	0.0037037	0	0.375401	0	0	0	0.962279	49.951	0.0338075	410.677	439.024	266062	801.495	22820.2	26.9096	1.59633e+06	0.0637037	517101	4.78291	6224.19	40.0133	0	0.0025641	0	0.0372108	0	1.46024	0	0.00383142	16.2102	10.3271	0.00383142	0.00383142	0	0	0.00383142	0	0	0	0	23.3347	0	2.08442	1.50443	0.00387597	4.80312	0.105326	5625.31	0.110642	6407.04	0.431711	0	0	0	0.0416271	2.08448	0.672616	0.199375	0.00260417	0.0610931	9.50307	0	2.054	18.0339	0	1.68449	0	2.81188	0.00392157	0.0137044	0	18.6917	0.00387597	25.0265	0	0.0805556	0	47.1675	0.00387597	
5.94645e+07	SFG_R_7_6	100588	205926	979122	3.11827	4.44817e+06	1.23289e+07	3.30894	0.189273	187.11	663.496	10378.3	0	7175.06	3.99082e+06	28625.4	0.00793651	0.337308	0	21.7227	7.62393	0	0.00900901	0	0	0.0130109	0	0.00757576	0.00793651	0	0	0	0.00900901	0.188667	1961.39	0	0	0	559.639	3.64308	158.788	0	1227.42	0	0	0	0	0	0.0826825	0	91.3199	0	0	0.0138904	0	0.281022	0.011252	0.566028	0	0.136809	0.030558	0	0.16556	0.0134694	0	7.65104	137.749	0.18976	0.608718	0.0218814	0.162733	0.103237	0.00724638	0	0.00980392	0	0.00343643	0.00564972	0	0	0	0.0718375	0	0.0364384	0	0	0	0.016902	0	0	0.00462963	0	0	0	0	0.0163605	0.00462963	0	0	0	0	0	0	0	0.22329	0.0170996	0	0	0	0	3.30275	0	153.258	0	0	0.00444444	167.275	0.00444444	1.80464	0	0.323417	0	0	0	0	0.0364106	0.0327605	1.02444	0.391562	0	0	0.0145082	0.0364845	1.04245	0	0.139651	0	0.31105	0.0196078	0	0	0	0	0.0645443	0	0	0.0588235	11.7409	529559	43.825	177128	7.01418	3311.91	42.4848	1.63171e+06	0.003663	0	0	0	0	0	3.57582	0.0141026	0.00401606	0.173511	0	0	0	0.102455	28.3515	6.06744	0	0	0.683324	19.7438	0.0702119	184.454	290.32	36041.3	9147.02	4.34242e+06	2.48628	39795.4	1029.27	227752	377.025	555220	0.30335	14341.6	0.334359	0.562732	0	0	0	0	0.0183987	0.00374532	0	0.00497512	0.0037037	0.0047619	0	0	0.0037037	0.0047619	0.247957	0.165155	0	0.808839	0	1.74203	0.01192	145.238	0.00287356	2.22042	13.1214	650.141	0.00444444	430.781	0	0.00529101	148.578	2090.67	0.01192	0.0529101	2.94394	0	0	32767.2	1.71906	6.88222	0	3005.71	81.007	4260.64	0.292261	1.62044	0.00308642	31.2636	0.052187	5680.31	0	2893.78	0	381.445	0.0898445	6091.49	
2.27878e+08	SFG_L_7_7	24702.3	0	2.9047	78.3968	5.87994e+07	588606	0.437883	0.0106324	0.38535	0.0175136	354255	7175.06	0	5.71122e+06	10.4951	0.126163	7.04428	0	6.05168e+06	48345.9	1615.47	0.0194337	0	0.00574713	0.322507	0.00574713	1.07069e+07	1.91301e+07	0.0575334	0	0.314761	0	0.0141908	0	972.924	0	542.525	0	0	0	363935	30018.5	5468.29	0.622924	0.900729	296.986	101315	2.4131e+06	2618.83	117.075	100341	0	0.201159	0	0.0648736	0.00258398	2.16072	0	0.602382	0.5107	0.00416667	0.003003	0.0156884	0	43.4286	0.00584795	169.593	0.0759171	25131.1	2.91473	1.20753	0	0.10086	0.003003	0	0	6449.2	0.547215	0.275746	0	0.0226608	0	138.255	0.106881	277.191	0	0.0138203	0	0.720877	0	7.5662	0	482.569	0	0.430604	0	318.432	0	0.153801	0	0.285614	0	1144.02	0.0305359	114.743	0.00297619	3.46482	0	46.234	0.00280112	0.696825	0.014755	0.251142	0.032268	2175.3	0	202.081	0.0126944	0.489687	0	0	0	0.0920478	0	34.0781	0.129744	204.193	0.762319	0.971741	0	58.6702	0.459735	161.296	0	195.442	0	403.696	0	0	0	0.00497512	0	91.1011	0	0	0	141536	3.18368	72.3878	0.179751	24430.7	6.15492	325336	9.38577	0.00421941	0	0	0	0.0837169	0	40.6986	0.277841	0.315258	0.003003	4160	2.77293	0.00245098	0	1114.58	0	0	0	0	0	63.2867	0.327907	24204.8	985205	803576	323.684	28860	43.9048	246494	3.77749	85070.3	3.73832	33958.1	372.348	1818.28	0.0427518	7106.38	0.00282486	95448	0.51761	36.9656	0.00297619	68692.7	1.33923	4842.8	0	21.688	0	41691.3	0	21142.4	0	511.485	5.84615	33.5485	0.0984246	2.21378	0.0986392	71.8909	0.0811092	7477.11	0.291512	14441.8	0.207407	775480	3.37482	5.05219	0.44052	31776.5	26.7538	2.21712e+06	0.0613602	1.09002e+06	2.14499	70567	0.104274	1.20516e+06	0.282203	4183.79	0	1433.36	0.0293463	98157.8	0.282203	155432	0.0539409	190039	0	127224	0.0403604	523598	0.0307469	
9.16422e+07	SFG_R_7_7	178.54	51.2548	127.986	0	1.19883e+07	8.73411e+06	0.00222222	0.00226757	12.3138	0.497609	3779.13	3.99082e+06	5.71122e+06	0	537734	0	0	0	1.53923e+06	2063.04	0	24113.8	0	0	0	0	15626.6	9.47954e+06	0	0	0	0	0	0	0	919.027	0	0	0	0	3.19845	54198.4	0.00740741	3225.45	0	0.00595238	9.54549	2404.39	0.574348	5735.33	0.0299663	4624.46	0	0	0	0	0.00564972	0	0.00537634	0	0	0	0	0	0.0523521	0.00694444	0	0.0070922	0	0.0365569	0	0	0	0	0	0	0	0	0	0	0	0	0	0.00438596	0	0	0	0	0	0.0186708	0	0	0	34.3626	0	0	0	0	0	0	0	0	0	45.69	0	0	0	0.0161622	0	0.433127	0	4.74735	0	0.0186489	0.0299468	4.39605	0.00277778	1.66491	0	0	0	0	0	0	0.0157058	0.00520833	0.00378788	0.00529101	0	0	0	0.0205177	0	0.00529101	0	0	0	0.00512821	0	0	0	0	0	0	0	0	8.35669	10800.7	0.0588839	1807.03	0.520114	9.78459	32.187	194213	0	0	0	0	0	0	0	0.021511	0	0	0	0	0	0	0	0	0	0	0	0	0.168358	447.721	38763.9	876859	6183.25	1.30365e+06	1.49375	45034.9	479.77	66010.2	12.5407	68608.3	5117.35	293650	0	0.109106	0.00308642	0.119067	0.0124621	0.220628	0	0	0.0128395	0.117815	0	0.0704682	0	0	0.012956	0	0	0.0164609	0	0.00512821	0	0.0205128	0	0	0.00323625	19.3915	0.055433	182.724	0.055433	1318.02	0.0444444	262132	0.00222222	0.430247	0.787978	1.08827	0.00282486	2240.46	0	104086	0	1.01921	0	243033	0.00222222	1677.85	0.00333333	1.99911	0.00387597	57348.5	0.0863603	1.46319	0.055433	9286.81	0.00387597	116555	0	13378.1	
1.37935e+08	MFG_L_7_1	5.69455	1.41977	3.98678e+06	13.6651	1.87689e+07	1.36121e+06	11.8002	86.7878	0.158905	3.6676	0.540167	28625.4	10.4951	537734	0	0.0738408	4642.43	0	2.6474e+07	613206	5.70226e+06	0.00900901	1.27495e+06	0.00326797	4.40337	0	1722.27	9.56322	251.799	0	1.62314e+06	0.00793651	368125	0.00793651	1.1135e+06	0	113151	0	312.869	0	0	0	1.21602	0	0	0	0.0037037	0	0.630205	0	54100.9	0	0.613374	0	6.09897	2.9962	32.7242	0.547953	9.69934	9.72562	0.559223	0	0.236308	0	0.0542208	0.262654	0.155246	0.00505051	13803.5	0	919.504	0.00358423	22.6711	0	0.593452	0.0320679	6002.21	0	3.07808	0.0142101	33.6718	0	72.3461	0	683.248	0.00282486	54.2895	0	65.6571	0.00248756	29.974	0	313.665	0	256.107	0.0257342	462.141	0.00268817	28.0727	0.135253	53.5773	0.0919789	4726	0	8.92852	0.251298	30.1095	0.00362319	0	0.002849	0	0	0.00383142	0	0	0	0	0.002849	0	0	0.0596719	0.0037037	2.61719	0	4779.68	7.82011	5028.2	0.293475	121.369	0.00330033	370.994	90.8898	14384.6	0.00311526	4363.02	0	6181.64	0.252348	0.0181022	0.00311526	3.39081	0.0516594	3876.94	0.0120686	0.98087	0	2.66792	4.26112	0.0523291	5.87317	757.099	0.0149888	0.00347222	1.51267	2.82766	0	0.107799	0	17.8625	0.00330033	570.159	1.33476	2663.27	0	4.84153	0	166580	0.00323625	819875	0.00323625	0.0908371	0	157327	0	0	0.0155951	0	0.428973	8.19699	20.0347	0	0.366985	0	0.102988	0.00387597	0.0618513	0	0	13.9199	1055.95	1.15572	0	3469.51	0	0.686294	0.0398612	1042.86	0	14484.3	0.0115951	314.734	0	14724.1	0.0115951	1303.5	268.17	9540.85	0.059952	2602.45	0.00387597	0.177204	0.0153079	44.5888	0.002849	168172	242.008	4832.79	0	29.8366	0	214766	339.263	1804.47	0.0144699	769290	0	765304	0.309117	408958	20.5782	160646	0	1.66532e+06	0.00396825	9004	0.128795	11614.5	0.00529101	225518	0.0988357	408737	0.00416667	314973	0.00282486	547462	0.0622106	
4.31638e+07	MFG_R_7_1	12160.9	114.004	55014.9	6.03442e+06	48214.2	7.41398e+06	0.690138	2.23102	0.00308642	0.0876813	13220.2	0.00793651	0.126163	0	0.0738408	0	0	54657.9	0.0182802	2.27458e+06	0	2.46458e+06	0	649793	0	97546.6	0.0329904	0.0525745	0	86589.6	0.0283816	312408	1.03318	640739	0	32539.4	0.122896	21918	0	318.706	0	0	0	0	0	0	0	0	0.00289855	0	0	0.0114943	0	0	1.65994	0.17243	8.40147	0	1.48689	1.85688	0	0	0	0.00271003	0	0.934067	0	0.0560594	0.00289855	0	0	0.157461	0	8.1096	0	0.00438596	0	0.492187	0	0	0	0.273109	0	42.4267	0	0.00512821	0	3.96449	0	2.2507	0	0.0174299	0	0.822365	0	2.66619	0	0.0355163	0	0.0151305	0	0.274599	0	0.176083	1.09239	0.534051	0	0.017205	0	0	0	0	0	0	0.0178018	0	0	0.00483092	0	0	0	0.00537634	0	0	0.982444	331.038	6.28704	1518.96	0	0.245908	0.35839	53.8661	0.014898	9.78912	0.0152505	9.98467	0.0152505	110.237	0	0.00877193	0	21.2782	0	0.263689	0	1.58542	6.31295	972.892	0	1.49616	4.5778	1046.52	15.2345	0.18205	0	0.00505051	0	0	0	0.0346379	0.874832	2.32975	0	6774.1	0	0.0114943	0	761.82	0.00392157	61754	0	0.163465	0	2331.76	0	0	0	0	0	0	0.0129335	0.00529101	0	0	0	0	0	0	8.77425	8635.55	0.0622301	8761.62	0.0329793	1240.81	0.113426	0.0740015	0.0853889	6080.91	0.0299473	543.915	0	1.0659	0.0832589	208.915	2.94126	0.81436	0.0849183	7545.8	0.014898	8761.58	0.0262261	4950.72	0.0133729	0.429808	17.4306	1327.42	0.0535372	8.08004	0.0026455	0.0762755	19.9258	178759	1.08559	45.3483	0.473221	4584.7	0	473994	3.12102	88123	0.0120111	198588	34.3085	131338	3.47349	24.6275	0.0494459	815.755	2.75151	9625.92	0.087051	4354.6	0.014755	1208.86	0.193536	153690	
3.22418e+07	MFG_L_7_2	491.952	0.0138904	2.10866e+06	0	345060	0.271715	13076	0.00740741	0.28789	2.87579	0	0.337308	7.04428	0	4642.43	0	0	0	150.646	0.00813008	91795.5	0	4.1145e+06	0	683562	0	66.2555	0	3.23213e+06	0	3.30412e+06	0	3420.64	0	4259.72	0	17.0761	0	8517.21	0	0	0	0.0624098	0	0	0	0	0	0	0	22.8967	0	6164.96	0.0638491	3273.88	0.991829	3851.99	0.0534754	233.056	0.0020202	28.7041	0	2.07023e+06	0.0638491	0	0	0	0.260952	87.7213	0	11.8665	0	43.2014	0	0.824904	0	1302.92	0	312.599	0	983.899	0	142.52	0	4555.61	0	59.5426	0	289.108	0	122.595	0	36.1508	0	1544.61	0	4608.34	0	3645.76	0	1558.11	0	9.39671	0	0.0497555	0	0.51903	0	0	0	0.00387597	0	0.00387597	0	0	0	0	0	0	0	31.5097	0	550.508	0	0.00343643	0	0.260996	0	190.818	0	1.79808	0	0.418295	0	0.494745	0	460.762	0	998.605	0	46871.8	0	10140.1	0	15.4096	0	0	0.0302061	0	0	0	0	0	0	34436.4	0	1.22762	0	1176.45	0	3256.41	0.0020202	1.183	0	0	0	99.569	0	2757.17	0	1.67169	0	960.674	0	0	0	0	0	0	0	0	0	0	0	0	0	0	0	0	0	0	0	0.930434	0	0	0	0.742509	0	4.09291	0	6.19055	0	7.42255	0	0.0802496	0	0.0602127	0	0.0858465	0	0	0	0.00490196	0.00282486	0.0177404	0	0.057499	0	0	0.00277778	1.70559	0	106.584	0.0246819	996.936	0.00262467	0.0037037	0	235.673	0.0254666	0	0	0.0153439	0	0	0.0020202	0	0	1.47416	0	1.10807	0	0.0037037	0	0	0.0020202	
1.17045e+07	MFG_R_7_2	1.8246	40.9683	0.277508	20281.3	0	2.49547	0.261552	2361.08	0.0297619	32.8858	0	0	0	0	0	54657.9	0	0	0	0	0	583.771	0	1.51927e+06	0	257251	0	0	0	2.61667e+06	0	0.130435	0	3779.85	0	0	0	0.690387	0	99858.9	0	0	0	0	0	0	0	0	0	0	0	0	0.174698	1060.62	0	4532.92	0	15.7565	0	2.07018	0	211.926	0	1.0226e+06	0	0	0	0	0	0	0	0	0	0.00469484	0	0	0	0.0439353	0	0	0	1961.55	0	0.473911	0	94633	0	16.319	0	0.51705	0	0.227866	0	0.003003	0	8.87241	0	38273	0	1931.35	0	1.23932	0	0	0	0	0	0	0	0	0	0	0	0	0	0	0	0	0	0	0	0.0274943	0	0	0	0.00546448	0	0.0507138	0	12.2003	0	5.27032	0	0.0293359	0	28.1641	0	235.907	0	0.405844	0	28033.2	0	83841.2	0	0	0	0.00546448	0	0	0	0.00340136	0	0	0	23.121	0	0	0	20.58	0	4.51137	0	0	0	0	0	0.0111111	0	0.292769	0	0	0	0.669897	0	0	0	0	0	0	0	0	0	0	0	0	0	0	0	0	0	0	0	0.00340136	0	0	0	0	0	0.00323625	0	0.24545	0	0.00323625	0	0	0	0.00537634	0	5.47012	0.00595238	0	0	0.003003	0.696931	0.025344	0	0	0	0	0.964052	1.52093	0	0.003003	0.00350877	0	0	2.59031	0.00740741	1.95929	0	0	0.047237	0	0	0	0	0	0	0	0	0	0	0	0.00641026	0	
2.20811e+08	MFG_L_7_3	3.65068	0.935217	6859.29	0.59299	2.74304e+07	481053	4.17857	15.2823	0.327242	1.18255	0.00469484	21.7227	6.05168e+06	1.53923e+06	2.6474e+07	0.0182802	150.646	0	0	68479.2	3.35776e+06	2.75183	909.875	0.00653595	2.57373	0.00653595	1.71277e+07	299400	0.328204	0	35981.9	0	536.067	0	2.40537e+06	0.123425	166442	0.00520833	0.151932	0.00520833	0.0042735	11.2354	52161.8	0.846104	0.00277778	0	3.9363	431.249	0.753074	0.0197628	2.90635e+06	0.336269	0.507302	0	6.27674	1.2737	28.5642	0.176804	16.6331	6.75891	0.0256809	0.003003	0.236945	0	0.583533	0.794021	0.216414	0.116423	143113	0	6.06172	0.00340136	2.75685	0.0126727	0.155786	0.00340136	70177.9	0	5.7325	0	0.582077	0.00378788	447.743	0	1607.23	0	0.333928	0	3.28728	0.00248756	24.5872	0	1636.85	0	5.23413	0.00998766	1587.6	0.00268817	0.964728	0.108243	2.28552	0.0407269	5740.96	0	918.107	0.032598	13.4283	0	0	0.002849	0.0805066	0	0.128882	0	0	0	0.0869218	0.002849	0.0212497	0	0	0	6.44432	0	1217.79	10.3017	1785.57	0.173331	1.35414	0.0162602	237.333	236.435	1625.21	0	777.5	0.0111594	1311.74	0.103238	0	0	0.266353	0.0586884	663.639	0.00297619	0.0252381	0.00438596	7.05541	2.28114	0.935275	20.1186	31.407	0.120675	0.00250627	0.131999	0.537638	0	0	0	2.03603	0	223.651	1.88938	9.87872	0.0126727	13977.3	0	316.274	0.00378788	136608	0.00378788	0	0	428.467	0	0	0	0	2.08628	0	0.307781	0	0.00333333	0	0.111021	0	0.0338825	0	0	2958.56	152.709	6209.36	0.00282486	342884	0.0117103	22.2405	0.0150848	158634	0.00362319	76138.1	0.0257761	97.9674	0	245884	0.0111235	97862.4	36.8363	1189.42	0.0802905	140.74	0.0112644	0.0960112	0.219918	66.8339	0.0266766	25780.1	55.6141	9231.23	0	456438	0.0107097	25069	81.8532	53873.8	0.202348	6.61242e+06	0.0109786	3.44999e+06	2.16012	304174	6.98278	2.16393e+06	0.00666667	1.77368e+06	0.0030303	18879.4	0.782157	50483.9	0.0228772	757709	0.694419	698168	0.029934	403807	0.0168276	3.87983e+06	0.319267	
7.14431e+07	MFG_R_7_3	0.0283816	0	10893.6	32273.3	6.94095e+06	5.79232e+06	3.3978	0.140525	0.0151515	0.0295503	318321	7.62393	48345.9	2063.04	613206	2.27458e+06	0.00813008	0	68479.2	0	0.367449	6.28228e+06	0	276.941	0	0.00546448	3591.79	3.41132e+06	0	0	16.4487	329464	1.87121	9.42113	0.255512	1.52812e+06	0	45827.6	0	0	32.6191	0	0.0107527	1002.82	0	0	37.8105	0.00396825	0.494728	0	0	16629.8	0	0	2.17771	0.158192	6.56077	0	1.67061	13.4548	0	0	0	0	0	18.449	0	0.0218638	0.0168713	0.09076	0	1.47554	0	14.636	0	2.0636	0.00529101	7.49034	0	0.165412	0	35.1513	0	721.448	0	0.075304	0	3519.85	0	20.5075	0	1.41465	0	421.939	0	22.4257	0	0.53797	0	0.220701	0	0.647614	0.012522	325.426	0	11.1797	0	0.74276	0.0030303	1.38791	0	0.0177919	0	0.0422386	0.0168133	0.00401606	0	6.22854	0	0.157958	0	8.62862	0	0.137441	0.682346	98.9462	10.9371	118.053	0	0.124142	0.969716	160.616	0.0597771	0.608664	0.0332222	169.37	0.0148221	695.835	0	0	0	19.811	0	20.5798	0	2.30421	9.09313	164.253	0	7.69325	8.37664	31907.1	28.8262	0.491235	0	0	0	0.0218638	0	0	1.58284	115.716	0	25739.9	0	0.0437276	0	1282.73	0.00529101	330677	0	0.00483092	0.00529101	9.63602	0	0	0	0.0114943	0.00877193	0	0	0.0823917	0	0	0	0	0	0	0	18922.2	7.96582	19391.7	14.3477	13155.8	0	8.24508	26.7708	16136.2	0.975422	59408.2	0	2.30212	14.6425	30292.6	0.0540261	34.3412	0.0545734	89891.9	0.452581	52039.3	0.0765707	5.2335	0.0504701	191.169	5.3996	590.218	0.0030303	6771.24	5.50413	730990	13.1146	53424.1	10.7439	14431.5	28.6681	847150	0.0148571	1.29103e+06	3.01496	822415	0	2.25484e+06	46.9598	158756	7.18656	71.3892	0.0999681	193371	14.025	46999.8	0.615123	206456	0.0142222	368896	0.0370659	309204	
2.4556e+07	MFG_L_7_4	0.449791	0	443261	0	124765	0	0.0325979	0	0	0	0	0	1615.47	0	5.70226e+06	0	91795.5	0	3.35776e+06	0.367449	0	0	441303	0	7.06507	0	54401.2	0	3977.13	0	1.73338e+06	0	1836.79	0	302035	0	301.368	0	0.302861	0	0	0	0.0381264	0	0	0	0	0	0	0	18136.4	0	0.627266	0	0.079605	0	0	0	0	0	0	0	2.41052	0	0	0	0	0	104.119	0	1.10026	0	0	0	0.0865701	0	65.4994	0	0	0	1.33188	0	0.366987	0	1.00613	0	0.0905609	0	0.00456621	0	0	0	0.0159811	0	0.336853	0	1.12505	0	3.07076	0	0.0801228	0	0.0035461	0	0	0	0	0	0	0	0	0	0	0	0	0	0	0	0	0	0.0553401	0	0.0243148	0	0	0	0	0	0.070636	0	0.00564972	0	0.00537634	0	0	0	0.00555556	0	0.00793651	0	11.7771	0	0.821641	0	0.228251	0	0	0	0	0	0	0	0	0	4.07685	0	0.00757576	0	0.375399	0	0.305337	0	0.515406	0	1.98623	0	471.991	0	248.013	0	0.00497512	0	139.726	0	0	0	0	0	0	0	0	0	0	0	0	0	0	0	0	0	0	0	0.662627	0	0	0	0.0700059	0	2.53987	0	0.0445833	0	2.67953	0	0.477679	0	0	0	0.00505051	0	0	0	0	0	0	0	0	0	1.02967	0	0.0144928	0	0.0532581	0	41.3436	0	1.29996	0	9.09701	0	9.62092	0	3.56827	0	0.0797346	0	0	0	0.961043	0	0.0321332	0	0	0	13.9855	0	
