data	data	7.85742e+07	3.48561e+07	1.28588e+08	5.26111e+07	4.08677e+08	2.83654e+08	1.13193e+08	9.73206e+07	6.21946e+07	1.17489e+08	8.30952e+06	2.46027e+07	1.85425e+08	1.05326e+08	7.97015e+07	1.10574e+08	2.95766e+07	5.31212e+07	2.45079e+07	6.64768e+07	2.25813e+07	3.64925e+07	1.0412e+07	4.26136e+07	1.68325e+07	4.12203e+07	3.02509e+08	2.2611e+08	9.37689e+06	7.50206e+07	6.6106e+06	2.45043e+07	8.76901e+06	3.0022e+07	4.11742e+07	1.35768e+07	1.00059e+07	6.72905e+06	2.8975e+07	1.25966e+07	2.13789e+07	3.24064e+06	2.01732e+07	1.97239e+07	1.69361e+07	1.0184e+07	9.53494e+07	6.52618e+07	1.75719e+07	3.78225e+06	5.29276e+07	1.88262e+07	4.79562e+07	5.10325e+07	3.4648e+07	2.41437e+08	4.48848e+08	1.20103e+08	3.06336e+08	1.77511e+08	1.98927e+07	2.06975e+07	5.5516e+07	2.89211e+07	1.39517e+07	4.57661e+07	9.4505e+06	1.14437e+07	8.68625e+07	2.46869e+08	3.60127e+07	3.98166e+07	7.02482e+07	5.91156e+07	1.40017e+07	4.36809e+07	8.83362e+07	4.39834e+07	1.13511e+08	7.31944e+07	6.05428e+07	4.9175e+07	1.9074e+07	3.92446e+07	5.55629e+07	3.42201e+07	1.91999e+07	9.56722e+07	3.03019e+07	9.09334e+07	1.34343e+07	5.19847e+07	1.47435e+07	2.17544e+08	7.2983e+07	3.63156e+07	4.37218e+07	5.65221e+07	1.74194e+07	3.92887e+07	3.057e+07	4.80379e+07	1.12873e+08	2.53662e+08	1.01636e+08	2.42406e+08	6.81778e+07	6.39076e+07	1.74671e+07	5.11863e+07	6.39083e+06	2.17978e+07	2.36648e+07	4.37967e+07	1.3729e+07	4.21754e+07	7.04709e+06	2.58468e+07	1.47392e+07	4.78537e+06	1.1438e+07	2.81781e+07	1.23294e+07	2.41496e+07	5.50568e+07	1.43808e+08	7.09563e+07	9.82082e+07	1.21841e+07	3.33422e+07	1.9046e+07	1.33157e+08	3.66655e+07	3.33026e+07	1.18984e+08	2.88762e+08	6.68555e+07	1.94436e+08	2.30947e+07	1.51669e+08	6.05376e+07	1.3134e+08	1.47843e+08	4.58141e+07	2.72532e+07	2.10416e+07	3.46044e+07	5.38401e+07	2.87009e+06	4.92217e+07	2.50245e+07	5.04236e+07	5.09481e+06	1.53591e+07	4.59567e+07	1.02644e+08	2.27953e+06	5.66439e+06	3.68963e+07	4.17215e+07	2.6646e+08	1.73086e+08	2.20522e+07	2.24039e+07	8.85069e+06	1.13045e+07	4.07636e+06	8.20535e+06	1.3365e+08	3.36001e+07	2.28592e+06	2.53313e+06	5.78549e+07	2.06716e+06	4.77408e+06	1.3202e+07	2.11972e+06	2.71468e+07	9.01027e+06	1.09195e+07	1.81653e+07	2.35917e+07	6.33858e+06	2.74508e+06	5.29968e+06	1.06172e+07	3.43619e+06	1.62629e+07	3.55199e+07	1.02761e+08	2.13807e+08	5.90014e+07	4.53546e+08	1.51829e+08	3.30131e+07	7.95071e+07	3.1691e+08	1.11997e+08	1.78418e+08	7.54308e+07	2.83011e+07	3.10780e+07	3.8971e+08	1.30059e+08	6.78783e+07	1.23042e+08	1.69108e+08	1.1455e+08	8.9178e+07	2.35334e+08	1.41726e+07	2.67976e+07	8.32446e+07	2.22056e+08	2.84025e+08	3.97115e+08	3.07084e+08	4.16722e+08	2.54114e+08	3.55947e+08	1.35139e+08	4.31671e+08	4.85565e+08	6.41809e+08	5.40463e+08	1.84786e+08	8.40938e+07	1.916e+08	2.02724e+08	2.71561e+08	8.56404e+07	1.39501e+08	4.01734e+08	6.73178e+07	1.2549e+08	4.14467e+07	1.40028e+08	6.83027e+07	1.33593e+08	1.14752e+08	1.17019e+08	1.44928e+08	1.06004e+08	8.36852e+07	1.83034e+08	1.40846e+08	
data	data	SFG_L_7_1	SFG_R_7_1	SFG_L_7_2	SFG_R_7_2	SFG_L_7_3	SFG_R_7_3	SFG_L_7_4	SFG_R_7_4	SFG_L_7_5	SFG_R_7_5	SFG_L_7_6	SFG_R_7_6	SFG_L_7_7	SFG_R_7_7	MFG_L_7_1	MFG_R_7_1	MFG_L_7_2	MFG_R_7_2	MFG_L_7_3	MFG_R_7_3	MFG_L_7_4	MFG_R_7_4	MFG_L_7_5	MFG_R_7_5	MFG_L_7_6	MFG_R_7_6	MFG_L_7_7	MFG_R_7_7	IFG_L_6_1	IFG_R_6_1	IFG_L_6_2	IFG_R_6_2	IFG_L_6_3	IFG_R_6_3	IFG_L_6_4	IFG_R_6_4	IFG_L_6_5	IFG_R_6_5	IFG_L_6_6	IFG_R_6_6	OrG_L_6_1	OrG_R_6_1	OrG_L_6_2	OrG_R_6_2	OrG_L_6_3	OrG_R_6_3	OrG_L_6_4	OrG_R_6_4	OrG_L_6_5	OrG_R_6_5	OrG_R_6_6	OrG_R_6_6	PrG_L_6_1	PrG_R_6_1	PrG_L_6_2	PrG_R_6_2	PrG_L_6_3	PrG_R_6_3	PrG_L_6_4	PrG_R_6_4	PrG_L_6_5	PrG_R_6_5	PrG_L_6_6	PrG_R_6_6	PCL_L_2_1	PCL_R_2_1	PCL_L_2_2	PCL_R_2_2	STG_L_6_1	STG_R_6_1	STG_L_6_2	STG_R_6_2	STG_L_6_3	STG_R_6_3	STG_L_6_4	STG_R_6_4	STG_L_6_5	STG_R_6_5	STG_L_6_6	STG_R_6_6	MTG_L_4_1	MTG_R_4_1	MTG_L_4_2	MTG_R_4_2	MTG_L_4_3	MTG_R_4_3	MTG_L_4_4	MTG_R_4_4	ITG_L_7_1	ITG_R_7_1	ITG_L_7_2	ITG_R_7_2	ITG_L_7_3	ITG_R_7_3	ITG_L_7_4	ITG_R_7_4	ITG_L_7_5	ITG_R_7_5	ITG_L_7_6	ITG_R_7_6	ITG_L_7_7	ITG_R_7_7	FuG_L_3_1	FuG_R_3_1	FuG_L_3_2	FuG_R_3_2	FuG_L_3_3	FuG_R_3_3	PhG_L_6_1	PhG_R_6_1	PhG_L_6_2	PhG_R_6_2	PhG_L_6_3	PhG_R_6_3	PhG_L_6_4	PhG_R_6_4	PhG_L_6_5	PhG_R_6_5	PhG_L_6_6	PhG_R_6_6	pSTS_L_2_1	pSTS_R_2_1	pSTS_L_2_2	pSTS_R_2_2	SPL_L_5_1	SPL_R_5_1	SPL_L_5_2	SPL_R_5_2	SPL_L_5_3	SPL_R_5_3	SPL_L_5_4	SPL_R_5_4	SPL_L_5_5	SPL_R_5_5	IPL_L_6_1	IPL_R_6_1	IPL_L_6_2	IPL_R_6_2	IPL_L_6_3	IPL_R_6_3	IPL_L_6_4	IPL_R_6_4	IPL_L_6_5	IPL_R_6_5	IPL_L_6_6	IPL_R_6_6	PCun_L_4_1	PCun_R_4_1	PCun_L_4_2	PCun_R_4_2	PCun_L_4_3	PCun_R_4_3	PCun_L_4_4	PCun_R_4_4	PoG_L_4_1	PoG_R_4_1	PoG_L_4_2	PoG_R_4_2	PoG_L_4_3	PoG_R_4_3	PoG_L_4_4	PoG_R_4_4	INS_L_6_1	INS_R_6_1	INS_L_6_2	INS_R_6_2	INS_L_6_3	INS_R_6_3	INS_L_6_4	INS_R_6_4	INS_L_6_5	INS_R_6_5	INS_L_6_6	INS_R_6_6	CG_L_7_1	CG_R_7_1	CG_L_7_2	CG_R_7_2	CG_L_7_3	CG_R_7_3	CG_L_7_4	CG_R_7_4	CG_L_7_5	CG_R_7_5	CG_L_7_6	CG_R_7_6	CG_L_7_7	CG_R_7_7	MVOcC	MVOcC	MVOcC	MVOcC	MVOcC	MVOcC	MVOcC	MVOcC	MVOcC	MVOcC	LOcC_L_4_1	LOcC_R_4_1	LOcC_L_4_2	LOcC_R_4_2	LOcC_L_4_3	LOcC_R_4_3	LOcC_L_4_4	LOcC_R_4_4	LOcC_L_2_1	LOcC_R_2_1	LOcC_L_2_2	LOcC_R_2_2	Amyg_L_2_1	Amyg_R_2_1	Amyg_L_2_2	Amyg_R_2_2	Hipp_L_2_1	Hipp_R_2_1	Hipp_L_2_2	Hipp_R_2_2	BG_L_6_1	BG_R_6_1	BG_L_6_2	BG_R_6_2	BG_L_6_3	BG_R_6_3	BG_L_6_4	BG_R_6_4	BG_L_6_5	BG_R_6_5	BG_L_6_6	BG_R_6_6	Tha_L_8_1	Tha_R_8_1	Tha_L_8_2	Tha_R_8_2	Tha_L_8_3	Tha_R_8_3	Tha_L_8_4	Tha_R_8_4	Tha_L_8_5	Tha_R_8_5	Tha_L_8_6	Tha_R_8_6	Tha_L_8_7	Tha_R_8_7	Tha_L_8_8	Tha_R_8_8	
7.85742e+07	SFG_L_7_1	0	4.40494e+06	2.6026e+07	340.209	614936	135054	2.03144e+06	761421	108349	17633.8	141715	6418.04	21.6177	1.17217	7.0109	109.102	2.09401	0.0070922	0.156931	0.0743081	0.010101	0.0554671	210.627	0.80627	1.11254	7.25768	0.234743	0.00191571	194.194	64.463	297.527	3.16879	12813.2	2070.62	18.5946	0.00574713	55.1263	56.9637	317636	0.143064	0.0037037	0	0	0	0.00694444	0	0.0974278	0	0.906931	0	0	0	4.32769	0.0357143	18.4978	79.6623	2002.19	3.02591	12.4418	32.966	3.10617	0.0155993	0.872788	0.195799	250.62	25.6426	223.769	9.93545	40.3629	0.00254453	62.8698	0	119.876	0	0.30172	0.00340136	201.911	0	14.5947	0.00294985	156.836	0.0531503	0.68027	0.00387597	864.42	0	6.37768	0.0265501	0.532045	0	0.676529	0.0121768	5.07587	0	123.826	0.00387597	2925.63	0.0121768	5.29861	0.0121768	30.1253	0	2.93915	0.0030581	0	0.0337373	0.015882	0	0	0	0	0	0	0.0030581	0	0	0	0	0.00740741	0.0030581	1.99768	0	0.11272	0.00340136	91.9353	30.6815	0.98199	5.68978	1022.58	0	1177.01	16.6063	658.267	0.0325353	712.112	0.928598	15508.7	0.998018	25.9741	0	2378.2	0	3386.22	0	16.255	0	3966.65	83.8238	139.682	1.3356	133.464	0.00416667	577.926	318.734	1082.46	0	0.500213	0	3.26569	0	20704.1	25.8461	136.539	0.0370376	0.0771825	0.00628931	2.49482	0.0566038	62987.3	7.12923	3541.41	0.0443685	183691	0.0562805	16.8134	0.445384	70.378	21174.4	291.148	70.3468	89.5032	0.173622	17171.5	13352.5	599.492	601.858	0.00877193	0.332861	0.0699771	0.810845	0.017723	0	4.47956	0	0.0481803	0	3.37889	0	1809.24	0.0141989	0.349954	0	16.6913	0.00343643	0.292981	0.472488	630.782	0.0547051	1475.52	0.721227	1.43205	18.1713	196.469	0	2626.05	581.344	70.7582	0.00908076	1.66865	0	39787.1	1416.17	1275.08	0.0188548	198.584	0.00262467	4322.82	821660	270040	267.375	0.731387	0	2.45045e+06	0.0407294	1458.13	0.0102998	200.745	0	15146	0.0304539	4779.59	0.028327	2201.8	0.00262467	721508	0.00262467	
3.48561e+07	SFG_R_7_1	4.40494e+06	0	1.87773e+06	75385.4	74126.8	798671	1.85585e+06	1.809e+06	68063.6	1.32719e+06	10237.7	207046	0.380922	0.829589	205.563	8411.7	1031.89	55422.2	2.83765	14.4912	0.0070922	630.198	4899.81	17551.2	25.2547	0.164069	0.061244	0.225976	0.268687	214129	0.0590663	49.4107	12.6785	418471	0.274992	1.31466	4.71607	6421.39	194.698	21409.2	0.00680272	0	0	0.131683	0	0	0.0255248	0	0.0290289	0	0.0148348	0.0815126	0.00606061	0	502.168	1.71268	284.063	0.00537634	2141.2	17.4987	0	0	0.355467	13.5928	20.3612	127197	71.5364	1389.88	0.407936	25.8221	0	0	0.00680272	0	0	0.00406504	1.02441	0.252764	0.00505051	0.00406504	0	0.357235	0	0.0047619	0.00401606	0	0	0	0	0.0357383	0	0.00421941	0.0327827	12.0951	0.0994854	0.0159824	0.674196	0.00421941	0	0.00421941	0.0157841	0.0160736	0.00411523	1.04546	0.0702446	0	0	0	0.0372375	2.14524	0.0781126	1.45876	0	0.003367	0.724844	3.44628	0.0372375	0.0189363	2.16909	1.72512	0	0.126358	0	0	1.83909	366.874	1.56442	118.599	0	0.00537634	4.5907	51.4091	0.00362319	1.81779	3.64449	6.6031	6.80644	3.00409	0	0	0.0174299	0	3.26009	0	0	0.0231606	5502.45	27596	18.392	6737.23	12.3213	1151.19	210.669	39751.8	0	0.00537634	0	0	0	0	12.931	8.58951	0.00374532	0.024531	0	40.5472	0	121.8	212.705	140.762	0	0.12108	146.407	92.1828	106.029	982.581	353.61	42657.1	0.00925926	5227.52	136.176	15165.3	0.0384824	350695	20.4615	192145	0	0.720159	0.720789	0.350895	0.00275482	0.00490196	0.0117402	0.0718364	0.0194658	0.00574713	0.018843	7.07015	38.5032	0.00483092	0	0.0176981	0.0851141	0.108854	0.708918	0.441091	23.0962	0.00438596	17.4679	4.64717	0.0119057	158.893	0.585119	1.21238	28.6164	41960.3	2.45808	200.119	0.103661	0.0818288	1311.37	493197	8.71373	0.407265	12.4614	0.175096	119.047	1.3243e+06	15.8323	4203.69	1.37704	261820	5269.42	369406	7.99777	33.5014	1.88077	8498.32	88.1079	317381	103.193	80470.4	35.2186	44089.3	224.998	396370	
1.28588e+08	SFG_L_7_2	2.6026e+07	1.87773e+06	0	214.813	1.42675e+07	223113	1.18862e+06	1864.25	1.04047	1.38435	0.564545	34451.1	0.0160183	0	788622	243.864	62.6166	0.0289855	22895.9	0.0205171	630.717	0.115441	359849	4.14102	119.895	65.6737	4.47481	0.134573	50386.7	62.3018	3358.42	0.870254	582787	1143.3	3067.39	0.00574713	66276.1	34.2213	5.55358e+06	0.391945	0.0901944	0	0.003367	0	0.00694444	0	0.734028	0.0132065	3.00169	0	4.34457	0	32.4121	0.144908	76.6216	317.718	5975.97	6.83721	8.76689	55.6336	16.0963	0.14205	12.1839	0.578454	0.30099	0.452431	0	0.0197368	663.579	0.0108362	385.012	0	2350.61	0	2.52945	0.00340136	4863.51	0	125.176	0.00294985	967.796	0.0292244	7.2688	0.00297619	2140.57	0	33.9409	0.0265501	1.20054	0.011276	1.61427	0.0487073	24.736	0.00268817	838.231	0.0122417	12572.3	0.0487073	35.0563	0.0487073	151.149	0.0272229	10.1508	0.0125265	0	0.0578036	0.015882	0	0	0	0	0	0	0.0030581	0	0	0	0	0	0.0030581	15.9678	0	0.367989	0.00340136	160.602	103.681	7.03445	14.1734	2375.88	0.00362319	1721.87	51.4301	1946.7	0.0893793	8104.33	1.5696	65894.5	3.0419	36.9872	0	4823.48	0	16726.3	0	45.8694	0	1.06149	1.30559	0.138449	0.227667	0.205732	0.0376821	0.0133815	0.148692	3628.52	0.0151535	1.6936	0	8.49915	0	70851.5	67.9002	741.803	0.0175996	1.28795	0.00628931	134.956	0.157837	1.18533e+06	6.87645	24491.1	0.0175996	2.00422e+06	0.026936	0	0	4.63657	3970.95	0.00952381	0.0610281	0	0.0376821	105.22	0.0747482	0	0.321749	0	0	1.47533	4.71266	0.343062	0	101.669	0.00350877	3.0231	0.589169	32.0564	0	45641.2	0.0141989	0.635917	0	365.036	0.0138904	4.95715	3.42912	21216.7	0.0547051	22277.5	0.936171	3.34464	65.5343	638.898	0.00927446	22313.1	2151.12	1045.72	0.037128	24.3198	0.286974	393148	4252.22	12614.3	0.749449	14028	0.101746	10057.5	235953	1.05477e+06	459.652	17.1563	0.0122259	6.41129e+06	0.0443196	1756.39	0.0256865	2209.92	0	64531.2	0.0510219	55518.1	0.028327	32476.4	0.00262467	1.40524e+06	0.0262128	
5.26111e+07	SFG_R_7_2	340.209	75385.4	214.813	0	4046.71	9.66989e+06	91.7067	1.34237e+06	3.36342	0.318483	372.704	0.0030303	0	0.0106959	1215.12	1.37185e+07	0.9351	86738.3	277.77	17497.7	0.00666667	6218.01	0.382609	335949	0	27127.8	0	1.93926	0	341368	0.00680272	17797.2	0.0274943	515080	0	61.0525	0.0261841	2016.62	0.167584	700.909	0	0	0	0.222099	0	0	0	0	0.0375822	0	0	0.357475	0	0.0868219	0.143127	2150.24	26.3888	150.994	56.9322	463.537	0	0	0	3.84501	0.00617284	0.0164325	0.00617284	0	0.0136281	2.00795	0	0.818453	0	0.00469484	0	1.5194	0	0.0982186	0	0.0209962	0	34.5358	0	3.58706	0	0	0	0.653666	0	0.247617	0	0.270887	0	1.42638	0	5.93014	0.00411523	0.210809	0	0.61612	0	1.0255	0	0.508462	0.0172107	0.0171645	0	0.0035461	0	0	0	0	0	0.0318988	0	0	0.00421941	0	0	0	0	16.3788	0	0.00606061	0.0656479	1141.59	0	560.701	0	0.826746	0.0171187	289.806	0	9.05749	0.0037037	133.901	0.0675266	45.0258	0	0.0240741	0	0.00462963	0.0178979	0.00505051	0	0.46052	0	1.77513	0.0182836	0.175449	0	0	0	0	0	2.90474	0	0	0	0.0257438	1.1742	509.055	0	0.263639	0	13.1123	0	161.427	0.332994	1412.76	0	13.6863	0.555676	191.775	0	0	0	0	0	0	0	0	0	0	0	0	0	0	2.75569	0.0386615	0	0	0	0	0.0192095	0	0	0	0.00374532	0.174668	0	0.662489	0	0.0177809	2.49864	0.0400144	0.015695	0.0199049	0.0120568	95.4717	0	358.326	0.015531	0.0469055	5.11634	12814.4	0.0291317	9.34978	0.014788	0.194223	196.776	87820	0.233965	0.208452	0.0877985	3.21202	85.9635	10154.3	0.0321705	13689	0.0434605	2008.41	433.443	5129.53	2.14046	0.0607953	0.0297444	28.6834	2.79886	304.325	2.44053	157.2	1.39074	91.2742	22.2521	1458.94	
4.08677e+08	SFG_L_7_3	614936	74126.8	1.42675e+07	4046.71	0	3.27317e+07	11.6512	29.0708	31.9792	5.05898	2.22211e+06	1.84218e+06	3.98866e+07	6.58636e+06	2.48427e+07	139465	267.671	0.0300574	2.0442e+06	21637.2	632549	360.961	84.2257	45.1301	36.518	23.074	2.58247e+06	992465	8541.54	191.119	123848	649.06	201782	6378.49	1.01242e+07	147.974	274134	31.3923	259896	0	29.6493	0.0238171	46904	141.012	0.03593	0.0470257	63.1687	5429.96	0.607719	0.166557	7.46757e+06	20.9451	4.26761	0	28.4918	144.827	2201.34	0.0963103	40.7983	2.48392	0.126667	0	1.35003	0	95.8126	0.0606452	16.2188	0	45776.2	0.108182	152.443	0.00358423	358.116	0.00358423	2.96988	0	26622.4	0.00225225	215.124	0	419.182	0.0639248	47.1586	0	183.171	0	18.4414	0.00323625	0.459522	0.0101045	0.101491	0.0235132	2640.02	0.286413	629.537	0	542.974	0.0109473	159.182	0.0109473	41.3473	0.0254656	296.394	0.202188	257.009	0.0548036	1.37097	0	0.0593758	0.0452384	18.4349	0.00282486	0.00213675	0.0408324	97.4806	0.492239	0.0365744	0.00277778	202.557	0.0261737	1.2034	0.0688153	0.0047619	0	48945.4	64.8365	9037.48	30.7931	625.548	0	456.037	14.6354	23192.6	0.0143635	23045.8	9.86338	18478	1.84325	2.36041	0	410.917	0.003663	43082.4	0	0.776158	0.00490196	18176.7	147.289	129.107	0.435674	3109.24	1.14065	12872.9	133.974	80.0459	0	0.0422759	0	1.19276	0	8767.53	6.7865	1680.82	0	72.8396	0	17737.7	0.0529294	1.00154e+07	2.86578	4.66371	0	630401	0.0281481	1265.52	1055.53	8134.22	637811	2459.94	2866.45	8917.11	392.757	347.766	0.683843	1092.69	160.677	91.7889	621.199	318.088	313.463	336.363	0.262561	389830	160.755	6.92097	1.33976	50082.1	2.66018	514707	0.10336	2.30781	0.00275482	778688	71.6986	14423	2.78534	278168	2.94472	76866.8	2.22688	0.158465	0.452026	85.7457	0.290925	144844	278.977	330246	11.6428	62938.9	43.2992	1.26081e+06	807.954	359518	434.215	2.86138e+06	2028.26	8.27867e+06	124445	2.81968e+06	1778.53	1.83646e+06	49.2231	8.96564e+06	8.00127	600.512	4.45852	1.13638e+06	4.73514	1.83541e+06	5.55956	2.52569e+06	17.7346	3.55447e+06	2.71549	6.50324e+06	19.7969	
2.83654e+08	SFG_R_7_3	135054	798671	223113	9.66989e+06	3.27317e+07	0	81.8647	1076.71	32.1232	0.606225	769519	8.20616e+06	998297	1.72628e+07	64986.8	2.43133e+07	193.887	28244.8	798.818	3.60139e+06	0.164343	857523	227.656	145558	0.0651565	2.46729	9813.91	597460	0.466454	507884	0.165364	402095	15.0229	780422	146.327	563214	30.8327	118006	29.171	0	174.184	0	0.0917172	80422.4	0.00775194	0.700196	0.59575	0.196705	0.938298	0.107325	138.436	248288	0	10.0865	0	13.1323	13.0636	21905.2	12.4414	14089.4	0	0.239317	0.0283688	0.417338	0.885836	51.6727	0.456092	16.3021	9.2331	6149.85	0	16.4639	0	33.6292	0	29.2361	2.13324	1117.68	0.171338	10.8771	0	1206.63	0.0152444	128.73	0	0.171168	0	31.7088	0	31.2932	0	159.682	0.115981	3935.48	0.0631274	135.04	3.54756	106.555	0	97.4212	0.0355809	14.8907	0.0148348	1593.41	1.45042	122.923	0	0.294762	0.015695	457.462	0.0372411	388.113	0	204.633	0.333988	6149.72	0.0832933	292.662	0.883707	57.6271	0	614.997	0	0.406623	51.4819	12978.2	119.006	20845	0	329.77	0.107799	2001.31	0.0136911	1156.32	10.9928	105784	13.7571	14085.5	0	1.35508	0.109657	1.5787	9.10796	0.00505051	0	20.6169	1784.36	6287.02	0.990533	124.446	53.276	2356.03	702.625	25183.6	0	1422.2	0	0.2223	0	0.153286	1.56556	34073.4	0	723.335	0.0018315	119.03	0	1119.15	504.836	308637	0	759.244	346.8	886.239	165.002	46879.6	12866.3	881172	5319.13	22436.7	53.4389	376247	2.60813	406.75	6.08321	146949	288.018	1912.82	182.668	464978	111.091	1810.24	72.0049	299561	1.48906	26.7668	20.4141	50516	100.553	8716.44	0	67.5906	48.4705	454112	261.105	217.279	132.456	38442.2	179.536	41586.4	0.142531	14.1555	0.645469	331.003	36.1568	219778	23.0276	107287	5.26703	96915.7	690.844	2.76524e+06	42.7778	96808.1	73.9897	4.4181e+06	760.472	8.93773e+06	38.4378	6.06658e+06	18.351	5.63452e+06	2323.4	1.65156e+06	3.82376	5.78347	27.3128	395523	469.417	482105	728.456	1.41495e+06	351.039	731887	1034.35	2.22672e+06	
1.13193e+08	SFG_L_7_4	2.03144e+06	1.85585e+06	1.18862e+06	91.7067	11.6512	81.8647	0	1.99585e+06	2.00147e+07	1.43194e+06	0.189532	63.6031	131.157	0.485071	17.4382	0.376465	1664.87	0	48.6197	0.00262467	30.5666	0	2074.22	1.14231	610053	1261.31	706.875	0.013962	55746.7	0.145595	703.729	0	13040.4	16.3537	4928.09	0	1424.46	1.1415	1.03083e+06	0.950268	0.248228	0	0.00411523	0	0	0	1.93472	0.00347222	37.8164	0	0.852431	0	297.903	0.102906	1.09118e+06	2757.02	16942.9	5.73491	4643.16	33.9866	25680.2	0.583271	41904.5	1.04488	2171.76	11.9271	0.479876	21.8744	482.097	0	48.0454	0	4222.77	0	0.307121	0	908.539	0	15.507	0	118.899	0.0133547	0.872625	0	34.2461	0	3.1383	0.0113477	0.0319222	0	0	0	1664.7	0.00266667	70.3933	0	266.785	0	2.03342	0	3.95909	0.00308642	518.735	0.00266667	0.0736508	0.83336	0	0	0	0	0	0	0	0	0	0	0.0218638	0	0	0	0.682705	0	0	0	1455.07	45.2674	45.4798	25.6851	7.70317	0	1519.77	18.1014	29.8767	0.00378788	24590.4	0.70219	1239.76	1.3741	0.00512821	0	14.4619	0	5497.13	0	1.92209	0	4.8642	4.96692	368.752	0.619187	0.0200785	0.175272	0	0.104107	5.08768	0.00374532	0.0916848	0	0.14092	0	16129.8	27.5218	89.5405	0.00411523	0.679337	0	436.784	0	307027	0.0944304	9440.21	0.015248	729763	0	0	0.558473	10.6302	3755.98	0	0.10089	0	0.921205	3.38579	0.427795	0	3.73261	0	0.0644976	4.51132	108.936	0.284567	0.0047619	93.761	0	14.6155	0.179144	90.0023	0	4390.89	0	0.0194658	0	512.404	0.0035461	7.79508	320.887	1785.77	0.0035461	4817.85	1.031	121.261	733.224	29481.2	0	190137	13294.7	202.084	0.0105827	1649.88	0.196378	4.17005e+06	18082.5	54021.3	0.322262	4563.32	0.0102245	127536	27804.7	770783	31.5394	0.00340136	0.0123005	1.70226e+07	0.128245	93738.4	0.0750688	417.054	0.0133387	109127	0.561574	33869	0.0148166	18360.4	0.093018	1.36085e+06	0.455637	
9.73206e+07	SFG_R_7_4	761421	1.809e+06	1864.25	1.34237e+06	29.0708	1076.71	1.99585e+06	0	2.28829e+06	1.49041e+07	0.325986	0.00287356	0	0	0.300973	33581.3	0.00680272	30695.4	0	2.65221	0	1673.88	0.113604	19718.2	0.110247	355576	0.00239808	1.17177	0	107639	0	93.7384	0	86475.5	0	1.69276	0	1918.01	0.0577358	39743.4	0	0	0	0.0424242	0	0	0	0	0	0	0	0.0293321	0.0237495	0	7434.44	3.40176e+06	805.472	2096.13	200876	9483.21	0	9.48478	0.00641026	901.075	318.66	146.846	40577.1	159.127	0.00406504	0	0	0.00666667	0	0.00555556	0	0.0217722	0	0.00555556	0	0.0581128	0	0.380635	0	0.00555556	0	0	0	0.0983165	0	0.0183626	0	0	0	0.102836	0	0.00396825	0	0	0	0	0	0.00396825	0	0.0379888	0	0.0167953	0	0	0	0	0	0.00383142	0	0.00383142	0.00512821	0	0	0.00520833	0.00512821	0	0	0.042894	0	0	72.5054	1416.33	0.217298	25.2211	0	0	33.9667	1618.87	3.27185	3.7868	0.0148166	5.08517	0	4.51816	0	0	0	0	0	0	0	0	0.137023	0.189977	1008.5	208.167	0.00584795	0	0.2593	0.00854701	0	0	0	0	0	0	77.5868	6415.37	0	0.111451	0	8.45092	0	8.18169	0.559102	104.521	0	0.115029	0.19901	96.3789	0.566019	0	0	0.122084	0.0227937	0	0.54559	0	16.8127	0	2247.89	0	0	0	0.957402	0.164551	0	0	0	0.00401606	0.0420803	0.131598	0	0	0.17702	0	0	0	0	0.00401606	1.21877	0.369032	0.0912397	0	0.1296	3.13136	0.002849	12940.6	0	0.0341578	142.947	681224	0.0373773	0.00362319	0.0134542	0.354732	2439.25	8.87208e+06	0.0929923	0.0341578	0.0576613	0.269507	0.800052	166264	0.0579744	3598.11	0	575115	4986.49	7.98368e+06	101.48	7315.25	0.0373773	2.68522	206.671	435756	288.095	617.309	0.0671524	1065.65	2.90232	2.45343e+06	
6.21946e+07	SFG_L_7_5	108349	68063.6	1.04047	3.36342	31.9792	32.1232	2.00147e+07	2.28829e+06	0	2.75249e+06	13.1096	18.7453	261.026	1.89197	0.0841312	0.0275177	0.109788	0	1.19888	0	0.112936	0	0	0.00236407	1.86368	100.214	842.621	0.0141097	0	0	0.0070922	0	0.00680272	0	0.412123	0	0.309238	0	16.1079	0	0.0361189	0	0	0	0	0	0.0347532	0.00350877	5.41821	0	0.0196121	0	19.4365	0	1.21502e+06	7487.91	8489.88	9.25809	751593	74.9287	0	0	17.3095	0.00396825	38868.1	7.44884	98686	19617.6	112.737	0	0	0	0.00833333	0	0	0	0.294049	0	0	0	0	0	0	0	0	0	0	0	0	0	0	0	677.076	0	0	0	0	0	0	0	0	0	215.266	0	0	0.00416667	0	0	0	0	0	0	0	0	0	0	0.088574	0	0.00925926	0	0	0	0	0	244.174	3.28763	0.679105	4.23081	0	0	2597.55	1.95266	0.00406504	0	10.8882	0.0147334	0	0.0037037	0	0	0	0	0.657499	0	0	0	62.2956	30.9824	14876.9	1.06467	0.519619	0.110615	66.6117	51.1226	0	0	0	0	0	0	6220.21	24.3056	0	0	0	0	0.0296883	0	58.8839	0	0.0179043	0	61.6475	0	0	6.61889	0.0310245	633.929	0.0144928	0.660272	1.18442	6.73249	18726.7	857.392	28115.3	482.075	0.00793651	0.266416	0.00512821	1.75194	0.039441	0	27.7916	0	0.0199049	0.00490196	36.0512	0	127.942	0	0	0	137.818	0	0.0428571	1.17107	82.4912	0	4.45591	0.090257	15.529	2.34278	10651.6	0.00323625	22242.8	204.325	21.8254	0.00323625	1934.1	0.0141097	155377	839.514	19059.6	0.0308734	4217.9	0.0026455	25959.7	1084.15	3291.72	2.13587	0	0	3.0396e+06	0	51397.2	0	70.1397	0	55329.8	0	13408.7	0	12278	0	232669	0	
1.17489e+08	SFG_R_7_5	17633.8	1.32719e+06	1.38435	0.318483	5.05898	0.606225	1.43194e+06	1.49041e+07	2.75249e+06	0	0.884783	2.70196	0	0	0.00969812	0.966762	0	1.9357	0	0.00297619	0	0.0689614	0	0.631524	0.0287037	9.27227	0.0257382	0.00252525	0	4.5311	0	0	0	1.72683	0	0	0	0.0304446	0	0.0843966	0.00297619	0	0	0	0	0	0.029901	0	0	0	0	0	0.0070922	0	50849.4	2.7894e+07	93282	51.573	3.1808e+06	985957	0	0.00925926	0	1.25392	6111.72	20135.5	407692	373450	0.158609	0	0	0	0	0	0	0	0	0	0	0	0	0	0	0	0	0	0	0	0	0	0	0	0	0.00520833	0	0	0	0	0	0	0	0	0.0169913	0.00520833	0	0.00438596	0	0	0.004329	0	1.50021	0	0	0	43.5157	0	0.384165	0.00520833	87.1142	0	0	0	0	0	5.94192	11.024	1.78292	0.161142	0	0	29.6083	49.2457	0.00374532	0	0	0	0	0.003367	0	0	0	0	0	0	0	0	3377.6	302.944	447.012	1919.93	139.597	0.0866013	2660.7	1088.21	0	0	0	0	0	0	382.407	1240.03	0	0	0.0512599	0	0	0	0.0513919	0	0	0	0	0	7386.48	0.0381264	9.4964	19.7919	0	0.0238095	9424.53	0.77606	4.38443	32887.8	3549.27	89164.6	0	0	0	0.0203669	0	0	0.0025641	0	0	0.791327	0.0025641	0	0	0	0	0	0.0025641	0	0	0.00438596	0	0.00490196	0	0.0136069	0	0.795127	0.480484	0.00520833	23.7644	77710.2	9.48423	0	0.00239808	0.0420687	0.383475	2.58126e+06	0.00396825	0.00520833	0.0107485	0.0176291	0.00273224	61806.7	0.033527	0.0542134	0	14704.1	1.67852	1.54978e+06	0.337758	112988	0	0	28.4951	115398	34.1339	19.474	0	5568.55	0.0390896	625493	
8.30952e+06	SFG_L_7_6	141715	10237.7	0.564545	372.704	2.22211e+06	769519	0.189532	0.325986	13.1096	0.884783	0	20807.4	278279	19705	1.09268	31252.8	0	0	0.00833333	3019.3	0	0.275238	0	0.268399	0	0	18.7074	1606.02	0	2.42541	0	3.9959	0	184.102	4.90079	0	0.0114943	0	0	0	9.0706	0	0	0	0	0	0.0852334	0.00666667	0.104584	0.936757	6.98376	0	0	0	0.00537634	0.00374532	4.62571	0	0.670039	0	0	0	0	0	25.6144	0	5.34884	0	10.1565	0	0	0	0	0	0	0	0.004329	0	0	0	0	0.0042735	0	0	0	0	0	0	0	0	0	0	0.124219	0	0	0	0	0	0	0	0	0	0.00497512	0	0	0	0	0	0	0	0.0459207	0	0	0	0.180542	0	0	0	0.25715	0	0	0.0042735	0	0	4.67488	0.0145759	0.78342	0.13509	0	0	4.12072	0	0.00483092	0	0.0193277	0.171574	0	0.0339869	0	0	0	0	0.00512821	0	0	0	47140.9	0.358347	69.3184	0	17447.1	0.00512821	70754.3	0.877838	0	0	0	0	0	0	0.496947	0	0	0	0	0	0	0	3.37019	0.248177	0	0	0.0580938	0	5004.56	11.128	2640.52	17016.1	383150	270.214	2778.79	4.96764	51960.9	0.195408	45156.4	1.24084	234.25	75.8222	0	0.672478	0.004329	0	0.138443	0.24159	0	0	0.0384658	0.003003	0.867634	0.00396825	0	0	0.399724	0.104825	0.0679654	0	1.64206	0	0.117255	0.0922094	0	0	0.0205323	0	15.2488	0.0133432	38.0833	0.00333333	2.52206	0.0747062	205.999	0.0681864	3.20595	4.03884	31.1096	9.99052	1504.79	2780.44	4.80722	8.13709	77.7194	0.0376821	2170.23	0.0178571	1.50827	0	71.2662	0	466.065	0	994.709	0.00406504	854.518	0	2863.14	0.004329	
2.46027e+07	SFG_R_7_6	6418.04	207046	34451.1	0.0030303	1.84218e+06	8.20616e+06	63.6031	0.00287356	18.7453	2.70196	20807.4	0	58419.5	163890	4415.88	44185.3	0.215751	0.603043	3.80783	234.588	0	1074.05	2.22525	134.411	0	0	12.3055	0.850805	0.00740741	27.3684	0	4554.77	0.0287037	1604.71	0.0045045	445.988	0.0440496	2.65483	0.177507	0	0.0203407	0	0	1.10706	0	0	0.100403	0.224125	0.0437425	0.0396853	0.0383738	0.1423	0	0	0	0.00287356	0.0206107	0	0.0206107	0.0912879	0	0	0	0	0.106572	215.578	0.00740741	7.48432	2.9026	76.1548	0	0	0	0	0	0	0	0	0.00323625	0	0	0	0.00323625	0.691329	0	0	0	0.00505051	0	0	0	0	0.052596	35.8569	0	0.173798	0	0	0	0	0	0	0.00401606	7.58674	0.00406504	0	0	0.00282486	0.00401606	1397.66	0.017836	2073.6	0	0.106254	0.148353	12939.5	0.0350866	320.267	0.285965	394.98	0	0	0	0	0.0400629	1.12511	0.131084	0.240596	0	0	0.0405388	0.00529101	0	0	0.034248	3.79226	0.209132	0.563151	0	0	0	0	0.0695153	0	0	0.00628931	14085.2	44651.4	0.19959	73.7281	3.00256	5214.94	1461.07	178027	0	0	0	0	0	0	0	0.00595238	0	0	0.0018315	0.00952381	0	0.00952381	1.4614	12.4302	0	0	0.403385	0.00952381	139.359	26831.1	337.725	185051	669.483	394961	10.1801	385054	12.422	2844.53	10.0787	205924	6.35843	27491.4	0.436153	0.014737	0.00222222	0	0.0448987	0.0411642	0.018018	0	0.0455862	17.75	0.277304	0.0143098	0	0.0623622	0.0954311	0	0.277318	0.0138651	0.364601	0.00438596	0.237961	4.38565	0	6.2635	0.00849392	40.6809	2.47327	18410.2	3.7937	35799.3	0.304791	2.05255	42.2599	974.461	0.604183	60.3566	1.29061	7.4889	70.8699	64986.7	0.0583635	30.686	9.87128	34251.5	608.548	632.273	0.0045045	0.0202435	6.61223	2152.53	76.2324	4785.77	258.511	29023	179.309	7582.36	774.564	14015.2	
1.85425e+08	SFG_L_7_7	21.6177	0.380922	0.0160183	0	3.98866e+07	998297	131.157	0	261.026	0	278279	58419.5	0	7.54458e+06	68.806	219.662	0.0205323	0	283424	6433.94	0.481287	0.0636027	0	0	0.0455043	0	2.68974e+07	4.30638e+06	0	0	0	0	0	0	94957.4	0	1439.16	0	0	0	98981.8	918.386	36005	9.41796	24.6697	0.0182786	2206.55	942746	1839.88	346.065	1.2124e+06	0.205606	0.841353	0	21.5578	0	2.44566	0	70.7486	0	0	0	0.00497512	0	2.26887	0.0045045	10.5717	0	1431.06	21.2767	0	0	0.479457	0	0	0	1240.19	0.0472046	8.78859	0	0.420456	0	1.17273	0	0	0	0.0944242	0	0.0035461	0	0.0176794	0	5.70735	0.240844	0.347363	0	0	0	0.0119091	0	0.00387597	0	2.4258	0.00955807	626.393	0.00347222	4.68455	0	0.731075	0.00955807	282.3	0	0.0390428	0.00955807	2554.52	0	1.86691	0.00574713	5082.44	0	0	0	0	0	1219.72	0.0524264	1526.78	0.114909	37.9638	0	2.81457	0.0045045	918.289	0	1458.08	4.4157	36.1226	0.600035	0	0	0.0757332	0	581.26	0	0	0	4722.45	27.4998	1.55941	0.0348287	3788.93	0.0418249	39148.1	25.0022	0	0	0	0	0.00462963	0	1.88646	0.0045045	0.356833	0	575.545	0.152337	2.91955	0.0047619	142685	0.0302198	0	0	1.30804	0	19378.1	102.273	69611.7	627702	763012	4513.81	67600.3	2.34142	52112.6	0.779015	57844.8	5.04738	238556	99720.2	1008.37	302.046	510.945	0.132311	117785	178.221	2.04353	0.00280112	34292.7	3.51444	39038.9	0.108826	4.64045	0.00275482	137239	87.4009	36255.4	0.00347222	22608.5	2.64217	5567.74	1.30266	0.0139803	0	3.07039	0.0677711	569.944	0.0238114	2536.57	0.984123	1.0167e+06	10.518	151.498	1.09429	267411	2339.42	5.10298e+06	1994.65	11198.9	13.805	27886.3	1312.42	346372	34.6094	111042	7.83068	0.469966	0.0307819	18053.2	1.75373	61065.7	0.0525521	66487.4	3.36629	25221	0.242665	393781	7.65439	
1.05326e+08	SFG_R_7_7	1.17217	0.829589	0	0.0106959	6.58636e+06	1.72628e+07	0.485071	0	1.89197	0	19705	163890	7.54458e+06	0	1990.73	0.0378745	0	0	0.472429	83607	0	37531.2	0	0	0	0	1.01491e+06	8.83353e+06	0	0	0	3.35351	0	0	9081.67	4895.98	216.773	112.251	0	0	68783.9	108784	25.1261	277760	0.678264	26.6576	3817.93	99442.7	9.80533	2754.51	17373.3	50738.4	0	0.0227937	0	0	0.258516	16.1195	0.0218579	15.4174	0	0	0	0	0.049736	0.0190476	0.00546448	0.0240729	0.154461	89.5683	0	0	0.0026455	0.351216	0	0	0.222202	75.9606	0.00323625	0.0140344	0	0	0.0137189	0.0206346	0	0	0	0.0189818	0	0.166107	0	0.579623	0.00294985	21.9321	0	0	0	0.148609	0	0.148609	0	0.0557172	0	52.9382	0.0018018	10.475	0	0.100431	0	16.7344	0.0042735	13.3104	0	4.91202	0.113796	636.771	0.00740741	6.20623	0.380368	24.5214	0	0	0	0	0.215332	49.032	387.374	378.848	0	0.0452354	0	0.693204	0	59.143	0	1268.36	0.00308642	434.282	0	0	0	0	0.00289855	0	0	0	4424.1	10165.3	0	0.157513	84.8381	143.81	205.719	22119.7	0	0.352093	0	0	0	0	0.181328	4.71885	0	0.173325	0.123698	0.0868056	0.0525667	0.0416667	19.8624	9.38608	0	0.00350877	0.0345095	0	175.523	189417	1507.32	2.3387e+06	1475.84	349611	2.57375	93477.5	0.944723	405.48	18.1982	41912.1	5213.29	2.77926e+06	0	237999	969.058	17396	1080.78	77326.8	0	514.62	412.019	33931.8	3.79931	506.843	0	1.15972	817.224	35586.5	0.00238095	278.072	544.02	2720.75	504.612	1521.39	1.11046	1.56607	0.110135	12.8663	0.583007	1575.75	1.02053	9363.88	59.9964	267419	0.0017094	7111.05	186.005	348808	9.12532	2.03907e+06	0.381772	201104	7.78134	800861	0.0168254	363764	0.00358423	36583.7	0	0.25322	0.088839	31792.7	3.19513	32.9282	3.2939	29461.8	0.283583	12592.6	0.0168254	66538.2	
7.97015e+07	MFG_L_7_1	7.0109	205.563	788622	1215.12	2.48427e+07	64986.8	17.4382	0.300973	0.0841312	0.00969812	1.09268	4415.88	68.806	1990.73	0	13267.3	16302.9	0	2.97094e+06	55.7703	3.38177e+06	110.739	857316	18.998	5507.95	2.95122	9229.34	1.01911	1211.6	3.11943	69997.9	217.917	1612.54	166.009	440003	20.7748	1954.8	1.88095	82.9592	0	0.250709	0	4.30559	0.0636364	0.00512821	0	1.32307	0.0031746	0	0	84691.4	0.226534	3.08853	0	21.3728	22.3744	157.661	0.101525	1.14236	0.181532	0.123032	0	3.38694	0	1.15113	0.034635	0.0188129	0	1116.82	0	206.432	0	1528.84	0	0.914811	0	16583.3	0	107.981	0	263.332	0	23.2423	0	91.9417	0	33.3212	0	0.191717	0.00236407	0.00392157	0.00236407	174.022	0.013167	336.587	0	277.729	0	76.1812	0	18.3855	0.00236407	19.263	0.0031746	0.00401606	0.03469	0.0172328	0	0	0	0	0	0	0	0.00287356	0.0117994	0	0	0	0.00294985	0.0806383	0	0	0	4178.39	5.46352	1729.54	1.48295	182.576	0	29.4677	2.57191	10214	0	3232.04	0.0866825	20139.7	0.0031746	2.03226	0	148.867	0	43697	0	3.02211	0	1.40855	1.77637	0.659293	0.0964119	0.00252525	0.00343643	0.0130732	1.91305	3.88397	0	0.0525342	0	0.0479472	0	457.113	0.248539	3032.8	0	7.1631	0	37860.4	0.00617284	2.05238e+06	0	3.07349	0	678323	0	0.0145547	19.0429	0.0348005	84.2778	0.0494536	16.8708	0.0126385	8.47652	0	0.003367	0	3.09236	0.158975	4.1799	0.550887	0.1943	0.344607	0	5488.5	0.0117994	0.330878	0.399564	287.035	0	66609.5	0	0.00462963	0	20315.2	0.0117994	2.19963	0.44585	29657.5	0	5647.37	0.00358423	0.0259259	0.00406504	5.12443	0.00421941	4216.11	29.9951	13371.5	0.0471373	9.79539	0.142276	172706	58.3284	7086.33	0.251881	24170.4	0.496493	409913	934.933	655952	1.16369	203547	0.0406377	757365	0.0689513	14.599	0.0839467	56834.5	0.0347447	155210	0.0645311	168223	0.144125	220354	0.0609492	437177	0.134784	
1.10574e+08	MFG_R_7_1	109.102	8411.7	243.864	1.37185e+07	139465	2.43133e+07	0.376465	33581.3	0.0275177	0.966762	31252.8	44185.3	219.662	0.0378745	13267.3	0	0.375662	55283.6	1125.77	1.82586e+06	0.00666667	4.58874e+06	0.362143	9.24129e+06	0.0286772	998.323	0.0628485	48.766	0.00793651	161217	0	154573	0.00793651	79233.3	0	7864.71	0.0638889	1372.93	0.449766	1.60641	0.0108006	0	0	8.1577	0	0	0.0438076	0	0.0993824	0	0	4.03925	0	0.520924	0	9995.36	0.193226	17727.3	0.392986	13096.9	0	0.0905351	0	1538.11	0	0.148985	0	0.00289855	1.34044	112.034	0	3.08011	0	0.135358	0	10.0441	0.00537634	3.58977	0	3.08047	0	1376.85	0	55.3677	0	272.217	0	53.04	0	181.45	0	138.627	0	222.371	0	238.293	0.0160736	168.845	0	188.387	0	101.601	0	8.91511	0.0402095	0.198481	0	0.0143386	0.00411523	0.0862848	0	0.00396825	0	0.156595	0	0	0.0373496	0.00469484	0	0	0	190.918	0	0.247838	3.85894	1680.85	0	161.618	0	47.8714	0.00546448	1303.52	0	397.332	0.00378788	2916.07	0.0167775	42463.1	0	0.505527	0	0.893282	0.0177778	300.263	0	4.92756	0.0378557	9.98561	0.0729346	5.89885	0	0	0	0	0	39.294	0	0.0969857	0	0.191496	0.138746	10112.2	0	1.12582	0	9.96451	0	222.388	0.488677	2345.91	0	26.2159	0.908742	170.062	0	0.00740741	0.0387067	8.99536	13.8432	0	0	0.00740741	0	0	0	0.00740741	0	0	9.49377	1.67623	0	0	0.00974354	6.71929	0.123443	0	0.00314465	0.0173893	0.0516933	1.50179	0	2.97461	0.00974354	32.3783	15.0508	0.0371109	0.0585662	7.94991	0.0339632	442.925	0.014755	5.45135	0.184262	2.46628	1.47564	4168.32	3.4707	799.166	0.665712	1.9944	12.7477	66773.1	3.02168	4.36738	0.99323	356.846	695.44	356896	0.139065	17977.2	1.13491	135848	180.398	39936.4	0.306323	0.9535	2.03926	10213.2	51.6352	6892.97	70.6979	44211	36.0558	24838.1	233.142	48338.2	
2.95766e+07	MFG_L_7_2	2.09401	1031.89	62.6166	0.9351	267.671	193.887	1664.87	0.00680272	0.109788	0	0	0.215751	0.0205323	0	16302.9	0.375662	0	0	13859.1	0	2.01339e+06	0.00584795	1.6976e+06	0	2.8642e+06	1.21741	19.0904	0	2.12202e+06	0.874398	973269	0.0280733	1457.49	81.8119	98505.9	0	70.7126	2.91436	4721.73	0	0	0	0.00320513	0	0	0	0	0	0.00813008	0	143.48	0	61620.5	0	109418	4.0246	14640.7	0	164.132	0.00396825	0.425685	0	4.6713e+06	0	0	0	0	0	0.545566	0	0	0	2.34117	0	0	0	273.319	0	0.687139	0	30.2141	0	0	0	2656.52	0	0.105621	0	0	0	0	0	0.213771	0	0.266566	0	1061.39	0	1.87518	0	0.135759	0	0.053605	0	0	0	0	0	0	0	0	0	0	0	0	0	0	0	0	0	20.5012	0	293.075	0	12.0697	1.01625	0.0878731	0.140715	19002.6	0	10680	0.144012	4262.05	0	364.626	0.00362319	9896.63	0	1851.76	0	11700.1	0	1971.93	0	0.034188	0	0	0	0	0	0	0	0	0	9668.04	0	0	0	343.559	0	19953	0	0.332413	0	0	0	34.279	0	9169.08	0	0.527439	0	11269	0	0	0	0	0	0	0	0	0	0	0	0	0	0	0	0	0.0152223	0	0	0.456274	0	0	0	0.00387597	0	729.544	0	0	0	2.28477	0.0035461	0	0.00401606	398.329	0	309.131	0	0.0185046	0.0164609	1.16435	0	106.876	4.17126	0	0	0.0753904	0	2497.13	15.1146	70.2051	0	158.001	0	0.75754	710.016	1734.73	1.07647	0.153564	0	998.347	0	0.00617284	0	0	0	3.80697	0	5.51153	0	1.85728	0	39.0089	0	
5.31212e+07	MFG_R_7_2	0.0070922	55422.2	0.0289855	86738.3	0.0300574	28244.8	0	30695.4	0	1.9357	0	0.603043	0	0	0	55283.6	0	0	0	4.12407	0	5567.46	0	4.56465e+06	0	457935	0	0.110847	0	1.76242e+07	0	331.751	0	155419	0	29.9682	0	31.5675	0	2230.26	0	0	0	0.0107527	0	0	0	0	0	0	0	0.0339181	0	279.173	0	22248.1	0	18005	0.00401606	4495.52	0	0.0512138	0	3.03222e+06	0	0.0662261	0	0	0	0	0	4.51406	0	0.100058	0	28.964	0	0.0771549	0	0.419467	0	34971.1	0	0.901075	0	11019.1	0	818.598	0	59.4981	0	1769.59	0	2.8644	0	35.7784	0	3194.86	0	1547.95	0	78.1903	0	0.0130084	0	0	0	0	0	0	0	0	0	0	0	0	0	0	0	0	0	9609.97	0	3449.2	0	4390.33	0	121.51	0	11445	0	5810.07	0	1542.64	0	12025.4	0	65991.6	0	24067.5	0	26669.4	0	172407	0	34.1555	0	0.224474	0	0.0070922	0	0	0	0	0	7056.37	0	0.0293076	0	2621.06	0	7380.49	0	3.71761	0	0.00584795	0	0.0835612	0.00350877	391.078	0	1.20694	0.00350877	0.484886	0	0	0	0	0	0	0	0	0	0	0	0	0	0	0	0.00326797	0	0	0	0	0	0	0	0	0.00350877	0	0	59.6132	0	0	0	0	0.00350877	0	0	33.754	0	1.11176	0	0	0	6.39517	0	0.0130084	0	0	0.0030303	2267.95	0	0	0	0	0	0.674398	0	5610.62	0	0.032124	0.0140927	0.00680272	0	0	0	0	0	0.144298	0	0.144298	0	0.0375661	0	0.0306995	
2.45079e+07	MFG_L_7_3	0.156931	2.83765	22895.9	277.77	2.0442e+06	798.818	48.6197	0	1.19888	0	0.00833333	3.80783	283424	0.472429	2.97094e+06	1125.77	13859.1	0	0	0	2.23472e+06	0.792273	21914.5	0.554136	3967.92	0.00387597	3.08867e+06	1.87674	84.3179	0.107931	26.5652	2.1079	412.129	3.12726	294995	0.101221	623.12	0.0566449	89.4847	0	0	0	10438.2	0	0.955456	0	0.0162963	0.597616	0.082906	0	1.16076e+06	0	4.86756	0	19.6294	0.750971	7.88168	0	1.63497	0.0147334	0.00925926	0	4.02526	0	0	0.00378788	0.00456621	0	7.3296	0	5.33306	0	374.028	0	0.0733405	0	749.084	0	3.79311	0	2.37797	0	0.18819	0	1.53958	0	0.297885	0	0	0	0.00456621	0	0.0733199	0	3.44414	0	44.1765	0	0.226238	0	0.221325	0	0.0181414	0	0.303326	0	0.00462963	0	0	0	0	0	0	0	0	0	0	0	0	0	0.0187793	0	0	0	2.3106	0.0578557	2.67695	0.0327334	3.15785	0	2.02604	0.0955429	5.16214	0	63.5091	0	232.039	0	0.0213805	0	2.63649	0	205.23	0	0.0183987	0	0.0398246	0.00347222	0	0	0.00234742	0	0	0	0.31181	0	0	0	0	0	11.8728	0.0037037	0.888297	0	18.5387	0	1173.94	0	16290.4	0	0.0559972	0	18433.5	0	0	0	0	0	0	0	0.00234742	0	0	0	0	0	0	0	2.44797	0.00234742	1.91317	0.00234742	3303.08	0	0.0455357	0	222.863	0.00234742	1889.79	0	0.00462963	0	3577.71	0	689.228	0.004329	679.811	0	152.952	0	0	0	0.00505051	0	7.42983	0.139922	6.0159	0.010442	1886.12	0	171.675	0.986776	1303.35	0	42310.7	0	208.001	94.0751	877.115	0.0037037	1283.53	0.0035461	1054.08	0.0035461	0.0737805	0	210.178	0	178.719	0	346.528	0.0249222	353.264	0	1189.46	0	
6.64768e+07	MFG_R_7_3	0.0743081	14.4912	0.0205171	17497.7	21637.2	3.60139e+06	0.00262467	2.65221	0	0.00297619	3019.3	234.588	6433.94	83607	55.7703	1.82586e+06	0	4.12407	0	0	0	1.23601e+06	0	65.1473	0	1.70359	0.49565	2.05172e+07	0	108.379	0	1493.37	0	222.518	26.2112	44827.5	0.00343643	5781.57	0	0.151103	0.0409498	0	0	176754	0	5236.7	0.0102564	0.00416667	0.390966	0.00292398	45.1496	140685	0	0.618161	0	0.569538	0	702.909	0.00268817	338.119	0	0.304606	0	5.5594	0	1.07034	0.00268817	0	0.8766	10781.7	0	4.91331	0.0209318	889.418	0	7.41106	0.021339	34689.4	0.0210283	281.622	0	396.519	0	474.045	0	6.58994	0	872.368	0	27.8571	0	9.30708	0.002849	301.488	0	188.679	0	10.5745	0	9.06294	0	2.47538	0	273.091	0	644.063	0	644.279	0.0035461	26.1465	0	1.84727	0	11.652	0.00250627	0.120765	0.0138949	3.99038	0.00250627	0.0537164	0	54.1352	0	0.22207	4.50285	228.596	10165.7	433.093	0	7.52969	0.0154255	59.6968	0	9.39293	0	6256.71	0	1699.47	0	1.26445	0	2.97391	0	0.355011	0	12.1456	562.536	263.903	0.014755	4.88384	3154.02	121.994	0.348712	0.610734	0	79.6072	0	0.342025	0	0.0585407	0.0298904	1050.95	0	85.5107	0	226.268	0	267.967	0.134271	19104.2	0	72.7565	0.00775299	37.9666	0	0	0	0.00320513	217.118	0	0.868396	0.224583	0.0543455	0	0.0472706	0.00320513	0	0	0.00438596	301858	19075.3	16844.6	25025.6	25752	0	983.385	24316.5	25169.8	4.54353	3113.52	0	7356.56	19058.4	52360.5	0.277132	44306.8	5385.81	7103.02	3076.05	11224.7	42.6584	0.0986225	1.53093	147.115	13.762	1155.27	203.023	199513	30.0617	639246	0.102454	17018.2	136.015	483988	25.9896	2.59221e+06	1.8027	217517	4.73214	259839	0.0775978	261147	0.0784933	58602.8	0.0338963	1.02362	3.28987	47760.5	255.224	761.934	103.446	25757.1	0.710851	28218.8	0.0160654	28682.2	
2.25813e+07	MFG_L_7_4	0.010101	0.0070922	630.717	0.00666667	632549	0.164343	30.5666	0	0.112936	0	0	0	0.481287	0	3.38177e+06	0.00666667	2.01339e+06	0	2.23472e+06	0	0	0	610365	0	2640.31	0.00378788	182050	0	4487.54	0	1.31505e+06	0	3205.57	0.108616	229984	0	123.532	0	264.017	0	0	0	0.224875	0	0	0	0	0	0	0	659944	0	44.4132	0	71.2611	0.0983326	94.6876	0	3.17225	0	0.0423387	0	389.415	0	0	0	0	0	1.57665	0	0.00462963	0	4.29833	0	0	0	717.215	0	1.56434	0	0.363298	0	0.111697	0	1.81317	0	0.00595238	0	0	0	0	0	0	0	0.080337	0	65.5251	0	0.0473867	0	0.0210091	0	0	0	0	0	0	0	0	0	0	0	0	0	0	0	0	0	0	0	0.0244834	0	0.00574713	0	0.467268	0.0517227	0.00469484	0.0035461	29.2204	0	19.2825	0.0121569	8.77576	0.0133387	23.9453	0	366.3	0	2.27833	0	2.63356	0	28.8589	0	0	0	0	0	0	0	0	0	0	0	8.77435	0	0	0	0.107841	0	112.469	0	0	0	0.0885953	0	343.418	0	6755.68	0	0	0	8636.43	0	0	0	0	0	0	0	0	0	0	0	0	0	0	0	0	0	0	0	5.14941	0	0	0	0.0723529	0	549.46	0	0	0	10.8732	0	0.0150008	0	205.442	0	66.772	0	0	0	0	0	0.64359	0.174127	0.304068	0	0.0359574	0.00252525	68.9338	0.184351	12.2201	0.00252525	152.273	0	11.6062	0.108616	49.2912	0	1.11068	0	365.559	0	0.292916	0	0.474	0	22.8308	0	38.6251	0	15.5363	0	144.303	0	
