data	data	1.45148e+08	6.99804e+07	3.35386e+08	1.07365e+08	2.70261e+08	2.10004e+08	8.65657e+07	1.08831e+08	7.94258e+07	2.34303e+07	2.24541e+07	2.59462e+07	1.05856e+08	6.31805e+07	3.77305e+07	1.02526e+08	9.9079e+06	7.77851e+06	4.58033e+07	4.35511e+07	6.4437e+07	3.72185e+07	3.89682e+07	3.58018e+07	6.88031e+06	2.26881e+07	2.86961e+08	8.29e+08	1.84857e+07	1.69298e+07	3.90186e+07	1.30405e+07	2.38496e+07	5.85262e+07	2.38992e+07	4.46218e+07	1.37593e+07	3.84373e+07	4.25125e+07	1.41665e+07	4.33452e+06	6.10819e+06	5.77591e+07	5.71116e+07	1.77794e+07	6.47874e+06	1.48664e+07	5.83704e+08	5.22459e+06	7.11315e+06	4.51768e+07	1.23987e+07	1.1395e+08	3.03537e+07	2.2148e+07	2.5072e+07	2.58329e+08	2.9175e+07	2.16008e+08	2.25652e+08	2.10032e+07	1.55148e+07	8.25856e+07	2.71784e+07	1.13713e+07	1.8407e+07	4.556e+06	1.71301e+07	1.02152e+08	5.97162e+07	2.18179e+07	2.67903e+07	5.52806e+07	3.32421e+07	2.51254e+07	3.08886e+07	5.63376e+07	2.92486e+07	6.97151e+07	2.77825e+07	5.88572e+07	5.10121e+07	6.79865e+07	3.60563e+07	3.03666e+07	5.03708e+07	4.7818e+07	6.0757e+07	5.27305e+07	7.27894e+07	2.65442e+07	3.22913e+06	5.89547e+07	3.97773e+06	6.05181e+07	1.35839e+07	2.80694e+07	2.99993e+07	3.81468e+07	1.71517e+06	3.09138e+07	4.43177e+07	1.94447e+08	9.03741e+07	2.59197e+08	1.86777e+08	1.38478e+08	4.9242e+07	2.31465e+06	2.20449e+06	4.57494e+06	1.36243e+07	8.56187e+06	2.07444e+07	6.00473e+06	1.82428e+07	557469	1.52377e+06	2.09248e+06	1.53246e+07	1.82981e+07	2.41138e+07	1.63805e+07	8.66940e+06	1.04188e+08	1.03616e+08	4.81852e+07	9.70546e+07	1.11467e+07	6.09774e+06	4.67631e+07	6.41458e+07	5.13628e+07	8.10291e+07	5.39804e+07	7.7619e+07	3.39132e+07	9.65747e+07	5.04883e+07	4.44441e+07	3.39232e+07	3.56169e+07	5.48651e+07	3.14815e+07	2.99394e+07	1.82083e+07	1.85094e+07	1.1024e+08	8.82652e+06	3.29224e+07	4.15184e+07	1.90381e+08	3.23649e+06	6.76889e+07	1.40886e+08	3.71935e+07	7.37092e+06	4.78136e+06	7.40833e+07	1.57973e+07	1.67681e+08	1.02256e+08	2.04938e+07	7.66124e+06	1.24753e+07	1.83665e+06	5.41249e+06	2.2374e+06	1.55149e+08	9.42129e+07	6.88304e+06	3.02701e+06	3.02806e+07	1.03533e+07	1.13262e+06	2.82273e+06	1.16068e+06	1.67222e+07	8.09403e+06	1.00883e+07	4.13427e+06	1.67715e+07	1.34969e+06	321886	1.38826e+06	8.3025e+06	1.95745e+06	3.82108e+06	5.76738e+07	1.81606e+08	9.58351e+07	1.22746e+08	2.24995e+08	6.8405e+07	6.08141e+07	1.12364e+08	3.00203e+08	3.30976e+08	7.10698e+07	3.35379e+07	1.34734e+07	2.05331e+07	2.29681e+08	7.50151e+07	1.55475e+08	1.35055e+08	1.00528e+08	1.78276e+08	3.01018e+07	4.06304e+07	6.25836e+06	4.32304e+07	2.90309e+07	1.00508e+08	1.468e+08	3.44962e+08	1.80133e+08	2.65528e+08	9.42623e+07	2.00948e+08	1.60721e+08	6.3288e+08	1.54806e+08	3.58344e+08	3.14631e+08	5.21795e+08	1.35588e+08	1.13357e+08	2.90621e+08	8.00295e+08	1.92595e+08	1.8064e+08	3.40638e+08	1.68574e+08	1.12774e+08	1.00592e+08	1.22414e+08	8.43387e+07	1.64541e+08	1.00621e+08	1.46328e+08	1.20287e+08	1.25257e+08	3.51164e+07	2.45986e+08	2.27713e+08	
data	data	SFG_L_7_1	SFG_R_7_1	SFG_L_7_2	SFG_R_7_2	SFG_L_7_3	SFG_R_7_3	SFG_L_7_4	SFG_R_7_4	SFG_L_7_5	SFG_R_7_5	SFG_L_7_6	SFG_R_7_6	SFG_L_7_7	SFG_R_7_7	MFG_L_7_1	MFG_R_7_1	MFG_L_7_2	MFG_R_7_2	MFG_L_7_3	MFG_R_7_3	MFG_L_7_4	MFG_R_7_4	MFG_L_7_5	MFG_R_7_5	MFG_L_7_6	MFG_R_7_6	MFG_L_7_7	MFG_R_7_7	IFG_L_6_1	IFG_R_6_1	IFG_L_6_2	IFG_R_6_2	IFG_L_6_3	IFG_R_6_3	IFG_L_6_4	IFG_R_6_4	IFG_L_6_5	IFG_R_6_5	IFG_L_6_6	IFG_R_6_6	OrG_L_6_1	OrG_R_6_1	OrG_L_6_2	OrG_R_6_2	OrG_L_6_3	OrG_R_6_3	OrG_L_6_4	OrG_R_6_4	OrG_L_6_5	OrG_R_6_5	OrG_R_6_6	OrG_R_6_6	PrG_L_6_1	PrG_R_6_1	PrG_L_6_2	PrG_R_6_2	PrG_L_6_3	PrG_R_6_3	PrG_L_6_4	PrG_R_6_4	PrG_L_6_5	PrG_R_6_5	PrG_L_6_6	PrG_R_6_6	PCL_L_2_1	PCL_R_2_1	PCL_L_2_2	PCL_R_2_2	STG_L_6_1	STG_R_6_1	STG_L_6_2	STG_R_6_2	STG_L_6_3	STG_R_6_3	STG_L_6_4	STG_R_6_4	STG_L_6_5	STG_R_6_5	STG_L_6_6	STG_R_6_6	MTG_L_4_1	MTG_R_4_1	MTG_L_4_2	MTG_R_4_2	MTG_L_4_3	MTG_R_4_3	MTG_L_4_4	MTG_R_4_4	ITG_L_7_1	ITG_R_7_1	ITG_L_7_2	ITG_R_7_2	ITG_L_7_3	ITG_R_7_3	ITG_L_7_4	ITG_R_7_4	ITG_L_7_5	ITG_R_7_5	ITG_L_7_6	ITG_R_7_6	ITG_L_7_7	ITG_R_7_7	FuG_L_3_1	FuG_R_3_1	FuG_L_3_2	FuG_R_3_2	FuG_L_3_3	FuG_R_3_3	PhG_L_6_1	PhG_R_6_1	PhG_L_6_2	PhG_R_6_2	PhG_L_6_3	PhG_R_6_3	PhG_L_6_4	PhG_R_6_4	PhG_L_6_5	PhG_R_6_5	PhG_L_6_6	PhG_R_6_6	pSTS_L_2_1	pSTS_R_2_1	pSTS_L_2_2	pSTS_R_2_2	SPL_L_5_1	SPL_R_5_1	SPL_L_5_2	SPL_R_5_2	SPL_L_5_3	SPL_R_5_3	SPL_L_5_4	SPL_R_5_4	SPL_L_5_5	SPL_R_5_5	IPL_L_6_1	IPL_R_6_1	IPL_L_6_2	IPL_R_6_2	IPL_L_6_3	IPL_R_6_3	IPL_L_6_4	IPL_R_6_4	IPL_L_6_5	IPL_R_6_5	IPL_L_6_6	IPL_R_6_6	PCun_L_4_1	PCun_R_4_1	PCun_L_4_2	PCun_R_4_2	PCun_L_4_3	PCun_R_4_3	PCun_L_4_4	PCun_R_4_4	PoG_L_4_1	PoG_R_4_1	PoG_L_4_2	PoG_R_4_2	PoG_L_4_3	PoG_R_4_3	PoG_L_4_4	PoG_R_4_4	INS_L_6_1	INS_R_6_1	INS_L_6_2	INS_R_6_2	INS_L_6_3	INS_R_6_3	INS_L_6_4	INS_R_6_4	INS_L_6_5	INS_R_6_5	INS_L_6_6	INS_R_6_6	CG_L_7_1	CG_R_7_1	CG_L_7_2	CG_R_7_2	CG_L_7_3	CG_R_7_3	CG_L_7_4	CG_R_7_4	CG_L_7_5	CG_R_7_5	CG_L_7_6	CG_R_7_6	CG_L_7_7	CG_R_7_7	MVOcC	MVOcC	MVOcC	MVOcC	MVOcC	MVOcC	MVOcC	MVOcC	MVOcC	MVOcC	LOcC_L_4_1	LOcC_R_4_1	LOcC_L_4_2	LOcC_R_4_2	LOcC_L_4_3	LOcC_R_4_3	LOcC_L_4_4	LOcC_R_4_4	LOcC_L_2_1	LOcC_R_2_1	LOcC_L_2_2	LOcC_R_2_2	Amyg_L_2_1	Amyg_R_2_1	Amyg_L_2_2	Amyg_R_2_2	Hipp_L_2_1	Hipp_R_2_1	Hipp_L_2_2	Hipp_R_2_2	BG_L_6_1	BG_R_6_1	BG_L_6_2	BG_R_6_2	BG_L_6_3	BG_R_6_3	BG_L_6_4	BG_R_6_4	BG_L_6_5	BG_R_6_5	BG_L_6_6	BG_R_6_6	Tha_L_8_1	Tha_R_8_1	Tha_L_8_2	Tha_R_8_2	Tha_L_8_3	Tha_R_8_3	Tha_L_8_4	Tha_R_8_4	Tha_L_8_5	Tha_R_8_5	Tha_L_8_6	Tha_R_8_6	Tha_L_8_7	Tha_R_8_7	Tha_L_8_8	Tha_R_8_8	
1.45148e+08	SFG_L_7_1	0	5.90929e+06	6.02505e+07	516256	408050	8161.15	95345.2	26083.9	820458	281.29	218104	1498.91	465.876	1.1843	0	22309.8	0	63.0827	0.105518	0.00326797	3.30573	0.162995	0.0240741	3788.67	0	167943	0.099212	0.118322	1999.81	17.5715	0.266315	0.154718	628.852	31.4752	0.0030303	0.159542	140.703	8.28505	31196.5	804.999	0	0	0.0159686	0.00326797	0	0	0	0.0608844	0.0608392	0	0.0030303	0.00505051	0	0	0	0.540226	128.847	0.308702	5.90218	1.82117	40.4802	0.856317	7132.57	0.0951138	9689.35	0.428499	209.118	9.59997	11.8318	0	0.348065	0.00396825	3.03047	0.0588386	0.0376219	0.00396825	706.062	0	143.284	0	10.567	4.12106	156.712	0.00282486	2.74285	2.64281	4.04553	0.0045045	0.288474	0.0872989	1.89036	0.00374532	23.3659	0.00421941	21.7657	0	25.8812	0.00456621	25.7561	0	2.0236	0.00401606	12.0349	0.00421941	1.78656	0.0329697	0.346687	0.00483092	0	0	0.0161622	0	0.0161622	0	0	0	0	0	0	0	0.00469484	0.111466	0.161547	0	1495.39	0.561783	142.839	3.5451	89.3347	0	579.535	0.546699	352.771	0.201777	474.839	0.0996144	242.934	0.00406504	1.01536	0.00574713	0.334289	0.0486599	25.9572	0	0	0	12873.9	4.41468	1864.06	0.23901	38.8878	2.8902	1645.91	1.23028	5163.66	0	0	0	0	0	14349.6	2.4542	203.916	0.0191865	0	0	41.9076	0.0249158	383131	26.1832	1392.44	0	385878	1.58013	2.36602	3.8502	500.222	2345.04	23.4331	0.254054	11.0908	7.96032	851.055	7.61577	2071.42	2.37779	0.00529101	0.00900901	4.25554	0.592862	0	0	0.402057	0.0263734	5.63836	0.00462963	0.0280972	0.00378788	197.13	0	1.1767	0	4.77546	0.0263734	6.15407	5.39261	299.657	10.4261	9.50178	0	0.363238	6.75617	0.195204	0	14699.9	205.692	8.77653	0.0763583	1.29233	0.584588	23621.9	1428.14	20.4644	2.1015	0.93671	4.66425	4678.27	208933	50314.8	117.442	4.93601	2.05881	2.04477e+06	268.037	572.144	9.19161	7.10276	0.00628931	46372.5	16.3566	7729.53	0.118795	176.221	0	851927	55.4039	
6.99804e+07	SFG_R_7_1	5.90929e+06	0	8.19714e+06	9.23978e+06	148040	263915	423869	1.34041e+06	996253	259392	606.099	348319	2.21723	0.0375661	0	66.5632	0	385.897	0.00411523	0.015882	0	0.0917241	0	72.2141	0	7.86231	0.0455217	0.130017	0	50607.7	0	0.0582396	0	148072	0	77.6818	0	30023	0	402704	0	0.0386555	0.0108375	0.0134034	0.00268817	0	0.00268817	0	0	0	0	0.0194515	0	0.00877193	0.0475174	7.46163	1.72988	199.103	13.3585	623.164	0	72.408	0	19.9128	20.6877	15989.6	95.3938	9611.08	0.283336	0.0621484	0	0.0182648	0.0282195	4.29731	0	0.041101	0.0348861	0	0.11807	0.115177	0	260.49	0.22661	1.32081	0	237.273	0.0118521	3.87297	0	7.86097	0	0.420492	0.0302233	0.0351135	0	0.218254	0	9.64276	0	0.0730802	0	2.17305	0	0.376154	0	0.00529101	0	0.34009	0	0.648461	1.16633	26.2343	0	0	2.98051	41.0246	0.00469484	0.00308642	0.0811189	22.3283	0	13.97	0	0.0505698	71.7797	310.965	6.67995	1302.2	0	0.430523	0.38655	198.999	0.663109	34.9387	13.5142	8.12747	0	8.16855	0	0.262972	0	0.93054	0	0.267069	0	0.679033	237.563	71745.4	22.8415	5871.71	19.7474	629.815	35.4738	51687.5	0	0.0961351	0	0	0	0	0.599959	700.906	1.94836	4.08709	0	0	0	0.0733737	73.1841	9083.5	0.0277778	1.07721	3.34935	653.927	0.842056	2260.1	213.616	420.223	3.4466	145797	87.2496	31066.7	58.7431	58243.6	0.742688	3567.11	0	1.14058	1.16568	0.596755	0	0.656916	0.0035461	0.390381	1.19317	2.13719	0.126879	0.167496	0.0158641	0.0181481	0	0.0177778	0.0165239	1.21499	0.207967	47.3119	4.02096	1480.54	5.04086	0.65796	0.486017	30.2411	0.0246732	2.51814	357.369	374525	11.657	276.773	0.145632	35.4306	632.698	4.91841e+06	2.43896	284.382	1.15957	19.9732	176.553	238273	133.751	62219.2	0	2247.52	1672.84	848774	2.88348	1638.06	0.00238095	139.373	0.638883	37347.6	0.298024	50.9272	0.0118541	45.9691	2.38412	330534	
3.35386e+08	SFG_L_7_2	6.02505e+07	8.19714e+06	0	419020	3.87691e+07	6746.5	1.79309e+06	397.842	22297	64.166	0.035112	36640.2	0	0.0179381	87426.5	17266.9	219281	16.4898	0.811189	0.00326797	121711	0.08154	1.24018e+07	2545.88	1.32149e+06	103148	4.6997	0.0500219	2.36443e+06	3.13168	294788	0.148886	4.80799e+06	8.57983	466.863	0.00555556	1.53568e+06	1.35804	7.60498e+06	193.394	0	0	0.2653	0.0114742	0.017934	0	0	0	0.0608392	0	0.800985	0.203025	99537.2	0	150132	0.235448	45578.6	0.125845	12.2324	5.32415	1397.81	0.680419	1.48685e+06	0.224721	208.235	0.451182	1.93466	5.47023	155.882	0	6.16957	0	56.7538	6.04233	1.46329	0	214536	3.56531	29052.5	0.145528	1409.42	3.1945	68263.2	0.0138802	1336.32	1.57869	86.591	0.0173277	3.49387	0.443381	130.066	0.00362319	727.396	0.0673102	653.289	0.0115942	3723.31	0.00421941	2530.89	0	43.6005	0.0475249	616.627	0.00421941	42.3445	0.302085	8.16777	0.301479	0	0	0.143204	0.0290737	3.53124	0	0.0347627	0.0130333	0	0	0.00383142	0.0290737	2.99778	0.214242	297.212	0	46074.7	2.45315	2255.88	6.03261	4818.5	0	31875.8	1.33019	66444.5	0.138442	7828.71	0.0185185	43536.2	0.0435026	84.5343	0	682.482	0.021511	4456.16	0	227.878	0	75.1453	40.937	109.699	1.86814	68.9534	4.78694	0.0602376	3.92374	95771.5	0	0.0299145	0.00653595	7956.1	0	207695	1.28862	23432.5	0	0	0	50600.6	0.0382867	8.43354e+06	18.2276	2712.07	0	2.98204e+06	0.429786	0	0.665954	92.0137	479.347	0	0.00900901	0.597459	3.2893	0	0	0	0.00877193	0	0	62.8873	2.90715	0.151305	0.00383142	9.72484	0.0103359	37.8799	0.304396	10.4086	0.0128668	3903.71	0	20.3512	0	5339.75	0.0927922	1552.96	17.2351	4851.22	5.24765	706.863	0	0.6293	23.0622	0.193632	0	191604	429.881	422.399	7.87676	1.29105	1.58688	202046	1622.77	17.1194	4.65509	1225.92	20.0891	417636	84512.5	838888	57.6397	23406	246.774	8.32899e+06	453.435	646.879	50.9745	87.219	0.529545	349447	428.243	78761.2	1.55994	5710.48	0.004329	2.64957e+06	1738.54	
1.07365e+08	SFG_R_7_2	516256	9.23978e+06	419020	0	61191.6	3.66353e+06	14.7534	26649.9	722.979	0.725109	6665.42	0.61184	629.823	0	0	2.51521e+07	0	21345.2	0	62.4975	0.00333333	285083	0	1.48187e+06	0	4.1121e+06	0.0249832	0.203516	0	1.10397e+06	0	52370.4	0	1.76618e+06	0.00250627	50051.8	0	225999	0	1.97355e+06	0	0	0.00333333	0.0792231	0	0	0	0.0261818	0	0	0.0116792	0.376983	0	212.792	0.0153338	7353.84	0.205257	1833.32	2.30058	1596.76	0	1499.74	0	82990.3	0.335761	54.6959	0.460908	174.593	0.230406	0.0290009	0	55.4615	0.0498584	101.682	0	147.305	0.0121463	0.263943	0.148457	2.22255	0	15154	0.33909	7.09696	0	23659.5	0.0118521	231.084	0	412.105	0	20.3023	0.0125731	3.30184	0.00277778	13.1315	0	605.312	0	0.751913	0	63.3237	0	27.2449	0.00444444	0.00529101	0	4.22096	0	0	0	0.130832	0	0	0	0.223675	0	0	0	0.131565	0	2939.79	0	939.3	2.00199	2328.05	0.243358	10251.3	0	13.1536	0.100516	2364.49	0	1859.85	0.41763	1548.67	0	3513.21	0	5.93596	0	60.4523	0	154.001	0	438.061	4.67694	1468.24	0.531361	112.809	5.7577	2773.93	4.41448	203.236	0	27.2707	0	0.559621	0	0.479898	0.114836	10821.6	0.00250627	90.8475	0	0	0	12.3975	0.0408296	173624	0	159.364	0.00724638	44015.9	0.0047619	0	0	0.203564	663.062	0	0.0037037	1.29098	0.085761	0	0.0887586	0	0	0	0.380107	0.624808	0.0037037	5.76022	0	6.66111	0.682201	0.265312	0.160459	0.660805	0	2.19329	0	4.71478	0.0031746	99.0234	0.00396825	13.8877	2.5011	19423.9	1.94959	68.3714	0.0507186	81.6393	0.0108932	0.050823	2.02342	182759	0.0037037	33.3906	0.0116049	0.498483	8.82402	2.0389e+06	1.93073	5118.11	0.765171	489.611	64.0067	83192.3	0.771056	586965	0	2321.31	24.6214	87667.1	1.73679	290.998	0	29.5611	0.661731	24325.3	0.01231	10.1345	0.0702394	0	0.328276	94946.2	
2.70261e+08	SFG_L_7_3	408050	148040	3.87691e+07	61191.6	0	1.6701e+07	255.443	8.18314	21.0567	2.4277	8.51934e+06	1.46111e+06	1.29639e+07	1.05404e+06	4.4214e+06	44223.2	6727.97	0.0299663	5.47893e+06	18825.7	3.03528e+06	364.307	4003.27	12.497	0.00740741	0.0552325	1.22036e+06	163735	60429.7	0.313073	1.85969e+06	0.411131	3.91075e+06	12.0568	1.29995e+06	1.84818	562886	0.807011	2658.93	1.57719	0	0.0070922	9691.39	39.9204	4.00972	0	0	35914.1	0	0	2.85739e+06	42.8991	0.0663913	0	31.3197	0.0353793	103.137	0.0042735	11.4767	12.0949	0.886693	0.0563757	0.540652	0.00595238	1013.71	5.94598	4.70122	2.7302	767.234	0	1.85126	0	20.4839	112.941	2.84455	0.0128182	362483	82.2877	48409	2.1878	1181.21	2.38344	236492	0.0126181	23.217	1.40064	134.765	0.0171193	0.0684314	38.6704	49.4602	0.0123467	438.383	0.00266667	776.224	3.12666	553.008	0.0030581	75.3087	0.0030581	1.40068	12.7318	1445.76	0	149.81	0.0963016	3.80293	0.369998	0.128142	0	1153.94	0.0297279	42.7439	0	4752.72	0.00340136	1.01145	0	129.004	0.0297279	5.80025	0.108311	0.629484	0	143955	2.21275	36077.1	44.9889	411.536	0	20813.9	1.60509	156982	0.0138904	61578.9	0.0893993	25812.4	0.0191856	0	0	0.22845	0	2051.8	0	31.6195	0	9542.75	802.327	953.029	5.41558	15429	47.9498	27788.4	105.425	172.53	0	0	0	44.1436	0	4242.86	1.0403	82550	0.0460567	0.952474	0	369832	0.0660611	1.16324e+07	118.367	6.99051	0	842848	0.184591	50.7904	12.9004	16564.2	394720	50573.6	0.0140366	49894	32.3478	4783.4	0.130431	28848.1	1.47658	3.07941	0.566501	604.684	0.228137	9.90594	0.0152386	399.832	0.0260789	36.9007	0.300007	567.121	0.116216	14027.2	0.0126385	35.0941	0	68490.1	0.389988	18723	2.7957	31674.5	5.397	54881.1	0.0134007	43.1766	14.8477	0.761897	0	69468.4	221.485	14631.4	2.02368	140.483	17.6162	271305	873.832	7.88144	16.0475	286385	106.861	2.73267e+06	38781.6	3.32338e+06	251.252	530396	22.7587	5.04494e+06	11.6208	188.567	99.9499	341.463	2.16263	656930	102.96	259240	0.470296	40186.2	0.185994	1.95006e+06	119.503	
2.10004e+08	SFG_R_7_3	8161.15	263915	6746.5	3.66353e+06	1.6701e+07	0	12.0407	43.3008	74.5968	243.359	1.13724e+06	1.00819e+07	2.37068e+06	2.16117e+07	35009.5	4.15352e+06	0	44.4028	613417	3.01502e+06	205578	2.83421e+06	0	39113.9	0	9.32082	15081	1.07431e+06	0	73851.4	2029.27	434236	0.00813008	1.06434e+06	151.495	1.642e+06	0	329747	0	1271.4	29.9835	2.15429	6.38107	61702	0.278642	0.0595238	74.4259	11.2151	0.00854701	1.46924	416.925	294893	0	0.219895	0.00411523	34.189	1.39564	33687.9	3.73852	11910.6	0	10.1989	0	20.0984	283.723	455.672	6.62424	202.603	24.987	0.0605476	0	5099.06	0.588732	10.965	0	3115.8	0.351491	0.405002	0.957525	258.888	0	14037.3	39.9779	21.337	0	9229.94	0.0459856	3799.71	0	1114.5	0	119.808	4.23912	3.53763	0.289384	262.89	0	2235.64	0	3.61662	0	76.6916	0.0467961	10.4922	0	0.00401606	0	3.03499	0.00411523	2.89013	0.424782	64.7852	0.0156379	0	3.53289	92.2118	0.0163605	0	0.00497512	49.5422	0	10619.3	0	3123.89	58.5927	16159.5	149.455	28641	0	3.86865	0.187487	26558.8	0.0556316	5645.52	1.56114	434.281	0.00358423	1554.83	0	0.424984	0	272.682	0	17.7475	0	6116.07	18464.3	64239.7	39.8294	590.862	471.14	8298.77	8305.21	349412	0	2247.7	0	10.5691	0	1.12482	0.62509	223748	1.06655	7553.07	0	1.05231	0	11863.2	0.853013	444970	0	6492.03	0	37848.9	72.496	75060.4	62231.5	1.13454e+06	13498.2	749394	598.543	481652	2.65162	109.219	1882.38	113224	57.6099	2473.78	1.9696	22846	0	638.269	0.259464	2137.91	3.3816	1.32215	1.8778	14519.2	0.330842	1.84404	0.0031746	0.742832	0.589084	21923.5	0.196887	572.73	10.1987	57955	9.92379	18.5603	1.75844	44881.1	0.349983	4.43778	51.5854	230729	51.2139	981.251	3.76374	2.96951e+06	40.9655	3.68992e+06	235.092	178494	99.4516	1.65719e+06	0.0188729	1.59573e+06	27.9189	6.05329e+06	0.0237198	5.53513e+06	49.3507	2.24072e+06	7.83725	241.2	0.320429	1.04709e+06	4.28873	6067.3	1.64184	78.2058	0.0474627	16009	2.63208	3.87465e+06	
8.65657e+07	SFG_L_7_4	95345.2	423869	1.79309e+06	14.7534	255.443	12.0407	0	130683	2.40888e+07	37188.9	0.00323625	0.003367	0	0.0166056	0	0.0643726	89.4001	0.00740741	0.00793651	0	1.26658	0.0346418	331.593	0.00374532	416636	9.24597	0.0160666	0.169842	52089.4	0	6.7476	0	1136.75	0.00555556	0.0283244	0.00555556	37803.3	0	428455	0	0	0	0.00396825	0.00326797	0	0	0	0	0.00793651	0	0	0.00421941	539371	0	1.59671e+06	11.8285	15703.1	0	657458	99.6327	32594.2	0.070952	2.30106e+06	0.070952	307.044	8.4569	10264.1	183.828	5.39912	0	0.0893826	0	11.4966	0	0	0	286.562	0	0.541695	0	107.105	0	10.5837	0	55.3403	0	0.295272	0	0.0045045	0	0.423021	0	1.2372	0	0.234974	0	79.5044	0	164.613	0	0.0197617	0	0.0860327	0	1.77638	1.20707	0.00438596	0.47183	0	0	0	0	0	0	0	0	0	0	0	0	0.0536923	0	9.37793	0	1318.61	0.22421	5516.58	0.404462	108.947	0	339.047	1.50135	1032.95	0.013962	8434.43	0.0283917	913.482	0.0133815	5.01266	0	57.6975	0	39.3285	0	0	0	0.420626	1.22977	8.13989	0.399867	66.2928	0.494731	0.0111578	0.26139	2812.45	0	0	0	730.567	0	4790.91	0.994876	3265.77	0	0	0	4448.24	0	1.19856e+06	0.433989	12094.5	0	3.83307e+06	0.019765	0	0	0	0	0	0	0.00546448	0.00246914	0	0	0	0.72712	0	0	46.9933	4.72921	0	0.0035461	0	0.0114573	45.7993	0.0738988	0	0.0267976	0.363223	0	0	0	0.00918456	0.13798	27.3978	74.3314	1.79985	0.742799	96.807	0.01289	75.7979	40.5565	0.261108	0	432008	2927.19	0.0860327	0.0152444	2.15021	5.7708	940929	10885.7	19.5163	2.66798	1.45633	13.7947	8.81219	23.6986	566239	11.5537	0.00980392	0.00680272	3.30414e+06	2641.12	5006.34	4.02465	3.2843	0.0269388	15884.1	5.40598	1184.05	0.00438596	13.0961	0	262445	100.391	
1.08831e+08	SFG_R_7_4	26083.9	1.34041e+06	397.842	26649.9	8.18314	43.3008	130683	0	676818	4.48667e+06	12.0607	0.0070922	0	0.0406162	0	3.64999	0	357.985	0	0.171977	0.00350877	2.82445	0	23.1407	0	201021	0.0148441	3.48078	0	1463.84	0	3.90635	0	13.9397	0.00343643	4.79834	0.00343643	13.0529	0	1938.9	0	0	0.0035461	0.0970629	0	0	0	0.143669	0	0	0.00387597	0.123421	0.00757576	9430.61	0.0586081	979356	25.8433	83.3103	701.648	2890.83	0	9364.8	0	794047	841.887	1448.95	6922.91	12713	0.0132013	0	0	0.0279335	0	2.46895	0	0.0486407	0	0.00406504	0.00320513	0.00653595	0	33469.9	0.00330033	0.621434	0	45292.3	0.00320513	71.7801	0	51.6675	0	30.7665	0.00320513	0.71899	0.00320513	1.89669	0	7075.72	0	3.98965	0	15.4871	0	5.82364	0.0047619	0.303109	0	1.31669	0	0	0.00520833	0.004329	0	0	0.0209987	0.017667	0	0	0	0	0	469.726	0	13.0779	663.948	1277.94	0.305034	11183	0	2.41885	2.48404	196.43	0.0342686	146.194	0.661037	6468.71	0	4324.96	0	5.66516	0	14.3823	0	1650.93	0	46.0798	56.4715	1592.86	187.06	401.648	0.0420058	1469.51	27.415	421.351	0	13.6585	0	0.00387597	0	0.211588	18.2648	1469.56	0.0965046	22.362	0	0	0	0.14209	4.90289	29446.1	0.00387597	1.58449	0.522243	2814.76	0	0.156675	0	0	0.0070922	0	0.419616	0.81059	0	0	7.59321	0.138645	0	0	1.11074	1.24976	0	2.39122	0	0.0378244	0.775434	0.54298	0	0.433864	0	26.5824	0	14.4162	0	0.734658	0.0661679	11.4556	0.0316299	8621.87	0.0615635	98.8581	0	7979.05	0	0.00401606	300.082	3.22669e+06	0.047123	1.77731	0.0958408	337.591	753.558	4.05931e+07	0.360544	140.629	1.3733	215.615	0.0180083	263.183	11.7509	361452	0	0	2497.31	1.31561e+06	517.042	79.8136	0.0451807	25.4545	0.400499	72.4955	0.0035461	0	0.0394287	0.0070922	2.95408	35781.9	
7.94258e+07	SFG_L_7_5	820458	996253	22297	722.979	21.0567	74.5968	2.40888e+07	676818	0	1.04783e+06	0.470511	0.0198059	0	0.353253	0	0.0900737	0.00833333	0.00740741	0.0313769	0	0.868324	0.00406504	0.0703212	0.00374532	0	458.006	0.0642617	0.175273	5.34814	0	0.0677222	0	0.164468	0.00555556	0.022096	0.00555556	11.9338	0	68.2924	0.0269608	0	0	0.0159686	0.00326797	0	0	0	0	0.0321332	0	0.00347222	0.0349049	362.824	0	7352.68	5.87172	137.653	0	1.19322e+06	67.4705	7.53202	0.0505969	18.1552	0.0518223	9229.64	217.175	306535	13861	15.8417	0	0	0	6.90202	0	0	0	1.10599	0	0.150941	0	0	0	10.3647	0	0	0	0	0	0	0	0.0167722	0	1.19727	0	0.0042735	0	0.106887	0	0.0042735	0	0.0042735	0	0.343426	0	2.85012	0.544855	0	0.118751	0	0	0	0	0	0	0	0	0	0	0	0	0	0	0	0	676.304	0.355822	761.576	1.39499	0.401688	0	202.752	1.00063	133.753	0.013962	2736.73	0	22.9095	0.0035461	0	0	0	0	0.303882	0	0	0	26.2674	20.5632	265.878	2.80902	11.2764	0.518738	0.557933	3.35641	0.480476	0	0	0	0	0	513.913	1.38418	519.689	0.00411523	0	0	1.35837	0	461164	1.79176	3059.47	0	363151	0.122847	0	0.00666667	0	0.0531185	0	0	0.0220401	0	206.679	3.40726	6437.36	2067.08	0	0	87.7018	1.25218	0	0.0035461	0	0	72.1772	0.171149	0	0.0037037	1.17826	0	0.00462963	0	0.0409209	0.0114389	52.5345	33.2541	5.35337	1.14601	39.8609	0	16.2685	22.7647	0.778038	0	348342	2903.2	0.343426	0.00490196	6.72591	7.92578	804054	28530	48.4411	0.515019	0.717598	8.68657	41.9323	275.233	268093	12.2845	0.0309073	0.00680272	7.14206e+06	83494.8	11253.3	17.5973	9.48614	0.952549	49461.4	10.383	3837.31	0.00490196	42.6819	0	938725	4473.72	
2.34303e+07	SFG_R_7_5	281.29	259392	64.166	0.725109	2.4277	243.359	37188.9	4.48667e+06	1.04783e+06	0	0.00617284	0.261982	0	0.0186708	0	0.00617284	0	0.717419	0	0.114995	0	0.0437282	0	0.179015	0	17.3417	0.00241546	0.487756	0	12.141	0	0.0306878	0	0.0299663	0.00512821	0.00740741	0	0	0	2.26397	0	0	0	0	0	0	0	0.00606061	0	0	0.00512821	0	0	1514.52	1.00158	33778.4	8.66585	0	48549.3	401262	0	153.904	0	11308.2	1221.2	1416.71	49974.3	176835	0.0121562	0	0	0.00462963	0	0	0	0.00462963	0	0	0.00320513	0	0	0	0.00330033	0.0206731	0	0	0.00320513	0	0	0.00222222	0	0	0.00277778	0	0	0	0	0	0	0	0	0	0	0.00222222	0.0047619	0.0450272	0	0	0	0	0.633222	0.00546448	0	0	2.29267	0.00546448	0.0193277	0	0.021511	0.00546448	0	0	0	0	200.442	40.9597	0.323427	163.383	0	0	1.72563	76.8155	0.00387597	1.3732	0.103659	0.00469484	0	0.0227337	0	0	0	0	0	0	0	0	560.154	251.026	514.257	255.987	3.03689	14.3779	172.555	149.695	0	0	0	0	0	0	4.08573	443.05	0	0.60759	0	0	0	0	0.441561	297.504	0	0	0	0.198616	0.0661836	1.56179	0.00877193	0.692497	0	0.0222222	154.794	5.32751	0	3260.11	39.0513	53938.3	0	0	0.678632	0	0	0.110819	0	0	2.01427	0.140102	0.00333333	0.00438596	0	0	0	0	0	0	0.0153257	0.0662411	0.00333333	56.1175	0	0	0.409815	333.165	0.0133075	0	60.8243	146046	13.2114	0.503897	0.0222222	92.6056	85.8106	2.2375e+06	0.0916417	0.0941565	0.0344888	26.7515	0.0883974	143.072	2.14497	11078.3	0.00555556	0.235981	169.307	2.60414e+06	31.3461	1661.32	0.00387597	4.8078	0.216997	239.307	0.129146	0.232375	0.00555556	0.0327029	0.511894	95192.3	
2.24541e+07	SFG_L_7_6	218104	606.099	0.035112	6665.42	8.51934e+06	1.13724e+06	0.00323625	12.0607	0.470511	0.00617284	0	36133.2	930963	32547.1	0.215623	3505.58	0	0	79.3577	2791.98	71.1339	22.6923	0	0.0365365	0	0	12.7794	14211.6	0	0	0.00952381	0.00813008	0	14.1279	113.993	4.68344	0	0.74991	0	0.120835	0.222383	13.058	0.00980392	5.49206	0.00813008	0	0.408631	1321.48	2.21503	143.943	170.659	1.70291	0	0	0	0	0.0257937	0	0.00775194	0	0	0	0	0	356.978	0.00775194	0.416306	0.0658862	0.0654414	4.0398	0	0	0	0	0	0	0	0	0	0.0031746	0	0.0415023	0	1.94592	0	0.163014	0	0	0	0	0	0.00462963	0	0.0275177	0	0	0	0	0	0	0	0	0.0047619	0	0	0	0	0	0.00350877	0	33.7138	0	0.00350877	0	323.227	0	0.50944	0	2.80127	0	0	0	0	0	86.6248	0.0361894	54.8824	0	0	0	0	0	0	0.00416667	0	0.00505051	0	0	0	0.00537634	0	0	0	0	0	0	14927.6	1.3013	188.949	0	4185.07	0.0152426	27016	1.50391	0	0	0	0	0	0	0.00595238	0	0	0.00406504	0	0	0	0	0	0.309465	0	0	0	0.0151593	52.7427	0.953957	825.871	31929.5	159313	54154.6	2193.99	0.742918	1975.79	0.00813008	16494.3	0.0388889	3.95107	5368.42	0.00358423	0	0	0	0	0.00362319	0	0	0	0	0	0	0	0	0	0.00362319	0	0	0	0.059335	0	0	9.41129	0.250338	0.06208	7.91284	410.758	0.602243	556.794	0.317143	0.0123457	0.0160736	0.0393513	13.4877	0.821916	239.536	0.324344	2.76053	7.42602	2177.13	0.0198851	2.77553	2.06662	0	0.0809113	0.075863	0.0578138	0.00392157	0.0251018	0	0.874171	0.00392157	8.51607	0.0179824	0.533126	0	1.8406	0.0445516	
2.59462e+07	SFG_R_7_6	1498.91	348319	36640.2	0.61184	1.46111e+06	1.00819e+07	0.003367	0.0070922	0.0198059	0.261982	36133.2	0	2914.69	12853.2	1211.54	0.800231	0	0	39243.8	0.0529207	6964.95	0.0270985	0	0.159239	0	0	34.7227	0.348315	0	8.93359	125.046	0.00980392	0	7.80228	4.45069	0	0	0.380147	0	0	0.070636	1.64863	0	0.00320513	0.00268817	0	0.461742	0.161633	0.046798	3.39876	6.57419	0	0	0	0	0	0.00323625	0.0921243	0.00323625	0.164202	0	0	0	0	0	20.7979	0.0571828	2.17525	0	0.303675	0	0.00546448	0	0	0	0	0	0	0	0	0	0.267988	0.00275482	0	0	0.0854921	0	0.0199049	0	0.003663	0	0	0.00275482	0.00666667	0.00275482	0	0	0	0	0	0	0	0	0.003663	0	0	0	0	0	1.75808	0	51.2102	0	0	0	77.0713	0	0	0	37.1314	0	0.0215953	0	0.00564972	0.0741087	0.76706	0.0437576	0.319702	0	0	0	0.077067	0	0.0791051	0.207667	0.00462963	0	0.0473805	0	0	0	0	0	0.00564972	0	0.00574713	50.4546	10493.6	0.00574713	13.9774	0.273485	135.881	10.3066	68019.6	0	0	0	0	0	0	0	0.477445	0	0	0	0	0	0	0	2.16149	0	0.0487863	0	0.0388514	0.156088	2344.55	89.1203	165748	261.548	615467	0.378984	57377.6	0.211062	168.863	0.479679	18697.5	0.072549	1711.43	0	0	0	0	0	0	0.00462963	0	0.564911	0.00606061	0.0344858	0	0	0	0.188109	0	0	0.004329	0.382578	0.204353	0.350782	0	0	8.46733	0	4.11922	0.00323625	545.146	0.00401606	134.283	0.00456621	2.33383	0.00444444	1825.47	0	9.86753	0	0.106024	0	100.819	0	15.3959	0	28.2731	0.0315745	331.161	0.0142607	23.6623	0	4.44743	0	28.8987	0	2.46587	0	4.69306	0.00444444	239.606	
1.05856e+08	SFG_L_7_7	465.876	2.21723	0	629.823	1.29639e+07	2.37068e+06	0	0	0	0	930963	2914.69	0	4.61559e+06	0.0946844	718.185	0	0	163883	9126.69	10.1978	15.8986	0	0	0	0	1.99665e+07	4.2374e+06	0	0	0.0156207	0	0	0.0739348	4450.79	0.00793651	13.2432	0.00793651	0	0	174744	7.41626	27287.7	10.3623	183.71	33.9499	3460.98	3.59522e+06	3764.79	0.0353535	309605	4.4147	0	0	0	0	0	0	0	0	0	0	0	0	38.2894	0	0	0	73.7916	0.0550877	0	0	0	0	0	0	62.2441	0	0	0	0	0	258.65	0.00617284	0	0	0	0	0	0.00266667	0	0	11.6848	0	1.55549	0	0	0	0	0	0	0.00266667	6.20051	0	0.00333333	0	0	0	0	0	201.716	0	0.00333333	0	663.609	0	0.0037037	0	18.5501	0	0	0	0	0	0.06506	0	0.48112	0	0	0	0	0	0.00273224	0	0.167504	0	0	0	0	0	0	0	0	0	0	0	1044.25	0.024443	4.54281	0	1293.05	0	14550.4	0.0448009	0	0	0	0	0	0	0.00392157	0	0	0	306.13	0.00666667	0	0	41.5761	0.00185185	0	0	0.00740741	0	590.121	0.0296443	102671	169619	2.84824e+06	1442.4	54338.2	0.0218182	124012	0.00813008	50934.1	0.149219	4357.69	99.6084	24.0398	0	46.1852	0	87.6655	0	0	0	352.458	0	58.2587	0	0	0	254.341	0	68.9922	0	25.127	0	0.0177904	0	1.57873	0.221476	0.00383142	0.00584795	723.807	0.270472	1599.31	0	4726.39	9.99404	342.811	2.15253	126.833	8.33064	92846.6	5.25514	25905.2	0.0179824	317.67	0	12288.7	1.31659	0.164925	0.749304	0.0171024	0	56.2033	0.890739	7.92472	0.00401606	40.8623	0	23.8776	0	31692	1.15954	
6.31805e+07	SFG_R_7_7	1.1843	0.0375661	0.0179381	0	1.05404e+06	2.16117e+07	0.0166056	0.0406162	0.353253	0.0186708	32547.1	12853.2	4.61559e+06	0	24.8425	0	0	0	138495	32243.7	8428.68	3147.85	0	0	0	0	754435	1.1425e+06	0	0	1.67402	0.00740741	0	1.52938	7.25604	1680.75	0	62.8126	0	0	921.142	119724	6.95111	15078.7	363.759	0.717278	10639.9	284304	1.59088	2718.82	55.4811	747.584	0	0	0	0	0	0	0.00411523	0.0030303	0	0	0	0	0.00537634	0.170687	0.138175	0.00529101	1.24761	69.2565	0	0	0.0499273	0	0	0	0.0121972	0	0.0272086	0	0	0	4.32619	3.71172	0	0	0	0	0	0.313806	0	0	0.482668	0.475003	0.139476	0.00347222	0	0.00505051	0	0	0	0.0272029	0	0.0136635	0	0.00396825	0	0	0	0.00383142	0.00383142	0.0151535	0	0	0.0157929	0.169128	0	0	0	0.0330395	0	0	0	0	0.524963	2.43014	0.590349	73.9504	0	0	0.00362319	0.0047619	0	0	0.003367	0.00362319	0	0	0	0	0	0	0	0	0	0	55.062	754.396	0.00505051	0.683569	3.00902	29.3745	5.22508	6764.87	0	0	0	0	0	0	0	0	0.0132026	0.473733	0	0.00757576	0	0	0.0105159	8.16347	0	0	0	0	1.52616	4325.83	19752.5	851170	130.534	60202.3	1.42802	14045.8	0.0787785	0.990435	0.0904712	38536.1	247.593	36656.1	0.0030581	18622.7	0.038137	4727.08	0.364284	1721.49	0	0	0.304576	38423.9	0.0266579	0	0	0	0.0723638	1797.51	0.025731	584.461	1.78314	183.329	1.3289	0	0.00289855	7.95702	0	14.9439	0.0576176	30.6078	1.44787	60.8812	2.04122	102657	0.252616	1737.21	45.7406	88575.7	52.0891	317929	0.00438596	7369.86	1.89975	85742.6	0	17699.2	0.0151211	5039.87	0.0283054	1.04968	0.0258621	11732.1	1.18835	54.1817	0.656155	0.759649	0.00323625	1016.04	0.181293	9273.13	
3.77305e+07	MFG_L_7_1	0	0	87426.5	0	4.4214e+06	35009.5	0	0	0	0	0.215623	1211.54	0.0946844	24.8425	0	0	2.1548	0	4.34203e+06	0	7.7155e+06	0	942549	0.104264	0	0	245.038	0	0	0.0581978	782886	0.104264	417745	0.0274943	52607.7	0.0644973	56859.5	0	1.45535	0	0	0	1.43903	0	0.0202513	0	0	0	0	0	1392.78	0	0	0	0	0	0.00680272	0	0	0	0	0	0	0	0	0	0	0	4.24862	0	0	0	0	0	0	0.00282486	708.718	0.00282486	24.0812	0.00282486	0.976867	0	501.572	0	0	0	0.0608536	0	0.00280112	0	0.0208537	0	0.233489	0	1.16363	0	0.0437463	0	0.128241	0	0.0206731	0	0.545386	0	0.209772	0	0.0466652	0	0	0	0.00416667	0	0.0163655	0	0	0	0	0	0	0	0	0	0	0	0.0894868	0	0.074211	0	0	0	0.00606061	0	0.0867607	0	0.544337	0	0.0170024	0	0	0	0	0	0.00411523	0	0	0	0	0.0148148	0	0	0.0186928	0.0148148	0	0.0148148	0.00680272	0	0	0	0	0	0	0	0.218257	0	0	0	125.78	0	5486.86	0.00252525	0	0	164.56	0	0	0	0	0.556547	0.0650794	0	0	0	0	0	0	0	0	0	35.6398	0	1.85141	0	5.1858	0	0.377248	0	50.8043	0	2.08604	0	0.0431	0	69.6339	0	33.9169	0	8.36833	0	4.28476	0	0	0	0	0	0.127693	0.00326797	0.348282	0	0	0	1.91055	0.00326797	0	0	31.7597	0	185.832	0.00411523	687.63	0.00308642	54.4262	0.00411523	15.3812	0	0	0.0030303	0.136898	0	48.3605	0	27.8443	0	6.48754	0	94.1696	0.00411523	
1.02526e+08	MFG_R_7_1	22309.8	66.5632	17266.9	2.51521e+07	44223.2	4.15352e+06	0.0643726	3.64999	0.0900737	0.00617284	3505.58	0.800231	718.185	0	0	0	0	55141.4	0	3.32949e+06	0	4.93704e+06	0	9.92413e+06	0	164390	0.00998878	142.094	0	698350	0	217840	0	1.40163e+06	0.00250627	282331	0	122379	0	304125	0	0	0.00252525	0.0584127	0	0	0	0	0	0	0.0116792	1584.47	0	8.03752	0	27.9271	0.0728484	476.151	0.111386	120.479	0	165.167	0	41526.1	0.0826268	0.0264052	0.00653595	0.0646028	0.0254347	0	0	211.292	0.0281029	13.1789	0	147.474	0.00297619	0.123803	0.0270315	11.7388	0	1205.59	0.140936	0.509175	0	1384.76	0	251.522	0	62.8353	0	7.28238	0.0117495	0.140815	0.00289855	7.37773	0	128.844	0	0.125952	0	4.51154	0	1.5754	0	0	0	0.670318	0	0	0	0.00387597	0	0	0	0.00387597	0	0	0	0	0	884.898	0	353.334	0.534597	1243.07	0.35751	1691.06	0	0.0206731	0.037071	1420.08	0	770.725	0.119231	101.519	0	373.339	0	1.2817	0	50.5844	0	7.15763	0	529.152	1.33683	314.897	0.10892	5.23942	0.918654	313.744	0.61836	97.3696	0	30.3261	0	1.36579	0	0.0306554	0.0457007	7123.71	0.00250627	382.168	0	0	0	1690.32	0.0114286	37543.9	0	674.408	0	9286.52	0.0042735	0	0	0	568.874	0	0.00680272	0.0386549	0	0	0.00537634	0	0	0	0.0182957	27.0145	0	0.487836	0	13.3504	0.0428282	0.00497512	0.00311526	0.54034	0	0.178401	0	0.0734139	0	343.184	0	0.0932694	0.0123467	2957.17	0.267424	2.33669	0.0124611	371.308	0	0	0.166969	5987.97	0.0030303	1.01287	0.00246914	0	0.035974	97551.9	0.597956	1581.08	0.104174	2200.38	3.86321	4139.27	0.0724217	201211	0.00275482	357.491	0.39069	1868.27	0.0870816	0.890201	0.00275482	25.688	0.127416	9.73719	0.0225397	0.0269608	0	0	0.0341375	616.435	
9.9079e+06	MFG_L_7_2	0	0	219281	0	6727.97	0	89.4001	0	0.00833333	0	0	0	0	0	2.1548	0	0	0	0	0	29717.1	0	2.45277e+06	0	197117	0	0	0	671713	0	14526.3	0	134957	0	0	0	5693.13	0	180753	0	0	0	0	0	0	0	0	0	0	0	0	0	91622.8	0	14.481	0	65.8468	0	0.0280733	0	7.35993	0	946326	0	0	0	0	0	0	0	0.0047619	0	0.00497512	0	0.00653595	0	3.28792	0	0.136796	0	18.5474	0	0.239446	0	38.9886	0	0.143726	0	0.076574	0	3.02321	0	3.44814	0	4.82701	0	89.8107	0	69.2582	0	0.244311	0	0	0	0	0	0.0478915	0	0	0	0	0	0	0	0	0	0	0	0	0	0.154342	0	17.0864	0	0.173323	0	0	0	185.817	0	28.0662	0	109.751	0	1.76922	0	572.008	0	7.60003	0	18.8002	0	31.1627	0	0	0	0	0	0	0	0	0	0	0	572.839	0	0	0	418.14	0	267.902	0	2.52633	0	0	0	0.794628	0	14.5364	0	0.0104167	0	83.4777	0	0	0	0	0	0	0	0	0	0	0	0	0	0	0	0	0	0	0	0	0	0	0	0	0	0	0	0	0	0	0	0	0	0	0	0	0	0	0	0	0	0	0	0	0	0	0	0	0	0	0	0	0	0	0	0	0	0	0	0	0	0	0	0	0	0	0	0	0	0	0	0	0	
7.77851e+06	MFG_R_7_2	63.0827	385.897	16.4898	21345.2	0.0299663	44.4028	0.00740741	357.985	0.00740741	0.717419	0	0	0	0	0	55141.4	0	0	0	0.003663	0	10929.5	0	736462	0	214974	0	2.21552	0	814082	0	3111.35	0	88540.8	0	869.028	0	1367.94	0	234736	0	0	0	0.0155039	0	0	0	1.74556	0	0	0	0.0332978	0	3732.35	0	37848	0	6591.33	0.00378788	1184.2	0	2604.12	0	1.60636e+06	0	0	0	0	0	0	0	0.0821911	0	0.368801	0	0.0562417	0	0.196863	0	0.023399	0	5.11745	0	1.87593	0	606.67	0	0.326556	0	277.818	0	34.8846	0	2.29677	0	2.75357	0	929.302	0	1.13913	0	32.1969	0	143.1	0	0	0	2.13953	0	0.00406504	0	0.00411523	0	0.341269	0	0	0	0	0	0	0	0.735184	0	0.0519142	0	518.653	0	36.8752	0	220.862	0	1956.42	0	11759.7	0	9500.85	0	9495.36	0	0.0737805	0	0.172764	0	2.44139	0	0.150624	0	1.08744	0	0.00757576	0	16.2128	0	0.077067	0	503.691	0	0.0111111	0	2.37684	0	6331.73	0	0.0414166	0	0	0	0.00343643	0	283.001	0	0.00952381	0	87.6003	0	0	0	0	0	0	0	0	0	0	0	0	0	0	0	0	0	0.00469484	0	0.0222779	0	0	0	0	0	275.203	0	1106.53	0	0.00529101	0	0	0	1459.5	0.00416667	1835.94	0	0.00606061	0	0	0	4.32573	0	38.2605	0	0.0122334	0.00378788	439.627	0	6.51701	0	5.17503	0	27.6939	0	542.303	0	0	0	0.040404	0.00520833	0	0	0	0.00520833	0	0	0	0	0	0	0.040404	
4.58033e+07	MFG_L_7_3	0.105518	0.00411523	0.811189	0	5.47893e+06	613417	0.00793651	0	0.0313769	0	79.3577	39243.8	163883	138495	4.34203e+06	0	0	0	0	65.4483	5.01515e+06	8.8091	0.0119048	0	0	0	6.62925e+06	66.3611	0	0	374.502	0.0657828	0.570736	0.0274943	22546.6	0.0274943	0	0	0	0	0	0	4519.1	0.0293928	0	0	0	0.0286772	0	0	406551	0.0657828	0	0	0	0	0.0363282	0	0.0751043	0.0946488	0	0	0	0	0.649557	0	0	0	0.345794	0	0	0	0	0.0278628	0	0	35.4257	0.0119086	1.5719	0	0.0672597	0	25.2653	0	0	0	0.0070922	0	0	0.0120159	0	0	2.34432	0	0.185919	0.00294985	0.00584795	0	0	0	0	0.0030581	4.86933	0	0.108151	0	0	0	0.00383142	0	0.0357376	0	0.0174359	0	0.0358712	0	0.00505051	0	0	0	0	0	0	0	3.34578	0	4.35519	0.01171	0	0	0.182273	0	0.115323	0	35.8432	0	0.00401606	0	0	0	0	0	0.00421941	0	0	0	0.407043	0.650091	0.648619	0	1.13119	0.0353579	0.00555556	0.0625088	0	0	0	0	0	0	0.387046	0	0.898439	0	0	0	0	0	1827.47	0.024192	0	0	0.520846	0	0	0.0152386	0.00421941	4.59602	0.132102	0	0.0664294	0.0152386	0.0114943	0	0	0.00396825	0	0	27.1914	0.004329	1.91492	0	5.00677	0	0.042489	0	46.0603	0	12.0048	0	0.325154	0	30.5516	0	14.4939	0.0151361	137.456	0.0104499	41.5851	0	0.00505051	0.00411523	0.00383142	0	8.25522	0.614758	37.735	0.00326797	0.728476	1.57285	271.218	0.716804	0	0	1190.64	0.339431	13815	0.716401	1628.8	0.28475	8655.17	3.30883	230.473	0.0047619	2.28071	0.0123362	28.3246	1.6265	4205.01	0.0121382	3768.65	0	1466.12	0.015194	9460.09	3.26758	
4.35511e+07	MFG_R_7_3	0.00326797	0.015882	0.00326797	62.4975	18825.7	3.01502e+06	0	0.171977	0	0.114995	2791.98	0.0529207	9126.69	32243.7	0	3.32949e+06	0	0.003663	65.4483	0	5.06253	5.32454e+06	0	0.177311	0	0.0146073	61.4225	9.51332e+06	0	0	0	3210.42	0	3796.94	0.117287	147495	0	4400.74	0	0	0	0	0.487279	93319.4	0	0.0868347	0.00245098	2.49661	0	0	2.09517	121859	0	0	0	0	0.0172107	0.848681	0.0704094	0.189788	0	0.0592308	0	0.0206593	0	0.763906	0	0.0224105	0.486357	0	0	0.83643	0.00333333	0.605424	0	2.19884	0	0.0540136	0	0.890329	0	7.84668	1.4066	0.264575	0	0.916751	0	5.35946	0	55.3814	0	0.370372	0.291785	0.0162246	0.0257275	24.7306	0	2.38493	0	0	0	1.31611	0	0.199701	0	0	0	0.0174409	0	0	0	0.00396825	0	0	0	0.00396825	0	0	0	0.00396825	0	3.15121	0	0.136876	0.367648	258.769	0.364005	460.801	0	0	0.00383142	214.513	0	52.568	0.0130832	3.89662	0	10.0131	0	0.00574713	0	1.29659	0	0	0	9.2726	1.37318	95.8925	0.00383142	8.4918	0.0551538	40.5378	0.0351732	27.6909	0	0.369622	0	0.358243	0	0.00529101	0.00421941	251.221	0.00252525	328.704	0	0.0133333	0	4223.89	0.0115328	5270.17	0	149.812	0	321.916	0	0	0	0	0	0	0	0.219992	0	0	0	0	0	0	0	384.479	0.0760023	82.8372	0.0503047	122.528	0	0	0.0129189	354.404	0.0797978	0.0416667	0	0.0380285	0.0121768	595.567	0.00308642	0.559172	0.079003	1220.01	0.0827181	0.28749	0.0280374	8.4249	0.0110698	0	0.0558985	11.205	0.069177	2.67449	0.0227904	25509.6	0.0128852	686.916	2.28735	4148.58	6.00295	33333	0	4200.59	0.0775483	48180.1	0.00275482	12557.2	0.0121382	1366.16	0.0140927	1.33484	0.0115702	6184.7	0.156093	34.4808	0.0786129	0.225755	0	520.061	0.0115702	4592.77	
6.4437e+07	MFG_L_7_4	3.30573	0	121711	0.00333333	3.03528e+06	205578	1.26658	0.00350877	0.868324	0	71.1339	6964.95	10.1978	8428.68	7.7155e+06	0	29717.1	0	5.01515e+06	5.06253	0	1.24439	774980	0.060049	0	0	419190	8.77963	1057.39	0.107276	1.28742e+07	2.34768	13032.2	0.562768	672244	0.795962	84.9651	0.0272222	0.281514	0	0	0	210.479	0.0105403	0.755524	0	0	0	0	0	65247.5	0.0621821	0	0	0.00724638	0	0.146686	0	0.142012	0.0558187	0	0	0.0293344	0	2.44338	0	0.00617284	0	1154.23	0	0.0222043	0	0.158658	2.51372	0	0	60901.2	0.882903	42.929	0.0287546	2.97512	0	5732.63	0	0.0181481	0	0.263938	0.00320513	0	0.198498	0.0174299	0	42.7861	0	3.37264	0.00297619	0.126017	0	0.00483092	0	0	0.112835	102.99	0	5.45267	0.00387597	0.0421434	0	0.00383142	0	0.104475	0	0.997137	0	0.0647059	0	0.0200513	0	0.0463857	0	0	0	0	0	1535.13	0.0361446	480.515	1.05141	0.185154	0	41.0666	0.00401606	852.131	0	591.922	0	23.8124	0	0	0	0	0	0.388783	0	0.0219529	0	6.19156	16.4413	10.9947	0.0361446	29.6673	0.635519	0.00584795	1.43352	0.0280733	0	0	0	0	0	1.51931	0	620.82	0	0.288415	0	21599.1	0	241513	1.25279	0.0170024	0	17268.1	0.00215054	0	0.0347627	0.00421941	0.931457	0.0151515	0	0.176626	0.0347627	0	0	0	0.0351606	0	0.00617284	840.464	0	611.134	0.0021645	661.353	0	12.4923	0	3274.88	0	1299.38	0	11.3915	0	3317.97	0.00254453	1038.09	0.00387597	3192.9	0.0428547	458	0	0.183801	0	0.0131231	0	100.327	0.770329	897.088	0.25124	0.464845	0.0709025	3454.34	0.974096	1.30464	0.174246	39116.5	0.591226	246903	0.0889556	54547.6	2.16814	153521	0.148083	1767.67	0.0196416	18.2683	0.404914	574.454	0.0661966	96092.9	0.737989	86220.5	0.070034	34090.8	0.015194	175189	0.281061	
3.72185e+07	MFG_R_7_4	0.162995	0.0917241	0.08154	285083	364.307	2.83421e+06	0.0346418	2.82445	0.00406504	0.0437282	22.6923	0.0270985	15.8986	3147.85	0	4.93704e+06	0	10929.5	8.8091	5.32454e+06	1.24439	0	0	1.51117e+06	0	67.8763	420.447	52802.4	0	83951.3	0.0313769	2.05973e+06	0	4428.15	0.00252525	163899	0	1043.78	0	18.0961	0	0	74.023	607.171	0.368888	0	1.46781	0.00282486	0	0	0.0649179	146493	0	0.468398	0	2.87262	0.00406504	1017.17	0.00406504	365.946	0	12.7933	0	368.846	0.0383901	0.0483955	0	0.00320513	14.4293	0.0157389	0	277.586	1.26395	9.37809	0	337.217	0.896394	0.13704	0.689113	20.1027	0	445.525	38.6012	0.0890657	0	285.674	0.10977	276.999	0	250.696	0	12.0266	4.82421	0.390504	0.771117	26.5635	0	195.737	0	0.120371	0	12.7392	0.0249068	4.67877	0	0	0	0.952656	0	0	0	0.097325	0	0.014905	0	0.135822	0	0.0031746	0	0.183958	0	752.024	0	211.334	5.58782	12287	45.7738	1948.44	0	0.586491	0.195464	9876.03	0	4183.36	0.684789	480.462	0	1561.81	0	0.0688956	0	121.527	0	12.9181	0	917.783	163.876	1623.68	0.326303	158.382	749.881	2654.45	3.14315	372.989	0	36.1288	0	6.02819	0	0.0433507	0	16665.9	0.24873	6097.89	0	0	0.00252525	6548.78	1.6219	252646	0	1424.6	0	6969.27	0.0042735	0	0	0	0	0	0.0361552	6.38229	0	0	0.00462963	0	0	0	0.0467077	394.155	0.00326797	0.974698	212.019	197.349	0.0025641	0	358.051	178.972	323.561	11.0548	1.65876	2.83319	372.138	4886.34	3.35628	0.395966	239.358	15799.5	258.533	142.817	0.915812	27.1875	0.496628	0.0135956	0.419963	14.6896	11.1345	1.7771	11.1423	11754	1.41012	2547.43	329.875	12518.4	630.034	309216	0.00358423	1826.26	15.1022	483259	0.107244	5748.22	0.125965	411.994	0.0834249	0.22344	0.345075	1705.64	11.1318	2.54288	6.08732	0.0249767	0.388996	96.4921	0.144583	3143.71	
