data	data	8.46563e+06	8.39283e+07	8.04445e+07	2.84339e+07	1.88092e+08	1.61421e+08	6.41422e+07	8.22543e+07	2.56003e+07	2.49226e+07	1.75163e+07	2.92836e+07	8.28614e+07	6.70684e+07	3.68354e+07	4.66774e+07	6.88717e+07	2.23541e+07	6.00574e+07	3.66921e+07	9.45577e+07	3.32959e+07	1.29294e+08	3.97395e+07	4.02119e+07	1.25483e+07	1.2154e+08	1.75478e+08	1.35134e+07	4.84882e+06	2.0255e+07	3.35844e+07	2.46912e+07	1.51306e+07	1.31658e+07	7.46549e+06	4.87698e+06	6.08582e+06	2.12937e+07	3.77137e+06	3.91873e+06	1.06009e+07	2.73435e+07	2.88088e+07	4.80016e+07	1.81498e+07	6.95618e+07	1.08011e+08	1.03509e+07	8.99125e+06	8.62198e+07	1.36266e+07	5.40453e+07	3.09056e+07	4.80059e+07	2.47126e+07	2.77124e+08	5.22086e+07	1.19936e+08	1.36586e+08	1.4604e+07	4.07164e+06	7.52251e+07	1.36998e+07	2.25929e+06	3.82608e+07	2.30466e+06	1.22668e+07	2.469e+07	3.71964e+07	3.81424e+07	7.34053e+07	3.65487e+07	1.83195e+07	4.46921e+07	9.25782e+07	4.4055e+07	1.41719e+07	1.11832e+08	3.9123e+07	6.06655e+07	5.27577e+07	9.89135e+07	4.86422e+07	1.28711e+07	5.31853e+07	1.89935e+07	7.26886e+07	4.03116e+07	3.45443e+07	6.47792e+06	8.53392e+06	8.4412e+07	7.52538e+06	5.27564e+07	2.04679e+07	1.13468e+07	3.59115e+07	9.57703e+06	1.26587e+07	9.55829e+06	2.00219e+07	1.61525e+08	1.88698e+08	1.63142e+08	2.95162e+08	6.50355e+07	3.80211e+07	2.79304e+07	4.36022e+07	2.05405e+07	1.32637e+07	7.39e+06	9.02074e+06	3.67307e+07	1.75613e+07	3.91922e+07	1.20107e+07	1.51094e+07	2.57005e+07	1.35353e+07	1.45359e+07	1.26819e+07	7.8795e+06	4.74104e+07	1.17988e+08	4.97965e+07	1.16931e+08	8.69581e+06	8.19747e+07	1.93853e+07	6.04207e+07	7.41205e+07	2.20323e+08	5.27779e+07	1.1068e+08	7.14481e+07	1.52888e+08	5.09567e+07	5.35756e+07	9.60678e+07	6.8748e+07	3.1044e+07	5.54309e+07	1.28836e+07	3.40828e+07	1.59907e+07	1.22931e+08	7.75237e+06	2.73472e+07	3.37009e+07	8.68112e+07	3.76711e+06	1.75865e+08	1.05912e+08	5.9563e+07	5.26475e+06	5.28753e+06	5.22175e+07	2.95666e+07	1.28713e+08	5.45261e+07	3.07687e+06	1.5331e+07	1.12762e+07	1.53896e+06	6.70321e+06	907975	6.11005e+07	3.65729e+07	3.56516e+06	1.22001e+06	2.01616e+07	968824	1.09184e+06	4.85583e+06	7.60003e+06	2.57704e+07	3.98089e+06	5.98757e+06	8.34995e+06	3.43285e+07	3.42389e+06	2.0087e+06	5.06416e+06	2.20699e+06	4.61127e+06	4.8167e+06	1.30617e+08	1.37195e+08	4.15732e+08	9.04159e+07	1.86856e+08	2.27088e+08	6.39368e+07	9.06999e+07	5.75949e+08	2.88566e+08	1.4566e+08	5.12988e+07	3.05742e+07	3.24791e+07	2.17683e+08	1.03188e+08	1.48846e+08	2.96582e+08	2.45983e+08	1.40129e+08	4.9214e+07	9.40401e+07	6.67681e+06	1.10044e+07	8.37692e+07	1.03815e+08	2.9678e+08	4.50284e+08	2.68803e+08	2.40179e+08	4.30866e+07	1.49918e+08	2.94147e+08	6.00047e+08	1.09233e+08	3.99494e+08	1.23847e+08	2.74505e+08	8.24404e+07	1.06238e+08	1.25071e+08	4.03591e+08	1.14294e+08	9.30035e+07	4.66504e+08	6.82847e+07	1.537e+08	4.41486e+07	1.00085e+08	5.03742e+07	7.59357e+07	4.97563e+07	4.55296e+07	4.57339e+07	9.82523e+07	6.88683e+07	1.36636e+08	8.06559e+07	
data	data	SFG_L_7_1	SFG_R_7_1	SFG_L_7_2	SFG_R_7_2	SFG_L_7_3	SFG_R_7_3	SFG_L_7_4	SFG_R_7_4	SFG_L_7_5	SFG_R_7_5	SFG_L_7_6	SFG_R_7_6	SFG_L_7_7	SFG_R_7_7	MFG_L_7_1	MFG_R_7_1	MFG_L_7_2	MFG_R_7_2	MFG_L_7_3	MFG_R_7_3	MFG_L_7_4	MFG_R_7_4	MFG_L_7_5	MFG_R_7_5	MFG_L_7_6	MFG_R_7_6	MFG_L_7_7	MFG_R_7_7	IFG_L_6_1	IFG_R_6_1	IFG_L_6_2	IFG_R_6_2	IFG_L_6_3	IFG_R_6_3	IFG_L_6_4	IFG_R_6_4	IFG_L_6_5	IFG_R_6_5	IFG_L_6_6	IFG_R_6_6	OrG_L_6_1	OrG_R_6_1	OrG_L_6_2	OrG_R_6_2	OrG_L_6_3	OrG_R_6_3	OrG_L_6_4	OrG_R_6_4	OrG_L_6_5	OrG_R_6_5	OrG_R_6_6	OrG_R_6_6	PrG_L_6_1	PrG_R_6_1	PrG_L_6_2	PrG_R_6_2	PrG_L_6_3	PrG_R_6_3	PrG_L_6_4	PrG_R_6_4	PrG_L_6_5	PrG_R_6_5	PrG_L_6_6	PrG_R_6_6	PCL_L_2_1	PCL_R_2_1	PCL_L_2_2	PCL_R_2_2	STG_L_6_1	STG_R_6_1	STG_L_6_2	STG_R_6_2	STG_L_6_3	STG_R_6_3	STG_L_6_4	STG_R_6_4	STG_L_6_5	STG_R_6_5	STG_L_6_6	STG_R_6_6	MTG_L_4_1	MTG_R_4_1	MTG_L_4_2	MTG_R_4_2	MTG_L_4_3	MTG_R_4_3	MTG_L_4_4	MTG_R_4_4	ITG_L_7_1	ITG_R_7_1	ITG_L_7_2	ITG_R_7_2	ITG_L_7_3	ITG_R_7_3	ITG_L_7_4	ITG_R_7_4	ITG_L_7_5	ITG_R_7_5	ITG_L_7_6	ITG_R_7_6	ITG_L_7_7	ITG_R_7_7	FuG_L_3_1	FuG_R_3_1	FuG_L_3_2	FuG_R_3_2	FuG_L_3_3	FuG_R_3_3	PhG_L_6_1	PhG_R_6_1	PhG_L_6_2	PhG_R_6_2	PhG_L_6_3	PhG_R_6_3	PhG_L_6_4	PhG_R_6_4	PhG_L_6_5	PhG_R_6_5	PhG_L_6_6	PhG_R_6_6	pSTS_L_2_1	pSTS_R_2_1	pSTS_L_2_2	pSTS_R_2_2	SPL_L_5_1	SPL_R_5_1	SPL_L_5_2	SPL_R_5_2	SPL_L_5_3	SPL_R_5_3	SPL_L_5_4	SPL_R_5_4	SPL_L_5_5	SPL_R_5_5	IPL_L_6_1	IPL_R_6_1	IPL_L_6_2	IPL_R_6_2	IPL_L_6_3	IPL_R_6_3	IPL_L_6_4	IPL_R_6_4	IPL_L_6_5	IPL_R_6_5	IPL_L_6_6	IPL_R_6_6	PCun_L_4_1	PCun_R_4_1	PCun_L_4_2	PCun_R_4_2	PCun_L_4_3	PCun_R_4_3	PCun_L_4_4	PCun_R_4_4	PoG_L_4_1	PoG_R_4_1	PoG_L_4_2	PoG_R_4_2	PoG_L_4_3	PoG_R_4_3	PoG_L_4_4	PoG_R_4_4	INS_L_6_1	INS_R_6_1	INS_L_6_2	INS_R_6_2	INS_L_6_3	INS_R_6_3	INS_L_6_4	INS_R_6_4	INS_L_6_5	INS_R_6_5	INS_L_6_6	INS_R_6_6	CG_L_7_1	CG_R_7_1	CG_L_7_2	CG_R_7_2	CG_L_7_3	CG_R_7_3	CG_L_7_4	CG_R_7_4	CG_L_7_5	CG_R_7_5	CG_L_7_6	CG_R_7_6	CG_L_7_7	CG_R_7_7	MVOcC	MVOcC	MVOcC	MVOcC	MVOcC	MVOcC	MVOcC	MVOcC	MVOcC	MVOcC	LOcC_L_4_1	LOcC_R_4_1	LOcC_L_4_2	LOcC_R_4_2	LOcC_L_4_3	LOcC_R_4_3	LOcC_L_4_4	LOcC_R_4_4	LOcC_L_2_1	LOcC_R_2_1	LOcC_L_2_2	LOcC_R_2_2	Amyg_L_2_1	Amyg_R_2_1	Amyg_L_2_2	Amyg_R_2_2	Hipp_L_2_1	Hipp_R_2_1	Hipp_L_2_2	Hipp_R_2_2	BG_L_6_1	BG_R_6_1	BG_L_6_2	BG_R_6_2	BG_L_6_3	BG_R_6_3	BG_L_6_4	BG_R_6_4	BG_L_6_5	BG_R_6_5	BG_L_6_6	BG_R_6_6	Tha_L_8_1	Tha_R_8_1	Tha_L_8_2	Tha_R_8_2	Tha_L_8_3	Tha_R_8_3	Tha_L_8_4	Tha_R_8_4	Tha_L_8_5	Tha_R_8_5	Tha_L_8_6	Tha_R_8_6	Tha_L_8_7	Tha_R_8_7	Tha_L_8_8	Tha_R_8_8	
8.46563e+06	SFG_L_7_1	0	1.51075e+06	793134	1889.67	474534	106.767	302731	152929	20566.6	33023.5	28653.5	0.852577	7.56655	0	0.0128205	4323.99	0	117.785	0	0.00617284	0	0	260.815	22355.1	0	0	0	0.208429	0	0	0	0	0	0	0	0	0.010101	0	0.010101	0	0	0	0	0	0	0	0	0	0	0	0	0	0	0	0	0	60.8124	0	38.6692	0.746268	0	0	0	0	2828.15	50.5902	424.34	32.8936	0	0	0	0	0	0	0	0	0	0	0	0	0	0	0	0	0	0	0	0	0	0	0	0	0	0	0	0	0	0	0	0	0	0	0	0	0	0.00387597	0	0	0	0	0.00497512	0.00497512	0	0	0.325361	0	0	0	0.126344	0.0200513	0	0	0	0	394.303	0.166141	17.8994	0	0	0	0.0256505	0.00555556	0	0	0	0	0	0	0	0	0	0	0	0	0	0	392.377	33.3177	7114.64	66.6155	181.429	0.199312	275.077	129.976	0	0	0	0	0	0	22.5413	0	0	0	0	0	0	0	0	0	0	0	0.010101	0	26.6606	0.103258	6211.51	7.13937	37.0108	0.243146	2118.57	46.131	1459.91	3945.68	585.048	78.2795	0	0	0	0	0	0.00555556	0	0.016282	0	0.132821	0	0.410814	0	0	0	0	0	0	0	0.00387597	0	0.105392	0	0.0182786	0	0	0	0	3.2715	0	0.325361	0.00546448	0	0	0.00387597	0	0	0	0	0	40156.6	820689	0	0	0	0	0.0779126	0	0	0	0	0	0	0	0.00666667	0	0	0	0	0	
8.39283e+07	SFG_R_7_1	1.51075e+06	0	866068	4.31434e+06	3.43315e+06	3.20123e+06	2.25831e+06	1.67978e+06	18771.7	257943	91961.2	1.56141e+06	716.124	1.34409	0.317355	160707	0	197.492	0.107112	517.918	8.15724	11890.1	184930	145495	202.072	40.9607	0.00641026	944.751	0.0070922	60795.5	2.33025	35055.2	1.17168	261154	0.149039	10.9166	0	7115.95	0.104072	340264	0	0	0	1.84678	0	0	0	0.0668901	0.00320513	0	0.0229953	0.037037	0.435156	5.09802	1965.26	0.900105	832.255	0.154858	4324.95	533.552	0	327.291	0	4162.68	0	5427.03	0.328817	531.703	0	0.234734	0	6.22929	0	0.0471235	0	9.35538	0.00505051	0.00411523	0	0	0	1850.84	0	10.7649	0	2159.27	0	51.9345	0	1.04515	0	0	0	9.30664	0	511.687	0	3249.5	0	201.828	0	13.6252	0	1112.07	1.21329	125.824	0.00275482	0.252501	0	26.316	0	17.5265	0	3.15377	0	83.7946	0	0.250411	0	195.235	0	120.082	0	1.36187	21.9159	15351.5	5.96336	4000.04	0	559.483	2.45165	10.4973	4.49984	10756.5	0.0278559	1443.93	0	70.7514	0	0.0269608	0	4089.9	0	4.54924	0	6179.09	2.2827	28997	0.00497512	8146.34	0.47903	8891.33	0	176207	0.22025	0.487101	0	1.52804	0.0313597	0.103393	24.174	37.3688	0	7579.77	0	0	0.00505051	3.80532	0.00505051	84765	0	31.3692	0	386.781	0.241831	2790.14	32991.8	9965.99	5.32512	114915	7.06471	106758	363.091	62203.3	0.111269	59202.4	0	0	244.971	8.81958	0.00308642	0.0929052	0.00308642	0.199984	74.9154	1.81628	0.00308642	0.053953	0.0136929	513.019	0	3.89275	0.00308642	0.0373496	211.401	8.92128	0.0164819	421.045	0.278909	80.2135	0.00378788	1293.75	0	1.77853	304.184	1.10602e+06	0	1119.09	0.00271003	6.44434	1347.96	1.52452e+07	0.440134	3.7844	0.00271003	5.49321	799.867	1.28467e+06	0.384396	136259	0.00311526	41679.7	5719.61	2.33109e+06	108.493	12.0499	0.333782	2731.42	1.94427	131376	0.0545678	53231	0.00340136	11801.4	65.144	429362	
8.04445e+07	SFG_L_7_2	793134	866068	0	235.386	9.74732e+06	7094.46	3.08457e+06	4653.11	4.47306	357.048	0.00546448	2207.6	0.024026	4.08631	1.29009e+06	685.146	9247.15	10.3585	274.49	0.237896	114605	0.497079	2.15686e+07	4891.08	46274.9	0.0277898	34.8441	2.11586	11449.5	0	21544.4	1.02443	29658.5	3.61936	66.7486	0.842986	196.914	0.0474802	1861.83	0	0	0	0	0.0861343	0	0	0.0553577	0.0793222	0	0	117.258	0.00238095	0.194789	0	4260.76	0.0624344	3818.63	0.135077	57.9631	4.31547	0.587839	0	1.47654	0	0.926431	1.75876	0.366958	0.594941	0.644234	0	0	0.0546356	20.4748	0.224734	0.00483092	0.123141	3591.08	0.00248756	5545.76	0.0142639	0.257824	0	1098.91	0.026214	0.514456	0	0.339331	0.119054	0.175716	0	0.47719	0	18.3494	0	0.32556	0.0114175	0.487774	0	0.13099	0	0.00416667	0	1.21989	0	0.00505051	1192.4	0.955804	0.0372731	0.0998146	0	0.00406504	0	0	0	0.0159732	0	0.190744	0	0.00406504	0	0	0	0.00483092	0	20.5711	16.9111	24.1738	0.427552	8.65115	0.0162626	727.443	0.566149	50.4305	4.95883	30.6573	0.0129335	12.3088	0	0.0719384	0	1.01357	0	17.4983	0	0.0525734	0.00350877	0.264059	10.5056	0.00512821	4.93136	0.0408398	1.14221	0	33.0372	108.58	0	0.686151	0	0.235433	0	8045.95	0.126987	164.363	0.248741	0.0752246	0	374.35	0	42282.8	0.344225	7.92079	0	8089.19	0	0	0.0272109	41.1617	38.7033	0.111632	0.00606061	0.0231934	1.18463	0	0.138552	0	0.118058	0	0	6.87427	2167.58	89.7523	0.00383142	32.7285	0	4.53062	0.513178	149.746	0.0532228	501.358	0.0129335	0.0676927	0	30.4262	0	0.932096	5944.25	1319.08	0.332397	124.647	0.204113	0.0623642	0	0.615224	0	3384.24	24.3963	18.7863	0.00226757	0	4.55795	169979	37.6445	200.291	4.03664	16.347	0.37521	563515	172694	11373	9.83827	1437.21	0.0988745	1.30221e+06	0.0612984	198.207	1.10293	5071.7	0.0612984	12438.9	0.887167	14998.4	0.00326797	27835.4	0	241499	0.247196	
2.84339e+07	SFG_R_7_2	1889.67	4.31434e+06	235.386	0	5984.63	2.06895e+06	2392.16	341464	0.782083	0	619.582	0.0133333	0.0598623	0.24647	0.00512821	5.60044e+06	0	482.368	0.00512821	7312.33	0.00584795	29416.7	180.089	334712	0.842017	113165	0	5297.45	0	22955.1	0.026763	44423.4	0.00617284	171416	0.0945397	104.956	0	25396.6	0	117945	0	0	0	18.1148	0	0	0	0.0045045	0	0	0.00564972	0.312717	0.0144928	2.87784	0.603723	3187.13	2.82497	19.7091	0.595484	0.601137	0	823.318	0	3958.23	0	0.445312	0	0.143986	0	0.0117693	0	15.027	0	0.43939	0	20.1812	0	0	0	0.00497512	0	1127.34	0	1.70434	0	883.209	0	21.6058	0	0.985307	0	0.00512821	0	18.1823	0	418.268	0	1288.19	0	162.628	0	7.98393	0	1388.81	0.00421941	94.6979	0	0.135844	0	0.165306	0	0.00362319	0	4.40797	0	0	0	0	0	0	0	56.7324	0	1.25674	0.00350877	7335.1	0.0140366	1339.04	0	352.148	0	1.66378	0	6672.51	0	890.954	0	132.314	0	0.819563	0	11953.2	0	16.1681	0	24343.5	0	142.117	0	0.00584795	0	722.591	0	125.932	0	0.95283	0	37.9541	0	3.26793	0.0322552	11.2969	0	5128.23	0	0	0	7411.82	0	81151.3	0	1020.24	0	10777.8	0	0	0.068869	0	0.00740741	0	0	0	0	0	0	0	0	0	0.611367	0	0	0	0	2.67363	0.159448	0	0	0	0	383.902	0	3.40953	0	0.725625	0.204294	0.00411523	0	2145.27	0.00347222	175.348	0	28.8986	0	0.00333333	1.78213	2716.28	0	161.015	0	0.0159535	5.7276	699805	0.00421941	0.0352304	0	1.26714	17.6965	1713.37	0.00350877	126077	0	20.5434	19.7589	1144.55	0.35032	0.390554	0	0.993194	0.00358423	82.7737	0	52.3632	0	11.6163	0	151.48	
1.88092e+08	SFG_L_7_3	474534	3.43315e+06	9.74732e+06	5984.63	0	2.44493e+07	11.0707	564.84	0.995561	218.047	7.2175e+06	3.40983e+06	1.28865e+07	2.02657e+06	4.28888e+06	54072	10077.4	189.215	4.0176e+06	7161.44	9.53688e+06	177.044	77848.7	138120	4.04994	0.0960905	663682	338716	17531.7	0.0194211	293560	165.354	213571	100.064	88263.4	16.0703	2578.87	0.986012	5998.51	0	0.182135	17.1944	0.00182149	376.544	0.0981707	0	28.4791	44014.4	0.13611	0.308318	534371	18.4192	0.554694	0.00308642	4.06188	0.0436414	108.004	0.0349224	27.6307	2.43124	0.803756	0.0138934	2.1632	0.0730962	638.493	6.73489	30.1073	9.21025	0.488353	1.59398	0	2.04914	13.7298	0.637772	0	3.33386	2105	0.0632174	10928.8	0.731448	0.13051	0.141485	6263.03	0.148949	8.37881	0.00998766	0.0586559	0.589596	0.687767	0	1.76834	0.00262467	3090.25	0.0453356	0.423659	0.0976492	9.39617	0.022918	0.13364	0.00262467	0.00340136	0.0103384	520.893	0.407425	0.0127315	1027.3	2.19156	0.0265533	2350.2	0.0865835	0.0418264	0.971095	0	0.280498	4.23012	0.035607	2327.02	0.0262272	0.291714	17.3561	0	0	0	0	1499	192.837	445.648	11.3134	45.1326	1.16295	3709.63	1.22834	399.301	119.447	55.0785	1.66649	38.1924	0.538415	0.105667	0	1.87427	0	321.697	0	0.184402	0.030002	7107.82	100.938	11250	18.0353	11296.7	305.639	13083.7	353.932	20.963	0	0.786315	0	1.25745	0	2869.39	1.63928	89.8718	4.63349	0	0.00444444	844.656	0.00574713	65756.6	15.2396	2.82439	0	2747.86	0	7101	11.4301	512899	654004	745.158	34.1709	68542.8	1275.21	2714.85	5.11426	17946.2	9.56149	51.8732	553.201	16.8577	9293.55	332.301	0.134473	193.962	32.0513	4.72549	17.2908	706.333	241.627	2132.01	0.959998	0.147667	0	166.395	0.333327	3.24405	11656.2	4236.03	694.716	227.745	52.8902	0.0342732	0.0970941	2675.53	0.752041	14765.5	39.9836	31001.7	2.62529	0.101639	57109.6	157050	46.8638	643.152	134.813	761.086	500.049	2.75479e+06	108797	33147.2	720.334	434648	27.9773	1.39596e+06	7.52784	1387.48	6.94684	94771.5	3.04421	75525.5	5.41953	428367	0.160338	1.04712e+06	0.994956	1.97242e+06	14.0602	
1.61421e+08	SFG_R_7_3	106.767	3.20123e+06	7094.46	2.06895e+06	2.44493e+07	0	59.0836	34.6447	8.5006	5.17016	910668	7.51591e+06	2.08177e+06	8.94417e+06	154.394	5.26127e+06	5.07398	452.75	602.714	4.36685e+06	233905	485911	539.363	20013.6	4.79747	768.832	21072.6	576268	16.5741	1101.16	12749.5	645054	8125.94	539335	8.64973	93422.2	0.736102	6983.98	0.0188811	13438.6	6.15013	0.0186892	0.00182149	101031	0.151999	0.675187	52.8176	0.183523	0.0696449	0.0070922	777.474	6105.54	0.0031746	2.43258	29.6027	31.4783	273.33	5.11282	165.452	223.522	0	3221.73	0.0030303	793.252	0.0167084	161.753	0	18.0404	0	15.7189	0	120.631	0.140409	1.13077	0	83.8957	0.180953	34.8496	2.69989	0.0329441	0	1371.07	3.08297	117.644	0	178.739	0	33.5315	0.0459591	25.5659	0	0.66952	2.50027	202.236	0.0101453	1519.1	0.0234242	750.115	0	76.5933	0	61.1175	0.54695	16094.2	0.463699	949.055	0.0265542	0.965444	0	807.876	0.0116468	0.124717	0.00294985	22.6382	0	0.0130159	0.0026455	68.2416	0	0.0647057	0	86.7935	0	2.02584	50.0512	10898.2	954.506	2486.85	0	1525.98	9.25079	690.396	6.3977	17839.5	6.20602	9065	0.0518021	3110.78	0	1.57456	0	17781.7	0	30.2987	0	54188.8	49.9068	491.567	3.77353	126.577	83.0861	2899.96	1.02165	9314.55	0	9.97678	0	110.42	0	35.8186	26.1268	1905.41	0.047756	7638.04	0.119929	8.21581	0.206112	17229.8	4.35203	365948	0	4837.32	0.116745	24636.1	0.00314465	2806.02	501045	732172	1424.8	16663.7	0.0781304	37307.9	2.22806	1022.6	1.15935	5221.98	741.987	6.3388	219.633	56.0582	1190.21	0.147655	89.8895	487.947	11.5891	0.879787	1931	99.8465	14.1206	4281.34	0.0444336	14.1347	98.7726	221.051	112.939	33.4525	1001.88	64813.5	102.275	17416.2	0	196.207	0.00311526	1560.09	8.69107	97955.7	1.40155	27767.4	0	26680.3	532.134	4.63766e+06	142.182	28426.5	92.7392	766004	2.43754	2.50668e+06	6.68152	2.07908e+06	1.10033	1.9416e+06	4067.7	2.92619e+06	200.731	99.784	0.150274	122074	44.988	265504	1.43077	229356	1.04883	467658	80.2633	1.03305e+06	
6.41422e+07	SFG_L_7_4	302731	2.25831e+06	3.08457e+06	2392.16	11.0707	59.0836	0	1.18368e+06	4.74275e+06	630030	0	0.0898752	0	0	0.0351852	0.489563	21.1263	0	0.729498	0.00294985	30.2982	0	315509	0.245584	1.05159e+06	0.107931	0.409035	1.36829	0	0	2.80458	0	0	0.034492	50.46	0	0.00900901	0	0.0904762	0	0	0	0.00520833	0	0.00520833	0	0.0180795	0.419325	0.71084	0	10.3046	0	32.9619	0	558551	0.893651	7550.13	0.529703	671843	88.8717	0.0398099	0	279.452	0	0.00564972	89.303	0	279.97	76.4299	0	0	0	0.010101	0.0126478	0	0	637.972	0.00277778	59.4461	0	0.00724638	0	16.8847	0	0	0	0.00724638	0.0119048	0	0	0	0	0.413021	0	0.0202067	0	0	0	0	0	0	0	0.443744	0.00245098	0.314334	1585.26	0	0.403054	0	0	0	0	0	0.00245098	0	0	0.105473	0	0	0	0	0	0	0	1.6188	13.1991	2.82292	0.486242	0	0	91.1611	12.3916	0.0930326	0.421602	0.0576429	0.00289855	0	0	0	0	0.00694444	0	0	0	0	0	0.185154	8.06396	0	285.962	0.00421941	0.491661	0	64.3383	242.353	0	0	0	0	0	5333.07	0.825226	0.00456621	0.0129603	4.82555	0	124.474	0	4556.18	0.0277737	248.736	0	3454.7	0	0	0	0	0	0	0	0	1.19534	0.0502646	7.64977	0	0.480406	0	0	107.508	1127.49	44.1819	0	42.8333	0	136.412	11.7283	55.2192	0.013641	0.200082	0.00289855	0	0	40.3669	0	190.088	5591.65	0.149055	0.318494	0.467375	0.00350877	0.681711	0.242812	0.997227	0	196634	258.257	0.396596	0.00245098	3.03612	3.61812	2.61314e+06	716.379	39.4187	0.903928	1.1529	1.68204	70915	146609	248446	0.52168	580.761	4.6985	1.32401e+07	0.772497	4721.03	3.07879	13530.1	3.10094	24987.4	0.00421941	3107.01	0.0026455	23055.2	0.00925971	649611	3.87538	
8.22543e+07	SFG_R_7_4	152929	1.67978e+06	4653.11	341464	564.84	34.6447	1.18368e+06	0	987457	5.32074e+06	4.69211	0.00854701	0.0352235	10.5196	0.00387597	79.1436	0	900.314	0	3.88615	0.0816777	208.27	47.3856	19248.8	9.68251	391562	0.035304	60.3879	0	2080.88	0	278.453	0	280.353	0	0.192573	0	1411.41	0	1204.55	0	0	0	0.851243	0	0	0	2.8703	0	0	0	0.218059	0.00387597	12.2524	44360.4	348739	12386.7	1140.98	243006	3291.82	0	0.010101	0	1090.33	0	12.0654	24923.6	24.4378	0.00438596	0.0047619	0	0.00666667	0	0	0	0.00606061	0.00401606	0.00273224	0.00401606	0	0	2.2064	0	0.229352	0	24.4566	0	0.17026	0	0.0383075	0	0.0196121	0.0866454	1.28692	0	3.54589	0	39.0857	0	0.330763	0	0.373949	0	45.7415	0.917286	29.1455	0	0.0035461	0	0.0303051	0	0.0035461	0	0.228667	0	0	0.00362319	0	0	0	0	0.00444444	0	0.00606061	0.862525	6236.11	0.0585605	437.433	0	2316.85	0.409869	372.877	0.279314	9625.21	0.0117495	136.709	0.003663	37.4139	0	0.35305	0	2.9734	0	26.5186	0	0.85261	0	63.4234	0	1.45576	0	226.992	0	86.5576	0	1.26339	0	0.00757576	0	0.394584	10.2455	263.771	0	893.931	0	0	0	0.0705842	0	3427.34	0	0.155212	0	162.234	0	0	81.6722	0.00900901	0	0	0	0	15.9234	0	0	0	0	0	185.876	75.8143	0.0129462	0.0180213	0.00326797	0.52117	199.359	15.042	0.0285936	0.219914	0.0269317	48.8703	0	0.890416	0.0129462	0.728796	186.35	28.9677	0.0118633	89.6402	0.113477	15.2482	0.0192462	2736.91	0.0160183	0.00333333	56.8916	6.53243e+06	0	6.94424	0.00980392	313.478	313.811	2.29969e+07	2.64511	5.66996	0.0119777	305.763	0.0111111	54239.6	0.056475	108360	0.0154386	3192.64	936.73	563654	24.5644	39.6599	0.227728	1355.43	0.747817	29981.6	0	3634	0	5966.74	242.014	29307.2	
2.56003e+07	SFG_L_7_5	20566.6	18771.7	4.47306	0.782083	0.995561	8.5006	4.74275e+06	987457	0	1.74011e+06	0	0.517366	0	0.00740741	0	0.015506	0.0104167	0	0	0	0.00483092	0	1.53212	0.00374532	4.02275	0	0	0.483344	0	0	0	0	0	0.033969	0.00574713	0	0	0	0	0	0	0	0	0	0	0	0	0.214172	0	0	0	0	6.15168	0	486399	0.762312	121.01	0.0340938	2.8708e+06	8522.79	0	0	43.3701	0	971.961	586.228	31995.6	38446.6	0.23457	0	0	0	0	0	0	0	0.656467	0	0	0	0	0	0.00490196	0	0	0	0	0	0	0	0	0	0.124068	0	0	0	0	0	0	0	0	0	0.0137472	0	0.308698	19.5161	0	0.0157796	0	0	0	0	0	0	0	0	0	0	0	0	0	0	0	0	8.04162	15.59	0.0933333	0.219372	0	0	2.20645	10.3798	0.00392157	0	0.0162995	0.00282486	0	0	0	0	0	0	0	0	0	0	1.41171	17.3342	124.55	463.396	1.02866	0.175578	0.596966	131.773	0.00411523	0	0	0	0	0	35.1424	0.768811	0	0	0.00900901	0	0.0211561	0	16.9501	0	0.354927	0	53.4719	0	1.09902	2.31234	0.00757576	0.0666667	0.0111111	0.258041	11.0281	18.0649	2770.5	57790.9	70.025	5202.12	0	0	29.3625	88.0807	0.76324	0	0.525511	0	33.594	0.347729	1.1419	0.00358423	0.10724	0.00282486	0	0	1.28687	0	50.0661	159.241	0.0045045	0.0122987	0.125549	0	0.434282	0.0934575	0.00350877	0	55419.2	13.9888	0	0	0	1.10197	299345	77.2373	1.00503	0.0647549	0.537966	0.383786	2938.88	648.503	3841.3	0.00292398	25.46	0.920846	1.35187e+06	0.0359687	2558.15	1.47595	1300.01	0.55693	2908.69	0	463.751	0.0026455	2602.58	0	61427.4	0.559088	
2.49226e+07	SFG_R_7_5	33023.5	257943	357.048	0	218.047	5.17016	630030	5.32074e+06	1.74011e+06	0	0.558592	21.3229	0.00595238	1.77662	0	0	0	0	0	0	0.00314465	0	1.43642	0	0.0917815	0.0119048	0	8.63413	0	0	0	0	0	0	0	0	0	0	0	0	0	0	0	0	0	0	0	0.224693	0.00793651	0	0	0	0.00347222	0.0438218	248444	4805.06	431236	0.0144928	1.80142e+06	142190	0	0	0	0.0334119	0.559816	9259.59	6363.97	402287	0	0	0	0	0	0	0	0	0	0	0	0	0	0	0	0	0	0	0	0	0	0	0	0	0.0136756	0	0	0	0	0	0	0	0	0	0	0	0.0360635	0.246463	0	0	0	0	0	0	0	0	0	0	0	0	0	0	0	0	0	0	0	57.1817	0.00529101	0	0	0.00877193	0.0590757	0.896076	0	0.0883459	0	0	0	0	0	0	0	0	0	0	0	0	0.00529101	1.60618	0	752.145	0.00529101	0	0	11.0324	0	0	0	0	0	0	2.65794	0.644217	0	0	0	0	0	0	0	0	0	0	0	0	0.00421941	0	595.607	32.6941	0	0.686206	0.0195499	0.355313	109.546	98065.7	0.0671717	55228.7	0	0	5.4557	2.1678	0	0	0	0.00362319	8.82928	0.497193	0	0	0	0	0	0	0	0.00362319	4.26634	0.946632	0	0.0156852	0.0129699	0.00421941	0	0.0321332	0	0	1.6446	369595	0	0	0.0398099	137.117	23.0304	865866	0.130245	0.0947904	0	60.7019	8.55049	7456.25	0.00292398	0.0213505	0.612284	29.4726	74.1102	33507.2	7.07863	35.7358	0.106015	116.927	9.53763	88.1698	3.86073	0.343336	9.31551	16.4707	27.1178	856.393	
1.75163e+07	SFG_L_7_6	28653.5	91961.2	0.00546448	619.582	7.2175e+06	910668	0	4.69211	0	0.558592	0	121882	285196	187.083	46.8111	3169.44	0.393831	0.0103365	3.70606	98.4665	822.597	9.34532	0	3696.05	0	0.0235605	15.0286	1279.49	0.0111111	0	1.09846	3.28664	0.271508	0	0.0836458	0.311578	0.388715	0	0	0	0.134127	0.00520833	0	29.9382	0.00641026	0	0.14379	0.0547388	0.0946887	0	5.06422	1.04065	0	0	0	0	1.39476	0	0.0921611	0.00271003	0	0	0	0	144.115	0.0426774	0.412098	0.0526424	0	0.00520833	0	0.00314465	0	0	0	0.00314465	0.00653595	0	0.226635	0.00314465	0	0.00236407	0.226635	0.00236407	0	0	0	0.00236407	0	0	0	0	2.44948	0.00362319	0	0.00252525	0	0	0	0	0	0	0.00456621	0.0327281	0	0.00268817	0	0	0.377967	0	0	0.22928	0	0.119116	0.795681	0	0.377967	0	0.0793893	5.58477	0	0	0	0	387.916	0.0152426	81.3356	0.274776	0.00462963	0.011704	0.734775	0.0485019	0.0420579	0.122506	0	0.0272044	0.00469484	0.0272044	0	0	0	0	0.017667	0	0	0	3064.47	5.45618	10928.9	0.0816523	3510.67	39.4306	4116.65	6.45122	0	0	0	0	0	0	0.77591	0.0281894	0	0.00330033	0	0	0.00653595	0	1.29896	0.0807971	0	0	0.0256505	0	1353.3	0.191794	31369.3	6864.95	2535.44	54.2333	16409	109.605	5901.08	5.15833	4751.67	8.37912	0.105556	0	0.00456621	1.00476	0	0.0174668	0.0166693	1.52521	0.00456621	2.57478	0.00421941	22.9662	0.163643	0.00294985	0	0	0.0166693	0	0	0.757329	0.113238	43.8187	0	4.01056	0	0.0103384	0.299441	0	23.926	0.147387	17.023	0.264825	0	1.0355	49.1534	0.1884	0.0689392	0.641124	0.0392603	2.45899	306.018	0.921592	4.31259	2.15798	2.21119	0.0280817	57.8872	0.0280817	0.00254453	0	4.87014	0.0117036	0.269235	0	14.0743	0	69.8483	0	9.04828	0.0117036	
2.92836e+07	SFG_R_7_6	0.852577	1.56141e+06	2207.6	0.0133333	3.40983e+06	7.51591e+06	0.0898752	0.00854701	0.517366	21.3229	121882	0	308668	667758	7.38472	4.49538	0.178271	0	10.0144	0.0338715	9113.53	0.537264	8.34294	3.18403	0.0153338	0	20828.2	1.05157	0.741013	0.045977	828.607	17.8936	459.68	298.528	0.179188	0.25159	0.0350877	0.165476	0	4.78174	0	193.291	0	0.20524	15.8508	0	6517.43	0	0.0302198	16.0617	22.461	0.237234	0	0	0.0146538	0	0.722332	0	0.355904	1.11261	0	0	0	0	0	11.7311	0	0.770083	0	0.413432	0	0.00512821	0	0	0	0.00512821	0.00505051	0	0.046183	0	0	0	0.046183	0.312205	0	0	0	0	0	0	0	0	0	0.163324	0	0.0181331	0	0.00444444	0	0	0	0.00401606	0	9.56177	0.0042735	0.0692699	0	0	0	5.34608	0	0.494586	0	0	0	0.981309	0	0.958585	0	3.80172	0	0	0	0	0.00343643	0.18835	0.515437	0.0429097	0	0	0.0334749	2.05552	0	0	0	0	0	0	0	0	0	0.0261538	0	0	0	0.166065	1.00573	988.994	0.023913	71.6234	0.308107	1077.96	0	51358.7	0	0	0	0	0	0	0	0.0861672	0	0.122912	0	0.00813008	0.00505051	0	0.0817794	1.8507	0	0	0	0	0.0878233	9872.56	32938.6	201428	93.6516	455914	2.4247	127094	0.0623188	21290.9	0.00520833	48319.7	142.061	2513.68	0.0042735	0.102884	0	0	0	0.00416667	0.0184127	0	0	0.0176981	0.0037037	0	0	0	0	0.0165638	0.00416667	0.0386323	0.0037037	0.544207	0	0.00520833	0	0.443934	0	10.0115	0.0301937	459.705	0	104.7	0.010101	0.0716047	1.79451	3222.97	0.00208333	5.47652	0.0037037	0.040238	0.031746	24398.5	0.0966384	6.88077	0.0148308	3617.14	8.64563	13874	0.0160146	1.04086	0	246.127	0.0342632	3197.62	0	1996.6	0.004329	2277.89	0.334352	9184	
8.28614e+07	SFG_L_7_7	7.56655	716.124	0.024026	0.0598623	1.28865e+07	2.08177e+06	0	0.0352235	0	0.00595238	285196	308668	0	6.58736e+06	0	0.0754582	0	0.0220596	14259.2	3799.57	56274.5	0.0289449	0.024026	0.0754582	0	0.0238513	1.28916e+07	1.83451e+06	0	0	0.108466	0.00246914	0	0	495.439	0.0387927	0	0	0	0	176686	8745.18	605.403	303.095	45.553	0.00757576	1464.74	151675	447.585	443.262	701752	6.81655	0	0	0	0.00311526	0.215621	0.00294985	0.203074	0	0	0.0116968	0	0	233.13	0.00374532	0	0	5.30295	1.86426	0	0.0031746	0.00606061	0.0737579	0	0.0123552	274.519	0.0266332	323.203	0.0490304	0	0.00260417	62.0302	0.010101	0.0174299	0	0	0.0471411	0	0	0.00411523	0	2.93761	0	1.73387	0.003003	0.0611244	0	0.00411523	0	0	0	2.83692	0.224272	0	0.0104987	0.062945	0	7.80185	0.0873021	0.0165056	0.584553	0	0.201623	0.409164	0.035607	6.35398	0.00347222	0.0157934	5.99589	0	0.00260417	0	0	71.4398	0.49939	73.4749	5.32478	0	0.0254986	1.4578	0.0115079	25.7952	0.499484	7.28525	0.227958	30.4351	0.331446	0.00529101	0	0.021164	0.00282486	12.5074	0	0	0.00289855	6090	12.4429	9605.95	0.0648713	4888.05	478.606	17400.5	96.5864	0.0161622	0	0.0047619	0	0.0161622	0.00287356	0.0369939	0.011139	0.0047619	0.0649153	35.0698	0	0.00401606	0	217.21	2.01087	0	0	0	0	5299.35	157.406	891686	1.75897e+06	157492	123.818	13997.2	783.473	10459.1	14.8324	81982.4	6.10361	306854	36759.2	2.05641	0.0042735	663.778	0.0561624	1347.26	35.073	0.00497512	3.98764	2509.49	246.229	270.249	0.104519	0.0130153	0	1663.84	0.300518	1.27577	0.0327374	578.688	1059.2	21.1044	78.9701	0.00358423	0.00239808	7.78043	0.211863	24.777	0.858067	33.0738	1.40886	0.389295	99025.7	89.4952	0.72935	51.8056	249.156	22910.8	173.263	927.342	3.07662	233.359	120.868	105.369	28.8549	78.7505	5.18482	0.027676	0.00347222	48.0436	2.82404	0.608426	0.372201	3.49549	0.309751	119.877	0.88313	34.4077	8.28206	
6.70684e+07	SFG_R_7_7	0	1.34409	4.08631	0.24647	2.02657e+06	8.94417e+06	0	10.5196	0.00740741	1.77662	187.083	667758	6.58736e+06	0	0.0269388	0.396278	0	106.027	40.592	2885.37	761.81	7.20629	0.00226757	3.04636	0	263.035	1.08532e+06	4.82913e+06	0.0261538	0.0167659	1.52147	0.439473	0.755467	0.478439	0.0861282	22.9901	0	0.325744	0	0.00258398	1523.96	2.1157e+06	0.484442	13801.5	20907.1	0.864563	628490	247434	35.2313	66477.1	462.038	867.451	0	0.0376452	0	11.5244	0.00252525	1.76511	0.00512821	1.90992	0	0	0	2.70577	0.0377209	1.44277	0	0.025641	0.00574713	11.7433	0	0.465166	0.175104	0.0809524	0	0.528901	0.0230759	10.8517	1.32253	0.0285783	0	3.73402	1.81959	3.74458	0	0.534902	0	4.64341	0.025996	0.329207	0.0030581	0.0333528	5.09764	2.37569	0.0221144	6.703	0.0229188	3.93558	0	0.0136882	0	0.593477	0.401581	442.948	0.00173611	60.1915	0.103028	0.173671	0	10.3436	0.0114553	0.00297619	0.0114553	2.91719	0	0	0	0	0	0.0162088	0	0.178604	0	0.004329	13.6325	1385.87	806.014	624.49	0	128.496	0.00343643	48.1571	2.62145	2481.03	8.89117	2449.81	0.202137	746.829	0	0.00490196	0	1.21376	0	26.4566	0	8.3638	49.2928	36.5913	2.7757	0.461395	102.488	333.783	1.40008	679.742	0	1.26115	0	0.277797	0	4.2259	0.00252525	87.0879	0.0256235	244.484	0.658395	1.71826	0.00246914	0	0.888335	52113.1	0	0.829369	0.00246914	0.00387597	0.0180213	2833.94	56684.1	3.52774e+06	593.619	1353.16	0.034457	3952.43	3.6758	14.7861	2.14673	6.76019	44903.3	323001	0.235832	2.651	1308.57	0	99.1732	8143.04	0.0468385	0	2129.28	2645.85	12.0445	1425.62	0.0437597	4.27715	98.6642	9848.86	0.158249	17.452	1208.82	87443.6	122.41	12524.8	0.102185	6.3836	0	7.39366	0.15643	60.4056	1.76776	471.462	4477.3	5768.03	22.2039	3692.97	3338.56	48571.4	109.719	1.24199e+06	0.302618	5727.49	0.899678	747165	0.168344	54525.9	0.0101331	5654.65	0.341074	0.356416	0.0621547	7102.36	19.7354	123.589	1.17498	249.82	0.136822	5458.23	4.15267	8246.79	
3.68354e+07	MFG_L_7_1	0.0128205	0.317355	1.29009e+06	0.00512821	4.28888e+06	154.394	0.0351852	0.00387597	0	0	46.8111	7.38472	0	0.0269388	0	0	643.207	0	1.94846e+06	0.681861	6.46124e+06	0.0192552	3.74898e+06	0	0.0037037	0	6315.59	1.18829	1624.46	0	206574	0	171003	0	17177	0.0111142	226.683	0	711.606	0	0	0	0	0.0516658	0	0	0	0	0	0	8566.54	0	0.00262467	0	0	0	0.0211694	0	0	0.134105	0.00262467	0	0	0	0	0.0149092	0.00546448	0	0	0	0	0	1.97705	0	0	0	2106.25	0	7510.25	0	0.00374532	0.00241546	3201.43	0.010578	0.00421941	0	0.00374532	0.00241546	0.00392157	0	0.036589	0	0.926197	0	0.085272	0	0.0167722	0	0.00262467	0	0	0	0.208977	0	0	759.998	0.0623908	0.00387597	1.0288	0	0	0	0	0	0.00383142	0	1.17439	0	0.00383142	0	0	0	0	0	0.305619	0.094465	1.69773	0.059944	0.716763	0	10.8071	0.0932727	4.43825	0.0610792	15.8668	0.00343643	0.4864	0	0.00505051	0	0.020202	0	1.07176	0	0.0222284	0	0	0.00374532	0	0	0.00462963	0.033975	0	0.0353173	0.485928	0	0.0232042	0	0.0186471	0	13.1712	0.034924	29.0759	0.00273224	0	0	44.025	0	55431.6	0.0484125	0.024297	0	3475.56	0	0.00680272	0	0.0402721	0	0	0	0	0	0	0	0	0	0	0	0.225692	2543.76	6.96823	0.00374532	2.59381	0.003003	0.080901	0.0184338	40.0343	0	1224.12	0.00343643	0	0	1.45196	0	0.105394	4281.79	2084.16	0.003003	40.668	0	0	0	1.64967	0	113.043	1.01946	9.00546	0	0	0.132579	74383.3	0.553928	0.0392361	0.0735048	58.2079	0.0977204	160.931	0	8283.35	0.524294	94.2247	0.0389629	99241	0.0225108	1.17303	0.0025641	5.55363	0.0213482	2.96173	0	14.8809	0	69.2783	0	1707.38	0.0389629	
4.66774e+07	MFG_R_7_1	4323.99	160707	685.146	5.60044e+06	54072	5.26127e+06	0.489563	79.1436	0.015506	0	3169.44	4.49538	0.0754582	0.396278	0	0	0	3.24416	0.00574713	1.87744e+06	0.0236155	860763	21.446	8.51719e+06	0.317373	557.592	0.00574713	242008	0	4071.55	0.0272109	170799	0.0620748	170832	0.00680272	2061.95	0	3404.62	0.00694444	3219.7	0	0	0	279.619	0	0	0	0	0	0	0.0236155	2.63211	0	1.54515	0.288465	1669.21	2.39168	31.0614	1.57631	0.0640472	0	1074.99	0	583.34	0	0.345322	0	0	0	0.0271777	0	37.8116	0	0.372413	0	27.5879	0	0	0	0.0214445	0	606.73	0	1.40744	0	236.226	0	9.67915	0	4.07684	0	0.0665796	0	53.1663	0	401.43	0	495.196	0	23.775	0	7.80651	0	2228.91	0	192.413	0	0.24293	0	0.223508	0	0.00362319	0	6.66492	0	0	0	0	0	0	0	42.7705	0	1.73892	0.0334692	452.02	0	101.153	0	251.519	0.00374532	1.29365	0.00378788	922.232	0	1765.16	0	413.475	0	2.53597	0	27609.4	0	4.70883	0	47089.5	0	7.73154	0	0.00740741	0	106.763	0	8.26919	0.00362319	47.6476	0	75.9051	0	3.17867	0.183086	14.8856	0	2545.2	0	0	0	6556.41	0	98382.5	0	3158.11	0	12317.2	0	0	0.00320513	0.00320513	0.653578	0	0	0.00694444	0	0	0	0	0	0	1.13613	0	0	0	0	11.3176	0.173277	0	0	0	0	1103.24	0	2.47017	0	1.50253	0.736996	0.004329	0	6420.71	0	995.649	0	3.33721	0	0	0.368932	279.57	0	364.273	0	0.0429218	9.02408	69396.9	0	0.225551	0	1.66567	0.0302721	452.5	0	111203	0	213.381	50.0534	883.033	0.473168	1.15997	0	1.19421	0	4.1457	0	1.68405	0	0.452362	0	294.148	
6.88717e+07	MFG_L_7_2	0	0	9247.15	0	10077.4	5.07398	21.1263	0	0.0104167	0	0.393831	0.178271	0	0	643.207	0	0	0	11.8356	0.107778	206603	0	2.32164e+06	0	3.46067e+06	0	5.88674	0.549898	3.52861e+06	0	227952	0	195554	0	1.56305	0	55.9213	0	243827	0	0	0	0	0.00694444	0	0	0	0	0	0	7.48283	0	81347.3	0	3949.36	0	27398.2	0	0.0111111	0	213.062	0	2.1279e+07	0	0	0	0	0	0.117287	0	10610.8	0	0.115894	0	10382.3	0	36.1318	0.00297619	57.3329	0	621528	0	1706.7	0	193624	0	36813.1	0	13131.2	0	320.108	0	513.452	0	20993.6	0	14612.7	0	510304	0	10914.2	0	2429.88	0	0	2.25138	352.048	0	0.0042735	0	0.00505051	0	0.0854462	0	0	0	0.0159544	0	0	0	73325.6	0	93504.5	0	0	0	0.0788545	0	0.316178	0	0.00877193	0	0.100995	0	85.5597	0	2174.48	0	137765	0	150368	0	51.2698	0	5.25961	0	0	0.00374532	0	0	0	0.00374532	0	0	742063	0	0.119592	0	185473	0	39.2846	0	0.0840133	0	0	0	41.7136	0	1744.4	0	135.949	0	2460.67	0	0	0	0	0	0	0	0	0	0	0	0	0	0	0	0.016011	0.618973	0.0157389	0.00374532	0.00469484	0	0	0.00462963	0.0749284	0	56.8845	0	1.77688	0	0.00469484	0	0	3.14488	12.9907	0	11.82	0	0	0	0.0159544	0	13.8363	0	6.821	0	0	0.00254453	503.569	0	0.0225589	0.00308642	0	0.00254453	0.0233618	0	585.403	0.00358423	0	0.00254453	182.582	0.00254453	0	0	0	0.00254453	0	0	0	0	0.0042735	0	0.00529101	0.00254453	
2.23541e+07	MFG_R_7_2	117.785	197.492	10.3585	482.368	189.215	452.75	0	900.314	0	0	0.0103365	0	0.0220596	106.027	0	3.24416	0	0	0	62.7185	0.0419205	20472.6	4.74655	6.27111e+06	0.0345044	1.73407e+06	0	190.254	0	366780	0	61453.6	0	73502.6	0	89.0137	0	2331.81	0	25029.8	0	0	0	405.97	0	0.464727	0	0.19504	0	0.004329	0	93.5795	0	11468.1	0.0589409	17016.6	0.453735	1884.64	0.0330998	39.0126	0	0.0485009	0	2.14272e+06	0	0.0444546	0	0	0	0	0	0.0202062	0	0.0202765	0	0.0164164	0	169.99	0	4.75418	0	15088.7	0	1235.21	0	14887	0	13174.9	0	39105.1	0	218.071	0	643.988	0	12585.6	0	15815.7	0	396.257	0	1782.23	0	35882.6	0.0045045	0.963735	0	15.2545	0	0.00254453	0	0	0	0	0	0	0	0	0	0	0	2.86757	0	0.0037037	0.0154148	211.385	0.003663	54.7712	0	8093.62	0	8.70765	0	100255	0	23544.1	0	71526.5	0	2646.74	0	152.51	0	9406.53	0	9.66787	0	4.7753	0	0	0	16.0189	0	4.97407	0	21235.9	0	0	0	3380.05	0.0307535	2929.97	0	39.7696	0	0.00490196	0	0.0163605	0	3360.43	0	0.0132284	0	8.56633	0	0	0	0	0	0	0	0	0	0	0	0	0	0	0.0415079	0.00275482	0	0.0463994	0	0.0463994	0.0183917	0	0	0.0463994	0	5.54179	0	4046.93	0	0.0299746	0.016732	0.0296963	0	6.83485	0	4.10164	0	4.96001	0	0	0.307322	353.652	0	1.23351	0	0.0401288	1.12719	21503.5	0	1877.25	0	4741.93	3.02734	1031.24	0	10099.3	0	60.972	4.15188	3865.95	0.0153257	0.00387597	0.00680272	4.44389	0	13.4403	0	3.13922	0	0.885102	0.00925926	353.669	
6.00574e+07	MFG_L_7_3	0	0.107112	274.49	0.00512821	4.0176e+06	602.714	0.729498	0	0	0	3.70606	10.0144	14259.2	40.592	1.94846e+06	0.00574713	11.8356	0	0	0.55901	1.09823e+07	0.211155	1703.03	0.00574713	2.50657	0	1.12733e+07	65.0197	1.13896	0	12324.1	0.0583136	20.1637	0	69349.1	0.0244569	7.4807	0	1.15965	0	0	0.0638864	0.230092	0.0901499	0	0	0.00343643	33.3833	0	0	1.61649e+06	0.00462963	18.975	0	23.0497	0	25.6246	0	0.0212197	0.283799	0.992026	0	6.65003	0	0	0	0	0.00378788	0.704441	0.0226054	0	0.0809152	0.328513	0.00333333	0.00421941	0.205532	297.377	0	876.616	0.0509788	2.07984	0.0284283	404.561	0	0.514951	0	0.181304	0.0504759	1.4329	0	0.393664	0	38.9749	0	1.63326	0	0.406011	0	0.734337	0	0.177155	0	16.7285	0	0	0.457618	1.48334	0	51.9643	0	0.0197628	0	0.0144182	0	0.111921	0	45.3291	0	0	0	0	0	0.00401606	0	7.90175	2.50275	5.87687	0.0879294	0.123412	0.0154148	73.5284	0.0325342	64.9507	1.63602	7.76538	0.00333333	4.45567	0	0.310054	0	10.4964	0	30.7095	0	0	0.0031746	0	0.436827	0	0.0035461	0.0399647	0.281666	0	0.832318	127.489	0	0	0	23.7309	0	30.122	0.0127208	17.4434	0.0495952	0.415299	0.00574713	5507.49	0	5719.57	0.0432758	35.3422	0	194.539	0	0	0	0.0254545	0	0	0	0	0	0	0	0	0	0	0	0.737352	57.8812	8.57015	0.00350877	6.34347	0.003003	0.69576	0.111435	22.402	0.0035461	150.991	0.00333333	0.00490196	0	3.43058	0	0.0180213	42.1315	252.762	0.153574	9.94586	0.012956	0	0.00347222	60.0479	0.0226054	193.785	0.316957	429.671	0	0	10.8002	3739.62	0.46134	0.038834	1.34309	124.381	0.0107499	13632.4	0	6470.64	2.51683	16432.1	0	13786	0	21.4338	0.0147029	410.872	0	242.983	0.0350039	1077.34	0	4678.78	0	16282.7	0.00323625	
3.66921e+07	MFG_R_7_3	0.00617284	517.918	0.237896	7312.33	7161.44	4.36685e+06	0.00294985	3.88615	0	0	98.4665	0.0338715	3799.57	2885.37	0.681861	1.87744e+06	0.107778	62.7185	0.55901	0	246.416	1.63838e+06	0.00314465	196389	0.00314465	19.9905	155.81	1.00709e+07	0	0.38654	0.52659	8853.79	0.0264052	321.364	0.0261538	35560.3	0	13.5767	0	0.299393	0.850757	0	0	43718.9	0	0.356422	0.0628611	0.720395	0	0	1.3085	1199.92	0	1.81337	0	4.05651	0.00308642	3.88797	0.00314465	0.647912	0	1.00086	0	35.7645	0	0.0189637	0	0	0	0.126066	0	3.47729	0.00311526	0.032115	0	1.61141	0	2.08529	0.00294985	0.0512614	0	5.03853	0.00294985	2.50903	0	17.7889	0	1.15659	0	5.67763	0	0.0744819	0.00297619	3.28168	0	16.0212	0	45.7568	0	0.224721	0	4.38405	0	155.117	0	0.553375	0	0.0160736	0	30.1069	0	0	0	0.00396825	0	0	0	0.557985	0	0.0271239	0	0.0673707	0	0	0.031163	82.0823	0.610575	5.8418	0	37.9112	0.00374532	3.5128	0	284.185	0.003663	150.652	0	178.329	0	0.274377	0	4.19873	0	61.8218	0	53.8362	0.0904235	0.448845	0	0.0199049	0.128612	3.94639	0.0037037	0.224659	0	10.4149	0	0.98533	0	4.76764	0	80.5255	0	6.10479	0	0.0318841	0	4.69954	0	833.041	0	5.35048	0	5.74955	0.0157407	0	0	0.00775194	0	0	0	0.0271239	0	0	0	0	0	0	0.269353	1.06071	0.553628	0	0.029128	6.04627	0.0386642	0.00505051	1.18114	1.12924	0.00308642	31.7531	0	1.61539	0.0127088	25.1476	0.0137845	0.702087	0.644036	502.945	0.0597418	139.595	0	0.511882	0	66.8735	0.012189	167.071	0	405.839	0	1966.03	0.145296	3303.64	0.0745571	467.677	0.0243333	5160.4	0.00680272	7290.24	0.0133347	16880.7	0.00308642	24399.3	0.149758	7234.24	0.216377	0.0869511	0	2562.53	0.0850781	565.26	0	1610.03	0	4748.86	0.240265	4438.64	
9.45577e+07	MFG_L_7_4	0	8.15724	114605	0.00584795	9.53688e+06	233905	30.2982	0.0816777	0.00483092	0.00314465	822.597	9113.53	56274.5	761.81	6.46124e+06	0.0236155	206603	0.0419205	1.09823e+07	246.416	0	125.553	2.88662e+06	0.00574713	95.9801	0.0235076	4.09015e+06	1298.63	3076.13	0	1.36631e+06	45.312	3941.59	0.14772	339998	1.32931	1.00982	0	35.8798	0	0	0	0	20.7449	0	0.00490196	0.170167	3.57203	0	0	8.05971e+06	1.99198	218.243	0	317.799	0.00292398	467.311	0	0.707329	2.00249	23.1511	0	146.981	0	0.0474651	0.0150895	0	0.00378788	11.8001	0.0271239	0.00378788	1.05811	24.7421	0.824805	0.0170968	2.93703	25929.8	0.967925	102930	2.37503	49.3177	0.110396	52139.8	0.493873	23.2054	0	7.56782	2.59269	14.6512	0	17.9474	0	467.899	0.00297619	23.7882	0.00250627	36.296	0	11.6889	0	0.461071	0	819.528	0.0267067	0.0200785	14.1107	46.6692	0	3517.09	0.00297619	0.306008	0	0.0338224	0	1.99494	0	2683.02	0.0271239	0	0	0	0	0.105023	0	2176.01	57.1694	948.514	2.05631	62.095	0.543434	15124.7	0.717324	12915.7	28.5345	936.02	0.0317494	745.926	0.00308642	20.6375	0	320.781	0	1962.47	0	0.362057	0.0127595	0.0205323	22.9985	0.00483092	0.875108	7.50518	35.6882	0	46.0307	3890.81	0	4.5393	0	604.913	0	2617.22	0.697522	2903.06	0.801055	0.00900901	0	210672	0	754920	3.68838	1225.23	0	27778.2	0	0.00680272	0	0.998381	0.429253	0.0138889	0	0.0188752	0.00378788	0	0	0.00529101	0	0	0	37.5775	830.626	4193	0.182828	1768.95	0	16.1128	0.588347	10714.8	0.239193	12053.6	0.0137589	5.32367	0	2365.84	0.002849	1.83471	598.247	32318.9	5.47168	2274.13	1.06854	0	0.04637	3841.95	0.0479646	8749.82	9.26507	23262.1	0	0.0243902	40.0313	49307.9	16.1276	0.511226	29.2805	22171.8	6.92119	394301	0.123897	367215	85.1131	242705	0.0549373	173963	0.0330647	121.273	4.51354	62548.4	0.0128655	894.219	5.84391	8822.6	0.0311471	149914	0.0109762	119399	2.20911	
