data	data	2.37701e+07	9.19296e+07	5.89256e+07	3.75861e+07	1.58606e+08	2.18955e+08	8.40145e+07	1.05433e+08	4.62913e+07	4.90783e+07	1.02736e+07	2.8713e+07	1.32075e+08	1.96814e+08	5.97509e+07	5.63827e+07	3.62356e+07	2.74283e+07	4.70848e+07	3.08079e+07	6.32096e+07	4.3813e+07	1.00122e+08	4.56505e+07	5.45402e+07	1.65242e+07	2.86545e+08	2.76785e+08	9.61789e+06	3.19472e+06	1.10402e+07	3.72682e+07	1.30851e+07	1.55203e+07	1.00675e+07	9.8974e+06	7.47014e+06	1.07038e+07	2.84622e+07	4.31647e+06	6.41618e+06	1.5805e+07	6.04465e+07	2.47178e+07	6.88814e+07	2.7516e+07	1.26378e+08	1.16971e+08	1.27423e+07	1.46106e+07	2.31768e+08	6.03052e+06	4.39005e+07	3.1796e+07	3.8923e+07	3.23698e+07	2.37131e+08	7.70489e+07	1.06979e+08	1.64977e+08	1.78847e+07	5.41888e+06	6.09663e+07	1.29106e+07	2.04447e+06	1.71774e+07	7.8034e+06	1.351e+07	1.35928e+07	2.912e+07	3.53987e+07	6.49444e+07	3.80948e+07	3.2708e+07	3.6071e+07	9.1632e+07	4.14522e+07	1.90729e+07	1.12072e+08	3.04856e+07	4.4566e+07	4.22865e+07	9.24474e+07	4.13138e+07	1.48886e+07	4.5207e+07	1.77959e+07	5.90198e+07	2.85885e+07	3.25869e+07	7.37488e+06	1.17849e+07	6.32342e+07	1.29508e+06	3.15507e+07	3.08487e+07	1.5307e+07	5.97191e+07	2.48495e+07	1.11882e+07	1.91181e+07	2.63818e+07	1.18849e+08	2.19687e+08	1.11843e+08	2.82162e+08	5.25478e+07	8.83029e+07	3.76232e+07	4.13904e+07	9.43667e+06	2.55899e+07	6.1581e+06	4.07441e+07	2.35241e+07	3.2527e+07	2.41844e+07	9.55279e+06	8.47721e+06	6.15568e+07	9.06793e+06	1.44007e+07	1.11565e+07	1.13055e+07	3.49991e+07	1.55655e+08	3.8873e+07	1.06317e+08	8.10025e+06	5.75922e+07	2.87879e+07	4.06689e+07	6.11381e+07	2.13256e+08	9.75149e+07	1.02425e+08	7.23917e+07	1.25634e+08	3.78081e+07	7.44286e+07	8.08069e+07	9.80748e+07	2.39283e+07	7.40374e+07	1.05222e+07	2.80406e+07	2.04002e+07	1.55927e+08	8.5533e+06	3.95544e+07	2.30837e+07	7.77299e+07	7.61474e+06	1.92066e+08	8.63885e+07	8.12469e+07	5.81916e+06	6.14012e+06	3.66677e+07	4.05349e+07	1.53389e+08	7.94788e+07	7.91955e+06	2.03028e+07	1.61111e+07	1.80093e+06	9.72438e+06	1.93136e+06	9.1661e+07	4.86455e+07	1.09076e+06	2.8133e+06	4.19974e+07	3.77977e+06	783902	5.22388e+06	1.10539e+07	3.5459e+07	1.04616e+07	6.52958e+06	4.34704e+06	5.1816e+07	5.59956e+06	2.53929e+06	2.25735e+06	4.11612e+06	6.68696e+06	4.76933e+06	9.36202e+07	1.74526e+08	2.90212e+08	9.42043e+07	2.39788e+08	1.79367e+08	4.45591e+07	1.40483e+08	4.43121e+08	2.74918e+08	1.9784e+08	4.28862e+07	2.03332e+07	7.19871e+07	2.67129e+08	9.49203e+07	8.79146e+07	1.87788e+08	1.72454e+08	1.22179e+08	8.7505e+07	1.07123e+08	1.54619e+07	2.41428e+07	6.5093e+07	9.59967e+07	2.63655e+08	4.17425e+08	1.97575e+08	3.00597e+08	4.64463e+07	9.4019e+07	1.58868e+08	5.0046e+08	2.08806e+08	2.0937e+08	2.69067e+08	2.00117e+08	9.31659e+07	1.2805e+08	1.80682e+08	2.86724e+08	9.48592e+07	9.91209e+07	3.31396e+08	6.0412e+07	1.03434e+08	7.72159e+07	6.17245e+07	5.92752e+07	7.6216e+07	6.97422e+07	4.34904e+07	8.45469e+07	8.47273e+07	9.0877e+07	1.71508e+08	1.05294e+08	
data	data	SFG_L_7_1	SFG_R_7_1	SFG_L_7_2	SFG_R_7_2	SFG_L_7_3	SFG_R_7_3	SFG_L_7_4	SFG_R_7_4	SFG_L_7_5	SFG_R_7_5	SFG_L_7_6	SFG_R_7_6	SFG_L_7_7	SFG_R_7_7	MFG_L_7_1	MFG_R_7_1	MFG_L_7_2	MFG_R_7_2	MFG_L_7_3	MFG_R_7_3	MFG_L_7_4	MFG_R_7_4	MFG_L_7_5	MFG_R_7_5	MFG_L_7_6	MFG_R_7_6	MFG_L_7_7	MFG_R_7_7	IFG_L_6_1	IFG_R_6_1	IFG_L_6_2	IFG_R_6_2	IFG_L_6_3	IFG_R_6_3	IFG_L_6_4	IFG_R_6_4	IFG_L_6_5	IFG_R_6_5	IFG_L_6_6	IFG_R_6_6	OrG_L_6_1	OrG_R_6_1	OrG_L_6_2	OrG_R_6_2	OrG_L_6_3	OrG_R_6_3	OrG_L_6_4	OrG_R_6_4	OrG_L_6_5	OrG_R_6_5	OrG_R_6_6	OrG_R_6_6	PrG_L_6_1	PrG_R_6_1	PrG_L_6_2	PrG_R_6_2	PrG_L_6_3	PrG_R_6_3	PrG_L_6_4	PrG_R_6_4	PrG_L_6_5	PrG_R_6_5	PrG_L_6_6	PrG_R_6_6	PCL_L_2_1	PCL_R_2_1	PCL_L_2_2	PCL_R_2_2	STG_L_6_1	STG_R_6_1	STG_L_6_2	STG_R_6_2	STG_L_6_3	STG_R_6_3	STG_L_6_4	STG_R_6_4	STG_L_6_5	STG_R_6_5	STG_L_6_6	STG_R_6_6	MTG_L_4_1	MTG_R_4_1	MTG_L_4_2	MTG_R_4_2	MTG_L_4_3	MTG_R_4_3	MTG_L_4_4	MTG_R_4_4	ITG_L_7_1	ITG_R_7_1	ITG_L_7_2	ITG_R_7_2	ITG_L_7_3	ITG_R_7_3	ITG_L_7_4	ITG_R_7_4	ITG_L_7_5	ITG_R_7_5	ITG_L_7_6	ITG_R_7_6	ITG_L_7_7	ITG_R_7_7	FuG_L_3_1	FuG_R_3_1	FuG_L_3_2	FuG_R_3_2	FuG_L_3_3	FuG_R_3_3	PhG_L_6_1	PhG_R_6_1	PhG_L_6_2	PhG_R_6_2	PhG_L_6_3	PhG_R_6_3	PhG_L_6_4	PhG_R_6_4	PhG_L_6_5	PhG_R_6_5	PhG_L_6_6	PhG_R_6_6	pSTS_L_2_1	pSTS_R_2_1	pSTS_L_2_2	pSTS_R_2_2	SPL_L_5_1	SPL_R_5_1	SPL_L_5_2	SPL_R_5_2	SPL_L_5_3	SPL_R_5_3	SPL_L_5_4	SPL_R_5_4	SPL_L_5_5	SPL_R_5_5	IPL_L_6_1	IPL_R_6_1	IPL_L_6_2	IPL_R_6_2	IPL_L_6_3	IPL_R_6_3	IPL_L_6_4	IPL_R_6_4	IPL_L_6_5	IPL_R_6_5	IPL_L_6_6	IPL_R_6_6	PCun_L_4_1	PCun_R_4_1	PCun_L_4_2	PCun_R_4_2	PCun_L_4_3	PCun_R_4_3	PCun_L_4_4	PCun_R_4_4	PoG_L_4_1	PoG_R_4_1	PoG_L_4_2	PoG_R_4_2	PoG_L_4_3	PoG_R_4_3	PoG_L_4_4	PoG_R_4_4	INS_L_6_1	INS_R_6_1	INS_L_6_2	INS_R_6_2	INS_L_6_3	INS_R_6_3	INS_L_6_4	INS_R_6_4	INS_L_6_5	INS_R_6_5	INS_L_6_6	INS_R_6_6	CG_L_7_1	CG_R_7_1	CG_L_7_2	CG_R_7_2	CG_L_7_3	CG_R_7_3	CG_L_7_4	CG_R_7_4	CG_L_7_5	CG_R_7_5	CG_L_7_6	CG_R_7_6	CG_L_7_7	CG_R_7_7	MVOcC	MVOcC	MVOcC	MVOcC	MVOcC	MVOcC	MVOcC	MVOcC	MVOcC	MVOcC	LOcC_L_4_1	LOcC_R_4_1	LOcC_L_4_2	LOcC_R_4_2	LOcC_L_4_3	LOcC_R_4_3	LOcC_L_4_4	LOcC_R_4_4	LOcC_L_2_1	LOcC_R_2_1	LOcC_L_2_2	LOcC_R_2_2	Amyg_L_2_1	Amyg_R_2_1	Amyg_L_2_2	Amyg_R_2_2	Hipp_L_2_1	Hipp_R_2_1	Hipp_L_2_2	Hipp_R_2_2	BG_L_6_1	BG_R_6_1	BG_L_6_2	BG_R_6_2	BG_L_6_3	BG_R_6_3	BG_L_6_4	BG_R_6_4	BG_L_6_5	BG_R_6_5	BG_L_6_6	BG_R_6_6	Tha_L_8_1	Tha_R_8_1	Tha_L_8_2	Tha_R_8_2	Tha_L_8_3	Tha_R_8_3	Tha_L_8_4	Tha_R_8_4	Tha_L_8_5	Tha_R_8_5	Tha_L_8_6	Tha_R_8_6	Tha_L_8_7	Tha_R_8_7	Tha_L_8_8	Tha_R_8_8	
2.37701e+07	SFG_L_7_1	0	4.09449e+06	4.55807e+06	44626.1	1.06473e+06	19825.7	1.45857e+06	208592	26221	64960.1	41576.8	6265.1	2048.96	92.9171	0.180843	32229.3	0	519.936	0	0	0	23.6339	6.04307	37654.2	0.318627	0.0280982	0.0833762	7.74867	0	0.0264052	0	78.6444	0.00877193	6.22963	0	0	0	0	0	0.00653595	0	0.0325979	0	0	0.00595238	0	0.124112	0.0524324	0.0107527	0.570849	0.0833762	0	0	0	0	0	3.21878	0	11.0589	1.72802	0	0	0	0	229.582	4.66408	16.2972	246.629	0	0	0	0	0	0	0	0	0.0070922	0	0	0	0	0	0.00497512	0	0	0	0	0	0	0	0	0	0.0796109	0	0	0	0	0	0	0	0	0	0.00497512	0	0	0	0	0	0	0	0	0.00483092	0	0.0443502	0	0.00505051	0	0	0	0.126051	0	0	0	0	4.61917	0.00497512	0.381382	0.00469484	0	0	1.54412	0.00555556	0	0	0	0	0	0	0	0	0	0	0	0	0	0	1615.47	79.7221	1733.45	7.25706	361.046	14.0883	1846.27	638.974	0	0	0	0	0	0	30.5923	0.0477123	0	0	0	0	0	0	0.0070922	0	0	0	0.0070922	0	0.82664	53.8204	1120.04	33685.8	35.5957	91525.1	10599.1	309.438	4077.61	5849.35	5.52102	1574.38	3.99553	2453.35	0	0.00396825	0	0.015695	0	5.65311	0	0.00537634	0	0.779747	0	0	0	0	0	0	0	0	0	19.659	0	0.0180477	0	0	0	0	0	0.00505051	0.182908	0.0424648	0.36507	0	0	0.0244283	0.00462963	0.74027	0.00462963	0	799.452	64369.3	0	0	0.8378	0	401.112	0.0552668	1.55199	0	99.6692	0	17.1059	0	19.3702	0	133.157	0	434.62	0	
9.19296e+07	SFG_R_7_1	4.09449e+06	0	2.44565e+06	3.1485e+06	2.40096e+06	881695	1.90588e+06	2.2788e+06	119866	193338	36981.7	338603	5775.01	235.247	15.4455	41969.2	0	53.4314	0	0.00606061	0.0997072	391.996	28959.3	25674.9	182.715	807.482	2.8911	17.137	0	10582	0.0155039	4772.03	0.127166	90691.8	0.00387597	2.12209	0.0349121	41422.1	0.0259119	122412	0	50.8374	0.0087146	0	1.51875	0	4.22685	0.0159962	0.025784	4.10617	0.0664146	0	0.0340909	1.0261	18.2374	0.859587	39.0105	1.06186	266.529	335.552	0	496.667	0	247.142	0.0189611	14565.5	12.5454	1409.31	0	0.0726179	0	0.0047619	0.00314465	9.90676	0	0	0	0.0070922	0.00314465	0	0.0118031	69.0854	0.026879	9.6791	0	11.2225	0	0.747208	0	0.67049	0	0.132627	0	3.28241	0	47.0302	0	114.224	0	50.456	0	1.37057	0	224.22	2.38547	718.649	0	1.65092	0	9.68518	0	4.73255	0	8.60478	0	107.386	0	0.0204528	0	266.906	0	0.174937	0	0.00628931	7.91047	366.728	18.3039	380.235	0	7.00922	95.3275	278.952	2.60018	69.7972	0	12609.8	0.0905111	17.9781	0	27.7664	0	73.1223	0	1.54969	0	194.738	24.0995	25664	0.00505051	19733	83.5981	13142.7	0.00396825	183863	0.0037037	2.17864	0	0.0688566	0	0.0629433	686.526	472.523	0	7091.67	0	0	0	4.26582	0	67717.5	0	48.6787	0	1334.14	21.6834	3321.4	59218.5	126075	221.045	163331	28.7472	123128	524.768	347064	0	59354.2	3.48781	345.831	92.3144	233.427	0.181353	0.107202	0.0477173	157.206	40.0096	24.2001	0.232136	88.5469	0.00308642	10573.8	0	79.1895	0.344332	118.452	315.991	235.724	0.181054	6162.41	0.478019	267.289	0.179253	77763.4	0	0.863358	87.9301	652624	0	1410.45	0.0359486	1.83933	323.245	1.84842e+07	0.027209	57.7171	0.118546	24.7765	5.90544	1.5784e+06	46.5747	540836	0.0814876	179757	864.838	2.6323e+06	51.1617	29.4893	0.0241431	1013.32	0.896242	953731	0.00392157	297212	0.0193237	142660	0.484106	948512	
5.89256e+07	SFG_L_7_2	4.55807e+06	2.44565e+06	0	7252.89	6.84229e+06	95204.6	1.02413e+06	7060.36	2.41908	1905.71	0.975724	1670.64	0.00520833	5.58354	72543.3	8082.94	708.829	40.6927	2.34988	0.0321486	7643.38	20.0972	9.83762e+06	4732.92	3.13303e+06	0	55.4649	25.3386	2617.13	0.0249243	877.151	36.0393	7983.95	2.53288	79.9575	1.18055	555.704	0.211338	54836	0	0	0	0.0035461	0.156355	0	0	0.0138173	0.0556468	0.00456621	0	211.11	0	747.828	0	18777.7	0.129921	292.033	0.727464	823.706	6.25675	2990.42	0	4052.49	0	0	1.58655	0.00574713	1.55727	0.00512821	0	0	0	107.314	0	0	0.00320513	1.26508	0	15.9871	0.00320513	0	0	16.1136	0.0030303	0	0	0	0.0286244	0	0	0	0	24.1523	0	0.225094	0	0	0.00396825	0.00392157	0	0.00392157	0	0.211561	0.00537634	0	2.12368	0	0	0.589395	0	0	0	0	0	0	0	0.16961	0	0	0	0	0	0	0	40.7224	0.445818	0.534942	0.1299	1.33042	0	106.268	2.39863	20.8443	0.00374532	4.14611	0	0.328177	0.00483092	0	0	0	0	0.020202	0.00483092	0	0	0.0808108	0.775342	0.0466346	0.325776	0.00456621	0.462346	0	2.00693	126.784	0.00347222	0	0	0.143417	0	447.911	2.31182	74.1806	0	0	0	0	0	1297.57	0	0	0	3459.16	0	0	0.879098	46.8056	20020.1	0	2.81482	0	5.0571	0.0166667	0.578508	0	3.37551	0	0.298183	1.52258	6.55072	0.794014	0	54.3487	0	0.851497	0.534524	19.8328	0.00483092	96.8946	0	0.00438596	0.00396825	35.3362	0	0.858084	29.0434	102.377	0	2.17719	0	10.8999	0.0193122	0.933483	0.0518433	1553.2	35.8589	138.842	0	0	0.00308642	82752.6	148.928	15.5166	0.101645	25.4879	0.00308642	65854.8	6166.22	4773.48	0.506911	2331.06	0.00396825	1.00498e+06	0.109317	132.45	4.45891	1459.88	0	6161.71	0.00396825	13858.2	0	13913.2	0	89645.8	0.759168	
3.75861e+07	SFG_R_7_2	44626.1	3.1485e+06	7252.89	0	672.032	2.03328e+06	6407.95	1.54277e+06	0.99907	0	228.702	0.0383352	0.137924	0.045535	0	1.02744e+07	0.0045045	253.289	0	3646.31	0.0045045	15856.4	111.754	420236	1.64631	216419	0	230.383	0	1073.62	0.0045045	19804.1	0	94553	0	3292.72	0	27979.4	0	20250.8	0	0	0	15.911	0	0	0	0	0	0	0	2.31018	0	0	0.0139712	5.64027	1.71407	86.3644	0.341498	12.4738	0	507.978	0	1.65142	0	0.0514519	0	0.00555556	0	0.00555556	0	0.775406	0	14.3037	0	0.246455	0	0.17351	0	0	0	74.7382	0	107.193	0	3.60464	0	0.794404	0	5.76104	0	0.0201523	0	0.573703	0	1628.82	0	47.2625	0	63.4121	0	1.31803	0	144.949	0	322.36	0	1.90609	0	0.664651	0	0	0	10.7996	0	0	0	0.00555556	0	0.644152	0	0.0449707	0	0	0.184415	220.766	0.00333333	247.291	0	8.38335	3.09051	19.7404	0.0326416	293.208	0	4558.54	0.00374532	0.876939	0	39.9624	0	91.3047	0	0.0542328	0	350.858	0.0973968	28.2645	0	0	0.0633233	373.722	0.0347686	4.66386	0	0.0070922	0	0.140782	0	0.105677	9.29295	90.5247	0	4755.91	0	0	0	432.739	0	135373	0	13.785	0	2276.8	0	0	0.00350877	0	10.2724	0	0.00406504	0.014186	183.223	0	0	0	0	0	0.282923	0.0047619	0.00178253	0	0	504.991	0.289135	3.25578	0.00178253	1.98418	0	4189.47	0	32.8941	0.00178253	464.162	0.543875	8.81344	0	6803.62	0.00333333	284.53	0	83.8008	0	0.178979	0.0522479	4791.16	0	20.4597	0	0.0560662	0.139403	434723	0	0.45366	0.00217865	0.032877	0.0948192	823.635	0.582686	304650	0.00905213	73.7014	18.6218	907.198	1.83755	0.00854701	0	0.778188	0.0321205	142.769	0.00401606	58.6491	0	29.0397	0.00905213	105.786	
1.58606e+08	SFG_L_7_3	1.06473e+06	2.40096e+06	6.84229e+06	672.032	0	2.48023e+07	20.8101	137.439	6.72261	285.662	3.08584e+06	2.39641e+06	1.16323e+07	4.73698e+06	1.02456e+07	12447.7	5079.23	54.1045	2.01766e+06	321.622	2.45957e+06	783.201	14985.9	6904.66	3.29464	0.00724638	1.0494e+06	230918	5417.54	0	7267.37	609.414	50846.9	12.3047	22316.7	22.9542	69.5057	2.26014	3592.64	0.00617284	0.082426	2.72747	0.737566	179.751	24.8673	0.151014	77.8341	2518.52	0.159645	0.144251	616681	7.90623	0.00421941	0	0.275336	0.438949	51.6429	3.80849	26.1326	6.19508	0	0	0	0	13.6144	1.81748	1.62787	2.37866	1.20154	0.00574713	0	0	0	0.00266667	0	0.0289503	0.0322024	0.0139913	1.95842	0.0289503	0	0	19.4794	0.0654609	0	0	0	0.0468185	0	0	0	0	326.809	0	20.1939	0.00245098	0	0	0.00392157	0	0.00392157	0	9.76182	0.00546448	0	0.0290336	0	0	47.7121	0	0.00520833	0.00483092	0	0.0443502	0.732088	0	1.06832	0.00574713	0	0.233675	0	0	0	0	410.098	0.696896	13.3631	0.304697	0.59091	0	356.888	3.82754	16.7472	0.0316974	3.85817	0	0.236873	0	0	0	0	0	0.00462963	0	0	0	1422.29	12.0816	99.4178	3.03811	8563.37	7.79767	3233.45	32.0541	0.0735557	0	0	0	0.00520833	0	37.7125	0.800892	36.6816	0	0.0677967	0.0179173	0.947355	0.00617284	429.81	10.2499	0	0	1.55823	0.00666667	16.0977	31.3924	818310	1.0473e+06	411.893	74.021	35492.1	679.255	689.857	0.18274	16.0133	3.43979	26.1132	623.887	0.839165	5.28077	71.6319	0.0327546	722.502	27.4235	0.305676	0.442975	196.733	7.97529	244.949	0	0.00438596	0	549.812	40.1037	6.0863	23.0074	359.012	20.9766	2.42484	0.0613769	0.00833333	0.0451323	39.9739	0.0536348	7433.1	21.677	4953.36	0.0202438	16.569	75.5876	62925.1	51.5482	403.123	11.8921	2415.92	26.737	1.00232e+06	52718.4	13870.9	3.39214	131824	0.372956	1.1156e+06	1.14717	1491.08	1.34082	6666.59	0.0596232	67845.6	0.445783	128947	0.0395425	165037	0.145626	900899	1.0021	
2.18955e+08	SFG_R_7_3	19825.7	881695	95204.6	2.03328e+06	2.48023e+07	0	531.918	39.6701	109.127	192.879	825885	9.37055e+06	2.65927e+06	2.7156e+07	184316	2.45531e+06	20.3113	31.4116	381.046	6.68244e+06	807731	1.04649e+06	8597.3	8272.38	551.997	1.54036	6517.33	2.1143e+06	81.078	3512.49	500.496	510956	955.639	162633	29.3625	165172	0.0246914	11099.6	25.4719	393.872	26.8786	31.6264	0.344798	53370.1	1.24651	30.4466	360.239	0.2383	0.618926	0.7668	4719.03	9045.23	0	40.7488	3.57167	228.051	176.407	954.293	137.765	299.157	0	966.531	0	1286.8	0	139.979	1.36939	36.9457	0	0.0760489	0.0461405	75.4632	0.755897	72.1922	0.00294985	85.0995	0.0259217	58.8862	1.29029	0.194629	0.0264016	469.47	2.45373	198.558	0	237.115	0	13.0059	0	9.61828	0	13.5148	0.0445834	5.41249	0.0463892	2763.95	0	1415.96	0	261.386	0	35.9031	0.0026455	1170.92	0.0404049	383.433	0	2.10663	0	35.5163	0	0	0	10.9074	0	0	0.002849	1.18233	0	2.14349	0	3.02658	0	0.385146	228.467	52682.2	8273.08	5188.72	0	2085.12	112.692	12043.5	528.454	78637.4	8.81963	1105.9	18.9707	762.247	0	0.974951	0	21.3088	1.22351	25.7169	0	212.964	2804.87	1374.84	1.6395	408.375	207.955	1791.87	568.922	5403.17	0	56.8378	0	4.92645	0	111.184	270.348	6148.96	0.821262	93243.7	0.0397509	734.268	0.00282486	1306.28	0.881282	1.4383e+06	0	3987.6	0.00282486	2147.18	1.76281	6116.72	687680	609432	13535.7	3253.07	22.1374	21826.3	473.695	23.3004	11.6049	595.099	8565.19	67.9728	57.5067	1220.06	163.431	0.038767	25.7353	55705.2	61.3567	43.3194	376.383	4441.33	2.91933	718.118	0	678.533	109.326	130460	175.371	164.879	144.467	50972.7	67.1741	318.995	0.745523	6.84163	0.00292398	86.3587	56.4068	132500	0.542547	5639.15	0.193334	393257	1236.32	6.5186e+06	88.2646	162.052	61.6848	638783	23.1957	4.02008e+06	61.9928	3.54529e+06	1.46298	4.06697e+06	5635.4	1.59415e+06	116.321	4.23815	0.497135	223772	42.7512	530645	12.5833	579233	0.623366	548030	16.5626	1.26016e+06	
8.40145e+07	SFG_L_7_4	1.45857e+06	1.90588e+06	1.02413e+06	6407.95	20.8101	531.918	0	966739	1.21343e+07	1.11579e+06	0	4.23288	0	1.6741	311.254	252.531	0.223938	1.48735	0.016921	0.581516	4.63062	0.135585	256729	204.821	2.10837e+06	0.946245	2.36971	6.89474	22.0636	0.0160956	1.67455	0.531272	12.1596	0.515106	2.28901	1.89801	0.720127	7.85771	271.809	0	0	0	0.014755	0.0110713	0	0	0.00378788	0.0488964	0.638139	0	5.91272	0.175565	4611.04	0.00456621	582604	1.29763	454.76	1.75142	470505	49.34	4793.71	0	23160.2	2.07357	0.428488	25.4782	1.98025	3220.82	0.0440136	0.0489159	0	0.00438596	0.708624	0.00438596	0	0	71.7362	0	707.477	0	0	0.00347222	426.045	0.00220751	0	0.0948989	0	0.00347222	0.0407803	0.0035461	0	0	13.2392	0	0	0.00320513	0	0.101821	0	0	0	0.0035461	1.76831	0.0704013	0.143463	22.6039	0	0.0154148	2.92127	0	0	0	0	0	0	0.00546448	12.4869	0.0484127	0	0	0	0	0	0	9.50515	0.19235	0.582523	0.163499	0	0.0664471	70.2195	5.7889	3.52942	0.0660483	7.03877	0.139154	0.540085	1.56252	0	0	0	0	0	0.156452	0	0	0.457252	2.90118	1.18584	21.1114	0.0182648	0.0317003	0.0275177	23.6883	534.896	0.25951	0	0	0.0494506	0.0205128	477.908	9.64818	23.2196	0	0	0.0855746	0.00529101	0.0901211	8968.32	0.205168	0.425016	0	871.47	0.0552812	0	0.355581	0.00555556	0.838347	0	0.0642923	0.00757576	13.8721	12.7099	11.3406	0.0175439	55.7494	0	0.114092	243.107	31.4004	0.310385	0.00383142	72.846	0.0295581	18.7649	0.349935	43.552	0.0690226	354.35	0	0.0375039	0.0354472	40.1631	0.00362319	56.7108	511.795	288.296	0.00238095	8.39284	0	2942.07	0.581519	11.0062	1.11877	433169	347.885	29.8954	0	0.381253	0	804212	1465.73	161.981	5.66673	40.8196	0.00203252	46885	25055.6	99643.9	0.487905	2581.58	0	1.73408e+07	0.473859	1447.62	10.1607	8486.14	0.0025641	33103.3	0	9159.42	0	18540.2	0	1.09707e+06	1.22185	
1.05433e+08	SFG_R_7_4	208592	2.2788e+06	7060.36	1.54277e+06	137.439	39.6701	966739	0	1.63681e+06	1.26406e+07	8.20333	0.111945	0.465458	13.559	0.060103	12879.9	0	3732.28	0.0037037	3.04579	0.0337671	134.894	38.482	172178	13.1944	730545	0.037992	112.497	0	2493.35	0.0158753	375.011	0.0158753	1311.34	0	0.688958	0.102159	2241.84	0	844.836	0	0	0	2.50694	0	0	0.0196508	0	0	0	0	0.0406316	0.0621979	0.532417	7872.57	1.92146e+06	592.16	449.413	246455	963.127	0	21.7127	0	105.013	0.0070922	3.67452	193273	0.73754	0	0.133238	0.00311526	0.0277898	0.00311526	3.3886	0	0.0277898	0	0.0273934	0.00311526	0	0	14.1296	0	3.37311	0	5.35322	0	3.50969	0	1.74992	0	0.00595238	0	0.229369	0	24.2117	0	14.6209	0	3.36738	0	0.649383	0	33.6083	0.0391572	195.523	0	0.564194	0	0.0939182	0	0	0	2.85992	0	0	0	0.191135	0	0.0358646	0	0	0	0	0.632804	2462.05	0.134234	274.685	0	3778.08	13.1651	1777.57	0.144493	22935.9	0	2138.12	0.0143968	5833.06	0	0.00653595	0	0.0242424	0.003367	0.412145	0	1.53949	0.00383142	36.4045	0	1.82868	0	354.518	0	9.21868	0.00343643	1.48961	0	0	0	0.0393134	47.4305	106.214	0	783.612	0	0	0	0.0306397	0	20320.7	0	5.08983	0	24.7536	0	0	5.29659	14.6918	0.567377	0	0	0.00444444	6.37112	0.2846	0.0310245	0.0166667	0	0	22.6005	83.9216	0	0.0226278	0	57.6435	17.0187	6.76089	0	16.5482	0	1262.73	0	16.0707	0	62.2915	77.6054	180.843	0	985.231	0.0328925	150.487	0.00483092	44951.4	0	1.29391	67.0789	3.67495e+06	0	12.3808	0.0369538	2100.9	307.777	2.48923e+07	0.00297619	17.7562	0.0842303	2177.94	0.0021645	150281	6.34097	170844	0.0822069	119.143	614.588	1.00316e+06	8.36944	4056.26	0.0105517	98.1695	0.082877	35527.6	0.00401606	4038.34	0	4360.28	0.299895	82687.4	
4.62913e+07	SFG_L_7_5	26221	119866	2.41908	0.99907	6.72261	109.127	1.21343e+07	1.63681e+06	0	3.11273e+06	0.025641	4.58943	0	0.742877	0	0.847761	0.036036	0	0.00444444	0.0314831	0.0388235	0.0151515	3.46507	0.00628931	4.48495	0	1.49836	3.79609	0	0	0	0.0151515	0	0.233228	0	1.30003	0	5.03269	0	0	0	0	0	0	0	0	0.00529101	0.089315	0.188819	0	1.65583	0.0911943	72.131	0	61751.6	16.1172	635.008	0.174462	2.47728e+06	12156.4	0	0	0.00952381	0	615.685	515.686	476030	213660	0	0	0	0.00438596	0	0.00438596	0	0	0.534491	0	45.2727	0	0	0	46.0155	0	0	0	0	0	0	0	0	0	0	0	0	0	0	0	0	0	0	0	0.115762	0	0.00416667	7.66701	0	0	0.121723	0	0	0	0	0	0	0	0.881735	0	0	0	0	0	0	0	1.29939	0.024026	0.0745292	0.0117218	0	0	2.93849	1.45988	0.0697959	0	0.0401802	0	0	0	0	0	0	0	0	0	0	0	3.64083	14.096	473.195	300.44	0.637206	0.0236007	1.19718	103.494	0.0958333	0	0	0	0	0	190.409	1.97689	0.0045045	0	0	0.0138203	0	0.0329749	727.24	0.0892768	0	0	0.159239	0.00340136	0	6.38155	0.026615	2.48502	0.025641	9.55018	4.68841	87.2715	892.131	4604.46	351.927	41936.8	0	0.108252	29.4442	11.9184	0.0348319	0	1.26998	0.00236407	3.66219	0.157309	0.34125	0	5.41789	0	0	0	0.268246	0.00236407	20.683	169.825	5.08783	0.00238095	0.0720921	0	8780.77	0.0662827	0.756706	0.00537634	227390	92.3254	0.0447168	0	0.0597524	0	364812	445.769	9.12107	0.0215054	4.11606	0	656.661	38006.2	6729.82	0.160864	18.3453	0	2.14924e+06	0.0908649	55.4663	1.40402	114.944	0	1197.51	0	91.4086	0	573.579	0	24612	0.126624	
4.90783e+07	SFG_R_7_5	64960.1	193338	1905.71	0	285.662	192.879	1.11579e+06	1.26406e+07	3.11273e+06	0	0.480346	158.793	0.754804	9.85136	0.060103	0.0211854	0	0.00980392	0.0037037	0.0403843	0.00401606	0	4.09546	0.00952381	0.995088	0.0123457	0	25.4985	0	0	0	0	0	0	0	0	0.015882	0	0	0	0	0	0	0	0	0	0	0	0	0	0	0	0	0	340387	7403.77	85302.4	0.572294	1.25584e+06	1.20968e+06	0	0	0	0.859405	0.246636	4019.11	149019	446799	0	0.00529101	0	0	0.00330033	0	0	0	0	0	0	0	0	0	0	0.00483092	0	0	0	0	0	0	0	0	0	0.0211694	0	0	0	0	0	0	0	0	0	0.131061	0.00490196	2.96627	0	0	0	0	0	0	0	0	0	0	0	0.047371	0	0	0	0	0	0	0.0130109	45.5142	0.0931098	0.00383142	0	0	0.0217299	13.6732	0	69.5976	0	0	0	0.00362319	0	0	0	0	0	0	0	0	0	0.130804	0.00724638	5900.88	0	0.0163477	0	0.667965	0.0187776	0	0	0	0	0	83.8329	0.69701	0	0	0	0	0	0	0	0	0	0	0	0	0	0	45.6833	114.078	0.0244669	0.0742706	0	0.0376259	5.29088	35109.6	0.00793651	222071	0	0	0.25727	12.1984	0	0.00421941	0	0.511451	0.365523	0.40037	0	3.41986	0	0	0	0	0	5.26454	0.217528	5.79121	0.00196078	0.00234742	0.0344858	0	0	56.2707	0	0.193798	1.2538	285747	0	0.468886	0	1108.11	17.4864	2.47239e+06	0.00333333	7.89228	0.00333333	1091.27	0	8786.78	0.157823	5.48147	0	4.76965	44.192	749471	0.335447	20046.3	0	67.9384	0	17001.6	0	982.421	0	778.804	0.00297619	89624.8	
1.02736e+07	SFG_L_7_6	41576.8	36981.7	0.975724	228.702	3.08584e+06	825885	0	8.20333	0.025641	0.480346	0	319421	740261	13182.1	38.0189	241.028	0.26062	0	0.114709	0.542942	206.661	5.63502	0	93.7574	0	0	83.2189	138.883	0.040404	0	0.168092	1.14056	0.092803	0.00628931	0.00980392	0.0251572	0	0.00628931	0	0	0.245803	42.6444	0	0.0230502	34.2268	0	84.3008	0.822806	0.00854701	5.74996	3.95731	0.00546448	0	0	0	0	0.00617284	0.0037037	0	0.00350877	0	0	0	0	0.0603486	0.0518547	0	0.142917	0	0	0	0	0	0	0	0	0	0	0	0	0	0	0	0	0	0	0	0.00268817	0	0	0	0	0.164404	0	0	0	0	0	0	0	0	0	0	0	0	0	0	0	0	0	0	0	0	0	0.00456621	0	0	0	0	0	0	0	0	0	0.125407	0	0.364069	0	0	0	0.180997	0	0	0	0	0	0	0	0	0	0	0	0	0	0	0	217.626	1.71176	4.45016	0.194161	1161.03	0.704801	319.008	103.827	0	0	0	0	0	0	0	0	0	0	0	0	0	0	0	0.0124034	0	0	0	0	0.938042	48.5397	19097.4	30689.6	11621	1558.75	2673.47	36.6248	4542.74	39.7205	4.51812	161.166	24.5156	36.9914	0	0.00308642	0.0648838	0.00387597	0.0360046	0.36412	0	0	0.0160666	0.135594	0	0	0	0	0.015873	0.049731	0	0	0	0.249637	0	0	0	0	0	0	0.0183917	0.0037037	0.223768	0	0	0	0.0189223	0.0321637	0.00877193	0.14466	0	0.049731	25.101	0.00877193	0	0.00323625	1.40951	0	8.05685	0.274892	0.00813008	0.00374532	0.460446	0	3.94617	0.00374532	2.11067	0	3.9042	0	28.5456	0	
2.8713e+07	SFG_R_7_6	6265.1	338603	1670.64	0.0383352	2.39641e+06	9.37055e+06	4.23288	0.111945	4.58943	158.793	319421	0	263767	532958	20913.4	0.337814	0	0	9.6652	1.64947	53787.6	1.12888	696.035	8.28134	0.292557	0	3355.85	2.99823	0.0592157	23.6408	2.94064	60.4403	2.8308	86.6559	0	0.920002	0.00617284	0.0325108	0.330637	0	3.09811	64433.7	0	0	1234.09	0	4412.77	0	2.37681	4613.79	40.0804	0.00469484	0	0	0	0	0.00444444	0	2.04023	0.807745	0	0	0	0	0	50.8518	1.43044	21.1045	0	0.0045045	0	0	0	0	0	0	0	0.0045045	0	0	0	0	0	0.0181481	0	0	0	0	0	0	0	0	0	0.294803	0	0	0	0.00320513	0	0	0	0	0	1.04675	0	0	0	0	0	0.0047619	0	0	0	0	0	0	0	0	0	0.00564972	0	0	0	0	0.0129958	0.252813	0.0632682	0	0	0	0.914329	0.333769	0	0	0	0	0	0	0	0	0	0	0	0	0	0	0.0678079	92.8221	0	55.6999	1.17188	746.02	0.163872	37058	0	0	0	0	0	0	0.20139	1.05613	0	0.00271003	0.0047619	0	0	0.00343643	0	0.0118303	0	0	0	0	12.3869	23912.4	43048.6	558124	2091.34	157676	1.5618	46419.6	37.3315	4006.4	0	17678.1	805.596	24294.4	0	0.145774	0	0	0	0.0150072	0.00444444	0	0	0.14977	0	0	0	0.00320513	0	0.196953	0.00234742	0.003663	0.0042735	0	0.0045045	0	0.00724638	0	0	0.0047619	0	0.342897	0	2.47171	0.00724638	0.0169082	0	18.1831	0.803213	35.6959	0	0.0146538	3.62465	19417.6	0	0.0344807	0.0186562	13437.1	0.48782	1269.43	0	0	0	134.579	0.0382573	7543.85	0.0380356	2613.33	0.0182648	779.512	0.704775	11574.7	
1.32075e+08	SFG_L_7_7	2048.96	5775.01	0.00520833	0.137924	1.16323e+07	2.65927e+06	0	0.465458	0	0.754804	740261	263767	0	1.74921e+07	1565.8	0.0242504	0	0	59870.4	34.0503	10127.7	0.113006	0	0.0242504	0	0	2.21459e+07	2.26788e+06	0	0	0.0119048	0.115325	0.00641026	0	118.71	0.113006	0	0	0	0	134080	24073.6	13225.3	30.3402	755.349	0.298739	6694.89	47124.4	6136.31	2782.64	1.15423e+06	2.94371	0	0	0.00469484	0.00297619	1.22053	0	0.507816	0.0151182	0	0	0	0	0	0	0	0.339769	21.3951	0.434051	0	0.0125198	0	2.68843	0	0.112785	13.0983	1.60068	332.012	0.369775	0	0.191007	377.456	1.91041	0.0169913	0	0	5.71408	0.00406504	0	0.0629581	0	113.888	0	16.963	0.227912	0	0	0	0	0.00406504	0.00287356	1.0194	0.0502481	0.00444444	0	0.191669	0.00266667	0.041616	0.0599381	0	0.10252	0	0.556144	0	0.0173893	0.587649	0	0	1.37897	0	0	0	0	61.2099	0.0309366	172.758	1.63645	91.1402	0	3.26693	0.0107534	534.879	0.00343643	42.4199	0	13.2928	0	0	0	0	0	1.35292	0	0	0	11884.8	77.1578	23.8235	0	25402.4	87.3577	40958.2	163.648	0	0	0	0	0	0	0.114426	0.00258398	401.71	0.413463	110.444	0.0179173	0	0	23.6189	3.16243	0	0	0	0	1477.31	215.085	947545	2.55543e+06	2.46142e+06	58.3402	17355.5	1257.86	93122.7	0.252472	2604.66	12.2862	1.01307e+06	5060.36	68.5037	0.160538	4083.28	2.41895	8284.8	127.816	0.00421941	0.636456	5643.15	38.8751	415.468	0.00197239	0.0169913	0	3184.29	27.3402	52.628	0.00333333	2239.06	119.472	100.023	0.46876	0.173746	0.003003	2.035	0.017663	2.92256	0.292561	91.5766	0.362732	957.584	50.2205	20.2099	0.150221	21636.7	95.8721	126266	51.9727	8840.76	0.160112	1311.99	18.4282	978.264	0.10301	785.708	0.272278	0.0456997	0.246974	252.581	0.177822	37.8503	0.191284	118.043	0.0717542	844.047	0.35055	1239.1	0.0136842	
1.96814e+08	SFG_R_7_7	92.9171	235.247	5.58354	0.045535	4.73698e+06	2.7156e+07	1.6741	13.559	0.742877	9.85136	13182.1	532958	1.74921e+07	0	70155.6	0.633307	0.52917	0	27782.1	11721.8	19369.9	30.0063	2.84593	0.00271003	0.0117465	0.0200413	2.16921e+06	2.74874e+07	1.26414	0	35.0342	35.1677	253.083	0	17.1056	24.6123	0.00641026	0.00273224	2.56686	0	23010	1.72299e+06	3.71063	24865.5	333040	998.661	2.03202e+06	206677	353.377	168600	3540.36	1837.62	0	0	0.194989	0.174804	1.6708	0.264987	1.25827	4.90421	0	0.00694444	0	0.00529101	0	0.884297	0.0454615	0.025641	0.0478751	0.480097	0.0430666	0.00469484	1.52137	3.14173	0.00287356	0.533165	0.0709463	31.1803	5.29575	0.0386092	0	0.109157	6.85179	23.0796	0	0.00378788	0	0.679201	0	0.0329642	0	0	0.370182	0.120729	0.07135	5.11748	0	0.00378788	0	0.0276944	0	0	0.0108932	78.5674	0	10.4062	0	0.0135177	0	20.341	0	0	0	0.315031	0.00266667	0.00595238	1.09708	0.450666	0	0.0117693	0	0	0	0	229.731	3092.48	11407.3	2615.75	0	0.74131	1.91499	90.9349	927.339	2632.01	21.1936	155.331	43.1278	2.39551	0	0	0	0	4.64413	0.0187831	0	0.00469484	3049.57	484.601	1.04412	70.41	192.433	1254.18	464.076	1084.63	0	0	0	0	0	0	0.521174	4.38091	0.726954	1919.68	0.287488	3.63604	0	0	0.748505	53706.8	0	0.00653595	0	0	1.12537	2425.14	436268	6.26497e+06	8285.81	911.198	22.8679	3843.42	409.625	1.28655	10.1718	109.799	95916.9	336764	0.0706652	2061.12	469.185	3.19145	64.0738	93463.5	0.174659	0.143485	1027.05	7479.59	8.26181	181.739	0	14.3346	288.069	224823	1.35059	194.064	276.872	10858	81.125	423.035	1.24673	0.286624	0.405465	45.5287	2.54059	313.257	1.74789	4348.51	260.498	1.08089e+06	1.49823	30486.2	1132.12	11030.6	154.533	2.77468e+06	2.89463	266539	63.4082	766926	0.201457	954436	2.27604	24350.7	2.64979	0.487526	1.25208	260911	43.6597	7848.36	15.7728	102706	0.140705	277148	2.08357	31896.1	
5.97509e+07	MFG_L_7_1	0.180843	15.4455	72543.3	0	1.02456e+07	184316	311.254	0.060103	0	0.060103	38.0189	20913.4	1565.8	70155.6	0	0.00775194	51.1125	0	7.56107e+06	5.22204	8.96059e+06	15.601	1.86906e+06	0.0266667	46.7598	0	111944	4895.33	264.37	0	26864.7	4.48332	123094	0.521693	66035.7	1.12014	202.573	0.0259119	6725.44	0	0	0	0.00198413	4.01753	0	0	0.00340136	229.624	0.0275444	0	43153.1	0.303071	0	0	0.0172222	0.0037037	2.24281	0.182992	1.89689	2.06354	0	0	0.00362319	0	0	0.00456621	0	0	0.0575085	0.00574713	0	0	0.00584795	0.0124621	0	0.00333333	17.2545	0.00308642	54.6083	0.0136842	0	0.0030581	92.0673	0.0487194	0.0685981	0	0	0.0271968	0.00340136	0	0.101932	0	40.7935	0	76.7282	0.0121768	0.017205	0	0.00392157	0	0.00392157	0	0.747668	0	0.0183917	0.193978	0.142727	0	2.95211	0	0	0	0	0	0.245151	0	0.0445665	0.00574713	0	0	0	0	0	0	51.1929	0.0867763	8.40201	0.0896984	11.3196	0	63.7393	1.66882	164.736	0	18.8765	0	4.52492	0	0	0	0	0	1.21185	0	0	0	0.00416667	1.09388	0.0195157	0.00311526	0	1.51313	0	1.37471	0.136242	0	0.00595238	0	0.323654	0	16.2892	0.124325	424.859	0.0111688	0.0386555	0	1.04924	0	3542.32	0.191802	0	0	2.31662	0	0	0.265783	0.00724638	0.0238824	0.036036	0	0	0.687415	0	0	0	0	0	0	1.8015	4.74396	39.4498	0	1474.13	0.028968	0.160083	0	450.626	0.05108	489.132	0	0.0177809	0	1183.96	0.259327	21.8079	63.6115	636.142	0.0135395	25.2133	0	0.0591232	0.00314465	2.7243	0.00574713	1419.56	1.07	432.437	0	0.987667	9.62911	38465.1	6.2166	464.102	0.208804	4739.2	0.181793	96363.2	0.0316595	35114.7	0.535397	13895.1	0.0750021	208976	0.221895	21.6229	0.753287	723.18	0.0757057	5257.72	0.0323213	4422.05	0.00392157	10386.8	0.0316595	76074	0.807268	
5.63827e+07	MFG_R_7_1	32229.3	41969.2	8082.94	1.02744e+07	12447.7	2.45531e+06	252.531	12879.9	0.847761	0.0211854	241.028	0.337814	0.0242504	0.633307	0.00775194	0	0.0045045	31.1507	0	2.53992e+06	0.0045045	2.50288e+06	1378.06	9.39747e+06	4.85741	10614.9	0	4241.37	0	3000.55	0.0228979	243564	0.0283688	166191	0	37242.2	0	7396.29	0.111182	4454.99	0	0	0	295.2	0	0	0	0	0	0	0	52.9651	0	0.113411	0.00362319	111.705	1.45607	160.664	0.600926	23.5707	0	42.2262	0	9.14288	0	0.345289	0	0.0232323	0	0.0166063	0	8.64344	0	3.1704	0	5.1125	0	6.46015	0	0.119904	0	187.598	0	69.997	0	23.3377	0	1.97832	0	4.99348	0	0.986882	0	0.535157	0	1001.61	0	257.17	0	338.693	0	9.04059	0	108.705	0	143.679	0	0.943003	0	0.341445	0	0	0	2.81545	0	0	0	0	0	1.23022	0	0.0879162	0	0.0220058	0.13603	1407.85	0.0338413	99.2925	0	165.173	0.784011	158.201	0.0147442	2133.2	0	52.8683	0.00378788	9.19675	0	87.2419	0	115.786	0	0.952484	0	994.122	0.0150702	20.0998	0	1.0041	0	18.4771	0.0342333	16.8561	0	0.373321	0	1.01462	0	4.74391	1.33051	329.199	0	6298.39	0	0.143331	0	3227.66	0	153297	0	163.923	0	9384.67	0	0	0	0	0.123065	0	0	0.0528965	3.91899	0	0	0	0	0	0.444207	0.653563	0.00273224	0.002849	0.00273224	568.363	0.465074	5.62356	0.00273224	6.4964	0	43.774	0	68.5046	0.00273224	709.464	1.4475	2.27928	0	3710.69	0.0150702	8.60289	0	3.09257	0	0.250474	0.111704	911.451	0	13.7059	0.00308642	0.260481	5.76416	103813	0	0.93159	0	9.06524	2.15513	22008.6	0.0885225	99190.3	0	2036.82	31.6034	10191	1.27667	0.0685238	0	15.0633	0.171083	4931.1	0.0337633	1357.63	0	559.163	0	4032.53	
3.62356e+07	MFG_L_7_2	0	0	708.829	0.0045045	5079.23	20.3113	0.223938	0	0.036036	0	0.26062	0	0	0.52917	51.1125	0.0045045	0	0	2.78547	0	834218	0.175151	2.87229e+06	0	1.0649e+06	0	66.8542	0.0625181	2.78141e+06	0	329920	0.11291	14130.4	0.0045045	4.39539	0.00680272	1076.14	0.0045045	552845	0	0	0	0	0	0	0	0	0	0	0	622.122	0	60335.9	0	88.1963	0	4691.98	0	1.57279	0	3516.06	0	9.00354e+06	0	0	0	0	0	0	0	23670.3	0	0.522203	0	16711.6	0	1307.11	0	3659.71	0	60347.4	0	2533.84	0	6910.78	0	13481.4	0	1080.66	0	49.7258	0	8.55703	0	635.556	0	11412.6	0	215551	0	4712.12	0	25.2655	0	0.004329	0	34.6149	0	0.0037037	0	0	0	0	0	0	0	0	0	0	0	4192.35	0	847.085	0	0	0	0	0	1.1647	0	0	0	0.696417	0	0.832696	0	509.943	0	6846.43	0	4915.73	0	0.126496	0	86.3776	0	0	0	0	0	0	0	0	0	119781	0	7.58993	0	7848.22	0	1.07524	0	3.98655	0	0	0	1.79632	0	44218	0	177.622	0	35020.7	0	0	0	0	0	0	0	0	0	0	0	0	0	0	0	0	0	0.0179043	0	4.72114	0	0	0	1.71402	0	29.3503	0	0	0	2.06185	0	0.00444444	0	19.8015	0	0.699706	0	0	0	0	0	0.0499941	0	0.0126984	0	0	0	226.815	0	0.328487	0	0.80694	0	0.0738203	0	1396.47	0	0	0	0.198893	0	0	0	0	0.00280112	0.00854701	0	0	0	0	0	0.0301659	0	
2.74283e+07	MFG_R_7_2	519.936	53.4314	40.6927	253.289	54.1045	31.4116	1.48735	3732.28	0	0.00980392	0	0	0	0	0	31.1507	0	0	0	9.6584	0	17306.9	2.48288	6.37849e+06	0.0258924	2.14029e+06	0	16.6117	0	294657	0	67563.8	0	135286	0	1.42933	0	26.1173	0	161462	0	0	0	9.409	0	0	0	0	0	0	0	0.00813008	0	4125.85	0	9561.16	0.130078	13810.7	0.0141844	2.58475	0	1.41296	0	3.54435e+06	0	0.0180312	0	0	0	0	0	0	0	0.010101	0	0	0	0	0	0.0030581	0	24.6133	0	7.9687	0	21876.5	0	1.65201	0	203.234	0	48.0614	0	0.904946	0	127.439	0	26383	0	16.1278	0	8.19665	0	607.762	0	137.702	0	5.54228	0	0.293153	0	0	0	3.77314	0	0.00239808	0	0	0	1.33893	0	0	0	0.0304462	0.0141129	90.3914	0.00248756	65.4816	0	22409.2	0	9.00416	0.0144148	186972	0	136004	0.00362319	257914	0	7483.59	0	131.742	0	159758	0	8.90856	0.00248756	23.0618	0	0	0	78.4431	0	3.6848	0	28530.4	0	0	0	1906.8	1.05076	444.295	0	1086.75	0	0.0708882	0	0.0822452	0	12631.3	0	30.03	0	23.8088	0	0	0	0	0	0	0	0.0281937	0	0	0	0	0	0	0.0367647	0.00243309	0	0.00243309	0	66.6583	0.0182683	3.70062	0	0.0168776	0	77.1573	0	6044.69	0	31.5655	0.598497	1.54988	0	895.575	0	9.22525	0	24.9444	0	0.0319245	0	127.274	0	5.11475	0	0.00606061	0	33871.6	0	0.00537634	0	0	0	2076.42	0.0904063	33688.9	0	2.34477	1.45466	421.152	0.176597	0.00330033	0	0.0289975	0	22.0243	0	5.82329	0	5.18236	0	20.57	
4.70848e+07	MFG_L_7_3	0	0	2.34988	0	2.01766e+06	381.046	0.016921	0.0037037	0.00444444	0.0037037	0.114709	9.6652	59870.4	27782.1	7.56107e+06	0	2.78547	0	0	0.716353	4.20771e+06	0.00694444	197.495	0	0	0	8.30036e+06	5288.64	15.7275	0	3591.7	0.00694444	0.076236	0	107969	0	53.5922	0	0.014737	0	0	0	0.497313	0.00694444	0	0	0	18.1635	0.00980392	0	1.11685e+06	0	0	0	0	0	1.45095	0	0.859027	0.0337107	0	0	0.00362319	0	0	0	0	0	0.170198	0	0	0.00326797	0	0.00314465	0	0.0132026	28.7763	0	30.5988	0.0303302	0	0.0030581	19.0544	0.0271938	0.0685981	0	0	0.00297619	0.00340136	0	0.0646682	0	15.4223	0	24.2026	0.0030581	0.0042735	0	0	0	0	0	0.157869	0	0.0186562	0	0.145982	0	0.293885	0	0.00520833	0	0	0	0.0466495	0	0	0	0	0	0	0	0	0	10.5638	0.00362319	4.07718	0.00362319	3.66517	0	17.8011	0.013692	40.3686	0	12.2995	0	3.87806	0	0	0	0	0	0.795634	0	0	0	0.00483092	0.733982	0	0	0.00497512	0.543619	0	0.54282	0.00512821	0	0	0	0.00483092	0	2.56456	0.00378788	124.663	0	0.138548	0	0.158883	0	521.031	0.0030303	0	0	0.247295	0	0	0	0	0.0690039	0	0	0	0	0	0	0	0	0	0	1.84732	0.0045045	74.5814	0	689.275	0.0281655	0.0817502	0	312.482	0	103.081	0	0.0045045	0	587.101	0.051901	15.3028	0	209.434	0.0283738	20.4081	0	0.00520833	0.00314465	0.294379	0	277.705	0.00314465	76.8029	0	13.757	0.273715	8083.13	0.0334582	362.713	0.0944299	4630.36	0.269586	47528.6	0	10587.1	0.105506	8464.71	0.0326984	15142.7	0.003003	0.795006	0.0145202	283.028	0.00406504	4252.52	0.0129462	897.369	0	2829.12	0.00406504	27251.8	0	
3.08079e+07	MFG_R_7_3	0	0.00606061	0.0321486	3646.31	321.622	6.68244e+06	0.581516	3.04579	0.0314831	0.0403843	0.542942	1.64947	34.0503	11721.8	5.22204	2.53992e+06	0	9.6584	0.716353	0	21.4956	1.64185e+06	0.51584	6116.82	1.03635	0.641784	0.460895	4.28678e+06	0	0.743948	0.101707	2806.59	0.257308	297.868	0.025679	15304.3	0	48.4096	0.00584795	0.728716	0	0	0.0025641	13904.2	0	1.90468	0.156822	0	0	0	0.255758	5675.51	0	10.1595	0.00350877	9.88717	0.0143386	81.3964	0.0561435	11.5624	0	133.332	0	102.948	0	0.0758086	0	0.00529101	0	0.004329	0.012013	11.8784	0.253125	29.319	0	17.811	0	3.78065	0.112123	0.02	0.00297619	122.295	0.00297619	3.3343	0	37.9667	0	5.54165	0	1.04069	0	1.96948	0.0119603	0.0953444	0	35.9164	0	269.815	0	56.9514	0	6.42424	0	18.97	0	6.60201	0	0.0917165	0	0.938629	0	0	0	0.0892049	0	0	0.0030303	0.0047619	0	0.0348869	0	1.5738	0	0.223942	13.2274	1007.23	426.258	67.6633	0	266.872	0.0583239	582.986	19.9181	2300.14	0.129341	109.594	0.435526	170.477	0	0.0213456	0	3.58208	0.0322654	10.4931	0	83.5414	123.421	35.9257	0.00383142	0.00537634	2.57884	27.7408	7.10223	17.8741	0	33.9167	0	4.90002	0	7.94189	0.131935	599.972	0.073343	1931.44	0.00275482	49.8704	0.00266667	5.24446	0.0230997	54222.8	0	644	0	3.68942	0	0	0	0.0275177	0	0	0	0	0	0	0	0	0	0	0.0624416	5.94642	7.04708	0	1.63928	624.349	0.054121	0.32779	13.0869	25.5116	0.0523672	15.8933	0	145.17	2.6294	1371.04	1.12707	1.0281	4.46906	827.71	2.0003	13.1557	0	0.00323625	0.00287356	1.85964	0.0739554	61.1831	0	154.693	0.00960684	7393.83	1.04044	4996.97	1.76464	0.897751	1.37092	1280.32	0	10607.6	0.148734	78961.4	0.00266667	9203.69	4.56377	337.589	0.159528	0.227358	0.00260417	3446.97	0.802843	227.948	0.381888	3889.72	0	5285.85	0.00960684	340.245	
6.32096e+07	MFG_L_7_4	0	0.0997072	7643.38	0.0045045	2.45957e+06	807731	4.63062	0.0337671	0.0388235	0.00401606	206.661	53787.6	10127.7	19369.9	8.96059e+06	0.0045045	834218	0	4.20771e+06	21.4956	0	890.61	4.22027e+06	0.105706	9.1516	0	1.25569e+06	1867.71	9909.28	0.0250997	3.40917e+06	724.426	6838.15	64.2762	388931	164.517	13.2685	1.92935	163.97	0.158698	0	0	0.149741	33.3167	0	0.00666667	0.00340136	5.48458	0	0	3.48914e+06	1.42152	0.132368	0	0.130439	0.0331999	13.2282	0.136772	12.4305	0.561645	1.01527	0	2.10457	0	0	0	0	0	0.34376	0	0	0.0278021	1.26074	1.11477	0	0.0793975	40880.8	0.599688	59427.8	0.381052	0.146009	0.197166	32886.7	0.519035	0.648901	0	0.0045045	2.065	0.292097	0.00311526	0.332719	0	236.816	0	959.036	0.37031	0.0042735	0	0.450781	0	0.202357	0.00297619	6.49396	0.00252525	0.553896	0	2.53661	0	11.8324	0	0	0	0	0	0.0849691	0	0.927098	0	0	0	0	0	0	0	504.539	0.0145828	243.513	1.17884	158.496	0.0031746	694.96	0.179036	2638.76	0.0141011	802.007	0	220.708	0	0.0718318	0.00358423	0.121401	0	6.95141	0	0.0768023	0.0123364	1.92049	59.1133	0.0205177	0	3.8058	66.3846	0	23.8567	19.2903	0	2.71932	0	2.29309	0.00358423	237.801	0.0155993	13587.5	0.106991	0	0.0240729	56942.8	0.0235076	484193	1.65375	0.251993	0	62272	0	0	0	0.0280982	0.00724638	0	0	0.00574713	0	0	0	0	0	0	0	87.0188	0.104155	6450.87	0.630093	40338.9	0.0291427	0.103179	0.00490196	14210.5	0.0154895	5887.03	0.0135367	0.295866	0.003367	21985.5	0.264428	1416	0.205931	10514.4	4.20398	1245.66	0.904716	0	0	12.804	0	1129.49	1.18435	1428.57	0.0113997	0.0356039	0.0339541	18663.2	4.28744	4369.79	0.184812	40189.1	2.38259	70615.2	0.047544	405850	6.69703	4287.78	0.00262467	29365.7	0.0141382	12.0556	0.813449	994.112	0.0718352	1359.21	0.220061	1989.69	0.0035461	5898.07	0.0283051	14476.9	0.208263	
4.3813e+07	MFG_R_7_4	23.6339	391.996	20.0972	15856.4	783.201	1.04649e+06	0.135585	134.894	0.0151515	0	5.63502	1.12888	0.113006	30.0063	15.601	2.50288e+06	0.175151	17306.9	0.00694444	1.64185e+06	890.61	0	1.86116	1.93487e+06	0.0037037	47.8781	0.89539	494790	0.348873	1874.94	2.17669	1.37874e+07	2.63181	13431.4	0.731405	106887	0	279.34	0.00595238	14.9172	0	0	0	18212.3	0.00254453	0	0.159528	0	0	0	4.22217	8078.82	0	118.828	0	87.2337	0.00378788	85.0048	0.0136364	4.15721	0	1119.51	0	4716.59	0	0.849626	0	0	0	0	0	383.928	0.0300547	83.9212	0	243.892	0.00308642	11.492	0.00308642	2.08899	0	2488.6	0	25.2568	0	5436.99	0	49.8178	0	0.979531	0	10.1731	0.003003	0.0168803	0	244.551	0	28771.4	0	1699.05	0	27.3906	0	29.4328	0	34.4125	0	0.23176	0.00308642	1.06315	0	0	0	1.3597	0	0	0.00308642	0	0	0.0303483	0	14.4347	0	1.49563	4.00508	2232.71	158.351	242.869	0	380.371	0.0360588	385.759	5.01603	3571.84	0.0898891	2066.33	0.179024	594.894	0	594.791	0	829.373	0	1406.73	0	10781.3	41.6297	139.114	0.0160666	0.00512821	0.293545	68.5674	4.69738	90.8334	0	206.423	0	139.626	0	86.6387	0.0357539	1863.13	0.0304889	12104.5	0	42.8024	0	8303.61	0.0128968	160923	0	3384.62	0	6758.13	0	0	0	0.175272	0	0	0	0.0303483	0	0	0	0	0	0	0	0.0630792	3.67969	0.00236407	0.376316	57.1447	0	0.186796	5.94698	0.142407	0.0284499	14.2033	0	4088.48	2.28689	40.3943	0.0522947	0.408158	1.78349	232.743	0.908349	3.23986	0	0.990607	0.00308642	1.00762	0.0123552	16.5338	0.003003	25.1907	0	8.4165	0.0260436	1250.98	1.1463	0.0408704	0.601128	6.69879	0.00330033	4330.01	0.240991	36676.9	0	1426.81	0.233028	45.4283	0.0480462	0.0197386	0.0106284	137.637	0.710502	624.818	0.320901	772.276	0	827.149	0.00387597	196.929	
