data	data	5.07957e+07	9.63289e+07	1.30773e+08	3.88153e+07	2.30592e+08	1.1704e+08	8.50792e+07	6.1035e+07	1.62595e+07	2.87748e+07	1.26205e+07	1.9849e+07	1.35832e+08	1.87724e+08	3.09858e+07	4.62259e+07	1.72369e+07	1.35326e+07	3.20334e+07	2.75148e+07	1.7737e+07	4.20969e+07	3.67481e+07	2.14596e+07	6.61535e+07	8.9286e+06	1.17674e+08	2.87872e+08	1.17492e+06	2.89984e+06	9.31465e+06	1.2621e+07	1.21828e+07	1.31282e+07	1.71452e+08	1.70412e+07	5.24858e+06	1.26213e+07	5.49333e+06	4.46766e+06	1.02548e+07	6.5806e+06	3.65168e+07	2.06132e+07	4.83406e+07	1.04532e+07	6.84858e+07	1.97853e+08	1.02474e+07	2.99895e+06	5.27974e+07	2.52303e+07	5.86361e+07	1.74008e+07	6.91395e+07	7.18463e+07	1.86212e+08	1.00054e+07	1.86399e+08	2.27414e+08	2.3541e+07	4.1604e+06	7.82802e+07	2.73167e+07	2.1134e+07	2.54263e+07	1.09507e+07	1.02353e+07	3.08836e+08	1.42612e+08	2.72496e+07	6.28194e+07	3.78886e+07	7.45719e+07	2.09549e+07	7.25076e+07	1.54451e+08	4.73532e+07	6.84458e+07	4.59055e+07	7.51193e+07	4.03126e+07	1.40787e+08	7.14486e+07	2.95269e+07	5.54168e+07	2.91927e+07	5.45606e+07	6.38171e+07	9.29096e+06	5.61607e+07	2.06106e+07	1.27321e+07	1.04075e+07	7.13301e+07	1.77614e+07	2.72758e+07	5.85442e+07	8.57136e+07	7.51284e+06	5.277e+07	1.12201e+07	2.01574e+08	8.20361e+07	1.04007e+08	2.09902e+08	1.41427e+08	4.14548e+07	5.15662e+07	2.10278e+07	1.95789e+07	1.75985e+07	9.60863e+06	9.82633e+06	1.70598e+07	5.35467e+07	4.29193e+07	2.60274e+07	2.22913e+06	2.60015e+06	1.76542e+07	8.72567e+06	9.18612e+06	1.32361e+07	6.76505e+07	5.73762e+07	4.95363e+07	1.46957e+08	2.00086e+07	5.58916e+07	8.53508e+07	5.29955e+07	3.10131e+07	6.50985e+07	7.5788e+07	4.25994e+07	7.30511e+07	1.07124e+08	7.23334e+07	8.42952e+07	1.43821e+08	1.06261e+08	7.73392e+07	4.11264e+07	2.65224e+07	1.31239e+07	1.52485e+07	5.47599e+07	2.08665e+07	4.14837e+07	2.73407e+07	9.98309e+07	5.72295e+06	9.27487e+06	5.21278e+07	2.57306e+07	1.01122e+07	2.452e+06	4.1019e+07	1.54809e+07	1.49579e+08	3.66473e+07	9.8372e+06	1.23972e+07	2.87807e+07	3.19453e+07	4.17231e+07	1.72715e+06	9.65447e+07	5.56033e+07	6.97816e+06	4.97588e+06	3.92267e+07	4.93712e+06	624294	5.01217e+06	3.64255e+06	3.31079e+07	2.40295e+07	4.13907e+06	3.96173e+06	2.38533e+07	8.12937e+06	959824	4.73772e+06	2.65785e+06	8.50841e+06	1.45845e+07	6.30286e+07	8.01914e+07	1.56914e+08	1.32394e+08	9.92214e+07	8.77314e+07	4.78061e+07	7.6437e+07	2.3691e+08	2.04422e+08	6.19815e+07	2.67406e+07	2.15735e+07	1.65938e+07	4.65231e+07	7.77969e+07	4.60237e+07	1.39265e+08	4.81764e+07	1.84901e+08	3.71873e+07	1.92785e+08	3.21307e+07	1.08911e+08	9.09895e+07	1.46947e+08	2.73582e+08	4.91283e+08	3.60291e+08	3.3809e+08	8.44787e+07	1.66757e+08	2.72999e+08	6.60158e+08	3.43223e+08	3.18327e+08	3.57649e+08	2.5914e+08	1.02748e+08	1.14483e+08	1.86499e+08	4.56478e+08	1.2956e+08	9.66437e+07	6.50976e+08	6.95806e+07	1.97536e+08	5.06695e+07	2.09173e+08	1.12489e+08	1.15683e+08	9.45905e+07	1.33098e+08	1.45391e+08	1.73088e+08	9.20792e+07	3.10666e+08	1.28645e+08	
data	data	SFG_L_7_1	SFG_R_7_1	SFG_L_7_2	SFG_R_7_2	SFG_L_7_3	SFG_R_7_3	SFG_L_7_4	SFG_R_7_4	SFG_L_7_5	SFG_R_7_5	SFG_L_7_6	SFG_R_7_6	SFG_L_7_7	SFG_R_7_7	MFG_L_7_1	MFG_R_7_1	MFG_L_7_2	MFG_R_7_2	MFG_L_7_3	MFG_R_7_3	MFG_L_7_4	MFG_R_7_4	MFG_L_7_5	MFG_R_7_5	MFG_L_7_6	MFG_R_7_6	MFG_L_7_7	MFG_R_7_7	IFG_L_6_1	IFG_R_6_1	IFG_L_6_2	IFG_R_6_2	IFG_L_6_3	IFG_R_6_3	IFG_L_6_4	IFG_R_6_4	IFG_L_6_5	IFG_R_6_5	IFG_L_6_6	IFG_R_6_6	OrG_L_6_1	OrG_R_6_1	OrG_L_6_2	OrG_R_6_2	OrG_L_6_3	OrG_R_6_3	OrG_L_6_4	OrG_R_6_4	OrG_L_6_5	OrG_R_6_5	OrG_R_6_6	OrG_R_6_6	PrG_L_6_1	PrG_R_6_1	PrG_L_6_2	PrG_R_6_2	PrG_L_6_3	PrG_R_6_3	PrG_L_6_4	PrG_R_6_4	PrG_L_6_5	PrG_R_6_5	PrG_L_6_6	PrG_R_6_6	PCL_L_2_1	PCL_R_2_1	PCL_L_2_2	PCL_R_2_2	STG_L_6_1	STG_R_6_1	STG_L_6_2	STG_R_6_2	STG_L_6_3	STG_R_6_3	STG_L_6_4	STG_R_6_4	STG_L_6_5	STG_R_6_5	STG_L_6_6	STG_R_6_6	MTG_L_4_1	MTG_R_4_1	MTG_L_4_2	MTG_R_4_2	MTG_L_4_3	MTG_R_4_3	MTG_L_4_4	MTG_R_4_4	ITG_L_7_1	ITG_R_7_1	ITG_L_7_2	ITG_R_7_2	ITG_L_7_3	ITG_R_7_3	ITG_L_7_4	ITG_R_7_4	ITG_L_7_5	ITG_R_7_5	ITG_L_7_6	ITG_R_7_6	ITG_L_7_7	ITG_R_7_7	FuG_L_3_1	FuG_R_3_1	FuG_L_3_2	FuG_R_3_2	FuG_L_3_3	FuG_R_3_3	PhG_L_6_1	PhG_R_6_1	PhG_L_6_2	PhG_R_6_2	PhG_L_6_3	PhG_R_6_3	PhG_L_6_4	PhG_R_6_4	PhG_L_6_5	PhG_R_6_5	PhG_L_6_6	PhG_R_6_6	pSTS_L_2_1	pSTS_R_2_1	pSTS_L_2_2	pSTS_R_2_2	SPL_L_5_1	SPL_R_5_1	SPL_L_5_2	SPL_R_5_2	SPL_L_5_3	SPL_R_5_3	SPL_L_5_4	SPL_R_5_4	SPL_L_5_5	SPL_R_5_5	IPL_L_6_1	IPL_R_6_1	IPL_L_6_2	IPL_R_6_2	IPL_L_6_3	IPL_R_6_3	IPL_L_6_4	IPL_R_6_4	IPL_L_6_5	IPL_R_6_5	IPL_L_6_6	IPL_R_6_6	PCun_L_4_1	PCun_R_4_1	PCun_L_4_2	PCun_R_4_2	PCun_L_4_3	PCun_R_4_3	PCun_L_4_4	PCun_R_4_4	PoG_L_4_1	PoG_R_4_1	PoG_L_4_2	PoG_R_4_2	PoG_L_4_3	PoG_R_4_3	PoG_L_4_4	PoG_R_4_4	INS_L_6_1	INS_R_6_1	INS_L_6_2	INS_R_6_2	INS_L_6_3	INS_R_6_3	INS_L_6_4	INS_R_6_4	INS_L_6_5	INS_R_6_5	INS_L_6_6	INS_R_6_6	CG_L_7_1	CG_R_7_1	CG_L_7_2	CG_R_7_2	CG_L_7_3	CG_R_7_3	CG_L_7_4	CG_R_7_4	CG_L_7_5	CG_R_7_5	CG_L_7_6	CG_R_7_6	CG_L_7_7	CG_R_7_7	MVOcC	MVOcC	MVOcC	MVOcC	MVOcC	MVOcC	MVOcC	MVOcC	MVOcC	MVOcC	LOcC_L_4_1	LOcC_R_4_1	LOcC_L_4_2	LOcC_R_4_2	LOcC_L_4_3	LOcC_R_4_3	LOcC_L_4_4	LOcC_R_4_4	LOcC_L_2_1	LOcC_R_2_1	LOcC_L_2_2	LOcC_R_2_2	Amyg_L_2_1	Amyg_R_2_1	Amyg_L_2_2	Amyg_R_2_2	Hipp_L_2_1	Hipp_R_2_1	Hipp_L_2_2	Hipp_R_2_2	BG_L_6_1	BG_R_6_1	BG_L_6_2	BG_R_6_2	BG_L_6_3	BG_R_6_3	BG_L_6_4	BG_R_6_4	BG_L_6_5	BG_R_6_5	BG_L_6_6	BG_R_6_6	Tha_L_8_1	Tha_R_8_1	Tha_L_8_2	Tha_R_8_2	Tha_L_8_3	Tha_R_8_3	Tha_L_8_4	Tha_R_8_4	Tha_L_8_5	Tha_R_8_5	Tha_L_8_6	Tha_R_8_6	Tha_L_8_7	Tha_R_8_7	Tha_L_8_8	Tha_R_8_8	
5.07957e+07	SFG_L_7_1	0	3.89169e+06	1.23999e+07	10983.2	570925	825.313	3.36192e+06	178051	56947.4	139575	11930	3479.95	441.594	0.0556154	610.788	5972.54	1.95322	36.436	4.51323	0	17.3582	0.0528294	1131.53	391.3	814.502	11685.9	6.96852	0.00666667	0.0107527	4.44915	3.07207	0.0205761	3.34017	42.9601	36.7019	0.0404668	3.44627	90.0837	465.007	50.219	0.00666667	0	0.0335318	0	0.459062	0	3.73942	0.0202062	0.0477834	0	0.208876	0.017316	4.91327	0.549143	9.39446	488.517	524.863	0	242.643	1789.5	760.036	5.19094	1147.54	597.438	15406.2	67.9082	846.17	336.551	179.798	0.013073	2.01083	0	0.165525	0.140015	0.365187	0	4.2929	0	1.92614	0	20.3592	0	5.11323	0	1.16325	0.0167722	4.61129	0	0.567225	0	0.0909114	0	0.231487	0	14.3139	0	0.974325	0.0167722	56.4883	0	0.619073	0	0.997075	0.0171053	5.54335	0.917046	0.646082	0	0.20294	0.468224	0.0145759	0.801286	0	0	0	1.73552	35.1173	0.0179043	0	0.041672	1.32862	0	0	0	1071.77	3.90691	2.86931	0.454487	0.0303187	0	689.708	2.91944	0.0244669	0.00421941	1.19743	0	1.27763	0	0.46367	0	46.971	0.0160131	0.507521	0	1.8691	0	174.939	348.523	8941.44	200.62	207.584	7.52679	594.701	707.704	0.0306554	0	0	0	0.0692389	0	772.602	2.98439	0.0207937	0.00222222	0.0824171	0	40.4923	0	161.125	0.0327334	1.09696	0	296.85	0	6.14146	22.0417	1725.07	11827.7	3953.65	0.0658824	249.65	312.071	368234	2.46958	3234.92	82.045	0.0152062	0.0196078	22.109	87.7497	0.0554659	0	4.46609	0.00350877	0.939996	8.92926	0.0256057	0	4.21443	0	0	0	109.802	0.00350877	1.24372	2.54931	44.9282	0.0145759	12.0417	0.0145759	348.831	106.033	41.3218	0.013073	13571.8	4349.89	441.366	3.75981	8.21572	0.00219298	266385	13589.5	46.8077	0.2007	209.021	0.0498285	67226.9	21544.7	989.946	9.44533	8.10876	0.0880592	3.19841e+06	14.8491	15503.3	10.7746	2200.04	0.0030581	134107	0.36763	33582	0.0070922	31044.6	0	519306	5.12722	
9.63289e+07	SFG_R_7_1	3.89169e+06	0	2.3552e+06	402812	2.41264e+06	1.61009e+06	344547	1.47316e+07	22601.8	2.1115e+06	33642.9	242717	34.2838	9.85341	9063.5	6924.29	0.0222447	17557.4	108.138	0.545608	2.05806	3076.69	403.559	101604	9008.36	678.587	3.29952	1.98668	0	7132.73	0.248469	857.075	0.090151	801796	2.50895	80.7452	0.145517	892188	0.0654615	687024	0	0	0	1.359	0	0.0047619	0	0.286864	0	0.00680272	0.142695	58.9805	0	0.90375	0	433.372	2.3574	5.27497	11.3597	182.438	0	6341.1	0	3631.5	12.8782	3912.47	8.80052	2428.96	0.0176981	1.97721	0	15.1018	0	318.901	0	14.246	0	0.213524	0.00266667	0.438863	0	1020.09	0	116.791	0	16453.9	0	1709.28	0	0.00411523	0	0.042735	0.0045045	0.0192095	0	1.24682	0	3567.57	0	25.1659	0	0.0175469	0.00266667	1.72416	18.2016	0.814694	0.0144182	0	0	11.2391	0	30.8858	0	0.0175028	5.49721	66.7206	0.00462963	0.657308	0	0.304045	0	80.0423	0	52.3874	2.41276	39.6511	4.88419	21.7141	0	0.0816583	1.49877	34.8935	0.0968854	3.34439	0.00347222	26.8778	0.0131988	139.955	0	553.706	0	4161.1	0	0.962716	0	4307.43	112.724	19171.9	32.8199	9188.03	4.30485	865.477	66.2043	66073.4	0	5.00993	0	0.0523502	0	0.109515	3.39622	5.65785	0	0.0529657	0	0.482656	0	0.0706349	0	15.7798	0	0.0294291	0	241.94	17.201	2578.15	3657.56	34837.7	0.00358423	39.4153	1.8418	32718.2	8.29685	78.0481	28.5088	8237.5	0	0.00680272	390.636	11.6703	0.0104457	0.114659	0.0435489	2.26417	3.14516	5.59464	0.00959537	0.992418	0	0	0	0.0181414	0.00268817	3.61349	79.9803	15.1541	0.00411523	2.95939	0	14.7422	0.0426037	703.651	0.00462963	1.30756	54.7715	770627	0.00294985	792.878	0	0.979448	116.622	1.47025e+07	1.04934	14.6326	0.073971	9.87289	0.0175712	118998	3.61761	10471.4	23.5814	36732.8	265.286	1.29095e+06	7.5266	2377.44	20.9083	6.61336	5.71572	29906.1	0.134896	1037.15	0	363.272	26.2009	273469	
1.30773e+08	SFG_L_7_2	1.23999e+07	2.3552e+06	0	56975.5	3.24795e+07	19156.4	3.60445e+06	33129.4	303.285	880.497	53.7789	4012.43	0.131556	0.700078	73343.6	20483.5	8.72869	11.2301	1436.34	0.00421941	113.139	0.411103	6.5328e+06	534.073	579.871	2915.39	16.1184	0.0243195	25.865	0.0613407	342.005	0.00411523	4724.16	3.47406	150.108	0.00406504	226.831	2.3891	47508.9	0.527295	0	0	0.0159732	0.00416667	0.459238	0	3.26428	0.0145357	0.264219	0	0.396359	0	14.9905	0.00628931	8.40791	419.18	419.415	0	180.221	1558.56	9315.29	0.0581264	810.736	2.38176	858.214	135.024	13.2542	10.5998	408.176	0.00215054	36.6577	0.0128205	3.92713	0.0630843	3.01237	0.0287546	7.07042	0	5.08406	0.0780742	63.6589	0	31.0203	0	0.214883	0	14.9266	0.0117103	0.224613	0.0030581	0.304327	0	0.456149	0.0030581	50.8762	0.0030581	0.732379	0	131.535	0	0.321782	0	13.2505	0	21.6325	1.19074	12.2111	0	14.1947	0	5.61072	0.00462963	0.134596	0	0.838639	0.0179173	58.4302	0	0.0383372	0.00462963	1.76221	0	0	0	871.626	4.40975	5.43193	0.233599	0	0	709.178	3.81485	0.138262	0	81.9327	0	0.303371	0	1.6326	0	17.6877	0	0.557025	0	36.4838	0	10.681	136.929	308.862	667.928	3.82052	1.01898	7.00653	1213.53	0.00617284	0	0	0	0.0262566	0	1505.94	4.49679	1.01336	0	0.303725	0	325.929	0	7557.13	0	0.733083	0	6585.02	0	0.0663816	13.0487	18.6216	2930.92	0	0.858582	0.863131	10.3244	14.0188	3.17137	4.02755	579.241	0.0142803	0	67.8068	192.156	1.36071	0	11.0512	0.00275482	7.79823	13.166	0.418177	0.00275482	47.7518	0	0	0	212.288	0.00268817	5.31161	4.05717	685.156	0.0239017	379.228	0.00289855	410.154	15.8418	53.0445	0.00215054	21895.4	5318.41	5041.97	0.0765494	12.8362	0.151669	1.36187e+06	10240.4	87.5288	0.753802	3111.26	0.271483	51740.1	6748.48	6040.61	5.37845	669.97	0.838626	4.49173e+06	31.5052	17708.1	14.2795	4635.46	0.0854524	344322	2.76098	167892	0.0160534	74055.8	0.00297619	1.13445e+06	20.0878	
3.88153e+07	SFG_R_7_2	10983.2	402812	56975.5	0	245321	1.3109e+06	15.2601	350044	21.1087	1.81803	38421.7	0	0.0455653	6.89337	54.474	1.50144e+07	0	667.733	0.0070922	18060.2	0	159467	83.4087	405119	0	72704.3	0.00340136	35.5852	0	259.079	0.00653595	30617.2	0.065238	632186	0	79.0755	0	11992.8	0.0286772	33288.6	0	0	0	260.368	0	0	0	0.919574	0	0	0	649.029	0.00462963	0.075706	0	386.878	0.00387597	9.54883	0.027836	90.6961	0	196.385	0	14.1493	0	0.00564972	0.0247166	1.02953	0	12.1405	0	1.24142	0	1.04945	0	0.877577	0	30.7932	0	0.00694444	0	129.969	0	835.668	0	1384.81	0	212.008	0	0	0	0.25333	0	0.519132	0	0.160024	0	410.554	0	0.991569	0	0	0	0.0178451	0.029087	0	0	0	0	0	0	0	0	0	0	0	0	0.00520833	0	0	0	5.04793	0	3.65311	0.44514	2.7086	0.0161765	0.959116	0	0.0927101	0.519202	7.37382	0.0375	1.92946	0	22.6382	0	39.5122	0	64.8078	0	3321.62	0	0.189919	0	7630.36	0.00555556	0.221295	0	0	0	0.0127208	0	0.0527662	0	6.228	0	0.0589836	0	0.614361	0.0167953	7.0411	0	0.0037037	0	0.0349206	0	15.7811	0	2.54871	0	2.39082	0	103.406	0	0	0	0	0	0	0	0	0	0	0	0	0	0	0.704132	0.0182683	0	0.119899	0	0.440836	0.00497512	0	0	0.658355	0	0	0	0.0168231	0	0.146462	0.0180312	0.0137589	0.0168776	0.0845362	0	1.56347	0.00308642	0.0208927	0	1.52862	0.061453	966.744	0	765.531	0	0.233608	0.122322	45929.5	0.00387597	40.7561	0	15.9961	0	240915	0.0604977	1644.67	1.77747	13522.9	0.236021	50011.9	0.00383142	302.525	0.953869	0.50741	0.731469	83836.8	0.0152653	11443.2	0	4992.51	0.308974	142852	
2.30592e+08	SFG_L_7_3	570925	2.41264e+06	3.24795e+07	245321	0	1.70848e+07	289.504	127.063	1149.34	394.149	5.05461e+06	1.53823e+06	3.73387e+07	817078	3.93221e+06	70868.4	0	1.14147	2.33364e+06	455.005	31948.8	380.657	29575.1	523.696	0.399722	306.891	687261	64.8111	52.1874	0.00694444	1659.59	6.2848	22176.8	1.27244	473557	22.8696	119.255	1.07819	26746.7	0.0242504	0	0.0822238	107.235	1111.88	0.311802	0	4.75503	0.0747768	0.256258	0.00326797	94411.5	383.851	1.22506	0	0.623376	82.1395	331.631	0	116.231	1349.29	13.074	0.00617284	1.30194	0	4853.71	397.288	69.1439	32.6825	2438.73	0.241269	0.0813391	0.0797223	0.19153	0.199068	0	0.203835	76.7807	0	0.574571	0.153015	1.38454	0	31.2937	0.0546011	0	0	0.0201058	0.0117103	0.100548	0.00311526	0.098311	0	0.451556	0.0263252	0.567211	0.0124611	0.0972927	0	1.7342	0	0.0147442	0	82.5982	0.00950617	4.46769	0.240011	6.01925	0	202.931	0.062472	99.4668	0.0363277	0.415739	0	2.29888	0.190787	175.3	0.00350877	0.508244	0	0	0	0	0	1109.31	2.27399	6.10042	0.832654	0.00505051	0	546.716	3.18887	0.60272	0.00406504	91.6436	0	0.0725792	0	0.177337	0	0.139782	0	0.308254	0	6.89736	0.00421941	60882.1	305.341	21312	1861.34	83196.5	52.1922	189094	5042.08	0.00617284	0	0	0	0.00537634	0	1215.21	5.39747	2.18941	0	92.0639	0.0269018	243.906	0.00505051	12481.9	0.0460472	0	0	2451.94	0	24922.7	119.926	51072	405727	1.06957e+06	155.192	22577.1	1086.26	288081	3.81886	55733.4	1761.43	0.292328	73.0816	127.257	81.026	22.2639	0	172.262	0.0544078	38.296	2.68455	15.5829	0.107234	75.2467	0.00350877	0.00505051	0	1023.5	0.0534616	24.4498	0.746568	640.975	4.79732	294.802	0.0549319	60.8025	8.36704	138.13	0.258082	15690.3	1357.78	56291.3	2.75255	26.3503	1.40044	574221	3558.08	194.25	8.66245	14431	394.569	107279	73647.9	1715.07	38.8832	19765.5	0.973551	2.48515e+06	9.04766	16948.6	7.70415	35061.5	0.369515	819074	0.771859	700801	1.77626	351511	0.593978	2.45332e+06	2.96152	
1.1704e+08	SFG_R_7_3	825.313	1.61009e+06	19156.4	1.3109e+06	1.70848e+07	0	12.9505	1054.07	6.61396	2.18911	651515	6.45204e+06	373674	6.68757e+06	203920	1.22772e+06	0	18.6658	155308	2.25014e+06	24447.3	1.7478e+06	124.167	117591	0.00483092	10.0882	11487.2	48897.4	0	49.9286	0.249794	357663	0.0688825	760323	31561.3	1.46743e+06	0.0205908	157668	0.00497512	12941.5	1.64596	0.0114261	0.0257335	333129	0	0.00289855	0.339978	1.93182	0.0314117	0	15511.8	1.28565e+06	0	0.156363	0	1848.59	0.601854	18.7068	4.49254	131.521	0	488.286	0	13.7651	0.0633851	0.00564972	0.0226796	0.158726	20.0073	46.8399	0	3086.42	0	25.3041	0	1070.02	0.00911101	59.6409	0	27.2065	0	1026.05	0.733919	3638.77	0	9222.31	0.00262467	1365.9	0	0.00392157	0	2.93579	0.0116959	7.11074	0.00266667	4.28777	0	8940.13	0	217.472	0	0.0376582	0.0715209	125.054	1.28508	8.09992	0.0134755	0.0635146	0.0286665	0.347375	0.0126385	0.270122	0	0.771702	0.194082	0.808364	0.0122334	0.16088	0	0.0723135	0	92.5239	0	19.9225	120.14	3213.3	542.87	10713.7	0	134.493	39.9806	22990.8	5.72931	1169.13	2.53201	212.429	0	186.184	0	152.677	0	2692.57	0	0.118406	0	19366.7	713.423	3371.05	0.399887	0.0577493	1480.99	814.156	25.9018	2577.39	0	10.6457	0	14.8165	0	1.53664	2.16959	10344.7	0.00320513	251.877	0.00271003	77.5305	0.00512821	4794.86	0.0708401	48160.7	0	7792.14	0.00512821	11784.7	0.718572	335.188	12774.2	122599	3.46597	8.2595	0.364181	7863.54	0.43234	0	0.478525	0	0.375844	0.259064	52.889	321.7	41.1298	2327.23	45.0489	10085.5	3.22362	0.124578	222.6	12221.9	2.16571	0.0182648	0	3.78951	87.3188	5312.77	3.35928	0.0697499	175.495	6212.47	30.0695	1034.73	0.867052	0.760456	1.0481	7.83491	16.0144	40723.3	47.3667	10925.7	1.11007	82275.9	41.4797	1.4874e+06	136.352	7582.42	3.68076	1.23528e+06	8.91123	1.84941e+06	76.2266	1.96938e+06	66.5368	1.97094e+06	434.501	1.46752e+06	15.3376	3230.54	36.0005	2333.91	212.381	451247	111.834	112207	28.1283	80706.6	590.479	2.97889e+06	
8.50792e+07	SFG_L_7_4	3.36192e+06	344547	3.60445e+06	15.2601	289.504	12.9505	0	17667.4	4.07063e+06	2.29753e+06	0	0	0.0161486	0.210515	5044.19	0.136949	99.3575	0.857886	421.953	0	73.3145	0.31362	177410	0.0963366	3.86314e+06	134.641	11.05	0.0363688	0.698379	3.1045	9.87867	0.458551	42.2502	23.7258	255.94	0.106935	8.21887	31.7966	2084.1	36.6705	0	0	0.0336686	0	0.764948	0	3.28495	0.018581	0.0148166	0	0.312158	0.19236	44503.6	747.308	356037	39122	26154.8	0.15361	486283	15718.4	263363	7.57586	644104	573.402	167.156	64.8652	192.971	5059.87	235.1	0.0296318	67.2178	0	4.45772	0.044793	21.4286	0	17.2849	0	13.4981	0.00223714	278.647	0	18.7873	0.0152062	48.7601	0	87.5924	0.00223714	4.23525	0	0.692097	0	0.387376	0	17.8755	0	7.29884	0	503.417	0	5.33113	0	1.24916	0.22447	670.672	2.81079	0.736645	0.060847	0.201737	0.00444444	0.0120305	0.0135185	0.0122643	0.0219854	0.110757	0.00444444	37.7102	0	0	0	131.469	0	0	0	2495.7	3.84388	4.89092	0.925324	0.0748898	0	1432.89	30.0791	0.153421	0.00374532	1.81586	0.0135367	11.2089	0	6.60771	0	804.568	0	0.919366	0	32.4419	0	5.6454	53.9424	94.1017	141.956	0.0174723	0.422459	0.00724638	14.668	9.35487	0	0.074026	0	2.0814	0	290138	38.9956	0.0124289	0.00222222	0.0867122	0	561.306	0	290.053	0	8.76241	0	3718.81	0	0.00606061	0.669508	0	0.436709	0	0	0	2.52042	0.0342105	0.00833333	0.00813008	2.63201	0	0	1332.19	332.732	0.141352	0	9.73819	0.0120568	12.5515	94.5192	0.00297619	0.0120568	5.7276	0	0	0	160.776	0.0120568	244.721	48.8151	82.7941	0.160481	20.573	0.0307481	20311.4	2664.91	91.13	0.0467662	441071	21893.4	256.618	0.321653	7.20657	0.401628	3.5105e+06	74832.2	117.79	7.23578	283.331	7.55879	36655.8	829.168	11108.7	18.3812	14.5147	19.1456	1.67604e+07	110.151	61542.7	278.828	1481.63	0.00641026	137971	296.455	23521.3	0.0938003	29140.6	0.0703218	1.47127e+06	466.001	
6.1035e+07	SFG_R_7_4	178051	1.47316e+07	33129.4	350044	127.063	1054.07	17667.4	0	6714.04	65617.2	0.043186	0	0	0.860012	0.677264	42008.7	1.32623	80070.2	0.0150664	0	0.552694	130.254	16.9552	267512	1048.76	580233	0	0.327511	0.00374532	34706.7	0.641514	36.1372	0.321549	571059	2.03267	26.6742	0.146201	713467	0.147561	434832	0	0	0	0.719598	0	0	0	0.178364	0	0	0.003663	3.1402	0.00383142	25.5154	0.126099	2.38164e+06	1.35607	0.19165	11.3366	907.281	0	40613.1	1.14901	582838	0.590722	0.0261538	0.32541	7.49992	0.00462963	0.00241546	0	0.00392157	0	777.194	0	0.00392157	0	0.0154482	0.00266667	0	0	1.73783	0	0.457118	0	80.9615	0	1.72113	0	0	0	0.0213347	0.0045045	0	0	0.00483092	0	22.1421	0	0	0	0.00444444	0.00266667	0.0461577	15.1274	0.949088	0.0144182	0.0183198	0	0	0.00595238	0	0	0	1.45972	0	0.00462963	0	0	0	0	0	0	0.00401606	0.329519	0.467976	0.138977	5.99095	0	0	0.288402	0.19301	0.014898	0.0435008	0	0.0987522	0.00297619	0.0941505	0	0.454055	0	2.61605	0	0.019728	0	0.318083	0.184192	0.246621	6.8658	0.105878	0.050644	0.0960045	7.48735	0.0127618	0	0.137777	0	0	0	0	2.26432	0.194363	0	0	0	0.385304	0	0.279379	0	8.76883	0	0.025463	0	10.2662	0	0	81.9743	112.525	0	0	0.00529101	0	0	0	6.99314	0	0	0	263.763	17.8447	0.00182149	0.0731083	0.00182149	0.988602	0.595804	3.58185	0.00182149	0.755795	0	0	0	0.00555556	0.00308642	1.92669	139.933	8.34243	0	0.791942	0	0.57574	0.00462963	78339.9	0.00462963	0	28.1594	1.143e+06	0	0.125204	0	0.0843487	446.544	8.08327e+06	0.118989	1.30483	0.00182149	5.96654	0	152.151	3.04127	1509.71	4.37498	66.5163	1478.7	86566.2	2.31207	782.871	4.37498	1.06199	0.51473	491.064	0	0.0960369	0	0.0294483	4.46188	4589.83	
1.62595e+07	SFG_L_7_5	56947.4	22601.8	303.285	21.1087	1149.34	6.61396	4.07063e+06	6714.04	0	819020	6.12174	0	0.00374532	0	0	0.189172	1.39886	0	0	0	0	0.213197	1.11667	0	20.6097	0	0.144607	0	0.00877193	1.52533	0	0.277185	0	3.73683	0.0202438	0.0355877	0	1.38404	0	1.94098	0	0	0	0	0.00396825	0	0.016167	0	0	0	0	0	7100.01	3717.66	1417.77	84725.3	1.19694	5.34314	428256	119031	21.8414	0.552756	8418.33	515.877	123.504	295.215	574268	126080	11.6786	0.00340136	0.0548822	0	0.00617284	0	0	0	0	0	0.00617284	0	0.00606061	0	0.00469484	0	0	0	0.00606061	0	0	0	0	0	0	0	0	0	0	0	0	0	0	0	0	0.0141799	20.9147	0.003663	0.017505	0.003663	0.0216816	0.00444444	0	0.00444444	0	0	0.0802422	0.00444444	1.34848	0	0	0	0	0	0	0	30.3396	0.794723	0.0223214	0.031579	0	0.00584795	5.65409	4.32486	0	0.0236007	0	0	0	0	0	0	0	0	0	0	0	0	4.36707	118.034	221.669	250.575	0	0.00617284	18.3113	87.4499	0.00952381	0	0.00952381	0	0	0	1.04565	1.3188	0	0	0	0	0	0	0.00374532	0	0	0	0.00462963	0	0	0.935755	0.0310078	0.217007	0.0682012	0	0	2.0633	10549.6	39.0906	3149.61	1220.69	0	0	61.5722	1.8119	0.0375039	0	1.87496	0	0.757912	0.237592	0	0	0.278471	0	0	0	9.7851	0	8.85387	0.536002	5.42744	0	0.00392157	0.00350877	125.464	2837.21	8.43205	0.00340136	34431.3	11948.6	3.44438	0.0141799	0.505924	0.0324035	10306.9	32808.4	5.58034	0.111693	4.51324	0.0720414	403.817	3.73663	7.47991	0.749075	1.20723	0	1.45871e+06	0.0490691	10081.9	0.892138	16.791	0.00775194	8335.06	0.161113	754.403	0	544.259	0	211179	0.356484	
2.87748e+07	SFG_R_7_5	139575	2.1115e+06	880.497	1.81803	394.149	2.18911	2.29753e+06	65617.2	819020	0	1.12353	0.0499598	0.00374532	1.59415	0.460353	0.552586	20.0194	870.608	0.0145828	0.0261887	2.40519	0.769843	56.4076	2.886	3183.41	1421.26	0.00330033	0.641111	0	277.971	0.976161	0.111195	0.884932	7.85373	3.83946	0	0.314005	176.479	0.197531	2224.92	0	0	0	0.0676299	0	0	0	0.0252075	0	0	0.033214	0	196.693	36310.1	100.327	3.64129e+06	102.545	0	3242.53	238407	0.71842	2839.82	32.0816	119482	61.6604	7642.05	336.356	384404	1.32436	0.0294886	0	0	0	1.14779	0	0	0.0112553	0.140376	0.0246955	0	0	0	0.0112553	1.1237	0.0793795	0	0	0.00258398	0.00311526	0.00246914	0.00392157	0	0.00311526	0.00984023	0.00311526	0.00984023	0.118785	0	0	0	0.00311526	0	0.0615101	0.00857671	33.5212	0.21323	0.0617981	0	0.115107	0.0531291	0	0.0934376	0	0	0.0541006	0.144119	0.562581	0	0	0	0	0	0	0	31.7523	12.8279	13.6439	0.08998	0	0	49.1801	15.057	1.22897	0.00444444	0.181893	0	0.0569095	0	0	0.00564972	0	0.0224105	0.00438596	0	0	0	93.0916	10133	28.7685	10103.1	8.8717	0.675312	5.24171	1968.81	0	0.0430556	0	0.00925926	0	0	107.546	0.45617	0	0.00260417	0	0.0515509	0.0144033	0	0	0.0459369	0	0	0.00411523	0.00392157	0.563316	72.0578	27.4784	24.5303	0	0	15.7381	120.726	12.2353	817.271	5.30251	36963.5	0	0	205.521	2.27173	0	0	0	0.0283716	1.33203	1.74249	0	0.0283716	0.0164609	0	0	0	0.037037	0.013567	97.0202	4.51842	0.00225225	0.0694551	0	0.0110731	0.67874	5050.25	3.74195	0.158235	32.5673	456300	0.0199182	1.79627	0.00387597	1.08849	1100.01	3.60019e+06	110.501	4.04802	0.0311656	3.09381	44.6213	2710.67	214.029	18.3152	364.148	1072.65	2374.26	306796	224.943	33233.8	340.795	2.46015	1064.5	8670.48	205.215	1.64281	10.5088	0.765594	1228.99	27795	
1.26205e+07	SFG_L_7_6	11930	33642.9	53.7789	38421.7	5.05461e+06	651515	0	0.043186	6.12174	1.12353	0	208060	51463.4	416.14	665.006	8257.15	0	0	1.95374	0	0.353244	0	25.16	9.23682	0	0	0.0202279	0	0.165404	0	0.077267	0	4.6449	0	0.384251	0.0567838	0	0	0.258838	0	2.79566	0	0	7.02685	0	0	0.0037037	0	0	0	0.262909	0.40433	0	0	0	0.0149018	4.46957	0	2.54831	183.262	0	0	0	0	330.88	0.36669	10.5669	0.171006	1.65209	0	0	0	0	0	0	0	0.0646488	0	0	0	0	0	0.0646488	0	0	0	0	0	0	0	0	0	0.00387597	0	0	0	0	0	0	0	0	0	0.0364384	0	0	0	0	0	0.395894	0	0.0441431	0	0.00401606	0	0.0191856	0	0.57773	0	0.00401606	0	0	0	0	0	6.32923	0	0.0199049	0.00396825	0	0	1.93792	0.00529101	0	0	0	0	0	0	0	0	0	0	0	0	0	0	908.075	0.261687	1104.52	1.42506	2319.28	0.515658	4079.95	18.864	0	0	0	0	0	0	2.27561	0.457779	0	0	0	0	0	0	0	0	0	0	0	0	564.041	0.742987	197.903	777.904	202658	18.8906	41.8007	5.8802	30767.1	0	454.196	1.435	6.09763	0.0151515	0.0160853	0.0176608	0.00416667	0	0.0361761	0	0.0718328	0.00497512	0.0267094	0	0	0	0	0	0.00401606	0	0	0.00421941	0.0160666	0.0142258	0	0	0.115841	0	0.390172	0	8.90724	0.138613	29.2616	0.0511445	0.00483092	0	16.6505	0.626694	0.0765044	0	0.0758153	0.0158131	25.4024	4566.79	0	0.00378788	0.930557	0	618.204	0.0894105	3.39921	0.13433	11.6635	0	267.875	0	272.611	0.0511445	127.923	0	748.794	0.103893	
1.9849e+07	SFG_R_7_6	3479.95	242717	4012.43	0	1.53823e+06	6.45204e+06	0	0	0	0.0499598	208060	0	8622.03	1.21939e+06	87023.9	0.101224	0	0.0111111	7660.25	2.74964	451.091	4410.64	0.590538	726.704	0	0	746.883	0.377498	0	0.277778	0.00490196	2014.66	0	7879.82	184.02	4.83641	0	3.05131	0	0.525173	0	0	0	2.42508	0	0	0	0	0	0	111.288	1.14909	0	0	0	0.00680272	0.0293172	0	0.124101	0.0189818	0	0	0	0	0	0.0199005	0	0	0	0.00444444	0	0	0	0	0	0	0	0.00520833	0	0	0	0	0	0.123746	0	0.00383142	0	0	0	0	0	0	0	0.00497512	0	0	0	0.00383142	0	0	0	0	0.0030303	0.0171053	0	0	0	0	0.0030303	0.288728	0.0030303	0.35713	0	0	0	2.36102	0.0030303	0.0171053	0	0.112322	0	0	0	0	0.0629115	0.0759679	0.00462963	0.0047619	0	0	0.0168776	0.0232836	0	0.0197542	0	0	0	0	0	0	0	0.00617284	0	0	0	0.00653595	0.32236	2.49096	0	0.142783	0.0526316	251.059	10.583	10316.1	0	0	0	0	0	0	0.0596123	0.00268817	0	0	0	0	0	0.0387205	0.0030303	0.0197542	0	0.0256809	0	0.0306513	0.504271	180.562	63.3084	10905.6	858.353	14007.4	0	10858.4	0.226908	0.0349206	0.0509848	0.0452354	0.0133333	1265.22	0.157092	0	0	0.0045045	0.0108408	0	0.0181414	0	0	0.0045045	0	0	0	0	0.0443804	0	0	0	0	0	0.0030303	0	0	0.0423737	0	0.0181481	0	736.198	0.0335393	96.2782	0	0.245665	0.903547	6593.88	0	0.0646501	0.0142911	0.164939	0.00387597	14012.8	0.0129335	3.25649	1.22998	13556.1	7.89027	19798.8	0.0556635	1.67193	0.0321896	0.0388563	2.37008	1967.64	1.49493	106.88	0.148983	5.98184	10.3596	31088.8	
1.35832e+08	SFG_L_7_7	441.594	34.2838	0.131556	0.0455653	3.73387e+07	373674	0.0161486	0	0.00374532	0.00374532	51463.4	8622.03	0	7.98504e+06	0.163928	0.00680272	0	0	1.54859e+06	11.9469	2376.48	68.5586	0.00456621	0	0.0149018	0	1.11385e+07	843552	0	0	0.0841699	0	28.1806	0	189705	14.3194	0.914022	0.0781472	0.0146073	0	44794.6	1285.37	9922.66	7417.5	0.0379337	3.95625	23.482	192725	4.61802	0.200959	206953	243.869	0	0	0	0	0.866174	0	0.713559	0.182012	0.0169858	0	0.871604	0	367.434	0	0.021711	0.00564972	75.0445	3.47181	0.0634188	0.00323625	2.27461	0.0030303	0	0	463.282	0	10.8304	0.0030303	3.24703	0	10.8876	1.53128	0.0372731	0	1.3478	0	0.864608	0	2.86098	0	1.07947	0.683118	2.30762	0.015873	1.34685	0.00326797	5.63019	0	0.684677	0	21.2941	0.0238746	4.63622	0.166777	35.2846	0	2.24378	0	0.655271	0	0.120123	0	0.00411523	0.003367	1.75667	0.00320513	0	0	0.00387597	0	0	0	324.848	0	67.4009	0.129819	2.80892	0	204.397	0	192.563	0	186.388	0	8.18219	0	0.00469484	0	17.5407	0	11.155	0	0.453317	0.0132673	67149.4	2.11193	11272.7	0	37168	8.82348	190356	49.2283	4.28685	0	0.00421941	0	9.86315	0	164.681	0.0045045	10.46	0	645.513	0.0454259	162.992	0	35218.9	0.10255	0.0861941	0	112.622	0	22970.5	0.438972	487560	726960	4.88048e+06	131.966	5661.75	83.1224	554976	0	270347	0	15338.8	3104.74	12388.5	0.522783	1355.82	0.603307	13855.9	0.145948	1.33443	0	1574.13	1.083	211.866	0	0.0765913	0	17884.3	0.144177	499.913	0	757.61	6.12066	274.308	0.050838	0.695518	0.438637	1.50569	0.349326	137.365	0.377324	991.687	3.58501	2563.48	48.5558	0.27452	27.7588	744.925	58.2197	550484	422.427	3445.9	0.0438651	30078.4	39.3831	6528.47	0.264768	1153.31	0.0863907	51.2414	0.0119351	2088.08	0.77002	298.556	0.407433	666.795	1.26594	4318.72	0.259686	6818.78	0.134589	
1.87724e+08	SFG_R_7_7	0.0556154	9.85341	0.700078	6.89337	817078	6.68757e+06	0.210515	0.860012	0	1.59415	416.14	1.21939e+06	7.98504e+06	0	1.58242	5.52612	0	0	9331.37	159624	46.1349	18092.5	0.00209644	0.0209811	0	0	3.84945e+06	1.96008e+07	0	0	0.00243309	81.4523	0.00323625	0.744851	5229.91	22111.3	0.00246914	7478.91	0	0.00606061	268366	434842	0.785943	664136	92.2734	4826.19	25926.8	1.35753e+06	92.7828	383.158	4634.64	149515	0.002849	0	0.002849	0.695082	0.00383142	0	0.223036	3.17062	0	8.17433	0	0.00942391	0.0037037	0.0170024	0.0175469	0.43042	4637.91	3461.21	0.0030581	154.447	0.0495487	3.3704	0	49.3805	100.025	6135.33	0.276245	1.42688	0.0437604	9.76435	124.788	27247.7	0.00314465	70.5056	0.0975175	18.7635	1.45257	3.77667	0.0110357	5.07587	2.78898	146.348	0.963324	352.744	0.0030303	422.198	0.0442441	2.29216	0.204304	0	71.0828	1456.22	1.00117	1884.49	0.551605	0.296847	0.224058	0.212533	0.0026455	0.548328	0.0124163	4.5907	0.146521	2.46949	0.47059	0.617931	0.0142101	0	0	3.87139	0	0.409267	1282.16	2038.22	9613.85	28849.5	0	37.599	203.199	1172.27	60.1461	480.457	157.284	21.8631	0.0566105	1.7933	0	1.97644	0	5.86238	1.90496	0	0	336.188	4369.24	6470.48	0	0.0338369	10376	6398.59	115.473	12542.2	0	0	0	0.977535	0	0	1.46042	218.746	0.107417	21.2258	2.17121	2763.95	0.0879907	67.9589	2.43963	24391.8	0	82.7354	0.0217819	261.152	0.232626	81.3471	224602	3.27454e+06	545.307	7508.46	0.234573	16059.9	2.66407	2.5482	0.235006	0.166276	15009.8	1.17323e+06	101.077	5646.9	5970.28	40305.5	15421.5	476924	0.951874	13.8713	59685.6	593067	42.7373	2.40019	0	11.2146	9355.09	135767	0.418985	0.0181818	16924.1	115078	1043.53	9293.99	35.2433	2.52937	148.459	27.5345	154.619	490.473	9859.34	40887.2	740.286	1.86776e+06	1142.06	242432	16603.6	384408	864.471	2.57627e+07	7.01254	50668.1	6272.23	1.27743e+07	360.595	1.29947e+06	21.4065	185449	101.924	2036.05	15593.5	629298	704.096	56695.6	66.3368	168268	18.237	506554	121.11	190524	
3.09858e+07	MFG_L_7_1	610.788	9063.5	73343.6	54.474	3.93221e+06	203920	5044.19	0.677264	0	0.460353	665.006	87023.9	0.163928	1.58242	0	21.0052	324.497	0.117992	4.62183e+06	1.19925	2.18871e+06	5.72759	4.25427e+06	2.12911	199.322	0	2863.06	0	20.166	0.00740741	948.918	0.9026	965.325	0.2593	37116.3	0.251855	10.92	0.00740741	298.728	0	0	0	0	0	0	0	0.0131341	0	0.003367	0	155.665	0	35.5529	0	3.66155	0.97645	3.94643	0	3.78775	7.45837	3.5781	0	584.852	0	0.162262	0.103813	0.00724638	0	277.423	0	0.089026	0	0.176364	0.00333333	0.0542208	0.0132026	3.53546	0	0.0299966	0.0132026	2.32001	0	0.879882	0	0.0233918	0	0.210639	0	0.060719	0	0.371838	0	0.00438596	0	0.0432047	0	0.165855	0	2.01524	0	0.00490196	0	4.84366	0	0.00529101	0.0167775	5.69079	0	4.87899	0	3.23194	0	0.0354823	0	0.0867495	0	32.9583	0	0.0045045	0	0.29172	0	0	0	41.8779	0.0960342	0.182941	0.00411523	0	0	4.84266	0.0586979	0.0847095	0	26.928	0	0.0254176	0	0.0634058	0	0.539416	0	0.0551424	0	0.219727	0	0.270535	0.311492	0.326973	0.164702	0.00595238	0	0	0.0759759	0.00653595	0	0	0	0	0	8.6527	0.177152	0.975186	0	0	0.012703	266.403	0	1872.62	0.012703	0.0475292	0	2162.68	0	0	0	0.0222222	0.00740741	0	0.158912	0	0.0116323	0	0	0	0.0207029	0.0037037	0	0.282943	2.03205	0.0671849	0	1.07427	0	0.628857	0.167317	0.0196121	0	22.9643	0	0	0	32.6561	0	0	0.0187943	76.6472	0	55.2025	0	1.45097	0.155839	19.657	0	615.104	15.2342	922.162	0	0.0352966	0	13550.3	33.6983	0.920811	0.0128961	315.273	0	3385.5	4.71046	119.728	0.427326	134.18	0	20205.8	0.0178192	209.265	0.0384935	1243.32	0	2894.12	0	4358.16	0	4936.21	0	14688.5	0	
4.62259e+07	MFG_R_7_1	5972.54	6924.29	20483.5	1.50144e+07	70868.4	1.22772e+06	0.136949	42008.7	0.189172	0.552586	8257.15	0.101224	0.00680272	5.52612	21.0052	0	0	2.86515	0.111726	951215	0.247621	711210	29.7483	3.99541e+06	0	304560	0.00340136	425.552	0	0.0546265	0.00653595	47961.8	0.0070922	506499	0.0621473	170.697	0	707.885	0.0070922	2581.12	0	0	0	579.572	0	0	0	0.689952	0	0	0.109007	1113.79	0	0	0	18.0724	0	0.141105	0.0105252	18.1653	0	51.2246	0	0.84924	0	0.00564972	0.00680272	0.714424	0	4.87406	0	0.0589597	0	0.0111111	0	0.0589267	0	18.5237	0	0.00694444	0	0.710746	0	307.691	0	17.5125	0	1.30993	0	0	0	0	0	0.420344	0	0	0	2.31913	0	0.00497512	0	0	0	0.0178451	0.0108443	0	0	0	0	0	0	0	0	0	0	0	0	0	0	0	0	0.0972963	0	0.149793	0.108439	0.0466652	0.00392157	0	0	0	0.340569	0.70813	0.0166667	0.00694444	0	0.301532	0	0.621239	0	2.47162	0	579.389	0	0.00628931	0	1684.63	0	0	0	0	0	0	0	0.0527662	0	0.0325203	0	0	0	0	0.0167953	0.159752	0	0	0	0	0	1.4856	0	0.195025	0	0.236457	0	3.53075	0	0	0	0	0	0	0	0	0	0	0	0	0	0	0.331497	0.0182683	0	0.119899	0	0.285625	0.00490196	0	0	0.553942	0	0	0	0	0	0.00462963	0.00462963	0	0.00421941	0.003003	0	0.00574713	0.00308642	0	0	0.430577	0	90.1587	0	350.094	0	3.25453	0.122322	6805.59	0.00387597	19.9611	0	13.5206	0	78143	0.0604977	113.716	1.08035	3912.53	0.12147	22664.3	0.00383142	235.132	0.565512	0.549077	0.150552	26968.1	0.003003	4574.96	0	1987.44	0.113733	45209.8	
1.72369e+07	MFG_L_7_2	1.95322	0.0222447	8.72869	0	0	0	99.3575	1.32623	1.39886	20.0194	0	0	0	0	324.497	0	0	0	0	0	388497	0	2.72738e+06	0	3.10778e+06	0	0.00392157	0	145516	0	81296.3	0	45526.5	0	83.6988	0	6.07009	0	141708	0	0	0	0	0	0	0	0	0	0	0	0.0201352	0	3478.65	0.0254176	289.047	30.1099	35.4792	0	3.77497	79.1216	10960.6	0	1.87374e+06	0	0	0.0927344	0.010101	0.104595	26.874	0	32.5771	0	7.11959	0	21.6954	0	56.8882	0	104.537	0	960.294	0	128.329	0	141.233	0	267.486	0	10.1683	0	34.3823	0	1.03995	0	44.8368	0	137.33	0	1752.78	0	6.94485	0	2.02707	0	0.00314465	0	26.8713	0	0.121333	0	0.0476511	0	0	0	0	0	0.0742369	0	0	0	169.164	0	0.00757576	0	0.0926967	0.296864	0	0.014652	0.00900901	0	101.186	0.133259	0.0301491	0	1.6584	0	120.919	0	14.016	0	1356.67	0	43.8541	0	63.5737	0	0	0.723377	0	0.237672	0	0.00374532	0	0	15.4298	0	0	0	4.02766	0	101.312	0.463301	1.8133	0	0.0205761	0	30.0705	0	172.247	0	1.42178	0	223.059	0	0	0	0	0	0	0	0	0	0	0	0	0	0	0	0.00401606	7.39054	0	0	0	0	0.0184338	0.836893	0	0	0.498698	0	0	0	1.43974	0	0.00387597	0.0178979	5.08739	0	10.8619	0	88.4124	0.0351118	0.400985	0	1477.05	121.865	23.868	0	0.0045045	0	58026	234.133	0.0171391	0	25.9819	0	26.2064	0	358.951	0.134983	1.78769	0	23171.9	0	7.04701	0	4.82912	0	380.393	0	273.969	0	107.956	0	1029.78	0	
1.35326e+07	MFG_R_7_2	36.436	17557.4	11.2301	667.733	1.14147	18.6658	0.857886	80070.2	0	870.608	0	0.0111111	0	0	0.117992	2.86515	0	0	0	0.0144928	0	2008.19	0.117992	1.39111e+06	0.0652174	533735	0	0.0128205	0	747703	0	14.8211	0	23512.3	0	0.488916	0	7128.1	0	20304.4	0	0	0	0.00456621	0	0.00456621	0	0	0	0	0	0.160398	0	1051.32	0	754392	0	3439.35	0	2904.59	0	91.9278	0	2.98172e+06	0	0	0	0	0	0	0	0.0915891	0	2.76231	0	0.0137579	0	0.0468826	0	0.883166	0	38.5632	0	30.7182	0	19920.7	0	97.4832	0	0.0193888	0	25.7984	0	0.0168844	0	9.6383	0	39083.9	0	4.2559	0	0.00529101	0	0.442076	0	0	0	0.0497639	0	0	0	0	0	0	0	0	0	0	0	0	0	0.092832	0	0.322347	0.00320513	52.663	0	12.8933	0	3014.75	0	569.887	0	118.642	0	44171.6	0	85161.2	0	480.824	0	314.202	0	365.533	0	1.04569	0.00326797	0.250711	0	0	0	0.0124785	0.00362319	0	0	2795.29	0	1.24623	0	446.566	0	529.954	0	0.404281	0	0.0402178	0	0.0742747	0	0.513093	0	0.0264568	0	0.101101	0	0	0	0	0	0	0	0	0	0	0	0	0	0	0	0.0153227	0	0	0.00308642	0.0598191	0	0	0.00308642	0.00456621	0	0	0	113.611	0	0.894394	0	0	0	0.229837	0	25.1027	0	0.586431	0	0	0	16.8898	0	0.148842	0	0	0	506.334	0	0.0137486	0	0.0372327	0	1.62361	0	28.3939	0	0.620636	0	1.81338	0	0.00680272	0	0	0	0.068664	0	0	0	0	0	1.09367	
3.20334e+07	MFG_L_7_3	4.51323	108.138	1436.34	0.0070922	2.33364e+06	155308	421.953	0.0150664	0	0.0145828	1.95374	7660.25	1.54859e+06	9331.37	4.62183e+06	0.111726	0	0	0	91.2354	2.98325e+06	225.293	35239.3	15.1072	2.61996	0	4.12036e+06	15.4601	0.010101	0	128.764	6.83467	122.548	0.107357	127222	4.37163	2.25266	0.0235507	10.2091	0	0	0	72.8912	183.521	0	0.0020202	0	0	0.00900901	0	28124.4	133.801	1.41503	0	0.00606061	0.0338355	0.0207729	0	0.0472885	0.526654	0.193489	0	10.6552	0	0.18462	0.00421941	0.00456621	0	90.1769	0.00326797	0.0770563	0	1.37841	0.0121829	0	0.00311526	28.4616	0	0.442839	0.0121829	0.649651	0	1.14115	0.00273224	0.0360508	0.00330033	0.141403	0	0.0492095	0	0.2626	0	0.0180312	0	0.199003	0.00273224	0.0159732	0.00330033	0.766409	0.00330033	0.0832394	0	2.55733	0	0.215754	0.003003	1.87288	0	0.44568	0	0.222809	0	0.0146459	0	0	0	2.15561	0	0	0	0.0155951	0	0	0	29.4132	0	1.60938	0.0149813	0.241882	0	26.5395	0.0278315	4.06885	0	11.3855	0	1.67746	0	0.00469484	0	2.06591	0	0.905831	0	0.139634	0	1.12631	0.178457	0.136257	0.00236407	0.243769	0.0332112	0.989915	0.332175	0.872506	0	0	0	1.14826	0	32.2506	0.0149832	1.17973	0	23.6786	0	466.834	0	3585.61	0.00273224	0.221842	0.00330033	574.39	0.00330033	0.14881	0.00483092	0.0478362	2.07284	1.43447	0.0692389	0	0.122225	0.930769	0	1.98776	0	0.0037037	0	120.243	0.0388618	12.6007	0	233.83	0	0.0171958	0.00438596	21.9092	0	22.9448	0	0	0	625.588	0.00252525	18.5906	0.0042735	60.8725	0.00280112	24.787	0.00280112	0.174539	0.15998	0.547049	0.00326797	67.4169	0.369208	272.847	0.0132084	3.15887	0.0105601	773.425	5.80899	8.56809	0.541055	13927.7	18.2104	2195.93	0.0713157	1080.47	1.64995	582.963	0.00383142	5712.75	0.0395305	76.3817	0.0628686	538.595	0.0270315	1055.54	0.0131725	1580.39	0.0116259	1676.04	0.0116259	7512.83	0.0154148	
2.75148e+07	MFG_R_7_3	0	0.545608	0.00421941	18060.2	455.005	2.25014e+06	0	0	0	0.0261887	0	2.74964	11.9469	159624	1.19925	951215	0	0.0144928	91.2354	0	120.867	7.34262e+06	0	17718.4	0	0	5.57771	2.70695e+06	0	0	0	51.1907	0	0.700645	208.86	6073.93	0	62.8429	0	0.0104167	0.00757576	0	0	210047	0	0	0	49.4677	0	0	24.4792	60998.4	0	0	0	0.00268817	0	0	0.00396825	0.00584795	0	0	0	0	0.00416667	0	0	0.00584795	0.0117103	1.29283	0	0.024026	0	0.00694444	0	0	0.00282486	0.254521	0	0.00537634	0	0.00438596	0	13.1489	0	0.0729909	0	0.00438596	0	0	0	0	0	0.106701	0	0	0	0.0404575	0	0	0	0	0	0.122125	0	0.00680272	0	0	0	0	0	0	0	0	0	0.00406504	0	0	0	0	0	0.00438596	0	0	0.255702	0.620568	0.746872	4.10213	0	0	0.105826	0.00537634	0.0358926	0.0216816	0	0.00505051	0	0	0	0	0	0.0224486	0	0	0	0.286595	0.887884	2.61698	0	0	1.13654	0.0773671	0.0371951	0	0	0	0	0	0	0	0.00416667	0.0485535	0	0.00694444	0	5.84628	0	0.117165	0	41.0438	0	0.0417293	0	0.191042	0	0	0	0	0	0	0	0	0	0	0	0	0	0	0.0115156	0.245487	0.164718	1.77355	0.117171	18.7664	0	0	0.557083	18.7951	0.00333333	0	0	0.0174478	0.261996	4.2215	0.00411523	0	1.61901	2.08497	0.0577275	0.480686	0	0.00406504	0	0.0172625	0	65.446	0.0117103	300.492	0	3147.3	0.178223	12.6582	0.155135	5.1067	0.0031746	304.934	0.00416667	16060.7	0.208935	382.641	0.0146199	2972.71	0.998786	207.148	0.0340806	12.2612	0.0805822	7.42821	0.191044	2488.4	0.0177809	1844.53	0.0157407	3101.82	0.880375	1850.77	
1.7737e+07	MFG_L_7_4	17.3582	2.05806	113.139	0	31948.8	24447.3	73.3145	0.552694	0	2.40519	0.353244	451.091	2376.48	46.1349	2.18871e+06	0.247621	388497	0	2.98325e+06	120.867	0	29.1699	562028	0.243299	1241.32	0	20316	1.86786	347.535	0	932009	0.0604082	273.638	0.00628931	1.11802e+06	2.35759	116.742	0.0280733	3637.02	0	0	0	0.00392157	12.031	0	0.0020202	0.00392157	0	0	0	352058	23.4686	817.783	0	72.3855	2.59966	8.15518	0	8.56938	9.87775	523.674	0.0047619	68332.7	0	1.07988	0.0631755	0.00574713	0	771.831	0.050747	3.10278	0.15978	2.41433	0.199553	0.717147	0.205788	11.9677	0	2.12407	0.152778	86.2496	0	17.3645	0.00297619	13.8209	0.00330033	6.62442	0	1.9381	0	1.45158	0	1.57437	0.0122489	18.5822	0.00294985	4.80739	0.00330033	212.243	0.00330033	2.43028	0	17.4223	0	0.00378788	0.0325678	8.20487	0	13.2814	0.00266667	5.56924	0	0.0166151	0	0.0120208	0.00266667	18.7972	0	0.00438596	0	18.1901	0	0	0	142.681	0	0.930314	0.13787	0.0454615	0	52.5399	0.243919	0.132672	0	35.2971	0	1.22104	0	6.36089	0.00401606	29.4803	0	2.54107	0	3.05021	0.00411523	5.89275	0.849064	1.29868	0.191136	1.79696	0.0097397	3.32733	0.0130614	0.062269	0	0	0	0.00505051	0	25.9866	0.0156207	2.38566	0.00340136	0.0242923	0.0784287	1460.41	0.0185315	4501.73	0.114523	2.62799	0.00330033	3020.23	0.00330033	1.32686	0	0.0613276	0	2.98539	0	0	0	2.75334	0	9.30619	0	0	0	0.274117	2.40197	0.676173	0.00347222	2.60239	0.00347222	1.27653	0.114896	0.579359	0.00347222	26.2903	0	0	0	68.1059	0.00252525	0.00374532	0.0711547	330.122	0.0097397	119.306	0.0097397	8.22077	2.18566	9.53244	0.076767	984.096	22.8157	4448.04	0.0124255	0.556347	0.0722707	19616.9	71.6844	6.17008	3.47703	925.291	1.64531	30767.2	0.00952381	801.663	5.40284	2727.68	0	27526.9	0.596247	231.295	0.404774	5811.2	0.0459979	9773.04	0.0259134	21432	0.0259134	27187.6	0.0116259	25081.4	0.0161908	
