data	data	2.90221e+07	4.31988e+07	1.33925e+08	3.7979e+06	2.18932e+08	1.50243e+08	8.04506e+07	2.12396e+07	1.41511e+07	1.38033e+07	1.38091e+07	2.54614e+07	8.1539e+07	4.65775e+07	9.17772e+07	2.65364e+07	1.03715e+07	2.2825e+07	4.13803e+07	2.49822e+07	2.01744e+08	4.33402e+07	3.46653e+07	2.38325e+07	8.8291e+06	1.3647e+07	7.38877e+07	3.14452e+08	1.09715e+07	6.85569e+06	5.76737e+06	1.63795e+07	5.03467e+06	1.58631e+07	1.71305e+08	7.30193e+06	2.28253e+07	6.56044e+06	4.32618e+07	4.93137e+06	4.08888e+06	1.30514e+07	2.87415e+08	4.64298e+07	3.859e+08	1.82224e+07	3.84456e+07	9.22775e+07	1.91677e+07	1.06678e+07	4.00402e+07	1.66185e+07	2.70383e+07	2.07879e+07	1.77873e+07	1.68843e+07	1.61709e+08	4.60462e+07	3.62633e+07	8.95355e+07	1.1916e+07	8.16725e+06	4.61327e+07	2.72388e+07	5.88989e+06	1.00645e+07	2.23605e+06	9.45805e+06	8.63526e+07	2.00903e+08	5.67882e+06	2.96883e+07	4.00319e+07	3.348e+07	1.91636e+07	3.19902e+07	4.21305e+07	7.61058e+07	8.63629e+07	8.69636e+06	4.89829e+07	4.742e+07	6.30288e+07	7.58481e+07	3.15237e+07	3.9667e+07	2.6618e+07	4.00889e+07	6.39106e+07	6.10728e+07	2.12146e+07	1.28281e+07	1.78547e+07	7.5197e+07	3.77646e+07	2.77989e+07	2.78271e+07	8.58764e+06	1.08265e+07	1.50515e+07	6.62869e+07	4.00501e+07	1.83713e+08	1.62746e+08	4.57213e+08	3.38041e+08	1.54629e+08	9.90464e+07	1.07341e+07	1.64102e+07	6.28015e+06	9.75052e+06	8.48062e+06	3.31862e+07	3.34701e+07	2.88457e+07	1.69435e+07	3.56096e+07	2.76269e+06	7.37201e+06	4.3114e+07	2.70384e+07	2.49875e+07	1.07217e+07	5.91114e+07	2.71074e+07	5.76617e+07	4.61868e+07	1.69618e+07	1.61826e+07	3.33195e+07	1.31352e+07	7.01565e+07	2.40268e+07	7.54799e+07	2.34457e+08	1.08426e+08	2.06177e+08	8.43077e+07	7.97572e+07	7.32166e+07	8.91331e+07	9.10704e+07	4.83117e+07	7.93101e+06	3.49037e+07	3.00278e+07	5.66602e+07	2.79783e+07	2.02671e+07	2.94862e+07	1.25851e+08	3.89031e+06	3.43393e+07	6.59415e+07	3.30215e+07	1.46806e+07	4.94068e+06	5.66003e+07	2.60544e+07	9.83205e+07	8.24189e+07	1.5887e+07	3.74259e+07	1.06955e+07	1.42298e+07	5.02595e+07	3.12344e+06	8.01547e+07	7.4418e+07	6.55867e+06	1.701e+06	7.81706e+07	7.3304e+06	856964	3.72514e+06	7.09887e+06	3.32265e+07	1.43269e+07	2.93118e+06	8.22672e+06	1.52661e+07	7.34313e+06	3.46812e+06	6.94968e+06	8.1254e+06	1.39213e+07	1.44192e+07	1.09979e+08	3.04359e+08	3.22921e+08	4.51684e+07	5.32666e+08	2.08193e+08	1.8568e+08	1.51777e+08	8.50179e+08	3.01444e+08	1.15095e+08	6.69573e+07	7.83664e+07	4.10403e+07	4.72092e+08	1.96819e+08	1.81999e+08	2.57398e+08	9.21245e+07	9.21483e+07	2.47929e+07	4.39024e+07	2.58984e+07	2.83461e+07	7.29695e+07	1.29067e+08	1.77785e+08	3.18817e+08	1.99713e+08	3.44219e+08	2.28983e+08	4.94826e+08	1.50839e+08	3.07465e+08	3.82895e+08	6.04358e+08	4.72404e+08	5.20194e+08	1.28498e+08	3.47998e+08	1.12374e+08	4.91815e+08	1.38395e+08	1.83152e+08	3.02926e+08	6.59766e+07	1.11741e+08	5.7395e+07	1.41174e+08	1.25785e+08	9.99082e+07	1.20517e+08	1.26073e+08	1.24084e+08	1.43386e+08	1.77382e+08	1.54369e+08	1.4131e+08	
data	data	SFG_L_7_1	SFG_R_7_1	SFG_L_7_2	SFG_R_7_2	SFG_L_7_3	SFG_R_7_3	SFG_L_7_4	SFG_R_7_4	SFG_L_7_5	SFG_R_7_5	SFG_L_7_6	SFG_R_7_6	SFG_L_7_7	SFG_R_7_7	MFG_L_7_1	MFG_R_7_1	MFG_L_7_2	MFG_R_7_2	MFG_L_7_3	MFG_R_7_3	MFG_L_7_4	MFG_R_7_4	MFG_L_7_5	MFG_R_7_5	MFG_L_7_6	MFG_R_7_6	MFG_L_7_7	MFG_R_7_7	IFG_L_6_1	IFG_R_6_1	IFG_L_6_2	IFG_R_6_2	IFG_L_6_3	IFG_R_6_3	IFG_L_6_4	IFG_R_6_4	IFG_L_6_5	IFG_R_6_5	IFG_L_6_6	IFG_R_6_6	OrG_L_6_1	OrG_R_6_1	OrG_L_6_2	OrG_R_6_2	OrG_L_6_3	OrG_R_6_3	OrG_L_6_4	OrG_R_6_4	OrG_L_6_5	OrG_R_6_5	OrG_R_6_6	OrG_R_6_6	PrG_L_6_1	PrG_R_6_1	PrG_L_6_2	PrG_R_6_2	PrG_L_6_3	PrG_R_6_3	PrG_L_6_4	PrG_R_6_4	PrG_L_6_5	PrG_R_6_5	PrG_L_6_6	PrG_R_6_6	PCL_L_2_1	PCL_R_2_1	PCL_L_2_2	PCL_R_2_2	STG_L_6_1	STG_R_6_1	STG_L_6_2	STG_R_6_2	STG_L_6_3	STG_R_6_3	STG_L_6_4	STG_R_6_4	STG_L_6_5	STG_R_6_5	STG_L_6_6	STG_R_6_6	MTG_L_4_1	MTG_R_4_1	MTG_L_4_2	MTG_R_4_2	MTG_L_4_3	MTG_R_4_3	MTG_L_4_4	MTG_R_4_4	ITG_L_7_1	ITG_R_7_1	ITG_L_7_2	ITG_R_7_2	ITG_L_7_3	ITG_R_7_3	ITG_L_7_4	ITG_R_7_4	ITG_L_7_5	ITG_R_7_5	ITG_L_7_6	ITG_R_7_6	ITG_L_7_7	ITG_R_7_7	FuG_L_3_1	FuG_R_3_1	FuG_L_3_2	FuG_R_3_2	FuG_L_3_3	FuG_R_3_3	PhG_L_6_1	PhG_R_6_1	PhG_L_6_2	PhG_R_6_2	PhG_L_6_3	PhG_R_6_3	PhG_L_6_4	PhG_R_6_4	PhG_L_6_5	PhG_R_6_5	PhG_L_6_6	PhG_R_6_6	pSTS_L_2_1	pSTS_R_2_1	pSTS_L_2_2	pSTS_R_2_2	SPL_L_5_1	SPL_R_5_1	SPL_L_5_2	SPL_R_5_2	SPL_L_5_3	SPL_R_5_3	SPL_L_5_4	SPL_R_5_4	SPL_L_5_5	SPL_R_5_5	IPL_L_6_1	IPL_R_6_1	IPL_L_6_2	IPL_R_6_2	IPL_L_6_3	IPL_R_6_3	IPL_L_6_4	IPL_R_6_4	IPL_L_6_5	IPL_R_6_5	IPL_L_6_6	IPL_R_6_6	PCun_L_4_1	PCun_R_4_1	PCun_L_4_2	PCun_R_4_2	PCun_L_4_3	PCun_R_4_3	PCun_L_4_4	PCun_R_4_4	PoG_L_4_1	PoG_R_4_1	PoG_L_4_2	PoG_R_4_2	PoG_L_4_3	PoG_R_4_3	PoG_L_4_4	PoG_R_4_4	INS_L_6_1	INS_R_6_1	INS_L_6_2	INS_R_6_2	INS_L_6_3	INS_R_6_3	INS_L_6_4	INS_R_6_4	INS_L_6_5	INS_R_6_5	INS_L_6_6	INS_R_6_6	CG_L_7_1	CG_R_7_1	CG_L_7_2	CG_R_7_2	CG_L_7_3	CG_R_7_3	CG_L_7_4	CG_R_7_4	CG_L_7_5	CG_R_7_5	CG_L_7_6	CG_R_7_6	CG_L_7_7	CG_R_7_7	MVOcC	MVOcC	MVOcC	MVOcC	MVOcC	MVOcC	MVOcC	MVOcC	MVOcC	MVOcC	LOcC_L_4_1	LOcC_R_4_1	LOcC_L_4_2	LOcC_R_4_2	LOcC_L_4_3	LOcC_R_4_3	LOcC_L_4_4	LOcC_R_4_4	LOcC_L_2_1	LOcC_R_2_1	LOcC_L_2_2	LOcC_R_2_2	Amyg_L_2_1	Amyg_R_2_1	Amyg_L_2_2	Amyg_R_2_2	Hipp_L_2_1	Hipp_R_2_1	Hipp_L_2_2	Hipp_R_2_2	BG_L_6_1	BG_R_6_1	BG_L_6_2	BG_R_6_2	BG_L_6_3	BG_R_6_3	BG_L_6_4	BG_R_6_4	BG_L_6_5	BG_R_6_5	BG_L_6_6	BG_R_6_6	Tha_L_8_1	Tha_R_8_1	Tha_L_8_2	Tha_R_8_2	Tha_L_8_3	Tha_R_8_3	Tha_L_8_4	Tha_R_8_4	Tha_L_8_5	Tha_R_8_5	Tha_L_8_6	Tha_R_8_6	Tha_L_8_7	Tha_R_8_7	Tha_L_8_8	Tha_R_8_8	
2.90221e+07	SFG_L_7_1	0	2.99924e+06	1.65968e+06	0	375631	20.5127	4.35533e+06	67749.4	284314	83.1301	67742	18523.7	108.15	1.35622	6.39093	12.9319	5.24023	8926.95	0	0	4.08846	25.3892	6.79976	21574.6	0.00854701	76980.2	0.0323002	13.2127	111.656	23.7628	0.19757	5.9153	0.0821232	87.6243	8.59932	0.576506	14.1622	56.2076	1298.14	201.388	0.642575	0	2.23527	0.0987824	50.4693	0.456014	0.257741	3.61919	2.94102	0	116.831	0	2.57091	280.989	0.0124357	0.96906	31.8842	0.14682	54.553	19.5623	222.737	835.414	1468.34	16557.5	3452.94	90.759	11.9311	43.386	69.1825	8.92855	0	0.00396825	0.0977208	0	0	0.00396825	61.4772	0	2.95099	0	0.00546448	0	12.0321	0.0121222	0.0526316	0	0	0	0.14987	0.0142424	0.00584795	0	18.4697	5.75382	0.0760774	0.00333333	0.147262	0	0.0472284	0	0.357685	0.0142424	2.5948	0.135993	0.731498	0.123427	0.104058	0	0	7.23728	0	19.5128	0	0	0.0952738	190.434	0.0224486	46.8598	0.0569444	176.082	0	0.00401606	0	0	11219.6	66.0874	845.835	49.4736	0	0	390.034	0.0675589	115.551	11.3135	40.9404	1.47654	0	58.548	0.116023	0.0456254	0.113604	0.0208931	0.233631	0.0196461	0	0	2121.55	2749.19	12362.6	123.61	54.7271	0.113913	7.8092	5071.12	0.324568	0	0	0	0.00740741	0	423.275	73.3461	29.83	0.0957379	394.89	0	7286.23	0	17314.5	1.61518	0.647351	0	22957.3	0.0620279	0	1.66517	616.25	202.211	0.0969388	0.111111	0.911813	319.491	7.51709	4.03258	199.531	61.1408	0.712517	0	182.448	2.88531	145.605	0	1682.91	4.37252	0.0435984	0.169755	1728.68	1.17799	185.441	0.00238095	0.811272	0.0160146	1409.66	1.36974	10.0005	0.265463	94.1213	0.00236407	26.5217	0	0.050622	16.8	3.21821	47.0213	21796.5	499.132	3473.05	623.278	34.9752	14.3884	90894	37.2893	200.048	64.7728	1706.02	12.5262	391919	3013.53	5432.26	60.4054	0.826589	0.0235893	2.67909e+06	0.284551	3402.89	0.547875	35713.9	0.612226	48802.9	0.818175	153787	0.359181	134269	0.110756	883834	0.393184	
4.31988e+07	SFG_R_7_1	2.99924e+06	0	247292	154031	439339	6.46544e+06	510427	710392	166785	46547.8	53265.1	288270	179.557	1.81861	527.849	171611	6945.02	203.663	0.0070922	0	1485.08	1563.46	32973.2	105106	4136.64	54621.5	0.158365	128.641	0.709596	2519.58	2.73519	359.141	1.62779	36294.2	24.3714	1.36124	129.56	165951	224.23	9195.75	0.247404	0	0.572635	0.440022	0.38712	0.098984	0.435047	5.46882	0.0512821	0.0213347	1.76852	0.0762656	287.661	0.891874	109.912	0.0473904	12.303	0.00347222	3.96939	506.91	0.323042	50156.3	51.6302	18665.2	37.3557	7985.82	246.665	96.9565	0.0228337	474.677	0	0.00628931	0.003367	487.769	0	0.00574713	0.151446	16.89	0.0136069	0	0.0172395	0.00421941	0	22.6834	0	0.00520833	0.0383592	0.0200119	0.136787	1.03729	0	0	0	1167.13	0.0310975	0.0384784	0.157479	0	0	0	0.534851	0.104587	0	196.135	3.26692	0.444615	0.0323083	0.0182957	0	31.8868	0	59.3399	0	0.857096	0.574755	587.932	0.0718513	146.13	0.0212121	461.645	0	0.003367	0	0.00574713	92.6638	44.0949	0.821694	5.78156	0	0	5.81625	149.993	2.12063	0.0823917	1.685	4023.45	0.0042735	4688.7	0	379.383	0	444.466	0.102886	171.792	0.00546448	91.9769	195.551	44422.3	110.438	15756	13.94	1.81825	5.62316	88935.8	0.00641026	0	0	0.00490196	0	0	13.3877	820.359	2.67678	3039.49	1.12845	0	146.723	26.5329	619.739	21690.8	61.2711	1.47872	773.448	10922	0.00724638	12.7348	3819.47	1163.32	0.372392	1.21356	3.94072	1140.1	0.00641026	120.607	0.061453	3013.86	0.886719	0	148.283	352.567	0.0170144	0.00462963	0.084474	295.183	0.629407	0.0768127	0.186423	230.895	0.184892	8.24256	0	99.6049	0.052598	602.437	44.793	9.71005	0.0174409	28.7367	0	2.37492	0.221246	81.664	0	295	18.5879	154498	1.10862	75239.1	0.261968	879.708	126.033	2.89167e+06	1.11084	1820.21	0.314391	581.276	15.5556	1.92127e+06	159.682	46295.5	2.57263	12864.1	133.57	1.89688e+06	39.8686	14213.2	2.27915	121281	5.4995	267426	1.76314	489073	0.0268331	360419	1.29298	378300	
1.33925e+08	SFG_L_7_2	1.65968e+06	247292	0	6.0488	2.83719e+07	18137.3	3.1633e+06	83.5421	0	0.202121	31.4743	25726.5	0.00330033	0.00653595	3.56703e+06	165.965	114597	277.589	21.937	0.00595238	2.36247e+06	34.5947	8.81854e+06	8160.4	1647.44	2426.13	8.13491	0.0405218	684469	43.5757	48827.8	19.5328	423217	3472.88	878.411	0.0251572	2.10177e+06	831.158	7.3696e+06	252.298	0	0	2.85783	0.0553335	17.0405	0.00421941	0.0608234	0.037555	0.792185	0	1188.45	0.00653595	124213	0.969092	222.366	0.181164	19.0455	0.0943286	8.25192	4.4941	86893	145.418	4.00108e+06	758.946	0.00724638	4.23656	0.00680272	4.66587	36.8864	0.101866	179.738	0	63.9277	2.71071	190.226	0	958.471	0.002849	43.2993	0	1890.71	0	234.916	0.002849	85.5141	0	485.437	0	585.738	0	44.7924	0	49.9119	0.0794207	1359.65	0	2893	0	127.148	0.00275482	1489.66	0	1.86306	0	7.73575	0.379724	75.9475	0	0	0	0	0	0	0	0.687164	0	0.258668	0	0.10207	0	833.259	0.00401606	9.03118	0	567.281	1.17433	130.755	0.233888	0.918808	0	246.989	0.105109	524.855	0.0400287	6948.89	1.10127	70.6275	13.8694	4121.93	1.59648	2899.17	1.35369	457.575	3.28044	252.557	0.147796	3.7856	0.535596	0.00546448	0.418046	0.186622	0	0	0.0342395	1939.39	0	18.5449	0	1601.47	0	4723.71	7.05755	11127.5	0.690991	9948.84	0	361597	0	306271	3.43392	4.68887	0	1.35365e+06	1.15023	0	0	0	0	0	7.82433	0	0	0	0	0	0	0.00421941	0	82.3128	2.29754	15.1681	0	111.627	0.0807242	1.07221	0.290378	113.108	0.0137486	32666.3	0.00383142	14.9111	0	1223.68	0.0120686	5.93007	0.709547	5014.3	0	0.973355	0	0.336025	0.00320513	0.128301	0.0735362	19380.6	9.2567	1706.21	0.844094	12.0872	0.201254	226240	62.185	2097.64	0.870017	193.948	0.249964	47983	3410.94	83248	11.3187	1.22889	0.0793642	900881	4.90753	702.43	0.418354	2005.78	0.753676	8418.57	0.604948	28591.3	0.976454	19615.3	0.343022	290237	2.06938	
3.7979e+06	SFG_R_7_2	0	154031	6.0488	0	8.18349	473339	0.0813169	192370	0	0	7.00543	1.57909	0.0299145	0.0111111	0.113137	667403	87.7712	70.2058	0	3.31214	19.9804	8265.93	66.7851	91769.3	0.07259	146766	0	3.31919	0	3027.57	0.0263975	8279.59	0.00694444	70956	0	6.85026	0.973221	33120.2	0.81573	7567.89	0	0	0	0.00653595	0	0	0	0	0	0	0	0.0310899	0	0.249276	0.0042735	0	0.0374705	0	0	0.00383142	0	8292.16	0	948.084	0	0	0	0	0	0.995346	0	0	0	20.2628	0	0	0.00595238	2.01344	0	0	0	0.00383142	0	3.38206	0	0	0	0.00421941	0	0.0142803	0	0	0	1.27902	0.00374532	0.0037037	0.00387597	0	0	0	0.00374532	0	0	1.14431	0.00456621	0	0	0	0	0	0	0	0	0	0	0	0	0	0	0	0	0	0	0	0.00401606	0.0200513	0	0.00555556	0	0	0.0162602	0	0.00401606	0.00497512	0.0156884	1003.99	0	847.315	0	170.021	0	199.62	0	13.5933	0	37.8468	0	0	0	0	0	0	0	0	0	0	0	0	0	0.00666667	0.0640885	0.0227032	0.00396825	605.464	0.00595238	0	0.00694444	0.0488889	0.00396825	5539.85	0	0.221702	0.0586905	1976.03	0	0	0	0	0	0	0	0	0	0	0	0	0	0	0.507288	0.017205	0	0	0	0.00292398	0	0	0	0	0.00314465	0.703806	0	26.8968	0	0.111449	0.102446	0.0366771	0	0.0251448	0	0.315533	0	2.03398	0	0.0035461	0	1294.68	0	1.2946	0	0.00271003	0.0148363	7078.12	0.0352673	0.104797	0	0.896754	0.00775194	0.143682	0.0070922	13702.8	0	0.00271003	0.258925	0.417185	0.20113	0	0	0.00469484	0.0378815	0.00980392	0.00416667	0	0	0	0	0.0289975	
2.18932e+08	SFG_L_7_3	375631	439339	2.83719e+07	8.18349	0	5.4776e+06	17678.8	32.3234	114.228	0.615484	4.54697e+06	1.78434e+06	1.24915e+07	192213	2.48891e+07	11886.2	5681.49	10175.7	4.15156e+06	37592.8	5.14047e+06	608385	73225.1	209885	0.830522	2469.39	682312	31628.1	17.2203	946.987	34524.7	29891.9	156292	142088	453472	161.535	909175	13838.9	874440	5005.63	8.52443	0.295966	17.9025	4959.52	325.906	2.94227	4.46333	22.318	3.80954	0	556.537	16.6485	336.929	2.13355	58.5844	0.159865	23.1098	0.424258	0.961599	26.223	325.432	324.358	20243.3	164.01	175.805	36.2387	5.1672	17.3569	1001.49	3.28118	26.1788	0	62.1237	51.398	5.96266	0	801.808	0.0568182	77.572	0	10.7071	0	176.476	0.0861742	6.39692	0	12.3676	0	804.662	0.0509049	100.831	0	366.9	2.70222	82.0657	0.0251785	680.694	0	20.3238	0.00275482	1323.18	0.0141764	23.3936	0.041599	32.9698	0.234359	322.498	0.00294985	0.0169082	0.0827398	1.81617	0.054871	0.00333333	0	1527.67	8.90838	247.515	4.96287	2.10826	1.12702	4.75816	0	0.0692599	0	10480.8	16.5441	7842.65	6.36175	13.6577	0	3937.41	0.995477	29067.5	0.0342615	96274.1	57.4396	1958.94	204.987	44.1115	22.8975	40.1108	19.9364	1803.9	34.4614	620.517	1.70411	7179.13	135.237	872.481	9.97289	7099.09	0.559409	5269.62	258.033	1045.81	0	96.1097	0	5271.8	0.00529101	26403.7	82.7141	104200	38.4333	4837	0	156628	0	968854	145.701	3.11076	0	440222	35.5641	1.10608	1.23779	94193.3	144197	1303.09	2816.68	6477.27	37.879	48.8606	0.987169	77.386	15.2465	4.45293	2.34674	195.936	14.2809	253.516	0.0030303	20966.5	1.22969	2.4572	0.0708277	8046.86	0.0696167	496034	0.0591824	355.78	0.183918	120232	0.519157	126.228	5.06924	232837	0.0512915	7110.66	0.0565893	602.976	2.3319	4.04389	3.25774	117313	185.725	183072	53.93	339.449	12.6881	1.32056e+06	913.297	43205.3	22.3117	4642.92	3.09996	2.88097e+06	36636.1	670814	244.667	34325.1	5.93195	3.82298e+06	3.60657	8316.33	4.26386	101119	5.96938	292378	4.90358	943668	1.56045	938032	0.299742	2.84206e+06	7.80273	
1.50243e+08	SFG_R_7_3	20.5127	6.46544e+06	18137.3	473339	5.4776e+06	0	3.1772	225.124	0.0284728	11.2092	341513	7.85910e+06	322379	9.68756e+06	85470.5	3.48813e+06	7.00898	19.9089	3233.09	5.07549e+06	3.0411e+06	4.11818e+06	10293.4	364087	0.0225989	163.798	123.827	926118	0	59044.5	129.544	330892	0.113034	1.45017e+06	354557	134467	30.5677	67691.2	12.9063	29552.5	0.821966	0.38195	0.662914	728.302	0.486734	0.653341	0.954306	25.5698	0.159262	0.0392157	0.0983273	3621.08	0.0987654	59.5538	0.344996	0.17609	111.856	0.755317	0.0287574	3.77919	0.00666667	1030.08	0.0266667	33.6326	0.926308	14.4105	0.334564	0.376867	0.0621336	1087.22	0	36.18	0	264.287	0	37.1357	0.00280112	197.382	0.0148615	5.33311	0	315.827	0.0341551	280.318	0	114.87	0	233.341	0.0126453	353.449	0	0.342166	0.0135108	3133.31	0.0278989	134.811	0.0164634	0	0	51.1941	0.153031	482.071	0.00252525	553.334	0.823838	0.394802	0.00323625	0.151711	0	3.14927	0.00333333	1.32611	0	1.83724	0.530254	145.975	0.064069	86.952	0	20.6295	0	797.441	0	105.963	49.0202	480.464	3.12744	163.619	0	234.022	26.8684	777.34	3.18876	490.193	3.27262	61241.4	0.00350877	87786.2	0.00241546	2535.97	0.00241546	6428.16	0.186117	5983.31	0.00320513	5334.13	8.69124	57.9978	4.44373	46.4033	3.88862	3.39741	1.84799	1385.96	0	1.51745	0	1.8483	0	156.701	48.5344	17733	1.22142	19214.7	0.404717	1.27856	0.13925	100.078	6.85838	372476	0	437.779	4.00533	96600.9	0	5.75629	127014	175076	4746.77	9.82486	1.54777	1179.54	0.822628	0	1.67733	7.6956	121.987	73.1105	50.1446	91.8293	0.00374532	0.102543	0.265494	90.2991	0.207478	0.113542	0.780334	80.7563	0.268371	156.173	0.0037037	1073.9	0.325308	2886.14	20.6337	7.06168	0.128868	520.474	0.311561	11.0605	0.183518	38.803	0.0396674	315.66	16.4278	49268.2	1.83011	129420	2.24909	3476.5	54.5179	3.13947e+06	22.7971	9824.55	1.89898	63031.4	0.34475	8.95413e+06	1.90248	1.09851e+06	49.5302	3.1179e+06	198.45	1.90603e+06	151.02	6188.74	36.0881	390796	13.8428	976902	46.5299	1.14918e+06	0.0270169	756731	14.8471	2.17812e+06	
8.04506e+07	SFG_L_7_4	4.35533e+06	510427	3.1633e+06	0.0813169	17678.8	3.1772	0	53974.6	3.33796e+06	257859	0.00740741	11.4568	0	0	68.2277	11.039	82.7538	391.677	0.0476848	0.00564972	995.431	35.6595	4499.55	635.141	811906	3513.2	8.67032	3.97254	15213.8	1.5836	1267.02	6.16388	532.301	36.3387	2118.37	0.0213675	2693.04	25.9789	4303.75	1.48242	0	0	104.889	0.28858	8.9851	0.00273224	2.77266	2.86594	218.43	0	1137.33	0.00350877	638432	1831.8	2.68697e+06	968.793	4001.77	54.2306	664210	551.287	21832	3.47721	1.51445e+06	2559.24	0.225415	25.1766	0.561119	715.523	30.8337	0.290312	5.47719	0	89.427	0.0213347	66.5518	0	424.681	0	18.7752	0	7803.67	0	236.391	0.0030581	4058.01	0	278.477	0	907.035	0.00333333	72.1405	0	12.7132	0.57213	5814.37	0.00333333	24176.3	0	2175.88	0	4630.88	0.00333333	0.389202	0.00231481	8.31746	15.4258	11.4057	0.0156202	0	0	0	0	0	0	0.00564972	0.00340136	0	0.0134694	0	0	871.486	0	12.0862	0	493.153	12.455	189.188	6.67266	6.71162	0	1916.88	0.479164	39.0328	1.22672	82.7333	0.0417107	10.4467	14.3535	22807.9	0.0370215	27760.4	0.0370215	119.103	0.0115844	41.5183	0	19.7431	15.5078	182.028	23.1461	0.418588	0	0	0.762362	35779.5	0	0.651988	0	1764.64	0	1203.43	15.7023	165.31	0.014668	1693.63	0	266677	0	584781	0.0320019	17487.1	0	1.24781e+06	0.00378788	0	0	0.00641026	0	0.00641026	0	0	0	0	0	0	0.211538	0.00641026	0	340.277	31.725	22.496	0	331.154	1.1218	1.10935	6.29114	314.356	0.0473704	228.188	0	2.46096	0	383.856	0.359253	27.7016	23.4423	86.2894	0.002849	3.48295	0	0.00564972	0.118443	1.28895	0.851008	324582	38.4355	114.634	2.82964	18.2601	2.89392	3.42091e+06	190.495	193.415	11.5894	4317.07	3.24867	67468.8	14.2015	192665	17.7546	3.02574	0.0477814	1.48766e+07	1.36531	4752.08	2.0497	5769.15	0.0715812	22218.7	0.00280112	29160.1	0	22989.3	0	905627	0.303143	
2.12396e+07	SFG_R_7_4	67749.4	710392	83.5421	192370	32.3234	225.124	53974.6	0	110344	961428	698.851	0.0123457	0.0939008	0.0162626	0.0229951	2275.21	0.0620944	9298.56	0	2.96472	3.54686	19582.8	25.9541	935.655	39.1313	826302	0.0965528	16.6903	0	87483.2	0.0238095	12485.7	0	33773.3	0.891429	50.5148	3.15849	21998.4	3.1888	127642	0	0	0.47654	11.2817	0.257071	0.0671937	0.14695	1.55434	0.625038	0	1.20598	0.689276	208.07	22956.2	369.899	286291	14.9718	2378.78	139.262	29239.9	0.00694444	57724	0.33884	2.02185e+06	0	11.0779	256.327	75.1026	0	21.7367	0	0	0	8.83499	0	0.00574713	0.00595238	0.0956505	0	0	0	0	0	0.198162	0	0	0	0	0	0.356212	0	0	0.0042735	54.712	0.0152426	0.031586	0.00387597	0	0	0	0.0152426	0	0	11.3496	0.676516	1.23341	0.00411523	0.0177809	0	0.0119196	0	0.00248756	0	0.170867	0	0.0197383	0	0.0391305	0	0	0	0	0	0.00574713	5.5414	13.5627	0.123696	5.02006	0	0.0682053	1.42474	72.9674	0.736412	1.30846	0.729702	688.117	0.00401606	847.943	0	7.29439	0	5.50902	0.00401606	1.09812	0	1.22038	0.0302746	0.0495623	0.105797	6.65018	0.00320513	0	0	0	0.00775194	0.0858586	0	0	0	0.0288372	9.13658	1037.75	0.0677758	175.467	0.0242504	0.95714	18.347	0.0424242	48.0351	1973.08	5.10124	0.248702	64.8403	409.573	0	0	0.0162626	0.00401606	0	0	0	0	0	0	0	0	0	0	451.574	46.4739	0	0	0.00323625	18.115	0.231083	1.64438	0.00323625	5.95155	0.923457	1.43625	0	8.20674	0.00323625	71.6919	336.017	7.64909	0	7.56683	0.00320513	0.0445566	0	28.7883	0	19.1207	31.1894	480699	0	1007.01	0.0170727	93.3018	160.715	3.84331e+06	1.44617	128.882	0.08023	125.689	0.0133547	136537	31.9092	24824.3	0.00666667	0.81156	132.477	332932	47.5693	1794	0.00666667	1027.12	9.63053	40362	0	38648	0	45419.9	0.0847577	5219.02	
1.41511e+07	SFG_L_7_5	284314	166785	0	0	114.228	0.0284728	3.33796e+06	110344	0	669612	1411.04	0.273926	780.94	1.11583	0.0031746	0.00574713	0	1206.84	0.00537634	0	0.389846	106.607	0	306.777	0.207179	3121.25	15.0434	22.034	0	3.08238	0.00294985	9.02396	0.00294985	0.727469	0.315533	0	0.00483092	0.00595238	0	0.0070922	125.584	0.395452	2.74989	0.00564972	6.82236	24.0149	13.5629	290.474	312.707	0.0714744	0.025922	0	4751.21	18919.7	105002	5257.53	115.226	59.9824	424844	397.149	0	0.0272222	403.008	45469.8	1202.28	560.454	289395	3517.33	0.260322	0.111606	0	0	0	0	0	0	0	0.00289855	0	0	4.30822	0	0.0781716	0.0141304	4.28068	0	0.0450874	0	0.0462059	0	0.150433	0	0.427342	0.00462963	4.17582	0	29.1716	0	3.20409	0	2.34469	0	0.00358423	0.017094	0.0189135	0.0481642	0	0	0	0.0042735	0	0.00512821	0	0	0	0.367293	0.00584795	0.0740794	0	0.209559	0.0233918	0	0	0	113.209	0	0.00641026	1.41852	0	0	963.703	0	0.0545575	1.25909	0.0683177	0.00378788	0.0613407	1.55807	12.2392	0	16.6755	0	0.150891	0	0	0	25.709	3.3803	2869.59	417.831	0.00462963	0	0	34.9215	69.2073	0	0	0	4.09443	0	98.2254	0.00343643	0	0	0	0	0.0692744	0	0.496318	0.0133729	0.0395234	0	0.0342782	0	0	0.0323587	3.00819	1.6196	42066.5	0.0196078	0.00462963	0.897517	166197	0	74272	7.35602	4638.98	0.00564972	3.2705	0.201508	0.00358423	0	0.139251	0	0.00469484	0	0.0586402	0	1.14527	0	0	0.00378788	0.481735	0	0.109795	0.771719	0.400904	0	0	0	0	0.0409208	0.195304	0.0396964	75.2768	1.57934	0.0292176	0.393834	19.5784	0.745939	55802	3.06815	123.812	0.341705	1190.91	0	317.923	0.0927052	234.383	0.0133729	0.328658	0	1.13131e+06	0	739.804	0.00343643	0.0030581	0	1791.06	0	469.864	0	122.596	0	114698	0	
1.38033e+07	SFG_R_7_5	83.1301	46547.8	0.202121	0	0.615484	11.2092	257859	961428	669612	0	171.09	0.141932	0.00757576	0	0	0.00925926	0	636.851	0	0.00505051	0.159138	29.3159	0	12.5952	0	24017.2	6.1571	187.459	0	89.63	0	6.24348	0	10.4505	1.6337	0.56806	0.0569666	1.42608	0.321531	6.02358	0	0.00617284	33.8674	37.8776	111.587	0.716674	231.756	159.675	1656.44	1.41429	0.193717	0.414114	1491.52	14144.8	152520	610172	403694	2.81447	1.26185e+06	326057	0	3.51407	0.572001	39389.6	339.525	204.644	167449	397874	0.16634	5.77785	0	0	0	0.00952381	0	0	0	0.00483092	0.00254453	0	0	0	0.00254453	0.00483092	0	0	0	0	0	0	0	0	0	13.8637	0.00333333	0	0.00462963	0	0	0	0	0	0	0.106023	0.00287356	0.00406504	0	0	0	0	0.0232042	0	0	0	3.46049	0	0.572528	0	0	0	0	0	0	0	15.9309	2.79426	0.253737	0.0227937	0	0	0.652354	9.10184	0.0128024	0	0.0906041	2.42069	0	1.58099	0	0.00497512	0	0.00497512	0	0	0	0	18.641	3.08883	315.662	210.948	5.87404	0.00537634	10.0072	3.33715	0	0.0380952	0	0	0	0	1.54372	7.48699	0.0164609	0.0774004	0.00641026	0.240238	21.506	0	81.5061	3.08729	10.9425	0	97.4779	0.609313	0.0289855	0	0.00925926	0.0965159	0	0	3.45145	0	0	0	9.70729	1.05556	0	0	68.5363	0.196489	0.231032	0	0	1.976	0.00462963	0.0199005	0.231032	0.0185221	0.0327307	0.201892	0	0.0172395	0	7.59836	68.7713	0.0359908	0.072592	0.1865	0	0	0.936664	0.0305966	0	14.4626	12.7187	39529.7	8.14713	0.783086	0.156145	885.877	21.2006	909256	2.10054	60.1607	0.00343643	1115.23	0	94814.5	9.52027	300.579	0	4.8734	13.9751	309167	1.82724	39874.7	0.0259119	0.0293651	0.232826	78783.4	0	11828.7	0	23751.6	0.00245098	53049	
1.38091e+07	SFG_L_7_6	67742	53265.1	31.4743	7.00543	4.54697e+06	341513	0.00740741	698.851	1411.04	171.09	0	38672.9	574872	912.716	111.37	7858.57	0.105911	39.6771	3.36992	2137.84	254.503	82889.5	5.99982	31886	0	176.434	0.761802	5236.91	0	484.242	9.95993	9826.38	4.67449	71163.4	0.756266	19.3323	27.9297	402.074	5.8327	2377.58	3097.9	0.174253	0	0.163473	0.00374532	139.442	0.0529749	842.314	50.9293	0.00724638	0.0430556	0.326157	0.00757576	0.00584795	0	0	0.00877193	0	0	0.00401606	0	1.236	0	0	48290.6	0.00793651	231.295	0.032967	38.3982	0.396587	0	0	0	0.87194	0	0	0	0.00297619	0	0	0	0	0.00438596	0.00297619	0	0	0	0	0	0.0304113	0	0	0.00438596	0.002849	0	0.0126984	0	0	0	0	0	0.00378788	0.00374532	0.0152218	0.00374532	0	0.00374532	0	0	0.888398	38.7358	1.19807	0.00374532	0	5155.31	16.3566	429.293	6.22021	0.196482	11.0903	0	0	0	0	138050	0.0161017	227.531	0.00421941	0	0	0.804099	0	0.0045045	0	0.372991	0.402716	0	3.08865	0	0.893551	0	0.177443	0	0.303864	0	0.00421941	375809	4.41958	302400	0.0297619	9179.99	0.0738095	18880.1	48.3433	0	0	0	0	0	0	0.00490196	0.00401606	0.411525	0.152575	0.00952381	0	0.104721	0	2.52939	1.58605	0	0	0.378038	0.0686921	59.5314	5.91438	8577.02	2608.99	18538	839.766	2503.8	24.0437	38559.2	0.0306878	68451.2	0.644382	320.674	4.94156	0	0	0.350981	0	0.0172107	0	0	0	1.23108	0	1.50312	0.00378788	0	0.0369229	0.217509	0	0	0	1.12192	0	0	0	1595.04	1.41185	1.58441	1.83282	4046.05	28.1287	10528.7	31.5811	2.94973	3.17032	67.3483	0.83854	2.60344	5.10045	0.00374532	0	364.723	2089.21	1.40381	2.05464	0.0329268	0	494.66	0.0583174	1.81164	0	51.094	0	20.1191	0.002849	76.4794	0.0176028	46.0514	0.002849	456.346	0	
2.54614e+07	SFG_R_7_6	18523.7	288270	25726.5	1.57909	1.78434e+06	7.85910e+06	11.4568	0.0123457	0.273926	0.141932	38672.9	0	39464.8	1.18565e+06	105635	442.563	0.279804	0.0119048	272.214	194.932	398646	484.431	5808.84	67.0566	0.0283935	0.318732	45.1124	56.1447	0	27.0599	20.1646	0.976797	0.0687104	1025.56	19823.8	0.00724638	1.73817	1.40597	0.380516	111.771	0.111092	4.57764	0	0	0	0.0889643	0.0299145	1.07743	0.0138889	65.6391	0.00757576	0.0185185	0	0	0	0	0.184781	0	0	0.366163	0	0.0784838	0	0.0347787	0.0670653	328.119	1.27694	1.94206	0.00292398	221.053	0	0	0	0	0	0	0	0.0499616	0.00462963	0	0	0.0047619	0.0151072	0.122931	0	0	0	0	0	0	0	0	0.00292398	84.1279	0	0.0047619	0	0	0	0	0	0	0.00333333	5.8665	0.00438596	0	0	0	0	122.499	0	192.458	0	0.0362093	0	10233.2	0	3890.93	0	3031.12	0	0	0	0	0.740784	0.241778	7.34132	0.0151072	0	0	0.100043	1.17378	0.0149092	0	0.156774	6.74231	0	4.2072	0	0.0240729	0	0.0240729	0	0	0	0	15.5954	22734.4	0.398134	1697.26	22.3124	48.2004	4.87963	138774	0	0	0	0	0	0	0.0633629	3.24201	0.015695	0.543094	0	0	0	0	0.0741509	14.3203	0	0	0.00606061	0.898455	0.112857	106.741	12821.4	299355	2681.77	78808.5	73.0882	45185.7	0	267.88	0.091928	4772.67	11.3313	106176	0.0129433	0.474321	0.032533	0	0.166679	0.1047	0	0	1.1752	1.04436	0.0037037	0	0	0.118502	0.166086	0.597421	0.00225225	0.0639493	3.36396	0.0337052	9.34113	0.0156142	0	890.84	0	1190.98	0.0156863	24126.5	1.76931	41042.4	0	60.5961	0.0570735	4754.58	0.121653	740.137	0.0561335	75.9437	0.0157991	83502.5	0.015	35.3339	0.188039	14795.5	0.376682	3653.33	0.288169	15.2843	0.133868	6434.23	0.124174	5944.9	0.128112	18875.3	0	12431.1	0.072005	7888.39	
8.1539e+07	SFG_L_7_7	108.15	179.557	0.00330033	0.0299145	1.24915e+07	322379	0	0.0939008	780.94	0.00757576	574872	39464.8	0	3.24084e+06	53499.9	0.117257	0	0	3.03282e+06	1089.26	477484	2283.65	0	5.53693	0	0.00757576	1.08321e+07	4.4351e+06	0	0.04956	0.046798	0.137523	0	0.0872122	70987.9	2.38773	0.228425	0.00383142	0	0	1.11384e+06	1976.5	4.72366	5946.42	0.819885	13834.2	4.66132	1.56309e+06	39378.9	12.5235	55932.8	0.468727	0	0.434329	0	0.139257	0.0047619	0.00574713	0	0.0161561	0	0	0	0	1357.94	0	2.17296	0	10.8325	12.9313	0	0	0	0	0	0	0.00314465	7.0476	0.00314465	0	0	0	5.55138	7.34751	0	0	0	0	0	0	0	0	13.0062	0.00606061	0	0	0	0	0	0	0	0	0.0515507	0	0.00333333	0	0	0	0	0	6.72008	0	0.00333333	0	201.827	0	8.0964	0	0.174177	0	0	0	0	0	1808.71	0	0.00606061	0.00320513	0	0	0.00564972	0.00396825	0	0	0.0186562	0	0	0	0	0	0	0	0	0	0	0	67415.8	13.4125	4416.66	1.87184	9788.54	0	24178.4	16.1796	0	0	0	0	0	0	0	0.00294985	0	0	0.234389	1.64293	0	0	0.00314465	0	0	0	0.00314465	0	11.5323	2.82175	706023	847347	281446	267.835	3535.55	0.0275689	41750.2	4.2623	42836.1	9.0888	352475	5119.72	0.00387597	0	0.0633373	0	0.152126	0	0	0	0.907132	0	0.107424	0	0	0	0.154913	0	0.00392157	0	0.0380987	0	0	0	24.474	0.00653595	0.0240031	0.0552316	95.7592	0	546.562	0.0256766	1690.22	96.469	0.117795	0.130433	1774.16	272.8	295.097	0.00962708	3151.82	0.300248	0.746717	0.00320513	595.031	0.498384	21.4804	0.189763	0.0334169	0	556.819	0.0398175	0.182539	0.196134	15.9462	0.00401606	718.87	0.00239808	19.1551	0.331813	
4.65775e+07	SFG_R_7_7	1.35622	1.81861	0.00653595	0.0111111	192213	9.68756e+06	0	0.0162626	1.11583	0	912.716	1.18565e+06	3.24084e+06	0	1612.44	0	0	0	14436.9	2826.4	1.01733e+06	9168.08	0	0.269729	0	0	267477	4.11418e+06	0	0	0	0.0265506	0	0.561672	478392	3396.33	3.3973	16.6224	0	0	418.456	207914	73.5045	1650.76	224.917	36.7457	1917.55	171493	77.2642	848.368	116.821	409.352	0	0	0.0222222	0.00520833	0.0192359	0.00520833	0	0.0203574	0	0	0	0.0497268	0.586055	4.14428	0	0	0.0272109	94.4961	0	0	0	0	0	0	0	20.2828	0.00462963	0	0	0	0.0547052	7.80137	0	0	0	0	0	0.00323625	0	0	0.105389	3.14142	0	0	0	0.004329	0	0	0	0	0	0.0844402	0.00421941	0	0	0	0	0.0154217	0	0.0191936	0	0.00314465	0.0274869	3.0994	0.00294985	0.694744	0	1.19053	0	0	0	0	3.0113	0.0422591	0.139576	0	0	0	0.140974	0	0	0.00462963	0.003663	14.6891	0	8.2988	0	0.0205323	0	0.0205323	0	0	0	0	28.8228	2914.17	3.2986	192.592	1.13043	0.802759	6.15012	17611.3	0	0	0	0	0	0	0.0156884	0	0	0.125867	0	12.0179	0	0.645537	0.00462963	4.279	0	0	0	0	0.0042735	109.087	313262	2.05386e+06	207.561	1118.56	0.644664	4267.78	19.7373	74.7372	34.55	1277.78	54920.2	181713	0.00392157	0.152397	0.0037037	0.00273224	0.003663	0.686658	0	0	0.0147334	0.825097	0.0037037	0.526518	0	0.291396	0.0147334	22.3666	0	0.0045045	0.0935054	3.47217	0.183218	0.00462963	0.0118521	0.142777	0	0.205044	0.0274869	24.7374	0.051464	144.754	1.73757	2351.58	0	926.351	14.4883	4473.01	0.0147334	2119.9	0	26431.6	0	448.57	0	9460.38	0.00396825	1186.37	0.0615328	0.023634	0	2233.15	0	564.985	0	494.563	0	3672.27	0	1166.31	
9.17772e+07	MFG_L_7_1	6.39093	527.849	3.56703e+06	0.113137	2.48891e+07	85470.5	68.2277	0.0229951	0.0031746	0	111.37	105635	53499.9	1612.44	0	49.1844	204.849	0.00740741	2.20126e+06	377.849	1.09501e+07	14489.7	3.45078e+06	23.1367	20.1272	0.0296296	224141	0.661208	0.0533333	12.7576	10920.6	132.908	5328.57	923.019	225441	1.70274	851.744	7.80899	54.1484	27.3169	0	0	0.693505	0.163576	2.98943	0	0.00347222	0.004329	0.0045045	0	1.75051	0.025641	1.20361	0.0045045	0.854019	0	0.0896019	0	0	0.063404	0.24773	0.234071	1.27247	0.0464554	0	0.0367003	0	0.0632081	3.6072	0.156007	2.05674	0	0.445339	0.0250997	0.155573	0	1.23064	0	1.33607	0	0.0432924	0	1.72569	0	0	0	0.137968	0	2.50767	0	0.0194658	0	0.756082	0.00287356	0.123467	0	0.739492	0	0.0548822	0	3.27857	0	0.4587	0	2.1256	0.00314465	1.27476	0	0	0.0532469	0	0.054871	0	0	1.94471	4.05374	1.56201	2.04128	0.00694444	0.585551	0.396948	0	0	0	22.0545	0.0567238	33.9155	0.0140413	0.00564972	0	4.19471	0	39.8936	0	927.954	0.00406504	3.268	0.218006	0.196094	0.123686	0.00512821	0.0193056	4.30207	0.0746103	2.9969	0	0.167283	46.8482	0.00529101	1.41208	0.0192654	0.0313597	0.00483092	108.146	1.10478	0	0.224733	0	0.723188	0	23.6587	0.0149813	627.406	0.0414015	0.518535	0	609.781	0	4535.75	0.0708882	0.00456621	0	204.747	0.0414015	0	0.231386	0.0306554	331.928	0.155384	12.8775	0	7.97175	0.0031746	0.863024	0.0031746	9.6365	0.0144793	0	0.856337	0.0305436	1.83212	0	515.13	0.00320513	0.00416667	0	378.943	0	4232.52	0	2.49512	0	1478.58	0.00320513	64.4777	0.00314465	2350.61	0	402.519	0	0.81567	0.320284	0.155515	0.328155	316.549	7.3694	1339.9	8.05052	1.04251	0.0142602	2726.57	0.204543	210.409	0.0118328	94.5846	0	49334.2	6441.18	2137.52	0.0971716	1461.3	0.004329	1989.26	0.482514	6.80656	0.0159544	3019.73	0.00641026	202.191	0.0042735	2143.14	0.0204833	8857.05	0.0185676	3052.51	0.131388	
2.65364e+07	MFG_R_7_1	12.9319	171611	165.965	667403	11886.2	3.48813e+06	11.039	2275.21	0.00574713	0.00925926	7858.57	442.563	0.117257	0	49.1844	0	500.671	0.0175439	0.00694444	1.21351e+06	72247.7	1.07783e+06	588.477	6.49474e+06	0.265591	36155.2	0	0.0694662	0.0664399	36.1585	1.024	2200.36	0.356738	10093.2	0.0643939	1.54386	99.7521	59.8084	116.699	129.46	0.00617284	0	0	0	0	0.0337165	0	0	0	0	0.0266667	0.0923457	0.736517	0.108366	0.00378788	0	0.0170723	0	0	0	0.0274943	3.65909	3.97645	0.0884615	0	0	0	0	0	0.291352	0	0.847828	0	0.0861756	0	0.733984	0	0.629014	0.00564972	0.557994	0	2.62774	0	1.10149	0	0.172094	0	5.99403	0.0141414	3.38999	0.0042735	0.0391495	0.0035461	0.133204	0.00416667	1.63859	0.0042735	0	0	0.650231	0.0930744	3.90447	0	0.234605	0	0	0.0141414	0	0	0	0	0	0	0	0	0	0	0	0	0	0	3.82473	0	0.258721	0.0169756	3.16022	0	5.8639	0	15.7632	0.00406504	10.493	0	27.4282	0.148464	156.755	0	281.485	0	11.2706	0	46.5473	0.0170525	16.4942	0	85.153	0.00392157	0	0.0169756	0	0	0	0	0	0	0.00595238	0	0.0693713	0	6.31114	0.0656429	324.197	0.103144	60.2173	0.339624	0.390655	0.831244	0.0133333	1.78329	1957.76	0	8.64807	5.13747	454.042	0	0	0	0.00358423	0.625314	0	0	0.00358423	0.0193374	0	0.00392157	0	0.00617284	0	0.0175439	0	0	0	0	0.0030581	0	0	0	0	0.0637409	0.232777	0	0.758475	0.00378788	0.136562	0.00438596	0	0.0151515	0.0305351	0	0.0469723	0	0	0	0.00387597	0.032509	7.41043	0	0.405949	0	0.00358423	0.167503	805.023	0	0.0315549	0	0.070697	0.00456621	5.93262	0.00833333	5727.86	0	1.39016	0.278042	3.56614	0.0363055	0.0107527	0	0.0390982	0.00392157	1.16994	0	0.347284	0	0.124168	0.00641026	2.50308	
1.03715e+07	MFG_L_7_2	5.24023	6945.02	114597	87.7712	5681.49	7.00898	82.7538	0.0620944	0	0	0.105911	0.279804	0	0	204.849	500.671	0	241.527	0	0	802053	3.06061	1.16702e+06	5171.7	288347	20423.8	0	0.025679	629069	3.77348	1555.14	0.957908	2581.37	87.1461	0.00666667	0.00617284	3519.88	215.013	160220	12.7066	0	0	0.0144656	0.0259511	0.191222	0	0.0155951	0	0	0	32.6021	0.00680272	167343	0.00680272	1382.56	0	0.935651	0	0	0	1817.8	100.568	1.65024e+06	67.6456	0	0	0	0	0.255218	0	209.279	0	0.00694444	0.0630556	40.8069	0	12.8025	0	0.193665	0	326.525	0	8.19322	0	713.469	0	22.3699	0	31.5098	0	1.10802	0	0.118645	0	152.786	0	10134.1	0	127.779	0	93.2462	0	0.0191432	0.00292398	0	0	0.336551	0	0	0	0	0	0	0	0	0	0	0	0.00775194	0	144.468	0	0.104117	0	1.51763	0	0.00520833	0	0.146664	0	0.0872172	0.00416667	1.71331	0	11.6098	0.254999	8.40309	1.96059	3203.78	1.03191	1776.69	0.764797	83.6394	0.440765	0.280486	0.14973	0.00606061	0	0	0	0	0	0	0	6873.6	0	0.0355619	0	900.915	0	2.86623	0.00358423	19.4516	0.794917	282.408	0	2083.73	0	1126.4	1.4436	0	0	10572	0.799844	0	0	0	0	0	0	0	0	0	0	0	0	0	0	0	0.00320513	0.0045045	0	0.204287	0	0	0	0.0660335	0	20.6234	0	0.242305	0.00396825	1.6235	0	0	0.00320513	3.31279	0	0.00469484	0	0	0	0.00574713	0	73.8839	0.239769	8.33738	0.0136911	0.195933	0.00392157	988.897	4.02325	0.48222	0	1.4292	0	967.615	111175	31.9301	1.27125	0	0	2231.23	0.116682	3.58869	0.00358423	3.02157	0.00617284	56.5692	0	307.481	0.00617284	194.214	0.00617284	1068.73	0	
2.2825e+07	MFG_R_7_2	8926.95	203.663	277.589	70.2058	10175.7	19.9089	391.677	9298.56	1206.84	636.851	39.6771	0.0119048	0	0	0.00740741	0.0175439	241.527	0	0	0	4.64881	56229.1	46.3969	1.45595e+06	12.8418	2.39123e+06	0	0.0159824	0.0647754	400209	0.17348	2220.77	0.110618	2896.16	0.286039	0.554413	6.35455	7249.53	24.0764	7749.15	0	0	0.00456621	0	0.0493482	0	0	0.00411523	0	0	0.195778	0	6.00246	2808.01	0.353894	82126.9	0.0232536	11057.5	0.00694444	100.695	0.0283688	1619.97	2.23121	6.8484e+06	0	0	1.04811	0.00362319	0.0361695	0.105502	0	0	0	31.8002	0	0	0.0237495	0.231668	0	0	0.0161622	0	0.0638837	0.614556	0	0	0	0	0.0578159	0	0.014652	0	0.0597419	0.314978	0.0161622	0	0.105122	0	0.0045045	0	0.0578159	0	0	0.234488	0	0	0.0139267	0	0	0	0	0	0	0	0.00416667	0	0.00416667	0	0	0	0	0	0	0	0.414185	643.444	0.0166771	1056.27	0	3407.09	0.148862	77.1814	0.036295	7385.41	0.405152	60.217	0	9488.31	0	85.6813	0	22.3201	0.0377568	32.0881	0	1.04786	0	0	0	0	0	0	0	0	0	45350.5	0	0	0	3711.84	0.102991	36674.1	2.30609	34.1556	0.110773	0	5.61451	0	15.4902	204.582	0.0555944	0	16.5542	48.1163	0	0	0	0	0	0	0	0	0	0	0	0	0	0	0.102502	0	0	0	0	0	0	0	0	0	0.0601438	0.0155844	0	1.18844	0.0147442	0.0607205	0.0680643	0	0.0147442	0.0148304	0.00406504	0.0208333	0.00416667	0.0104167	0	0.0209987	0.787572	87.8452	0.563596	2.53298	0.0493482	0.136765	2.78544	1450.2	0	0.117507	0.0858398	0.215332	321.445	226.245	9.58408	319.415	0	0.46717	4.41563	203.368	0.00421941	6.3411	0.0185897	0.322896	0.191313	1.13247	0.423627	1.9507	0.188095	0.635529	0.721256	46.1314	
4.13803e+07	MFG_L_7_3	0	0.0070922	21.937	0	4.15156e+06	3233.09	0.0476848	0	0.00537634	0	3.36992	272.214	3.03282e+06	14436.9	2.20126e+06	0.00694444	0	0	0	20.8411	6.15858e+06	246.125	0	0.0070922	0	0	4.90975e+06	5054.27	0	0	0.0861111	0.172252	0	0.0621473	210510	0.0278261	1.21626	0	0	0	0	0.0337607	0.00333333	129.4	0.00333333	0	0	4.32192	0	0	994.116	0.0647947	0	0	0	0	0	0	0.00537634	0	0	0	0	0	0	0	0	0	0.225077	0	0	0	0	0	0	0	0.00757576	0	0.00757576	0	0	0	0.0185507	0	0	0	0	0	0	0	0	0	0.00497512	0	0.00358423	0	0	0	0	0	0.00358423	0	0.00333333	0	0	0	0	0	0	0	0	0	0	0	0.170858	0	0.118907	0	0.00694444	0	0	0	0	0	0.0447828	0	0.322883	0	0	0	0.0199049	0	0.13211	0	0.24191	0	0	0	0	0	0	0	0.00396825	0	0.00617284	0	0.0441614	0.00333333	0	0.00333333	0	0	0	0.0045045	0	0	0	0	0	0	0.004329	0	0.17982	0	0	0	0.0356445	0	0.569684	0	0	0	0.0812879	0	0	0	1.32978	73.3222	0.00406504	0	0	0.0160183	0	0	0	0	0.00406504	0	0.0169756	0	0.00456621	0.00273224	0.286024	0.00273224	0	0	0.280867	0.00273224	0.553467	0	0	0	0.285064	0	0	0	0.778795	0	0.11738	0	0.0759777	0.00362319	0.0168803	0	3.08392	0.0159044	25.8614	0.0756279	11.3009	0.0100497	0.384413	0.004329	0.757778	0.0100497	21.1183	0.00231481	713.426	0.365055	0.230734	0	74.1658	0.201842	10.5123	0.0655231	0.139545	0	63.0565	0.0100941	1.17064	0.0655231	28.7015	0.0321106	178.482	0.0100941	27.2414	0.0655231	
2.49822e+07	MFG_R_7_3	0	0	0.00595238	3.31214	37592.8	5.07549e+06	0.00564972	2.96472	0	0.00505051	2137.84	194.932	1089.26	2826.4	377.849	1.21351e+06	0	0	20.8411	0	12954.1	3.69733e+06	0.00617284	61.9564	0	1.85005	0.00680272	2.34625e+06	0	0	0.25277	2715.05	0	54.8912	4693.17	50457.2	0	48.0662	0	0.250652	0.00387597	0	0	19001.7	0	0.0603153	0	0.224361	0	0	0	6294.29	0	0.2259	0.00343643	0	0.0573626	0	0	0.0862646	0	0	0	0	0	0.00584795	0	0	0	2.93527	0	0.0896846	0	0.216548	0	0.0481395	0	0.365123	0	0.00411523	0	0.517852	0	0.61655	0	0.289302	0	0.504862	0	0.390992	0	0.0173189	0	5.7561	0	0.0640845	0	0	0	0.440853	0	0.517655	0	0.488193	0.0161908	0	0	0	0	0.0339632	0	0.0339632	0	0.0339632	0	0	0	0	0	0	0	0.992123	0	0.466063	0.0149018	3.77143	0.00362319	2.43884	0	0.80056	0.148557	3.61516	0	6.78907	0.00378788	77.2633	0	124.834	0	1.87081	0	22.7793	0	8.09474	0	34.7869	0.0146538	0.0143534	0	0.0860546	0	0	0.00383142	0.00273224	0	0.00775194	0	0.00694444	0	0.707175	0	11.9344	0	10.5719	0	0.0225589	0	0.487567	0	758.647	0	7.68253	0	2.45456	0	0	0.00392157	0	8.70721	0	0	0.00574713	0	0	0.00392157	0	0	0	0.0623478	0.0632371	0	0	0	0.015083	0	0	0	0.0343891	0	0.0750034	0	0.605001	0	9.84901	0.0149832	0.00411523	0	2.54702	0	0.12179	0	0	0	0.119738	0.0284779	8.66331	0	110.63	0	13.8836	0.0138173	187.132	0.00347222	16.8503	0	612.541	0.026426	7943.15	0	1736.89	0	3647.37	0.0573626	767.196	0.0130402	0.134266	0	287.512	0.00378788	124.759	0	209.861	0	794.512	0	384.284	
