data	data	5.46497e+08	4.74502e+07	6.60098e+08	2.1784e+08	2.19215e+08	2.16949e+08	5.43073e+07	7.15356e+07	2.25301e+07	9.92764e+06	1.36767e+07	2.29422e+07	1.22829e+08	8.32228e+07	2.79636e+07	2.25086e+08	1.2281e+07	7.60219e+06	2.36159e+07	3.41301e+07	7.54707e+07	3.99996e+07	4.39528e+07	4.054e+07	8.2046e+06	3.24717e+07	1.78769e+08	6.13011e+08	3.95492e+07	1.69512e+07	7.31501e+07	1.6002e+07	1.83797e+07	6.19095e+07	2.1011e+07	4.28392e+07	1.29297e+07	7.57316e+07	4.13249e+07	2.08704e+07	4.14891e+06	3.41828e+06	3.95633e+07	1.61511e+07	3.11005e+07	1.03831e+07	3.2274e+07	3.88812e+08	1.19532e+07	3.39314e+06	4.95941e+07	6.24208e+06	9.27412e+07	4.9503e+07	2.59615e+07	5.31601e+07	2.7213e+08	3.81734e+07	2.24386e+08	2.00249e+08	2.57429e+07	2.06274e+07	1.08245e+08	2.82802e+07	1.84958e+07	9.96594e+06	2.96783e+06	2.49593e+07	8.99341e+07	1.2831e+08	2.40441e+07	5.76505e+07	5.90329e+07	3.90415e+07	3.41292e+07	6.2091e+07	5.70931e+07	5.54663e+07	9.18997e+07	5.06307e+07	4.34225e+07	6.55551e+07	6.18472e+07	8.31402e+07	3.79997e+07	4.38939e+07	3.8681e+07	1.00134e+08	5.48294e+07	5.67265e+07	2.61231e+07	2.49498e+06	2.99629e+07	6.87009e+06	3.61222e+07	1.04721e+07	3.73484e+07	2.14464e+07	3.24951e+07	2.07783e+06	3.96098e+07	2.83754e+07	1.79263e+08	1.54427e+08	2.36469e+08	1.70479e+08	1.15174e+08	3.29811e+07	479582	7.12599e+06	2.09319e+06	2.04677e+07	4.84298e+06	2.43428e+07	5.51913e+06	3.30185e+07	3.57994e+06	875911	5.43068e+06	2.84947e+07	2.67695e+07	1.71964e+07	1.7136e+07	1.1264e+07	8.31114e+07	6.90642e+07	5.72772e+07	5.85483e+07	8.889e+06	1.3345e+07	2.76367e+07	7.76817e+07	2.84232e+07	6.08111e+07	5.55297e+07	7.85457e+07	3.64829e+07	8.44734e+07	3.98407e+07	4.44663e+07	2.59447e+07	2.24679e+07	7.8353e+07	2.85297e+07	1.63795e+07	1.2601e+07	1.81892e+07	6.45305e+07	1.30911e+07	1.4275e+07	6.16207e+07	1.7073e+08	2.53633e+06	2.31342e+07	1.12293e+08	4.16991e+07	4.31426e+06	3.45026e+06	6.68579e+07	1.85904e+07	1.52405e+08	7.03471e+07	3.89605e+07	5.01259e+06	1.42211e+07	3.28892e+06	1.10849e+07	3.20065e+06	2.82642e+08	3.58892e+07	1.34817e+07	711287	2.30391e+08	5.1424e+06	3.25516e+06	5.82034e+06	7.90126e+06	2.16446e+07	1.98367e+07	1.16683e+07	7.6043e+06	2.81757e+07	1.44753e+06	352676	2.53353e+06	9.75301e+06	2.58799e+06	5.36145e+06	4.42071e+07	1.35742e+08	2.26559e+08	9.15032e+07	2.59578e+08	8.1747e+07	9.23096e+07	1.159e+08	5.70472e+08	3.5806e+08	3.84764e+07	3.24283e+07	1.38364e+07	2.93734e+07	3.12625e+08	9.01746e+07	1.21592e+08	9.38067e+07	1.2249e+08	1.12487e+08	2.91184e+07	4.96468e+07	9.76794e+06	2.62135e+07	4.21644e+07	1.04961e+08	2.1109e+08	3.35151e+08	1.71149e+08	3.32351e+08	1.17478e+08	1.34828e+08	1.47314e+08	7.58357e+08	1.52134e+08	3.81534e+08	2.4938e+08	6.06251e+08	1.49812e+08	9.39165e+07	2.76718e+08	1.04931e+09	3.06256e+08	1.77407e+08	2.84495e+08	2.55484e+08	8.49632e+07	1.55877e+08	1.37672e+08	6.43548e+07	1.1607e+08	1.4384e+08	2.37517e+08	1.28904e+08	1.78493e+08	2.20213e+07	2.17488e+08	3.34783e+08	
data	data	SFG_L_7_1	SFG_R_7_1	SFG_L_7_2	SFG_R_7_2	SFG_L_7_3	SFG_R_7_3	SFG_L_7_4	SFG_R_7_4	SFG_L_7_5	SFG_R_7_5	SFG_L_7_6	SFG_R_7_6	SFG_L_7_7	SFG_R_7_7	MFG_L_7_1	MFG_R_7_1	MFG_L_7_2	MFG_R_7_2	MFG_L_7_3	MFG_R_7_3	MFG_L_7_4	MFG_R_7_4	MFG_L_7_5	MFG_R_7_5	MFG_L_7_6	MFG_R_7_6	MFG_L_7_7	MFG_R_7_7	IFG_L_6_1	IFG_R_6_1	IFG_L_6_2	IFG_R_6_2	IFG_L_6_3	IFG_R_6_3	IFG_L_6_4	IFG_R_6_4	IFG_L_6_5	IFG_R_6_5	IFG_L_6_6	IFG_R_6_6	OrG_L_6_1	OrG_R_6_1	OrG_L_6_2	OrG_R_6_2	OrG_L_6_3	OrG_R_6_3	OrG_L_6_4	OrG_R_6_4	OrG_L_6_5	OrG_R_6_5	OrG_R_6_6	OrG_R_6_6	PrG_L_6_1	PrG_R_6_1	PrG_L_6_2	PrG_R_6_2	PrG_L_6_3	PrG_R_6_3	PrG_L_6_4	PrG_R_6_4	PrG_L_6_5	PrG_R_6_5	PrG_L_6_6	PrG_R_6_6	PCL_L_2_1	PCL_R_2_1	PCL_L_2_2	PCL_R_2_2	STG_L_6_1	STG_R_6_1	STG_L_6_2	STG_R_6_2	STG_L_6_3	STG_R_6_3	STG_L_6_4	STG_R_6_4	STG_L_6_5	STG_R_6_5	STG_L_6_6	STG_R_6_6	MTG_L_4_1	MTG_R_4_1	MTG_L_4_2	MTG_R_4_2	MTG_L_4_3	MTG_R_4_3	MTG_L_4_4	MTG_R_4_4	ITG_L_7_1	ITG_R_7_1	ITG_L_7_2	ITG_R_7_2	ITG_L_7_3	ITG_R_7_3	ITG_L_7_4	ITG_R_7_4	ITG_L_7_5	ITG_R_7_5	ITG_L_7_6	ITG_R_7_6	ITG_L_7_7	ITG_R_7_7	FuG_L_3_1	FuG_R_3_1	FuG_L_3_2	FuG_R_3_2	FuG_L_3_3	FuG_R_3_3	PhG_L_6_1	PhG_R_6_1	PhG_L_6_2	PhG_R_6_2	PhG_L_6_3	PhG_R_6_3	PhG_L_6_4	PhG_R_6_4	PhG_L_6_5	PhG_R_6_5	PhG_L_6_6	PhG_R_6_6	pSTS_L_2_1	pSTS_R_2_1	pSTS_L_2_2	pSTS_R_2_2	SPL_L_5_1	SPL_R_5_1	SPL_L_5_2	SPL_R_5_2	SPL_L_5_3	SPL_R_5_3	SPL_L_5_4	SPL_R_5_4	SPL_L_5_5	SPL_R_5_5	IPL_L_6_1	IPL_R_6_1	IPL_L_6_2	IPL_R_6_2	IPL_L_6_3	IPL_R_6_3	IPL_L_6_4	IPL_R_6_4	IPL_L_6_5	IPL_R_6_5	IPL_L_6_6	IPL_R_6_6	PCun_L_4_1	PCun_R_4_1	PCun_L_4_2	PCun_R_4_2	PCun_L_4_3	PCun_R_4_3	PCun_L_4_4	PCun_R_4_4	PoG_L_4_1	PoG_R_4_1	PoG_L_4_2	PoG_R_4_2	PoG_L_4_3	PoG_R_4_3	PoG_L_4_4	PoG_R_4_4	INS_L_6_1	INS_R_6_1	INS_L_6_2	INS_R_6_2	INS_L_6_3	INS_R_6_3	INS_L_6_4	INS_R_6_4	INS_L_6_5	INS_R_6_5	INS_L_6_6	INS_R_6_6	CG_L_7_1	CG_R_7_1	CG_L_7_2	CG_R_7_2	CG_L_7_3	CG_R_7_3	CG_L_7_4	CG_R_7_4	CG_L_7_5	CG_R_7_5	CG_L_7_6	CG_R_7_6	CG_L_7_7	CG_R_7_7	MVOcC	MVOcC	MVOcC	MVOcC	MVOcC	MVOcC	MVOcC	MVOcC	MVOcC	MVOcC	LOcC_L_4_1	LOcC_R_4_1	LOcC_L_4_2	LOcC_R_4_2	LOcC_L_4_3	LOcC_R_4_3	LOcC_L_4_4	LOcC_R_4_4	LOcC_L_2_1	LOcC_R_2_1	LOcC_L_2_2	LOcC_R_2_2	Amyg_L_2_1	Amyg_R_2_1	Amyg_L_2_2	Amyg_R_2_2	Hipp_L_2_1	Hipp_R_2_1	Hipp_L_2_2	Hipp_R_2_2	BG_L_6_1	BG_R_6_1	BG_L_6_2	BG_R_6_2	BG_L_6_3	BG_R_6_3	BG_L_6_4	BG_R_6_4	BG_L_6_5	BG_R_6_5	BG_L_6_6	BG_R_6_6	Tha_L_8_1	Tha_R_8_1	Tha_L_8_2	Tha_R_8_2	Tha_L_8_3	Tha_R_8_3	Tha_L_8_4	Tha_R_8_4	Tha_L_8_5	Tha_R_8_5	Tha_L_8_6	Tha_R_8_6	Tha_L_8_7	Tha_R_8_7	Tha_L_8_8	Tha_R_8_8	
5.46497e+08	SFG_L_7_1	0	1.25566e+07	2.26379e+08	1.17143e+06	2.59064e+06	9823.31	605479	51614.2	130956	1568.77	212069	6087.51	7757.08	0.706492	0.175124	286612	0.0968414	7.35321	0.387748	0.100419	13.6841	0.287252	0.326932	2433.78	10.471	21853.9	7.37669	0.600311	3358.93	1.95681	91.8191	0.00666667	45557.4	6.79916	126.71	0.0524035	112537	13.6278	511155	135.184	0.0228299	0.0347787	0.352149	0	0	0	0.0184869	0.0388703	4.46263	0	9.6275	0.00258398	1.36027	0	141.899	0.222723	138924	0.0149353	101.003	29.7514	17064.8	0.963655	60895.7	0.0070922	19907.9	4.71613	1521.76	371.181	12.1242	0.0843032	10.324	0.0733619	149.002	0	0.460409	0.166121	41654.6	0.0107097	68648.6	0.369164	28.4647	11.0667	17965.4	0.192296	187.255	0.0392896	348.447	0.00490196	0.401261	0.642691	66.4409	0	2080.59	0.00374532	191.092	0.0118577	1340.25	0.0126996	434.986	0	8.8708	0	601.336	0.0951423	6.77718	2.5957	5.89016	0.930706	0	0	0	0	0	0	0.0178868	0	0.0434197	0	0	0.00323625	1.62125	0	0.225345	0	20284.2	26.7569	1132.04	41.5496	564.956	0	14414.1	41.1073	5971.89	7.27048	1126.31	0.442501	6792.95	2.75262	0	0	0.120882	0.243889	2101.05	0.325133	14.0983	0	9671.21	461.45	6868.09	4.67574	219.991	10.9959	2232.44	13.9091	42535.5	0	2.22457	0	11.4182	0	451519	2.6687	98788	0.0035461	0.0189017	0	4.18022	0.0242504	5.13132e+06	149.749	84372.6	0.0212766	1.31741e+07	13.0717	1.20271	0.121625	328.897	16895.5	2.56706	6.96519	21.8492	1.81808	121.633	125.439	271.557	0.443847	0	0	24.4676	8.9765	0.766699	0.00362319	910.837	0	9.88283	0.0365216	250.227	0.00194932	789.732	0.00343643	13.3106	0.00340136	2424.74	4.5773	92.7099	49.4587	13836	0.0589853	25170.8	0.137846	0.146167	3.25074	4.29476	0.128087	67507.5	4789.61	792.755	0.0749275	17.8258	2.2167	105751	114339	28.5275	12.7236	403.397	26.4801	236403	48988.8	2.13452e+06	2585.69	12749.4	0.271686	4.04148e+06	1040.48	11365.5	118.481	2503.79	0.00606061	224196	65.6871	121063	0.084163	28457.4	0	1.89316e+06	657.029	
4.74502e+07	SFG_R_7_1	1.25566e+07	0	8.62484e+06	167378	367898	15334.5	51391.7	731053	40162.5	233292	263.045	241005	56.7532	7.05273	0	18.7076	0	0	0	0	0.00416667	0	0	0.257466	0	55.747	0	0.0115977	0.0070922	0	0.00574713	0	0.303689	15.7268	0	0.140493	2.98507	31.4345	1.29588	152.149	0	0.00854701	0	0	0	0	0	0	0	0	0.00226757	0	143.185	0	38.2954	0.0188679	8.81779	0	7.29426	69.6622	2.40831	0.172043	32.2242	0	283.827	18017.5	40.0933	22462.2	0.112125	0.246367	0	0	0.0030581	0.0295375	0	0	21.3149	0	7.30833	0.00401606	0	0.00401606	0	0.519716	0	0	0	0.00401606	0	0.00245098	0	0	0.0042735	0.0218579	0	0.00401606	0	0	0	0	0	0.00245098	0	0.0222284	0	0	0	0	0	0.0412955	0.985128	0.547215	0.00438596	0	1.30537	0.223865	0.0045045	0	0.0213456	1.18321	0	0	0	0	69.847	207.626	151.76	1.03804	0	0	0.821855	106.919	0	0.0282204	0.0635101	0	0	0	0	0	0	0	0	0	0	0	150.528	40294.3	74.2109	14236.7	14.4535	20.2965	32.6565	4028.41	0	0	0	0	0	0	3.02771	29.2177	6.30893	0	0	0	0	0	543.789	3.51783	2.14098	0	1153.29	0.0123457	16.7306	26.9344	114.466	10678.4	0.00505051	34366.5	55.4613	575.993	17.8518	33518.7	4.48786	503.086	0	0.0956044	0	0	0	0.00483092	0	0	0	0	0.00347222	0	0.003663	0	0	0	0.0326113	0.126851	0	0	5.29033	0.455367	14.4051	0	0.276474	0	0.112403	0.041498	2327.47	252.537	8.45293	125.921	0.00555556	0.356428	2458.72	175917	0.039011	0.789253	0.0584683	0.35561	0.00416667	1856.4	855.278	231.724	0	1053.03	2398.17	207567	0.0786658	2359.63	0.0439508	75.9529	0	8154.18	0.16814	138.283	0.00416667	0.7965	0.317251	107566	
6.60098e+08	SFG_L_7_2	2.26379e+08	8.62484e+06	0	766885	9.73456e+06	4573.58	1.50467e+06	2448.05	8.42535	153.137	0	6720.69	1.4789	0.202225	84714.5	157526	246159	2.96122	1.68999	0.129077	23768.4	0.190828	1.26773e+07	1167.59	1.58666e+06	13699.4	8.26881	0.673382	4.83924e+06	0.347701	190026	0	2.63743e+06	2.17262	1442.36	0.0218638	1.00816e+06	4.89557	5.44701e+06	55.9595	0	0	0.462198	0	0	0	0.00411523	0.0388703	3.72278	0	8.29697	0.00258398	59494.9	0	178811	0.0613628	235581	0.0149353	107.359	29.1173	191532	0.402103	4.04078e+06	0	2731.82	1.80554	446.289	136.435	10.1875	0.269785	82.3458	0.0178979	216.407	0.012012	149.071	0.0401802	135012	0.003003	279950	0.194373	8167.67	6.12259	109055	0.205665	4670.29	0.0166693	2777.46	0.0271089	0.622593	0.523392	89.4291	0	2191.1	0.00219298	968.841	0.0473216	5384.11	0.0126996	8027.33	0.0118031	56.4654	0	623.742	0.00378788	7.18721	3.47053	6.32865	1.07655	0	0	0	0	0	0	0.00396825	0	0.0434197	0	0	0.0130084	1352.96	0.0030303	181.363	0	34598.5	19.6083	744.063	19.7781	4203.67	0	36971.1	49.128	10380	4.97891	1237.33	0.229509	13308.2	0.536707	10.5877	0	51.3824	0.310492	3398.7	0.1749	12.4124	0	171.396	255.753	2325.13	1.42387	56.9007	5.46427	0.0197628	10.1731	373087	0	1.6333	0	26624.8	0	996418	2.69416	98517.1	0.0035461	0.0189017	0	12951.9	0.0242504	1.15254e+07	46.781	67229.4	0.0035461	2.73608e+07	4.92915	0	0.00406504	18.716	3905.05	0.00483092	0.341619	0.116589	0.617027	0.00537634	0.0734591	0.099537	0.142349	0	0	247.323	10.5333	24.777	0.00362319	3376.02	0	10.0334	0.0365216	1469.58	0.00194932	1585.86	0.00343643	11.8745	0.00340136	6709.14	3.51726	379.07	77.5106	16024.4	0.003367	19272.7	0.0608857	0.0224105	4.93221	3.39229	0.125507	82444.2	1614.62	842.498	0.156683	8.72288	1.71443	101502	43295.6	17.8989	13.2555	421.737	22.9971	232852	19471.6	2.38156e+06	1251.5	17136	0.333948	3.24567e+06	468.676	10245.8	123.428	2656.71	0.00606061	231109	63.6144	129639	0.084163	31710.3	0.00314465	1.68603e+06	423.234	
2.1784e+08	SFG_R_7_2	1.17143e+06	167378	766885	0	140809	7.36621e+06	8.13865	39604	31.0329	0.253136	4456.71	578.867	577.068	0.002849	0.675364	7.32967e+07	0	10111.2	0	0.757604	0.0698413	139944	0	1.83085e+06	0	3.00676e+06	0.00273224	0.410335	0	1.39101e+06	0.0692876	102305	0	1.65061e+06	0.00775194	39096.7	0	1.32391e+06	0	2.50441e+06	0	0	0	0	0	0	0	0.0492994	0	0	0.00246914	0	0.00813008	25.7348	0.00813008	5955.9	8.01956	148.653	4.01732	345.063	0.00628931	19882.5	0.00628931	1339.17	0.683804	0.3846	0	97.3195	0	0.693707	0	148.657	0.00340136	224.977	0	1091.34	0.00406504	3.00778	0.0295499	74.8252	0	31830	0	12.1086	0	24058.6	0	5616.69	0	509.601	0	13.9043	0.00462963	2.97361	0	46.9477	0	1253.28	0	92.6084	0	64.4977	0	44.5278	0.740194	0	0.00505051	0.162179	0	0	0	0.0329851	0	0.0298954	0	0.103204	0	0.00358423	0	0.0925041	0	13437.2	0	14049.8	10.6034	560.773	0.743136	4084.63	0	52.0826	2.50115	186.159	0	8723.41	0.00362319	1650.41	0	9620.73	0	860.077	0	3899.39	0	3782.03	0	5852.19	0.42084	26124.5	0.553147	0.430788	0.56993	822.838	0	100.515	0	25.5376	0	1.70928	0	0.940938	4.34173	670.972	0	9.89509	0	0	0.00406504	876.643	0.345262	153762	0	485.277	0.63491	99673.8	0.00374532	0	0.00308642	0	233.345	0.153632	0	0.201744	91.4685	0	0.017284	0	0	0	1.20819	0.882926	0	0.167482	0	0.269355	3.80522	0.546949	0	0.072841	0	1.92534	0	0.279275	0	117.194	0.624527	25.4835	0.074078	148.607	0.138242	273.514	0	1.959	0	0.249751	6.34035	107317	0	30.3371	0	0.180621	8.81557	1.23866e+07	0.00273224	33.9273	0.0104028	16574	0.109738	1997.99	0.065829	524710	0	1771.61	81.4479	418528	0.187405	126.415	0	88.5251	0.301242	2385.42	0.0244108	23.8964	0.107634	0	0.221331	63180.5	
2.19215e+08	SFG_L_7_3	2.59064e+06	367898	9.73456e+06	140809	0	2.24037e+07	1457.57	181.571	8.93496	1.50487	3.66644e+06	2.35435e+06	2.53241e+07	1.47454e+06	1.53554e+06	14061.5	12378.8	0	3.23301e+06	10843.8	2.00947e+06	3920.75	1545.06	1.22501	3.35211	2.89766	510501	223867	5699.09	0.0234127	1.53745e+06	0.014652	1.51385e+06	4.20362	152708	0.0881268	195252	1.69587	4024.01	12.3792	22.1059	0	5898.57	0.0754459	0.0345037	0	0.0151593	115.229	5.69944	0	1.33494e+06	0.030293	6.6776	0	530.258	0.27899	1040.65	0.0350331	20.4356	10.2466	43.5527	0.10208	17.8844	0	1065.08	0.543359	30.3173	2.9076	71.7332	10.1453	18.3992	0.116174	231.627	1.44964	9.70486	0.198447	16750.2	2.1654	115783	0.520499	123.546	8.29097	87513	15.3566	0.357032	0	276.667	0.510038	0.859833	30.4012	0.401215	0.0485082	2037.77	0.00219298	91.5586	5.69982	22.0766	0.154083	293.094	0.0471015	2.05115	0.146071	1687.34	0.0767008	35.5767	0.377569	0.805123	0.110188	0.0164099	0	117.413	0.0271516	1.11917	0	6532.13	0.0475016	0.57829	0	8.51823	0.0271516	9.23228	0	0.00584795	0	84862.8	123.195	11066.9	9.71085	2.33477	0.00297619	1006.17	111.89	465.242	5.77984	2009.9	0.750155	23.5829	0.52691	0	0	0.0530114	0.482355	2.79134	0.0435332	0.425004	0	1955.1	870.116	1010.02	2.90996	3444.86	54.1164	29588.2	42.6863	316.577	0	0.414368	0	0.353726	0	1437.11	3.04651	29545.9	0.00985634	6.65549	0	341762	0	8.2908e+06	44.1114	71.2463	0.00438596	1.28454e+06	0.102059	19201.5	0.133506	168279	808328	76150.6	9.68293	223126	1.50839	5184.03	0.0207029	33253.6	0.234722	818.129	0.202039	10550.1	310.712	10527.2	0.0144148	53387.9	0.0137722	128.694	0	74836.8	186.347	17293.6	0.0748751	0.928634	0	48138.1	98.8297	2884.07	51.3179	48112.8	2.895	29718.4	0.438426	427.52	12.5541	34.8396	0.337123	195704	536.491	46071	11.747	20566.6	17.1826	378027	5184.77	75.3871	1338.23	325617	2362.66	2.7418e+06	1520.24	2.10755e+06	5229.23	2.03164e+06	434.177	5.05373e+06	625.908	796.828	141.845	20063.8	11.6967	592613	213.712	986268	6.54153	273387	0.198406	2.50058e+06	1255.4	
2.16949e+08	SFG_R_7_3	9823.31	15334.5	4573.58	7.36621e+06	2.24037e+07	0	2.4802	14.0218	11.6348	14.9892	537530	6.91417e+06	894751	1.17529e+07	16637	9.55508e+06	0	199.918	478990	1.45834e+06	7992.75	4.10782e+06	0	171058	0	194.754	4793.91	145689	0	204654	2098.12	1.08276e+06	0.0706446	1.85251e+06	165.901	2.04061e+06	0.091214	2.14317e+06	0	10687.4	12.932	0.211027	12.9863	11166.2	2.82431	0.00383142	13.4605	5.9864	0.023927	0.0294597	68.2482	37043.5	0	0.62207	0.127577	44.1212	18.9821	8922.93	12.6381	16834.6	0	2666.38	0	17.0796	28.1414	45.2863	3.35377	70.7162	7.1738	36.0041	5.66239	4783.26	240.036	9438.6	0.881205	8942.01	10.74	4133.05	338.604	2330.42	1.03903	46682.7	71.6323	146.987	0	15473.2	8.14478	14132.4	0.632161	6742.79	0.119701	168.111	0.59952	15.873	3.72328	162.096	0.0128205	1376.83	0.00311526	215.097	0.0481753	378.555	0.0204248	232.671	0.0296224	6.2863	0	3.90439	0	111.067	0.0754242	1056.47	0	0.032568	0.209061	1176.64	0	2.62847	0.074864	1372.13	0.989115	16129.7	0	10065	32.7882	4131.87	1750.13	25403.7	0	504.414	0.653269	7348.73	0.0508897	32182.1	0.84815	4972.71	0.00350877	21923.4	0	5001.39	0	21470.3	0.0303905	5792.05	0	32148.9	7893.32	371331	3.9475	287.455	1393.35	27652.4	1532.22	256306	0.0030581	357.28	0	28.2026	0	42.4491	7.15327	47319	7.47363	3276.2	0.0598096	0.0455907	5.25037	55634.1	53.3577	2.00532e+06	0	444.617	1.4883	104353	27.1969	6359.99	47704.4	1.27686e+06	26015.1	665422	40.4045	129603	22.8407	36.6465	17.6644	4999.49	1891.81	2654.91	128.337	104903	188.442	4.83678	2274.28	309.321	7.64981	1.84362	7507.25	70174.3	73.1635	985.223	0	8.35232	2945.41	261272	167.174	6612.81	991.15	12126.8	119.813	823.192	23.9727	138.932	0.232966	113.672	117.667	25246.6	2.46054	3177.67	31.1687	153606	109.858	7.93352e+06	1321.02	119082	419.074	1.00634e+07	15.3728	245259	176.942	7.96294e+06	34.5222	545483	81.291	1.07758e+06	0.889975	260.475	16.5796	420029	180.831	2589.22	101.958	159.769	65.5238	16.9727	14.5836	834767	
5.43073e+07	SFG_L_7_4	605479	51391.7	1.50467e+06	8.13865	1457.57	2.4802	0	91595.4	6.10587e+06	8390.29	0.00877193	0	0.00641026	0.00229885	0	0.868942	3.18448	0	0	0.0122074	1.80108	0.0119423	416.572	0.0224775	416922	18.4008	0.580831	0.0513354	37790	0	21.9342	0	1727.62	0	0.727251	0	17618.8	0	229779	0	0	0	0	0	0.0047619	0	0.0047619	0	0.145536	0	0.206906	0	592766	0	2.178e+06	0.665169	5028.37	0.00392157	168336	4.05391	113035	0	2.44481e+06	0.0070922	457.052	0.817159	18646.8	48.4039	0.625162	0	21.8565	0	46.2337	0.00271003	95.0397	0	29149.9	0	16112.1	0.00271003	17495	0	91.8168	0	4868.11	0	1011.13	0	1.28092	0	47.3113	0.0030581	0.278436	0	560.485	0	5710.77	0	13955.9	0.0030581	34.4924	0	0.00340136	0	80.7332	1.28896	2.98966	1.37059	0	0.00258398	0	0.00258398	0	0	0	0	0	0	0	0.00258398	1038.43	0	523.355	0	13423.4	0.27681	30945.2	0.0859682	2225.94	0	10465.9	10.223	2898.22	0.223777	103.582	0.00289855	4343.41	0	10.2148	0	48.5317	0	1399.66	0	71.8179	0	1219.65	7.71426	17.0897	0.0996258	3399.65	0.664272	0	0.850525	18501.6	0	3.65286	0	2361.28	0	97323.8	0.588286	106386	0	0	0	4.6126	0	1.87285e+06	0	108179	0	6.57505e+06	0	0	0	0	0	0	0	0	1.04887	0.0310078	0	0	0.23023	0	0	3.28945	4.6607	0	0	0	0	27.1777	0.168656	0.740558	0	4.80599	0	1.19472	0	6.86733	1.79555	27.3507	50.1715	1104.76	0.0736593	6931.62	0	183.737	28.4969	0.136171	0.00333333	480626	590.638	0	0.441649	17.9883	0.0900657	890130	9659.97	14.1104	4.55799	192.102	3.92987	14.1987	5.53816	986863	47.1456	0.150159	0.0543065	1.20779e+06	41.723	146.063	1.83217	0.00833333	0	92.5434	3.44331	30.244	0.371905	0.369083	0	32589.5	12.3263	
7.15356e+07	SFG_R_7_4	51614.2	731053	2448.05	39604	181.571	14.0218	91595.4	0	300085	867125	26.3767	0	3.12023	0.390679	0	3339.9	0	813.262	0.00330033	0.150761	0	0.0405134	0	21.2305	0	200987	0.00330033	1.21406	0.0261841	121.98	0	0	0.00574713	3.91453	0	0.00694444	0.497071	35.1383	0.14962	668.954	0	0	0	0	0	0	0	0.00416667	0	0	0	0	33.1877	23890.9	27.7307	1.61855e+06	46.3788	2.81805	10037.7	11209.3	0.236171	2620.45	1.76363	145560	799.505	14804.1	1420.91	13266.9	0.165229	7.78315	0	0.593412	0.027874	6.72322	0	0.840131	7.5891	0	5.14173	0.986064	0	0.0424263	0.0216816	6.40437	0	1.16316	0.00537634	0.152866	0	1.66753	0.0045045	0.00564972	0.00171821	0.131764	0	0.00497512	0	0.706137	0	0.00555556	0	0.23667	0.00456621	0.378766	1.00015	0.111213	0	0.850024	0	0.0161622	0.129392	0.735567	0.0204319	0.0143295	2.55586	0.255161	0.0189593	0	0	1.77991	0	0	0	0	12.1065	60.6979	36.9287	32.4779	0	0.252268	0.181048	88.4985	0	17.1257	0.0956792	9.34088	0	13.7523	0	0	0	0	0	0.00584795	0	0	88.2713	190.637	53.417	406.42	4.986	13.7243	60.6269	2.6771	0	0.988386	0	0	0.00628931	0.00694444	7.29076	10217.1	1.79085	0	0	0	0	0.00775194	140.769	71.3454	0.342203	0.0128205	342.427	7.0885	3.31431	0	0.0446869	0	0.00469484	0	44.3314	6.2612	0.113539	0.0185185	12.314	0	0	0	5.61452	14.3872	0.00358423	0	0	0.0247279	15.3626	3.28202	0.026324	0.0182786	0	0.0190732	0	0	0.00358423	24.4425	0.73296	294.005	1.99123	5.66477	3.38434	0.150835	0.893136	27.7482	0.286159	24.1406	1303.71	3.72532e+06	15.4076	169.41	0.0457984	297.765	1095.73	2.57389e+07	0.153639	185.19	0.10892	73.7532	0.205522	389.625	191.903	89427	0.00330033	32.0992	3038.93	1.7629e+06	1.13155	7975.33	0.00330033	5.24105	0.115059	9726.54	0.164125	148.733	0.0712989	0.010101	0.310578	282217	
2.25301e+07	SFG_L_7_5	130956	40162.5	8.42535	31.0329	8.93496	11.6348	6.10587e+06	300085	0	434326	4.04981	0.355314	0.0647773	0.0978735	0	6.43992	0	0	0	0.00320513	0.0674458	0.0273204	0	0.288857	0	182.81	3.42778	0.0512355	0	0	0.00694444	0	0	0	0.0280733	0	0.00694444	0	0	0	0	0	0.00406504	0	0.0434844	0	0.077587	0	1.25125	0	0.619086	0	50.4764	0	3079.35	6.43544	59.1254	0	336185	1.40369	0.0301899	0	0.092775	0.0070922	35154	18.1931	86838.9	40641.7	4.14696	0.0414561	4.1295	0	0.379155	0	0	0	572.849	0	564.575	0	8.45181	0	37.2707	0.0414561	2.55489	0	1.62039	0	0.237826	0	2.05871	0.0030581	0.248065	0	5.79602	0	17.2792	0	32.1737	0.0030581	1.01115	0	0.00340136	0	17.6439	0.00392157	0.138148	0.00383142	0	0.0149328	0	0.0345943	0	0	0	0.0345943	0	0	0	0.103962	0	0	0	0	929.968	2.34054	3891.11	0.392202	1.60851	0	162.861	11.0021	133.335	0.285668	20.4566	0	94.465	0.00512821	0	0	0	0	28.869	0	9.70597	0	476.848	70.1031	624.786	2.09223	674.095	1.27429	0.015873	5.76855	82.3482	0	0.0979666	0	0.0216816	0	2498.26	0.545773	13995.9	0	0	0	0.0849206	0	74120.8	0.003663	5491.16	0	156436	0	0	0	0.189807	0.238081	0	3.48359	0	1.74869	322.376	1601.37	21861.2	157.925	0	0.107143	0.321983	0.0367861	0	0	0	0	5.99049	0.0741642	0.351351	0	1.11132	0	0.115184	0	1.38308	0.457039	5.50847	0.334388	92.3624	0.0884569	1066.63	0	11.4253	1.68206	1.08827	0.142344	295564	4546.97	0	1.47521	87.2038	2.31214	462114	107336	43.0586	2.89219	206.232	6.7237	241.334	144.943	168671	126.088	0.719746	0.545768	2.24445e+06	11900.2	438.247	172.269	0.00833333	0	310.248	94.576	93.9749	1.29036	1.09266	0	166010	2629.78	
9.92764e+06	SFG_R_7_5	1568.77	233292	153.137	0.253136	1.50487	14.9892	8390.29	867125	434326	0	0.166779	1.79174	0.0167157	0.00483092	0	0.0371729	0	0.173566	0	0	0.0321239	0	0	0	0	4.87671	0.00254453	0.00483092	0	0.00980392	0.0321239	0	0.00606061	0	0.00401606	0	0.0280733	0	0.0070922	0	0	0	0	0	0	0	0	0	0	0	0.00250627	0	13.2191	10.9546	34.0275	7491.04	46.7614	0	241134	26175.8	0.00740741	0.0386555	0.198671	23.3998	1631.72	2850.67	2393.93	400471	0.752035	1.27265	0	0	0.110402	0	0	0	0.247673	0	0.346259	0	0	0	0.0166693	0.770205	0	0	0	0	0	0	0	0	0.0170024	0	0	0	0	0	0	0	0	0	0.004329	0	0.0205177	0	0	0	0	0.0989954	0.541306	1.00011	0.0470412	0	8.90916	0.569897	0.0427085	0	0.0917795	2.82095	0	0	0	0	9.42279	15.8186	6.00545	1.10095	0	0	0.00653595	13.4513	0	0	0.00340136	0	0	0	0	0	0	0	0	0	0	0	285.339	956.363	196.03	1556.48	6.28948	5.41222	172.687	11.9021	0	0	0	0	0.00628931	0	13.0647	104.931	0.146672	0	0	0	0	0	5.47099	0	0.0283816	0	5.64352	0	181.921	0.010101	0.0144945	5.68563	0.0167157	40.4847	475.848	19.7905	1.48489	41362.4	40.7671	38358.5	0	0	0.109897	0.0173189	0.00358423	0	0	0	0.0765475	0	0.0141129	0.0730797	0	0	0	0	0.00362319	0.123534	0	0.156185	1.36415	2.27393	0.739229	0	0.280058	0.00462963	0.547265	1.4423	48.2367	5550.88	66.504	44.5286	0.56917	9.92709	23.2296	170636	0.144532	7.46655	0.0855279	0.0884578	2.06534	3577.91	16.2822	0.0184196	0	10.897	177.121	1.97494e+06	6.80275	15515.5	0.00438596	0.0836459	0.183128	6228.64	0.389016	39.4133	0.316587	0.00793651	21.0065	475862	
1.36767e+07	SFG_L_7_6	212069	263.045	0	4456.71	3.66644e+06	537530	0.00877193	26.3767	4.04981	0.166779	0	4175.96	2.18588e+06	4893.73	0.0945398	1226.84	0	0.00813008	17.5375	1449.6	13.2316	524.245	0	0.526312	0	0.0283224	7.0689	9626.33	0	0	0.315056	0	0	0.397154	0.761316	0	0	0.385547	0	2.04051	0.003663	0.827313	0	0.0272563	0.0321332	0	0.0745156	2.21486	0.0541667	1.03526	0.356427	0	0	0	0.0294366	0.00757576	3.43091	0.0047619	0.609011	0.039337	0	0	0	0	1348.43	0.00980392	31.5382	0.0047619	37.8495	0.269065	0	0	0	0	0	0	0	0	0	0	0	0.166106	0.0166693	0.0747219	0	0.00469484	0	0	0	0.0589938	0	0.00347222	0.0359044	0	0	0.00401606	0	0.0302673	0	0	0	0.00406504	0.016902	0.00271003	0	0	0	0	0.00497512	0	64.48	0	0.172135	0	875.649	0	0.764672	0	1.41702	0	0	0	0	0	188.964	0.0164709	0.0244669	0.375229	0	0	0.00724638	0.00396825	0	0.0827312	0	0.116709	0	0.410766	0	0	0	0.00555556	0	0	0	0	8951.31	9.45613	712.147	0.00396825	209.574	1.59173	20894.9	1.03328	0	0	0	0	0	0	0.261337	0	0	0	0	0.00740741	0	0	0	1.73562	0	0	0	0.0895957	175.85	0.0280733	2351.4	8351.19	109453	12260	24127.6	0.107354	817	0.592532	6849.36	0.111903	1.01983	190.788	0.00387597	14.7854	0	0	0	0.00280112	0.0152426	0	0	9.9528	0	0.0522141	0	0	0	9.09713	0	0.0980268	0	0.651397	0	0.130649	67.4292	0	43.1568	0.101687	3372.13	9.42507	7175.12	0	0.0380247	0.0166771	0.0294366	755.978	0.51358	40.1691	0	88.5652	2.74993	32.5043	0	112.422	0.0526033	0.0648803	0.937071	0.456087	0.358731	0.013843	2.39601	0.0152985	0.329099	0	73.2888	0	1.34686	0	0.0939402	0.166891	
2.29422e+07	SFG_R_7_6	6087.51	241005	6720.69	578.867	2.35435e+06	6.91417e+06	0	0	0.355314	1.79174	4175.96	0	1084.89	118717	5.90543	71.4058	0	0	41267.4	0	56.389	0.034127	0	0.25726	0	0	10.2869	0.619103	0	5.94082	7.41988	0.786693	0.00497512	10.6238	0.0280982	0.143908	0.00497512	4.17153	0	0.501578	0	22.6157	0	0	0	0	0.00653595	0.487824	0.0438218	3.21686	0.0070922	0	0	0	0	0.0931783	0.144292	0.949222	0.0143386	0.980568	0	0.00641026	0	0	0.763602	249.632	0.0234206	31.5266	0	0	0	0.0837704	0	0.00555556	0	0.0474432	0	0	0.00387597	0.00595238	0	0.455313	0.00387597	0	0	0.00238095	0	0.111062	0	0.324264	0	0.0170024	0	0	0	0	0	0	0	0.0175439	0	0.101699	0	0	0	0	0	0.00401606	0	0.0190476	0.00490196	0.313138	0	0	0.0183509	0.457638	0	0	0.0047619	1.52571	0	0.00520833	0	0	0.15613	2.77901	0.277873	0.553879	0	0	0.0143369	0.0569764	0	0.116764	0.00406504	0.238976	0	0.415592	0	0	0	0.202202	0.00406504	0.095671	0	0.0854044	148.997	31862.1	0.143125	423.15	0.272299	29.259	18.157	19314.5	0	0.0220401	0	0.00641026	0	0	0.0667177	0.0925539	0	0	0	0	0	0	0.00387597	2.32569	0	0.0622075	0.00387597	0.332465	0	280.287	25.5964	92466.3	25.1702	1.61648e+06	0.747208	1350.4	15.3334	65.922	0.0619669	1073.92	0.0326954	17309	0	0	0	0	0	0	0	0	0	0	0	0	0	0	0	0	0	0	0.0160643	0.110631	0.0986371	0.16223	0	0.035016	0	0.00289855	0.0155486	5.60867	0.117345	2.12987	0	0.197743	0.0135357	1305.62	0.0469136	0.676702	0	0	0.00456621	31.8744	0	66.9678	0.00456621	8.80589	0.238821	70.0427	0	12.3894	0.00462963	0.917436	0.00456621	5.4602	0.0183917	0.0070922	0.00456621	0.162938	0.0180213	44.88	
1.22829e+08	SFG_L_7_7	7757.08	56.7532	1.4789	577.068	2.53241e+07	894751	0.00641026	3.12023	0.0647773	0.0167157	2.18588e+06	1084.89	0	4.59846e+06	0.185859	375.694	0	0	169812	18235.7	87.6763	3631.66	0	0	0	0	1.45047e+07	2.89166e+06	0	0	3.42369	0	0	0	68.492	0	15.0095	0	0	0	721456	0.00900901	7011.26	0.0223312	305.161	1.44601	15198.9	537460	414.997	0.0470035	356148	0.00236407	0	0	0	0	0.0186928	0	0.00444444	0.319064	0	0	0	0	157.447	0	0.118069	0	170.376	0.0227937	0	0	0	0.0696857	0	0	1.18569	0.0694503	0	0.0112994	0	0.00275482	140.724	0.0227937	0	0	0	0.0112053	0	0.0599446	0	0.00347222	10.5191	0	0.110186	0.00275482	0	0.00347222	0	0	0	0.00406504	5.61341	0.00421941	0	0	0.00358423	0	0.0174299	0	73.7063	0	0.554991	0	2972.08	0	1.22189	0	2.8601	0	0	0	0	0	1.39455	0.226597	0.00444444	0.029532	0	0.00297619	0	0.13518	0	0.00297619	0.0037037	0	0.0037037	0	0	0	0	0	0	0	0	0	462.021	0.423532	6.04804	0.187852	111.101	0.02679	33024	0.131177	0	0	0	0	0	0	0	0.138675	0	0.00236407	52.7293	0	0	0	5.63631	0.189296	0	0	0	0	109860	0.0586944	914484	310658	7.02836e+06	872.433	209196	0.00740741	162179	0	257153	0.156356	21104.8	8.85835	19.9708	0.862661	44.6324	0	41.5615	0.00421941	0.0677434	0	98.8158	0.509506	2.46623	0	0	0	10.864	1.07731	0.615487	0	5.04086	0.0514256	0.0175469	0	141.256	0	41.4777	0	5737.74	0.0289413	10252.3	0	22271.1	2.04194	58.1401	27.5518	1148.24	12.6268	10551.1	88.9584	32400.4	0.0365961	72.2622	19.0101	22720.5	2.08684	70.0912	1.84718	0	0.15267	2453.96	1.26166	340.093	0.00411523	7160.79	0.00456621	3280.98	0.00456621	4978.22	2.05821	
8.32228e+07	SFG_R_7_7	0.706492	7.05273	0.202225	0.002849	1.47454e+06	1.17529e+07	0.00229885	0.390679	0.0978735	0.00483092	4893.73	118717	4.59846e+06	0	0.0197899	0.028749	0	0.00333333	120559	4312.94	38.0224	480.692	0	0.013468	0	0.0297164	710780	1.42303e+07	0	0	0.657965	0	0.00252525	0.00877193	0.0195818	32.9537	0	4.66721	0	0.00326797	2129.59	247746	4.07538	3409.34	351.748	0.0138889	2931.49	22982	22.8384	817.491	1.79631	14.9012	0	0	0	0.0130084	0.242216	0.00574713	0.0047619	1.82432	0	0.677328	0	0.00617284	0.226881	3.14318	0.0434003	0.00724638	26.0361	11.0217	0.3144	18.8083	21.8276	86.3023	0.0803048	14.5825	0.95237	9.2948	29.6174	1.68442	0.0260146	2.1447	65.6282	59.3601	0	0.109372	0.103872	64.2942	0	63.5285	0	0.0435428	0.513108	3.18048	0.0118077	6.67843	0	3.49812	0	0.0188034	0	1.25621	0	10.4011	0	158.147	0.00275482	0.065167	0	0.738598	0	19.3159	0	0.0114468	0	17.992	0.00694444	0.0575136	0	39.0127	0.115974	0	0	0	1.00751	128.273	27.5658	412.995	0	0.0690554	0.00358423	105.493	0	14.3014	0.0796571	32.0204	0	14.9469	0	0	0	0	0	0	0	0.00628931	1334.08	37963.6	0.0335205	42.6734	350.82	39848.1	489.401	54420.6	0	0	0	0	0	0	0.242216	8.8952	0.0684825	16.6525	0.059596	0	0.15605	0	3.87543	378.936	0	0	0.039748	0.00294985	0.555363	7330.74	3076.37	1.1248e+06	1212.78	164017	0.668896	29280	0.449443	3.89582	0.861962	13978.6	2453.63	162099	0.293865	144711	1.23429	30849.4	46.4991	10576.1	0.0103058	58.7111	125.488	415340	2.06249	51.1491	0	0.360351	69.5615	14957.2	1.18927	12505.8	90.1401	4517.83	60.0936	518.862	1.05842	0.478051	0.00234742	2.71952	1.71156	85.7018	2.2911	760.292	223.285	526416	1.65054	3497.65	449.925	432758	136.095	3.47529e+06	2.09116	10810.6	11.1485	1.33414e+06	214.384	39658.5	0.116956	50230.1	0.402276	88.226	208.796	120045	26.3595	1136.43	8.59314	570.218	11.1903	2629.14	1189.58	35372.3	
2.79636e+07	MFG_L_7_1	0.175124	0	84714.5	0.675364	1.53554e+06	16637	0	0	0	0	0.0945398	5.90543	0.185859	0.0197899	0	0.123525	482.33	0	3.29018e+06	0.00254453	6.20058e+06	0	1.21576e+06	0	0	0	413.343	0.0100642	0.0128205	0	1.27006e+06	0	114896	0	139167	0	6221.63	0	2.36627	0	0	0	0.0485327	0	0.00406504	0	0.00406504	0.00254453	0	0	10.1536	0	0	0	0.00628931	0	0.0798203	0	0.0191098	0	0.00900901	0	0	0	1.35518	0	0	0	0.312591	0.0030303	0.0224868	0	0.197196	0	0	0	748.821	0	2184.12	0	0.0208384	0.0122489	2963.06	0.0121768	0	0	0.0669002	0	0	0.0481788	0	0	4.6915	0	0.0197802	0.0467757	0.0205848	0	0.0852231	0	0	0	2.01895	0.00292398	0.00537634	0	0	0	0	0	0	0	0	0	0.00406504	0	0	0	0	0	0	0	0	0	2.96077	0	2.86313	0	0	0	0.0893927	0	0.0860795	0	0.24158	0	0.00505051	0	0	0	0	0	0	0	0	0	0.0796147	0.0157796	0.83038	0	8.33359	0	0.00546448	0	0.0242424	0	0.00925926	0	0	0	0.481276	0	0.407315	0	0	0	8395.41	0	80793.4	0.00838939	0.0499599	0	1483.1	0	0	0	0	0.116697	0	0.00595238	0.00406504	0.0035461	0	0	0	0	0	0	408.383	0.00165017	679.984	0.0035461	555.128	0	0.368676	0	1652.84	0.0253927	11.4826	0	0	0	398.733	0.00268817	13.535	0	54.9328	0.00326797	34.2185	0	0	0.00294985	0.0765068	0	1.07696	0.0136967	16.8813	0.0664383	0.0303523	0	42.0876	0.136409	0.0427313	0.28147	1980.46	0.213183	812.04	0.0932051	1792.73	0.355428	537.554	0.0249094	24.2883	0.0854758	0.491142	0.151236	26.6349	0	221.108	0.0481647	548.924	0.0664383	452.005	0	250.808	0.178273	
2.25086e+08	MFG_R_7_1	286612	18.7076	157526	7.32967e+07	14061.5	9.55508e+06	0.868942	3339.9	6.43992	0.0371729	1226.84	71.4058	375.694	0.028749	0.123525	0	0	43825.6	0	3.1287e+06	0.16843	5.75633e+06	0	8.88e+06	0	3.04599e+06	0.0407968	2006.29	0	1.13632e+06	0.167507	260825	0	1.48004e+06	0.00775194	417986	0	1.37691e+06	0	1.14756e+06	0	0	0	52.5417	0	0	0	0.0487733	0	0	0.0229122	298.139	0	46.3647	0	58975.3	1.22677	1616.79	1.12233	1278.52	0	8107.35	0	62821	0.151698	0.150509	0	30.4288	0.0258009	0.835698	0.00333333	84.9267	0.616798	244.245	0.029802	190.374	0.03072	16.0738	0.527288	45.5109	0	2844	0.187051	10.2914	0	2262.97	0.003003	267.595	0	987.223	0.0031746	17.2122	0.014909	2.14097	0.00282486	26.9987	0.0031746	759.166	0	23.6965	0	113.109	0	55.3766	0.421021	0.00241546	0	3.13741	0	0.0047619	0	0.141569	0	0.0140483	0	0.0988171	0	0	0	0.191679	0.029802	321.881	0	271.881	3.8851	604.983	3.01661	1676.37	0	360.123	0.235134	1784.76	0	10934.1	0.0131443	1478.94	0	5199.95	0	281.245	0	986.623	0	695.844	0	595.684	4.5852	6774.95	0.161614	0.0451733	4.60418	205.442	2.1761	38.3339	0	19.2575	0	0.367364	0	30.2643	0.63585	1945.48	0.0226755	64.2971	0	0	0.0130684	4612.3	0.19293	107699	0	106.309	0.0165689	26638.2	0.00374532	0	0.00308642	0	91.6506	0.0849206	0	0.273446	12.2921	0	0.00308642	0	0	0	0.307209	71.3953	0	0.0424547	0.00241546	2.55801	0.690827	0.067444	0.024981	35.002	0.00254453	1.46565	0	0.539272	0.00991998	1076.5	0.210265	21.9721	0.0505403	134.847	0.0358536	56.0103	0.0124709	1.94145	0	0.0988754	1.73336	35824.3	0	0.931541	0.0256846	0.250769	1.98393	1.86045e+06	1.10751	282.915	0.384038	44979.6	0.205624	55.12	0.471066	283008	0.0248999	2.67142	17.9457	8153.31	0.00374532	12.4922	0.0115494	0.236338	0.682617	168.562	0.142834	0.062616	0.312559	0	0.221331	2327.12	
1.2281e+07	MFG_L_7_2	0.0968414	0	246159	0	12378.8	0	3.18448	0	0	0	0	0	0	0	482.33	0	0	0	0	0	47103.8	0	2.87111e+06	0	56072.4	0	0	0	1.69247e+06	0	184442	0	307651	0	0	0	20809.5	0	81513	0	0	0	0	0	0	0	0	0	0	0	0	0	3209.59	0	0.268929	0	3.22974	0	0.00877193	0	11.158	0	603962	0	0	0	0	0	0	0	0.137082	0	0	0	0	0	18.2308	0	18.0513	0	29.6357	0	8.55621	0	431.078	0	0.330403	0	0	0	0.374011	0	0	0	1.54777	0	995.395	0	199.684	0	0.0853607	0	0	0	0	0	0.023399	0	0	0	0	0	0	0	0	0	0	0	0	0	2.99107	0	45.9025	0	44.9437	0	0	0	450.6	0	373.589	0	183.309	0	0.00537634	0	1719.83	0	1.61797	0	3.43293	0	354.665	0	0	0	0	0	0	0	0	0	0	0	611.67	0	0.0111111	0	819.922	0	1221.02	0	0	0	0	0	0.236851	0	527.945	0	0.258585	0	5041.3	0	0	0	0	0	0	0	0	0	0	0	0	0	0	0	0	0	0	0	0	0	0	0	0.00512821	0	0	0	0	0	0.00456621	0	0	0	0	0	0	0	0	0	0	0	0	0	0	0	0	0	0	0	0	0	0	0	0	0	0	0	0	0	0	0	0	0	0	0	0	0	0	0	0	0	0	0	
7.60219e+06	MFG_R_7_2	7.35321	0	2.96122	10111.2	0	199.918	0	813.262	0	0.173566	0.00813008	0	0	0.00333333	0	43825.6	0	0	0	0	0	97.3045	0	1.11055e+06	0	168391	0	0.170452	0	366932	0	79.4658	0	52017.3	0	456.331	0	34301.6	0	213573	0	0	0	0.50719	0	0.0035461	0	0.003367	0	0	0	0.00952381	0	8154.56	0	48836	0	6933.58	0	869.783	0	1940.62	0	1.58999e+06	0	0	0	0.00775194	0	1.54517	0	0.0511397	0	1.38588	0	0.0907851	0	8.76909	0	0.0945212	0	0.9174	0	24.759	0	1261.54	0	0.00617284	0	606.74	0	11.3865	0	1.95522	0	0.0400047	0	2128.81	0	1.46177	0	93.1571	0	100.707	0	0	0	9.26653	0	0	0	0.042863	0	0	0	0.0738173	0	0	0	0.042863	0	0	0	0	0	1152.26	0.0030581	513.052	0	749.396	0	8511.41	0	59915.3	0	23693.7	0	30270.9	0	0	0	0.0936581	0	68.6045	0	0.00546448	0.037556	180.004	0	0	0.0030581	23.7848	0	0.646464	0	3322.02	0	0	0	216.39	0	6638.82	0	0.00406504	0	0	0	2.29817	0	325.949	0	0.24381	0	12.6922	0	0	0	0	0	0	0	0.16085	0	0	0	0	0	0	0	0	0	0	0	0	0	0	0	0.00289855	0	0.0179173	0	22.022	0	0.339016	0	0.00289855	0.0342275	0.576401	0.00416667	0.0505443	0	0.00416667	0	0.00416667	0	9.65116	0	0.506783	0	0	0	1573.82	0	0.146653	0	42.6651	0	0.00724638	0	1511.56	0	0	0	0	0	0	0	0	0	0.00416667	0	0.003003	0	0	0	0	
2.36159e+07	MFG_L_7_3	0.387748	0	1.68999	0	3.23301e+06	478990	0	0.00330033	0	0	17.5375	41267.4	169812	120559	3.29018e+06	0	0	0	0	2.96653	226734	2.84904	0.0133333	0	0	0.00275482	3.54003e+06	32.5578	0	0	223.647	0	0.0166667	0.00641026	56.6818	0.109459	0.77444	0.0588386	0	0	0	0.00680272	202.944	0	0	0	0.00438596	2.94158	0.0993652	0	684619	0.0283244	0	0	0	0	0	0	0	0.0158933	0	0	0	0	0.196455	0	0	0	3.19654	0.0111907	0	0.0124098	0.113189	0.0115494	0	0.0124098	12.7526	0.0262527	3.47831	0.00282486	0	0.0030303	8.59888	0.0241935	0	0	0.00775194	0.0115494	0	0.0123722	0	0	2.4856	0	0.119314	0	0	0.00326797	0	0	0	0	2.10144	0	0.0469671	0	0	0	0	0	0	0	0.0047619	0	0	0	0.00653595	0	0	0	0	0	0	0	2.72396	0.0295877	0.575192	0.003003	0	0	0.00520833	0.00401606	0	0	0.312802	0.0133347	0	0.0037037	0	0	0	0	0	0	0	0	1.12374	0.00297619	0.449783	0.00401606	0.830656	0.303111	0.333992	0.00273224	0	0	0	0	0	0	0	0.0158933	0.00254453	0	0.359879	0	14.0973	0	255.472	0	0	0	2.97127	0	0.850677	0	2.74067	435.72	0.439527	0	0.858808	0	0.0310078	0	0.362899	0	0	0.00606061	2.48838	4.37679	3.40885	0	3.07476	0	0.115413	0	16.2501	3.52114	3.99176	0	0	0	6.244	2.48094	0.289887	0.0030303	5.66565	0.00326797	4.89312	0.00308642	0.232293	0.0273802	2.45891	0	6.00731	0	62.9134	0.015545	1736.56	0.222752	4.38175	0.273069	3.29988	10.949	594.15	26.1548	6395.62	0	52.5945	22.4243	5472.43	0.136433	75.0346	0.0652933	0.622476	0.181816	420.764	0.0951759	557.696	0.0037037	2649.87	0.015545	1953.75	0	1354.65	0.193943	
3.41301e+07	MFG_R_7_3	0.100419	0	0.129077	0.757604	10843.8	1.45834e+06	0.0122074	0.150761	0.00320513	0	1449.6	0	18235.7	4312.94	0.00254453	3.1287e+06	0	0	2.96653	0	0.812601	3.82483e+06	0	0.0566011	0	0.00350877	29.4296	7.49549e+06	0	0	0.445615	16233.7	0.00942928	107.328	0.031746	181381	0	1418.34	0	0.010101	0	0	0.888833	31601.1	0.0611392	0	0.0611392	0.233352	0	0	2.74234	12242.7	0	0	0	0.150453	0	0.847342	0.00340136	8.53241	0	0.195099	0	0	0	0	0	0.004329	0.215071	0.462274	0.317696	27.3679	9.05344	496.165	0.114489	24.257	0.299533	95.2228	15.9529	15.7386	0.0741357	8.29231	4.83196	6.17129	0	0.300738	0.970958	18.8319	0.00287356	93.1281	0.0506851	0.440142	0.139803	0.220462	0.139462	0.539482	0.0287546	4.13555	0.00311526	0.0896017	0	1.42214	0	2.7058	0.00248756	1.47122	0	0.0652874	0	0.0338581	0	0.437915	0	0	0	0.445444	0.00231481	0	0	1.0896	0.156007	0.13487	0	0	1.02559	85.3939	42.794	647.204	0	0.186642	0	41.029	0.0035461	27.4716	0.0306187	34.9277	0	2.97125	0	0	0	0.480398	0.00311526	0	0	2.31417	199.342	1897.26	0	0.0211854	170.976	2317.35	97.5094	14.6385	0	0.0227937	0	0.0314117	0	0.0846668	0	37.3211	0.0953582	110.647	0.00942297	0.0240385	0.0892473	431.914	1.5277	18871.6	0	0.508038	0.0113122	13.3458	0	0	0	0.0682053	0	0	0	3.54898	0	0	0	0	0	0	0.189175	9288.98	0.30787	20.1741	3.16297	76.3826	0.0967104	0.117838	19.7241	7598.47	0.443327	13.8682	0	0.0404041	11.0105	8813.25	0.243365	534.498	14.8068	944.209	19.7512	67.9389	0.68323	0.141669	0.00925926	0.299965	1.75383	3.87732	0.0407526	7.28311	1.8962	67232.8	2.26179	5145.13	47.5893	16032.2	35.1668	561317	0.801309	307.168	7.58636	108255	37.2913	18030.6	0.0296234	8591.98	0.0115865	0.571941	39.631	35460.8	8.8294	21.4357	4.69018	33.3381	3.764	231.709	74.848	5605.47	
7.54707e+07	MFG_L_7_4	13.6841	0.00416667	23768.4	0.0698413	2.00947e+06	7992.75	1.80108	0	0.0674458	0.0321239	13.2316	56.389	87.6763	38.0224	6.20058e+06	0.16843	47103.8	0	226734	0.812601	0	0.326849	1.0219e+06	0	0	0	22223.9	5.05843	118.41	0	2.42914e+07	0.00740741	14012.3	0.00666667	1.48617e+06	0.00666667	1073.82	0.00666667	0.311186	0	0	0	0.306318	0	0.0165689	0	0.0165689	0.0641221	0	0	21861.8	0.00262467	0.00952381	0	5.13084	0	1.86404	0	0.527911	0.0166667	0.513708	0	0.2533	0	22.4362	0	0.148942	0.00416667	113.736	0.478356	0	0.003367	159.929	0.201728	0.0559835	0.0527537	48132.2	0.195951	3802.29	0.162211	0.0925056	0.371784	7879	0.834307	0	0	2.63593	0.711741	0.0775801	2.66884	0	0	280.92	0	16.531	0.515848	0.0211176	0	0.813547	0.0030581	0.0204319	0.0492695	303.693	0	3.40634	0	0.114974	0	0	0	0.0339519	0.00236407	1.15102	0	0.0172222	0.010582	0	0	0.02	0.00236407	0.0559835	0.00292398	0	0	609.965	4.8178	348.696	0.0295881	0.0604242	0	2.58121	0.0375838	4.9681	0	27.9331	0	0.247933	0	0	0	0	0.00350877	0.00628931	0	0	0	34.5269	24.4422	12.3696	0.0978277	122.363	2.58471	0.634486	0.946151	3.91505	0	0	0	0.0070922	0	6.68623	0.0166667	283.742	0	5.02462	0	156812	0	677186	0.48941	25.9343	0	18976.7	0	0.00724638	0	0.289195	0.00406504	0.132576	0	0.587123	0.316985	0.0310078	0	0.377933	0	0	0.00584795	3549.16	3.30996	3697.36	0.0309853	7928.03	0.0724166	101.167	0	44936.3	4.46147	3165.44	0.0104987	4.22261	0	7209.95	2.42322	301.91	0.0121768	11903.4	0.912203	3612.43	0	0	12.3139	5.07186	0.225411	41.8329	1.76701	2567.67	1.08933	361.393	0.474352	10490	8.99867	1.00524	47.1997	429972	38.6893	269656	0.413775	90337.6	84.5099	160628	0.162103	55097.3	0.0592753	25.6402	8.46799	1750.49	0.00374532	38339.4	1.27407	114725	0.315586	67645.2	0.0425514	117299	3.80069	
