data	data	3.68626e+07	1.49608e+08	2.71125e+08	1.03288e+08	3.42159e+08	2.09999e+08	6.96134e+08	2.34079e+08	2.24922e+07	6.50907e+07	1.29225e+07	2.38348e+07	2.05958e+08	3.09681e+08	3.08391e+07	2.40367e+07	1.50627e+07	3.10537e+06	2.4041e+07	1.53689e+07	1.42745e+07	1.69856e+07	5.39196e+07	3.25238e+07	6.76772e+07	6.02227e+07	7.96234e+07	2.9274e+08	1.36949e+06	4.55633e+06	4.99836e+06	3.277e+06	1.5237e+07	1.74559e+07	2.2905e+07	1.70729e+06	1.79563e+07	1.98232e+07	1.72588e+07	7.70511e+06	1.8568e+06	4.86775e+06	1.52981e+07	4.86834e+07	4.11794e+07	2.79882e+07	2.82528e+07	4.77983e+07	5.76704e+06	9.1988e+06	1.97855e+07	3.0308e+07	9.64948e+07	1.67778e+07	5.42441e+08	5.46119e+07	9.65167e+07	3.0411e+07	1.19679e+08	1.04358e+08	2.32813e+07	1.15462e+07	8.92938e+07	2.04679e+07	394827	2.74488e+07	940109	5.49735e+06	8.10422e+07	3.56669e+08	2.47408e+07	4.18247e+07	3.32906e+07	3.70692e+07	3.04312e+07	4.20509e+07	6.71486e+07	7.78613e+07	7.76825e+07	1.16884e+07	1.62559e+07	3.39604e+07	8.04062e+06	4.34095e+07	8.16866e+07	3.44666e+07	1.3894e+07	4.05237e+07	1.78193e+07	3.89629e+07	1.15555e+07	4.11301e+07	1.3486e+07	2.27208e+07	1.09087e+07	1.26345e+07	3.73277e+07	2.11656e+07	2.92274e+07	2.43852e+07	2.80939e+07	9.92240e+06	5.57499e+07	2.04999e+08	1.98159e+08	2.7442e+08	1.44167e+08	1.10811e+08	5.82511e+07	1.04592e+08	3.55022e+07	1.41705e+07	4.09592e+07	4.36589e+07	2.05919e+07	4.35262e+07	3.65334e+07	4.95945e+07	3.9813e+07	4.05464e+07	1.81584e+07	1.63522e+07	1.3053e+07	2.34302e+07	4.62485e+07	8.93757e+07	6.95569e+07	8.35374e+07	2.15639e+07	1.78921e+06	5.45619e+07	3.36999e+07	1.02879e+07	4.85973e+07	1.96139e+08	1.39009e+08	3.62283e+07	6.37763e+07	1.463e+08	1.08296e+08	1.02114e+08	1.28072e+08	8.80383e+07	6.63493e+07	2.05289e+07	3.04253e+07	2.41696e+07	8.2368e+07	1.03698e+07	3.90928e+07	2.5423e+08	9.57414e+08	2.0124e+06	3.99293e+07	2.78639e+07	3.44183e+07	9.15487e+06	7.42142e+06	8.82076e+07	2.7628e+07	3.12582e+07	7.39187e+07	3.97853e+07	4.00458e+07	3.51402e+07	5.25635e+06	1.92207e+07	6.9313e+06	1.51157e+08	8.92642e+07	1.03008e+07	3.43029e+06	6.35252e+07	5.93604e+06	643156	1.91285e+06	1.64109e+06	1.73172e+07	4.9616e+06	4.7806e+06	6.80793e+06	4.90992e+07	5.18256e+06	116293	5.15082e+06	3.0415e+06	2.32611e+06	1.96635e+06	1.42494e+08	3.94913e+08	6.61463e+07	7.72575e+07	2.08447e+08	1.55095e+08	8.75516e+07	1.27314e+08	3.93108e+08	3.02695e+08	1.04434e+08	9.59551e+07	7.7551e+07	8.77097e+07	2.53752e+08	1.69917e+08	1.23494e+08	2.98467e+08	3.67554e+08	7.73015e+08	2.01468e+08	3.8391e+08	1.89738e+07	2.91722e+07	1.18489e+08	2.77941e+08	4.79567e+08	1.05546e+09	2.1277e+08	4.57618e+08	7.17239e+07	2.04238e+08	2.82155e+08	8.1455e+08	3.59694e+08	4.14421e+08	3.73965e+08	1.95408e+08	7.3866e+07	1.30495e+08	8.90974e+07	5.04757e+08	7.55327e+07	8.58272e+07	4.46637e+08	4.61166e+07	4.14608e+07	1.89067e+07	1.1682e+08	2.06178e+07	3.45047e+07	3.357e+07	4.71085e+07	5.21122e+07	6.04495e+07	6.12354e+07	8.29998e+07	6.38019e+07	
data	data	SFG_L_7_1	SFG_R_7_1	SFG_L_7_2	SFG_R_7_2	SFG_L_7_3	SFG_R_7_3	SFG_L_7_4	SFG_R_7_4	SFG_L_7_5	SFG_R_7_5	SFG_L_7_6	SFG_R_7_6	SFG_L_7_7	SFG_R_7_7	MFG_L_7_1	MFG_R_7_1	MFG_L_7_2	MFG_R_7_2	MFG_L_7_3	MFG_R_7_3	MFG_L_7_4	MFG_R_7_4	MFG_L_7_5	MFG_R_7_5	MFG_L_7_6	MFG_R_7_6	MFG_L_7_7	MFG_R_7_7	IFG_L_6_1	IFG_R_6_1	IFG_L_6_2	IFG_R_6_2	IFG_L_6_3	IFG_R_6_3	IFG_L_6_4	IFG_R_6_4	IFG_L_6_5	IFG_R_6_5	IFG_L_6_6	IFG_R_6_6	OrG_L_6_1	OrG_R_6_1	OrG_L_6_2	OrG_R_6_2	OrG_L_6_3	OrG_R_6_3	OrG_L_6_4	OrG_R_6_4	OrG_L_6_5	OrG_R_6_5	OrG_R_6_6	OrG_R_6_6	PrG_L_6_1	PrG_R_6_1	PrG_L_6_2	PrG_R_6_2	PrG_L_6_3	PrG_R_6_3	PrG_L_6_4	PrG_R_6_4	PrG_L_6_5	PrG_R_6_5	PrG_L_6_6	PrG_R_6_6	PCL_L_2_1	PCL_R_2_1	PCL_L_2_2	PCL_R_2_2	STG_L_6_1	STG_R_6_1	STG_L_6_2	STG_R_6_2	STG_L_6_3	STG_R_6_3	STG_L_6_4	STG_R_6_4	STG_L_6_5	STG_R_6_5	STG_L_6_6	STG_R_6_6	MTG_L_4_1	MTG_R_4_1	MTG_L_4_2	MTG_R_4_2	MTG_L_4_3	MTG_R_4_3	MTG_L_4_4	MTG_R_4_4	ITG_L_7_1	ITG_R_7_1	ITG_L_7_2	ITG_R_7_2	ITG_L_7_3	ITG_R_7_3	ITG_L_7_4	ITG_R_7_4	ITG_L_7_5	ITG_R_7_5	ITG_L_7_6	ITG_R_7_6	ITG_L_7_7	ITG_R_7_7	FuG_L_3_1	FuG_R_3_1	FuG_L_3_2	FuG_R_3_2	FuG_L_3_3	FuG_R_3_3	PhG_L_6_1	PhG_R_6_1	PhG_L_6_2	PhG_R_6_2	PhG_L_6_3	PhG_R_6_3	PhG_L_6_4	PhG_R_6_4	PhG_L_6_5	PhG_R_6_5	PhG_L_6_6	PhG_R_6_6	pSTS_L_2_1	pSTS_R_2_1	pSTS_L_2_2	pSTS_R_2_2	SPL_L_5_1	SPL_R_5_1	SPL_L_5_2	SPL_R_5_2	SPL_L_5_3	SPL_R_5_3	SPL_L_5_4	SPL_R_5_4	SPL_L_5_5	SPL_R_5_5	IPL_L_6_1	IPL_R_6_1	IPL_L_6_2	IPL_R_6_2	IPL_L_6_3	IPL_R_6_3	IPL_L_6_4	IPL_R_6_4	IPL_L_6_5	IPL_R_6_5	IPL_L_6_6	IPL_R_6_6	PCun_L_4_1	PCun_R_4_1	PCun_L_4_2	PCun_R_4_2	PCun_L_4_3	PCun_R_4_3	PCun_L_4_4	PCun_R_4_4	PoG_L_4_1	PoG_R_4_1	PoG_L_4_2	PoG_R_4_2	PoG_L_4_3	PoG_R_4_3	PoG_L_4_4	PoG_R_4_4	INS_L_6_1	INS_R_6_1	INS_L_6_2	INS_R_6_2	INS_L_6_3	INS_R_6_3	INS_L_6_4	INS_R_6_4	INS_L_6_5	INS_R_6_5	INS_L_6_6	INS_R_6_6	CG_L_7_1	CG_R_7_1	CG_L_7_2	CG_R_7_2	CG_L_7_3	CG_R_7_3	CG_L_7_4	CG_R_7_4	CG_L_7_5	CG_R_7_5	CG_L_7_6	CG_R_7_6	CG_L_7_7	CG_R_7_7	MVOcC	MVOcC	MVOcC	MVOcC	MVOcC	MVOcC	MVOcC	MVOcC	MVOcC	MVOcC	LOcC_L_4_1	LOcC_R_4_1	LOcC_L_4_2	LOcC_R_4_2	LOcC_L_4_3	LOcC_R_4_3	LOcC_L_4_4	LOcC_R_4_4	LOcC_L_2_1	LOcC_R_2_1	LOcC_L_2_2	LOcC_R_2_2	Amyg_L_2_1	Amyg_R_2_1	Amyg_L_2_2	Amyg_R_2_2	Hipp_L_2_1	Hipp_R_2_1	Hipp_L_2_2	Hipp_R_2_2	BG_L_6_1	BG_R_6_1	BG_L_6_2	BG_R_6_2	BG_L_6_3	BG_R_6_3	BG_L_6_4	BG_R_6_4	BG_L_6_5	BG_R_6_5	BG_L_6_6	BG_R_6_6	Tha_L_8_1	Tha_R_8_1	Tha_L_8_2	Tha_R_8_2	Tha_L_8_3	Tha_R_8_3	Tha_L_8_4	Tha_R_8_4	Tha_L_8_5	Tha_R_8_5	Tha_L_8_6	Tha_R_8_6	Tha_L_8_7	Tha_R_8_7	Tha_L_8_8	Tha_R_8_8	
3.68626e+07	SFG_L_7_1	0	5.14121e+06	7.37237e+06	292320	203718	568.1	671943	1.18489e+06	248109	32069.8	8936.75	154.258	0	0.269185	228.313	0.00520833	15.1484	0	0.03814	0	8.00939	10.7332	73.3968	0.110195	2.06993	2117.37	0	0.0738283	445.078	78.5385	0.670334	0.00740741	31.4597	524.436	3.92305	0	8.69365	289.349	3069.66	12111.4	0	0	0	85.1436	0.0161622	0	0.0974855	0.030058	0	0	0.366618	34.0713	2.60671	0	51.5789	21.496	99.703	0	57.3175	27.3951	3.02152	837.361	91.7705	15.4795	23.7856	7.43647	47.5489	45.2142	0.0190476	0	0.0563082	0	1.0168	0.963137	0	0	0	0	0	0	0.0200603	0	0	0	0.572971	0	0.00490196	0	0.00392157	0	0.00529101	0.0542957	0.00392157	0.00271003	0.0192334	0	0.0466435	0	0.34395	0	0.177273	0	0.00238095	0.287796	0.0113477	0.202871	0.0241644	0.122054	0.182532	0.135082	0.251843	0.0428973	0.182532	0.0459789	0.0174299	1.43884	0.0190476	0.0109756	0.695136	1.43884	0.00617284	0	0.380966	0	7.80788	41.423	8.20687	1.30731	0	0	6.64319	3.58013	0.00512821	27.7564	3.57525	0.770275	0	13.7217	0.00740741	0.0719105	0.00740741	0.498159	0.175079	0	0.0254176	0.411677	147.85	7.85202	1758.46	45.2053	18.7366	39.1201	2.73834	35.2783	0.346593	0	0	0	0	0	30.6721	1.09877	2.4155	85.6243	0.412768	0	3.60539	0	1335.51	23.9419	0.239899	0	2603.46	0	0.00292398	0.102564	3.28027	404.142	0.0481659	7.47647	7.09573	47.1109	789.268	240.76	193.616	0.706301	0	0	71.1004	27.0445	0.00505051	0	0.00250627	0.115421	8.05371	0	0.00694444	0.413985	0	0	0	0.00444444	0.0125032	0.079844	20.3197	0.81597	0.295944	21.337	1.82953	26.0632	0.0682161	18.849	0.079561	0.0517103	77849.4	21759.1	0.124626	0.995161	0.0352323	0.279405	519331	43749.7	1.24861	0.0281106	0.752486	0.0609764	12041.9	121873	1750.1	1143.51	312.654	0.200854	2.40796e+06	46.4905	22.385	0.213817	99.988	0.00929163	3737.39	0.0849007	2631.02	0.0230213	1508.06	0.00694444	30582.5	1.51996	
1.49608e+08	SFG_R_7_1	5.14121e+06	0	5.14066e+06	1.76316e+07	1.45666e+06	862774	3.50569e+06	2.67211e+07	6613.83	820008	3238.88	711109	29.6977	4.03271	0.123841	63.1468	382.366	53.5614	0	0.0732797	0.00574713	15.8762	2010.27	380.041	97975.9	545711	0	0.0685898	0	119704	0	3.33962	0	13470.2	0	0.31878	0	4144.37	0.00387597	155265	0	0	0	25.6381	0	0	0	0	0	0.0192891	0	22.7858	237.846	58.0908	161890	440.992	5.28748	0.0836937	25.409	290.506	0	8428.23	1930.2	61306.6	0.0669434	93802	1.95312	3167.89	0	5.08008	0	0	0	2.24303	0	0	0	0	0	0	0	0	0	0	0.0187793	0.00483092	0	0	0	0	0.00387597	0.100735	0	0.0575068	0	0	0	0	0.0178979	0.00401606	0	0	0.0037037	2.22458	0.0350831	0.448789	0.03264	0.131447	0	0.616893	0	0.115517	0	0.122037	3.80541	13.0773	0	0.1783	0	13.4741	0	0	0	0	4.98898	58.9695	1.03342	9.4072	73.6949	0	113.193	26.2357	0	43.8616	24.1806	2.71105	0.56182	12.6622	0.0213456	1.60868	0.0213456	3.02619	171.995	0.0154589	0	0.659449	458.316	123465	5.9498	351295	0.0815624	1826.18	1.84604	71005.4	0.00628931	0	0	0	0	0.0283816	0.0783295	54.0361	0	145.326	0	0	0	0.0875992	0.0037037	9.25355	0	0.0682276	0.00740741	2.721	0	0.490117	0.0133333	624.637	11.5994	10780.8	0	254.978	0.769231	17292.6	0.440056	49630	0	0.0533333	228.913	132.949	0	0	0	0.0494964	14.9388	0.329666	0.111668	0.111593	0	0.0323596	0	0.0354772	0.00229885	0.0312756	162.979	126.243	0.0815624	18.7759	0.280001	18.2835	0.163546	119.787	0.0446406	3.63351	1914.1	3.18806e+06	0	8.35305	0	0.442767	1533.53	5.41443e+06	0.79269	3.33263	0.097358	0.0709674	6.4379	182440	0.827466	3306.72	0.00438596	30011	450.702	1.69725e+06	8.0814	11.7387	0.0157929	0.102662	2.30196	111682	0.0890488	26159.3	0.0879769	11549.6	4.68849	235554	
2.71125e+08	SFG_L_7_2	7.37237e+06	5.14066e+06	0	178120	3.66817e+07	21355.4	3.64647e+07	188514	0.0604842	35.7667	7.24288	8342.25	0.0403723	0.547282	952042	1.81449	7707.68	0	66162.9	0	8280.42	7.961	1.34814e+07	2.67892	680513	425.312	131.967	0.159559	109133	17.1776	56322.8	0.00628931	655663	1416.03	2631.4	0	218261	1313.35	1.99559e+06	2544.29	0	0	0.115854	40.3661	0.33194	0	0.611749	0	0	0	49.6611	22.3061	108464	0.060049	546745	5.06704	869.87	0.00383142	755.45	1.92918	80873.9	120.283	1.82594e+06	5.75904	0	0	0.00740741	0.0631921	21.1443	0.108391	255.146	0	843.656	2.87623	7.30704	0	14.7144	0	0.379979	0	77.696	0	39.8458	0	7035.29	0	24.6023	0	19.5049	0	195.794	0.0135367	311.198	0	27.4341	0	2047.1	0	2141.53	0	475.82	0	246.214	0.143772	0.11131	0.160659	2032.93	0.030109	2.47835	0.0248623	0	0	1.19491	0.0275641	0.021164	0	0.0189135	0.00275482	0	0	41.7078	0	661.8	0	28.7095	31.1757	39.135	0.614378	7588.71	0	4909.15	3.12152	0.0904884	15.9149	27813.1	0.123286	25983.7	5.14921	178.793	0.0387813	371.356	0.807738	305590	0	89.9072	0.953663	8.0658	0.0384761	0.00740741	0.00444444	91.2211	23.7119	0	0.0588386	1068.26	0	0.136893	0	35.4957	0	118.242	0.14418	8494.39	47.1817	235.221	0	1677.3	0	331048	11.1176	257.591	0	749519	0	0	0.00653595	0	58.3521	0	0	0	0.0604412	0	0.00952381	0	0	0	0	674.642	179.854	0.020202	0	0.00250627	0.115421	97.1008	0.00469484	0.328312	0.65505	0.00374532	0	271.509	0.0037037	0.0298659	0.079844	191.454	15.0483	159.192	13.7527	2357.6	16.1475	9.90011	21.2645	0.682547	0.0731321	1.81819e+06	10700.8	221.361	0.183502	0.386887	1.60883	5.69229e+06	21543.7	13.5156	0.1806	17.7331	0.389258	30313.3	65414.2	282347	402.027	11294.1	2.92753	1.91075e+07	256.191	68.3082	0.432188	756.188	0.12678	18789	6.42809	13092	0.16689	7358.77	0.45696	136685	48.8069	
1.03288e+08	SFG_R_7_2	292320	1.76316e+07	178120	0	13850.5	1.03697e+06	55013	1.21548e+07	684.95	11.6677	50.2406	0.0127595	0.0705741	2.11977	0.0215054	3.86333e+06	130.297	26521.3	0.00694444	314.985	0.0253831	24169.8	655.761	5.18116e+06	1558.41	7.46798e+06	0	87.6319	0	409984	0	380.886	0	146909	0	933.506	0	48038.3	0.00387597	845871	0	0	0	236.474	0	2.74812	0.0030581	7.97974	0	0	0	1273.64	40.2844	27.2849	2652.13	17539.1	1.38088	45.1342	3.82736	177.079	0	18001.2	639.733	30778.6	0.0234568	0.52531	0.0597013	0.00595238	0	87.7324	0	0.0621099	0	26.7173	0	0.385174	0	7.95552	0	0.143725	0	0.0762453	0	1.86142	0.00469484	61.3643	0	0.550601	0	0.967858	0.00387597	28959.1	0	133.262	0	0.015506	0	11949.2	0.0045045	245.612	0	0.0736229	0	372.967	0.00406504	1.09256	0.00387597	6877.45	0	20.8131	0	0.0148058	0	0.83561	0.25415	0	0	0.488317	0	0	0	0.171161	0	0.172991	0.302844	1535.23	0.227016	2.01119	0.116381	280.733	15.7728	5644.17	0	5416.72	5.34122	33682.5	0.0185221	17483.7	0	2156.61	0	1388.33	18.0353	16.117	0	22.5281	0	0.0120666	0.386532	0.348135	0.0112006	93.6485	0	0	0	1.22623	0	0	0	0.5532	0.440769	5779.68	0	292.214	0	0.00490196	0	0.0975369	0	39.4425	0	0.177957	0	0.933737	0	0	0	0	0.0104167	0	0	0	0	0	0	0	0	0	57.5912	31.8869	0	0	0	0.00282486	5.94888	0.117512	0.0110702	0.0302237	0	0.0760879	0	398.144	0.00229885	0.00374532	67.59	42.2128	0.0112006	65.5135	0.134464	90.518	0.0361538	65.4608	0.0444643	7.72131	639	567887	0	3443.57	0	12.1539	477.316	1.16402e+06	0.316767	13.4334	0.0463754	1.13717	5.50283	15137.4	0.0199815	7985.8	0.00595238	3468.84	119.57	263206	1.10319	1.93977	0.0343614	0	0.701375	8027.32	0.206067	1722.86	0.0439054	137.642	1.67905	31533.8	
3.42159e+08	SFG_L_7_3	203718	1.45666e+06	3.66817e+07	13850.5	0	8.18469e+06	58.7658	179.376	0.991893	1.56093	5.70047e+06	1.43655e+06	4.26433e+07	1.50164e+06	3.75479e+06	5767.27	0.133529	0	3.75988e+06	0	56497.1	242.795	15.8881	3918.62	18.5034	3.5631	5128.16	1223.97	21892.3	2.22969	423646	1.7363	1.68788e+06	5215.04	283545	1.11112	629470	6732.32	250501	271.222	0.177075	0.0189211	56.1309	12.6325	17.6821	0.00617284	105.481	5.2765	0.329599	0	31728	19.8487	34.1177	0.0160131	38.1235	4.19809	15158.6	0.0035461	4990.88	6.99169	1317.14	0.535155	31.7462	0.323178	21.4593	1.23976	0.21417	0.33332	641.795	5.5076	42.0813	0.0127169	56.8271	18.1184	1.4652	0.0127169	39.3934	0	4.72451	0	3.31129	0	68.6514	0	2790.22	0.0105403	3.01154	0	105.988	0	43.9554	0.0115646	626.155	0.0127407	35.1991	0	5431.18	0.00238095	30.9554	0.00238095	92.056	0	90.9862	2.37391	0.420852	3.54429	231.773	0.11887	905.515	0.763628	2305.45	0.0149528	547.942	0.617759	748.55	0.151017	285.639	0.102603	5291.07	0.111842	0.285049	0	0.554811	0.0030581	2436.32	53.0229	2229.02	3.71775	7463.73	0.00266667	64631.9	11.877	1.91111	16.8351	785469	0.259578	9.95697	6.94502	305.919	3.765	101.663	32.0846	4510.18	0.0105403	4.14476	88.5821	55377.8	3.09068	1095.78	26.675	354299	2741.85	12446.2	21.7774	14.7156	0	0.356862	0.0030581	9.34735	0	5713.23	3.16733	276566	1485.29	107.323	0	60074.9	0.104475	2.26082e+06	2033.78	1166.26	0.164075	1.09961e+06	1.37648	2.66165	0.305802	10593.2	687784	3195.02	0.230243	6037.3	13.3123	192.388	0	4436.49	0	7225.08	1.72275	196.664	357.611	1.17654	0.0905933	11.1102	0.206523	6.30395	0.206804	9641.11	3.49567	35.2419	0.00213675	28.1607	0.0025641	31.7648	0.00910442	111.257	26.6471	131702	2425.96	372300	2770.72	140.381	328.614	540.204	3.63292	1.19222e+06	25274.9	7129.22	5.5544	261956	100.962	7.60407e+06	52870.9	90636.7	19.9438	3.47395e+06	3.43694	9.26132e+06	147523	7.43414e+06	6622.59	3.51693e+06	5744.9	1.60944e+07	33614.6	2709	8.09315	613455	7.10895	386540	3543.73	469882	1006.72	1.30485e+06	1169.85	4.03491e+06	18076.2	
2.09999e+08	SFG_R_7_3	568.1	862774	21355.4	1.03697e+06	8.18469e+06	0	183.963	1788.01	1.15647	24.5597	270136	8.81926e+06	4.2141e+06	3.57501e+07	96.6343	677511	0.153256	1.12733	536.271	2.39575e+06	48.8974	135614	0.925478	233417	9.72603	330.295	11066.4	3.09336e+06	0	19802.1	9.79978	10533.4	156.898	3.48651e+06	222.235	9661.01	125.222	1.99511e+06	5.0392	1643.08	6.85366	94.9603	0.00537634	15142.3	0.11723	14.7131	50.168	380.264	0.0143526	0.0453216	8.86435	53149	0.0384457	0.784829	95.5846	123.03	5.36697	2.29246	13.6513	144.978	1.40183	8701.25	0.0157796	250.569	0.00392157	61.1107	0.00617284	3.69501	0.023898	523.156	0	1305	0.0242424	2798.58	0	828.964	0	160.02	0	5.25383	0	28.1943	0	52.5618	0.216194	10667.8	0	164.558	0	70.1132	0.00326797	817.12	0	447.552	0	2.39186	1.30333	1335.46	0	225.367	0	1.46306	0.0031746	2046.07	0.0166693	575.921	0.0551631	129.049	0.148024	224.734	0.240136	1.77624	0.109007	137.341	0.468951	58.2766	0.023898	5.26217	0.300832	58.6728	0	192.942	0	424.66	14.5641	11185.1	51.4922	348.041	0.599514	0.872696	83.2388	7371.83	0	20427.4	1266.65	10435	0	2137.91	0.00483092	14145.4	0	149261	2.29699	8087.99	0	80802.7	25.3202	386.983	2.67309	286.022	166.648	722037	1.29947	1591.31	0	20.2299	0	3179.34	0.00483092	125.317	0.463335	16053	19.4897	170274	0	0.379843	47.9487	4175.22	785.92	369327	0.636449	8868.24	101.278	15268.8	0.0261841	0.917673	10759.6	416846	1331.81	2583.15	2.36604	494.854	0.00333333	0	0.00333333	0.101089	7161.8	705.344	192.982	3656.07	0	0.133885	0.254295	1.57477	8.55427	0.0037037	1.74712	1271.49	0.0251145	15.2025	0.0337165	1857.18	0.0769453	1720.4	104.981	10247.2	84.1254	529554	269.786	594657	0.277999	152320	0.431681	44.6581	442.547	917808	0.285444	3365.33	0.241116	2.15679e+06	661.165	5.86305e+06	20.2127	3607.43	512.103	644134	19.6047	3.81642e+06	1215.55	8.21636e+06	0.581353	3.00707e+06	647.926	3.05912e+06	17.9848	28.4232	1.32134	910.57	18.4287	157090	0.389108	164650	0.702134	143484	2.57348	2.15303e+06	
6.96134e+08	SFG_L_7_4	671943	3.50569e+06	3.64647e+07	55013	58.7658	183.963	0	2.00731e+06	3.94854e+06	8.68304e+06	0.334722	2.85979	0.995898	0.344038	346.157	29.5302	153.836	0.377447	0.769474	0	11.9072	0.301412	8007.26	464.681	1.05868e+07	3220.18	0.26792	0.155047	1581.29	1.01167	0.825578	0	690.612	0.619279	12.5865	0	72.192	1.14673	31307.6	1051.11	0	0	0.11585	1.76522	0.960708	0	0.101964	0.00914787	0	0	16.1074	0.350993	49350	36552.3	1.86345e+08	478414	13088.3	104.285	517943	177706	18200.7	780.232	636822	26252.7	0.196312	2123.56	44.8093	242805	0.32753	0.749653	32.2281	0	53.5586	0.379055	1.00007	0	0.151355	0	0.0770773	0	21.0145	0	6.63104	0	2787.89	7.61534	4.38655	0	0.502833	0	38.195	0.0499072	16.9664	0	7.44022	0	1227.93	0.149316	490.85	0	82.8967	0	35.1451	0.00275482	0.447925	0.0346531	548.069	0.0282047	0.36032	0.040408	0.00280112	0.0437158	0.155706	0	0.044733	15.0159	0.00280112	0.0133528	0.00280112	12.9841	4.89607	0	185.504	0	4.90233	11.008	0.486631	0.101258	22664.1	0	43357.4	18.0594	0.00775194	1.74066	2143.39	1.94924	3578.62	0.521455	226.079	5.20871	486.365	9.84554	64703.2	2.01462	12.0371	0.0169878	0.322444	4.73396	243.429	2163.15	2.55437	4.29169	0	7.6405	426.007	0.13198	0.00520833	0.00421941	1132.74	0.229722	1728.54	47.0819	5.48541	1.89219	42.0471	0	221.312	0	14454	0.0617583	17.0203	0	28810.5	0.004329	0	0	0	0	0.0142705	0	0	39.3346	0	17.9921	0	0.00724638	0	0	6547.2	3573.79	0.0203574	0	0.00350877	0	636.661	18.8986	0.298287	0.0306793	0.0338355	0	142.477	0.614246	0.295363	0	1033.19	5494.98	3.11226	0.561432	0.306134	0.480082	39724.6	397.99	42.7788	0.234722	1.97153e+07	96467.4	27.3959	2.69583	0.402735	1.59095	1.78924e+07	112311	2111.47	0.28639	41.0597	0.999395	328.149	33369.8	154963	181.105	470.123	1.01096	5.51718e+07	336.208	445.868	1.9241	983.113	4.44369	130.428	2.43808	104.105	0	1.98821	0.0497804	119872	30.8893	
2.34079e+08	SFG_R_7_4	1.18489e+06	2.67211e+07	188514	1.21548e+07	179.376	1788.01	2.00731e+06	0	189774	6.35813e+06	3.71982	5.14704	0.132638	0.317755	0.00546448	3359.32	0.169471	21363.8	0	0.0666848	0.00574713	144.523	18.7337	164411	46413.9	1.37221e+07	0	2.38791	0	231122	0	20.0534	0	2833.91	0	9.56276	0	579.422	0	217463	0	0	0	64.7333	0	0.279975	0.0115363	1.00813	0	0.121563	0	46.6525	19.7314	15493.3	223079	2.36013e+06	8.47814	139217	31.883	24363.3	0	25445.5	257.057	1.32188e+06	4.87355	7.53134	0.408173	0.903627	0	35.9865	0	0.406902	0	4.47833	0	1.16251	0	10.9422	0	0.637396	0	0.424332	0	1.09086	0.00469484	19.4689	0	0.536465	0	0.326456	0	6657.58	0	1.31939	0	0.0371733	0	1667.54	0.0045045	3.30203	0	0.015695	0	75.6645	0.234344	2.59021	0.0534707	8139.77	0	8.53376	0	0.00246914	0	0.505385	11.5323	0	0	1.22995	0	0.00246914	0	0.179811	0	0.541839	6.88578	6600.68	1.09571	1.52112	42.319	3059.45	113.149	97558.6	0	16082.6	1.22756	53406.3	0.296977	120733	0.00520833	5971.53	0.00520833	2727.68	21.9552	12.0584	0	0.914878	0	0.0135512	687.003	18.5707	0.103538	177.977	0.0070922	0	0.00628931	56715.2	0	0	0	53.6541	7.2586	502964	0	254.034	0	0	0	0.151572	0	30.6669	0	0.185101	0	6.32313	0	0	0	0.0208792	0	0	0	0.00333333	0	0	0.216648	0	0	0	972.82	85.1299	0	0	0	0.0131461	60.8844	0.752938	0.175489	0.465592	0	0.0156207	0	157.222	0.00229885	0.0960536	994.76	44.3818	0.103538	140.068	0.22219	150.608	1.22084	21.3773	0.177246	17.3609	8182.39	1.96437e+07	0	126.58	0.0264876	39.0877	7118	2.84418e+07	0.564807	46.8651	0.626642	58.0223	1.42142	1675	0.0116451	13912.8	0.0685591	48.8019	1828.22	690231	13.8664	161.416	0.0143606	0.444363	5.19614	2377.1	0.363688	0.679416	0.100427	5.66839	8.10334	15033.1	
2.24922e+07	SFG_L_7_5	248109	6613.83	0.0604842	684.95	0.991893	1.15647	3.94854e+06	189774	0	425148	0.976467	0.0988757	0.557863	0.00163399	0	0.501876	0	0.030303	0	0	0	0.0915389	0	105.408	137.369	545.918	0.0176608	0	0	0	0	0	0	0.026763	0	0	0	0	0	4.28738	0	0	0	0.00520833	0	0	0	0	0	0	0	0.00520833	0	20845.1	1.80936e+06	211350	35872.1	20.0602	3.36957e+06	200365	0	3.32906	0	4707.91	630.943	21819.4	149454	298343	0	0.037199	0	0	0	0	0	0	0	0	0	0	0	0	0	0	0.00254453	0	0	0	0	0	0	0	0	0	0	0	0.00254453	0	0	0	0	0	0	0.00406504	0.0150394	0	0.00282486	0	0	0.542981	0.00653595	0.819176	0	0.00421941	0.00444444	116.284	0	0.152414	0.00653595	104.816	0	0	0	0	0.083247	78.5768	0.0165517	0.689867	0	0	47576.4	0.0963805	0	0	0.00980602	0	0	0	0	0	0	0	0	0	0	0	32.4901	77.0401	25642.4	22905.7	0.387821	6.9774	0.0261438	87.2817	0	0	0	0	0	0	14928	17.3923	0	0.00326797	0	0	0	0	0	0	0	0	0	0	0	0.00740741	0	0.0604234	0.168509	0.0208333	0.115732	254.725	9099.87	2.71999	1364.33	3.27262	0	0	161.277	0.606849	0	0	0.00383142	0	5.64705	0.00231481	0.0361464	0	0	0	0	0	0.00383142	0	54.1344	0.970338	0.250759	0.0315431	0.0647695	0.00326797	8.47376	0	1.17296	0.0666927	1675.49	8238.14	0	7.60383	0.00628931	0.0622032	1789.49	8000.3	2.1057	0.00411523	3.22671	0.0944256	169.881	13.6319	0	0.713169	0	0	152183	0.802139	2606.3	0.537743	0.0202067	0.00888928	0.966786	0.19288	1.56654	0.0249243	0.00497512	0	6864.26	0.00740741	
6.50907e+07	SFG_R_7_5	32069.8	820008	35.7667	11.6677	1.56093	24.5597	8.68304e+06	6.35813e+06	425148	0	0	4.74959	0	1.29295	0	0.951488	0	13.061	0	0	0	0.00925926	0.714093	562.58	239955	2.52499	0	0.420481	0	0.362374	0	0.0356125	0	0	0	0	0	0	0	0.118201	0	0	0	0.00724638	0	0	0	0	0	0.0176483	0	0.00724638	0	724.023	5.01108e+06	430496	818.978	0	83646.5	5.1352e+06	0	0.0892367	0	2546.41	802.403	2292.33	38748.8	377908	9.48923	5.61382	0	0	0	0	0	0	0	0	0	0	0	0	0	0	0	0	0	0	0	0	0	0.00564972	0	0	0	0	0	0.00564972	0	0	0	0	0.204942	0	0	0	0	0	43.0824	0	333.162	0.00653595	31.1301	0	214.416	4.28126	13.9092	0.0839947	837.164	4.28126	0	0	0	0	5.22125	0.119132	2.79226	0.112512	4.4087	0	6.19508	9.94501	0	0	0	0.00564972	0.0733199	0.00438596	0	0.0193237	0	0.04307	0.436423	0	0	0	305.31	9.60035	26927.6	2643.31	62.7918	1.7513	167.399	16.2539	0	0	0	0	0	0	233.413	14.8336	0	0.00438596	0	0	0	0	0	0	0	0	0	0	362.223	0.0624795	2.71744	0.215527	0	0.881746	2511.22	9.49056	0	283.481	574.31	973.89	0.00653595	0	7.08126	12.5555	0	0	0	0.0156863	0.458992	0.134423	0.240824	0.146384	0	0	0	0	0	0.0035461	11.5385	2.07686	0.043287	0.482541	0	0.0600005	0.00268817	0.359281	7.90867	7.45829	134.848	1.74905e+06	80.0316	0	0	19.3578	5.52644	3.01342e+06	0.00268817	13.9294	0	11.6507	0.029883	481.519	0.00292398	0.0645466	0	8.18411	6.93778	97200.8	0.0792753	1069.15	0.00330033	0.0530749	0.00954301	618.694	0.0107527	0.129552	0	2.47441	0.0286038	3289.12	
1.29225e+07	SFG_L_7_6	8936.75	3238.88	7.24288	50.2406	5.70047e+06	270136	0.334722	3.71982	0.976467	0	0	54972.9	262653	476.262	0.176621	587.264	0	0	0.0764347	0	0	58.3281	0	549.146	0.0134735	0	0.0601142	14.698	0	0	0.152945	0.364846	0	169.039	0.148315	1.43052	0.0387205	356.493	0	1.6188	0.0316358	0	0	0.401526	0.0146804	0	0.343852	0.127589	0.00900901	0	0	4.03158	0	0	0.270322	0.0209314	8.72141	0	3.94804	0	0	0.167246	0	0	86.4225	0	0.249868	0.00641026	38.7811	0.0108006	0	0	0	2.33078	0	0	0	0.00653595	0	0	0	0	0.0163655	0	0	0	0	0	0	0	0	0	0.261847	0.00275482	0	0	0	0	0	0	0	0	0.0316576	0.359	0.00421941	0.725944	0	0.00343643	122.4	0.024282	214.363	0	83.0486	0.0252945	34.2703	0	35.9291	0.0108466	546.915	0	0	0	0	0	81.3234	0.24396	13.6363	0.285584	0	0	8.01996	0	0	0.0627538	2.91218	0	0	0.390016	0.00462963	2.46545	0.00462963	4.63967	0.0042735	0	0	17.9295	33185.7	301.908	5702.13	9.0208	5394.89	4122.51	3093.05	1310.91	0	0	0	0	0	0	4.49431	0	0.0793988	647.176	0	0	0.121741	0.721309	3.45171	1467.64	0.0226054	0.00273224	0.0226054	3.71665	5.27352	67.3503	64.9895	6076.3	26563.8	20788.5	487.027	2.58977	118.941	0	2568.22	1.40061	0.676476	0.338534	0.348555	0.0585093	0	0	0	0	0.0157648	0	2.43365	1.47955	0	0	0	0.00343643	0	0	0.0299951	0.0578821	3.6718	1906.58	2.47701	2147.64	0.004329	55.8122	23.7255	0.00277778	637.556	817.358	184.718	0.13551	1.14846	2.94302	98.7961	2855.91	0.801028	0	42.3365	0.00757576	5524.94	1910.16	50.8112	3350.1	1652.46	288.776	5385.38	13368	0.318127	0.00320513	429.288	3.58973	129.587	6.97297	325.144	0.0966899	1156.67	0.0114638	1139.98	1722.61	
2.38348e+07	SFG_R_7_6	154.258	711109	8342.25	0.0127595	1.43655e+06	8.81926e+06	2.85979	5.14704	0.0988757	4.74959	54972.9	0	15648.4	54782.9	47.7271	30.2739	0	0	25.2555	0	2.75246	0.0493827	0.0625	138.993	0.00378788	0.00323625	18.4569	0.047863	0	0	1.5228	0.24246	50.8732	2873.99	6.75592	0.0367019	20.6019	1259.72	1.48853	1.75682	0.0251572	0.00833333	0	0	0	0	0.233742	0.0249513	0	0.0504762	0.063697	0	0	0	1.47347	0.831156	0.0363513	0	0.138159	2.23193	0.648774	0	0	0	0	2226.29	0.285277	24.408	0	0.065745	0	0.0791773	0.00606061	9.81923	0	0.0415259	0	0.0313769	0	0	0	0	0	0	0.0314555	3.18906	0	0	0	0	0	0	0	0.004329	0	0	0.302166	0.004329	0	0	0	0	0	1.53781	0.00421941	0.698524	0.0146073	0.0154561	0	4.52585	0	7.87375	0	0.0769012	0.0218579	571.449	0	1.11146	0	496.361	0	0	0	0	0.111833	4.04968	0	4.647	0.215914	0	3.0793	1.67283	0	1.49746	179.847	0.730853	0	0.46697	0	0.0569492	0	4.14167	0.310761	3.46727	0	1.0115	703.089	77250.8	0.0266458	10880.5	38.7399	15289.3	8.87427	117404	0	0	0	0	0	0	0.00456621	0.470173	1.66117	161.625	0	0	6.33833	7.45786	104.813	131.886	0.0879938	13.708	19.6257	31.6269	0.991591	26.4569	46.7626	24618.4	231.08	146411	1.08983	3275.95	0	5.94252	0	14584.1	0.661009	8008.99	8.54943	7.15933	0.00234742	0.0335886	0.395483	0.0335886	1.26698	0	1.53435	0.697663	0	0	0.0345101	0.217915	0.0345229	0	4.29823	7.81657	11.3209	80.848	28.3467	163.319	0.0244947	838.698	0	0.810048	47.79	112054	0	94.7878	0	5.06569	62.3219	210474	0.700486	0.107143	37.2381	0.0194679	0.770444	5057.2	181.069	1312.98	0.128113	3503.06	124.211	38202.1	1.58922	0.0778389	0.0683727	0.117132	1.16838	3332.03	0.00444444	409.316	0.077194	493.488	0.225692	12713.5	
2.05958e+08	SFG_L_7_7	0	29.6977	0.0403723	0.0705741	4.26433e+07	4.2141e+06	0.995898	0.132638	0.557863	0	262653	15648.4	0	2.2191e+07	0.342632	31.5895	0	0	29980.3	0.00653595	3512.15	9.61449	0.00416667	13.7283	0.00416667	0.0037037	1.55464e+07	4.27897e+06	0	0	93.1412	0	0.446499	0.305258	42051.4	0.00401606	5.21551	2.49442	0.0515193	0	407503	92.0883	453.155	0.854894	34.6304	335.969	43862.8	28210.1	4.07533	0.0739082	56654.4	0.0757004	0	0	1.04991	0.0333333	237.232	0	75.7173	0.0037037	0.0207407	0	0.014788	0	73.3314	0	5.98937	0	2487.1	3.10132	0.00248756	0	0	0	0.0139841	0.00970326	0.180327	0.0171871	0.0148971	0.00236407	0.003663	0	2.20298	0	0.404922	0.0236845	0.00350877	0.00248756	0.157005	0	0.0172625	0.00238095	31.3283	0	0.0141989	0	1.19861	0.00238095	0	0.00238095	0.0149888	0	3.15449	0.029919	3.64912	0.0319366	5.48122	0	2205.27	0.00287356	8221.58	0	1195.97	0	9474.16	0	2022.65	0.00287356	23787.3	0	0.00248756	0	0	0	346.781	0.885982	261.288	0.27716	4.73498	0.00266667	1964.37	0.048092	3.14239	0.0120673	23237.7	0.00989011	0.769302	0	0.306557	0.0218638	0.917562	0.16676	100.385	0.0236845	0	0.571135	239637	1.85404	9075.9	20.5837	582496	13.6889	90267.8	17.0748	0	0	0	0	0	0	470.179	0.00282486	13.4243	0.274158	0.293785	0	0.782924	0	1955.6	0.278059	0.00374532	0	2.07086	0.00653595	23.08	0.0333333	91745	1.16574e+06	843717	3.90245	23964.6	0.332768	108401	0	197091	0.857298	24707.6	55.4763	4.79085	1.81046	214.153	0.00970311	11467.5	0.0439832	0.0464291	0	176565	0.123586	1328.86	0	1.52664	0.0025641	83256.9	0.0117038	21117.9	0.0473293	171645	7.16867	48446.3	6.04692	13.4809	17.0236	2787.27	0.349197	19516.5	17.8415	9964.52	0.907886	674596	515.356	3286.27	142.216	938624	56.7896	5.27313e+06	2.98831	738358	86.2318	540759	20.1815	400316	82.8493	48124.9	92.7441	941.461	0.00396825	201597	0.0824355	404.115	12.6733	2271.37	3.02222	120118	3.2413	268658	81.824	
3.09681e+08	SFG_R_7_7	0.269185	4.03271	0.547282	2.11977	1.50164e+06	3.57501e+07	0.344038	0.317755	0.00163399	1.29295	476.262	54782.9	2.2191e+07	0	0	91.0997	0.002849	0	167.847	17175	1.83096	22889.3	0.002849	0.0285714	0.0214637	0.0630642	3.1079e+06	6.98878e+07	0	0	0.0978602	0	0	0.0182406	53.2135	1.09715	0.31367	67.7249	0	0.00268817	9007.16	265010	1.91895	1734.09	1094.92	14.9279	81639.2	388396	1.54476	1278.64	2.89963	1445.04	0	0.0146421	0.0616141	0.00275482	0	0	0.00350877	8.5552	0	5.66083	0	0.130829	0	6.68746	0	0.00456621	0.207713	331.921	0	2.15303	0	2.94646	0	4.12977	0	35.8491	0	0.275383	0	129.841	0	6.2447	0	7.44398	0	416.515	0	3.45214	0	11.249	0	38.5884	0	0.136094	0	3.10631	0	4.6157	0	0.0699586	0	540.777	0	546.627	0	19.4586	0.946199	119.713	1.89931	4.31147	0.648586	31.0596	0.0636308	1264.58	0.170966	32.3814	2.0642	893.929	0	8.37153	0	3.24858	15.8202	3076.52	158.448	225.737	0	0.0144945	1.09515	23.2074	0	7193.83	6.45352	281.562	0	221.497	0	43.6743	0	522.963	0.00362319	5.36912	0	187.63	964.761	8286.88	0.0133668	9.97784	162.484	763595	19.0554	23878.6	0	0.00421941	0	1.42574	0	0	0	16.8881	0.0314831	33293.6	0.00246914	0.19579	0.169564	0.817214	3.01088	37348.5	0	0.122466	0.307787	0.53993	0.0887444	20.0236	45542.2	1.64946e+06	7.46428	4386.47	5.47752	10055.8	0.00308642	0	0.00308642	45.6357	7788.03	16532.4	1.18252	130386	0.003003	2233.75	5.31211	3455.26	0.00277778	97.5447	20.4957	9371.54	1.33503	4686.39	0	0.206588	11.1425	185076	1.41607	127816	9.50995	284359	44.0885	163994	0.216215	5.73636	1.05594	109.85	1.4301	2741.02	1.05667	3097.09	25.223	3.27633e+06	1.19453	65760.2	899.645	385277	39.2105	6.36478e+06	0.231495	773719	19.1851	4.54804e+06	0	1.92256e+06	2.80872	119109	0.894404	6.35119	0.0596979	4840.11	2.40455	1024.88	0.0416079	99953.5	0.0487916	246122	0.0544347	212610	
3.08391e+07	MFG_L_7_1	228.313	0.123841	952042	0.0215054	3.75479e+06	96.6343	346.157	0.00546448	0	0	0.176621	47.7271	0.342632	0	0	1.71699	3962	0	3.60724e+06	0	810841	0.0367019	6.14883e+06	0	252.476	0	468.785	0	97.9703	0	40977	0	18511.8	0	1630.76	0.00724638	24946.6	0.00793651	2911.56	0	0	0	0	0	0.0132738	0	0.0129444	0	0	0	12.0949	0	50.4051	0	124.34	0	93.8753	0	145.833	0	37.7005	0	322.38	0	0	0	0	0	0.0234848	0.00250627	7.43206	0	1.29123	0	0.168142	0	0.052237	0	0.0635326	0	31.3307	0	5.30089	0	675.059	0	1.44119	0	3.98657	0	4.1834	0	1.60527	0	21.1928	0	734.434	0	293.185	0	141.985	0	0.467124	0	0	0	5.16587	0	0	0	0	0	0	0	0	0	0	0	0	0	2.83011	0	8.26671	0	0.0171966	0	0.0439551	0	30.3818	0	46.6643	0	0	0.00392157	5907.09	0	1.17546	0.00387597	24.3414	0	86.8467	0	123.326	0	0.791802	0	0.0171966	0	0	0	54.7687	0	0	0	4.31208	0	0.049362	0	0.0309829	0	0.953697	0	2607.77	0	0.426891	0	5895.77	0	16153.7	0	238.637	0	13843.9	0	0	0	0	0	0	0	0	0	0	0	0	0	0	0	0.00839404	0.00350877	0	0	0.0134388	0	0	0	1.21699	0	0	0	0.355251	0	0	0	0.00953734	0	65.9888	0	446.382	0	0.433493	0.00564972	0	0	0.847894	0.0174156	0.00340136	0	0	0.00438596	203.737	0.124078	0.0964905	0.00250627	32.3361	0	105.392	1.51937	2676.08	0.0155951	3.95007	0.151662	15.7405	0.660975	0.0212944	0.0031746	3.96763	0	0.277457	0.235618	0.333689	0	3.70296	0.0284516	3.20401	0.848449	
2.40367e+07	MFG_R_7_1	0.00520833	63.1468	1.81449	3.86333e+06	5767.27	677511	29.5302	3359.32	0.501876	0.951488	587.264	30.2739	31.5895	91.0997	1.71699	0	0	96.1774	0.00724638	1.74256e+06	4.14459	1.14084e+06	0.075641	4.49454e+06	0	21666.1	0	20756.6	0	127.805	0	2811.77	0.031764	4124.56	0	4029.22	0.00775194	10541.9	0	1015.03	0	0	0	148.058	0	0.0144928	0	0.121034	0	0	0	1872.95	0	339.325	29.5302	779.077	0.031686	0.0800528	0.124613	4.37159	0	3.73327	0	7813.56	0	0	0	0	0	0.0342215	0	0	0.00628931	0.153621	0	0	0	0.0139521	0	0	0	0	0	0.00383142	0	1.11092	0	0	0	0	0	0.835069	0	0.0349224	0	0	0	1.07076	0	0.00537634	0	0	0	0.425844	0	0.130346	0	0.36255	0	0.0796877	0	0.00323625	0	0.12318	0	0	0	0	0	0	0	0.00584795	0	0	0.010811	0.0770844	0	0.0187793	0	0	0.58254	325.816	0	0.1274	0.0139425	3.51393	0	1.9136	0	933.924	0	805.039	0	0.576141	0	20.9294	0	0	0.0434081	0.0280733	0.00250627	9.05767	0	0	0	1.31875	0	0	0	10.6799	0.0686558	10.3292	0.00396825	4.89456	0	0	0	0.640104	0.0205151	4.75139	0	0.0980694	0.00628931	0.643694	0	0	0	0.208812	10.7269	0	0	0	0	0	0	0	0	0	6.19559	0.579483	0	0	0	0	0.320468	0	0.00250627	0	0	0	0	0.122379	0	0.0843641	31.2199	0.706167	0.00250627	7.76016	0	8.94178	0.017316	0.782823	0.00238095	0.00330033	28.8415	3619.05	0	1.07899	0	2.78423	38.4991	7430.25	0.00238095	1.18155	0	1.55639	0	1.37431	0.275156	110.569	0	0.25299	5.28335	0.211391	0.060708	0	0.00238095	0	0.0237932	0.454605	0.00238095	0.0929198	0.00238095	0.0430556	0.0452731	0.572798	
1.50627e+07	MFG_L_7_2	15.1484	382.366	7707.68	130.297	0.133529	0.153256	153.836	0.169471	0	0	0	0	0	0.002849	3962	0	0	0	0.00595238	0.00520833	235090	0	4.46029e+06	0	1.37365e+06	0	0	0	7842.53	0.169388	69.6703	0	6318.23	0.108844	1.09466	0	46.7721	0.0588697	1917.52	3.07854	0	0	0	0.00595238	0.00350877	0	0.0324006	0	0	0	0.174706	0	181881	0	41721.3	0	141.561	0	426.217	0.0153257	726.919	0.00416667	1.10605e+06	0	0	0	0	0	0	0	1.79988	0	0.0107527	0	133.237	0	0.241431	0	0.124822	0	831.138	0	31.3391	0	55306.5	0	5.02991	0	6.89256	0	50.6584	0	1.54697	0	87.74	0	6986.16	0	15744.7	0	3766.72	0	0.127876	0	0	0	19.2674	0	0	0	0	0	0	0	0	0	0	0	0	0	1048.02	0	2509.3	0	0.0557029	0.00358423	0.00641026	0	2173.15	0	1.49162	0.003663	0	0.00358423	525.259	0	648.339	0	1925.83	0	3870.93	0	2076.89	0	0.115549	0	0.00574713	0	0	0	0	0.00347222	0	0	69.347	0	0	0	3130.47	0	505.028	0.00383142	0.0427495	0	0.46762	0	1.49261	0	30.0412	0	0.0690691	0	30.8631	0	0	0	0	0	0	0	0	0	0	0	0	0	0	0	0.0117063	0.0348869	0	0	0	0	0	0.00396825	0	0	0	0	18.2052	0	0	0	0	0.00406504	0	0.00347222	0	0	1.43275	0.00323625	0	0	157.963	11.121	0	0	0	0	743.083	12.5486	0.086874	0	0.0333902	0	26.5026	104.786	75.3014	0.00383142	0.148905	0	146.674	0.042004	0	0	0.0240416	0	0	0	0	0	0.0119048	0	0.876869	0.00311526	
3.10537e+06	MFG_R_7_2	0	53.5614	0	26521.3	0	1.12733	0.377447	21363.8	0.030303	13.061	0	0	0	0	0	96.1774	0	0	0	0	0	8.52098	0	420004	0.00724638	225675	0	0	0	121832	0	0.0114943	0	0.497503	0	0.0365365	0	0.158266	0	41.0063	0	0	0	0.0804458	0	0	0	0	0	0	0	0.0381264	0	10587.2	0.30338	92491.7	0	3.95316	0	42.0863	0	1.19197	0	620434	0	0	0	0	0	0.00416667	0	0	0	0.0114943	0	0	0	0.00340136	0	0	0	0	0	0.0151361	0	0.167741	0	0	0	0.00416667	0	97.7145	0	0.00416667	0	0	0	18.7885	0	0.0224868	0	0	0	0.039651	0	0	0	23.4882	0	0.00421941	0	0	0	0	0	0	0	0	0	0	0	0	0	0	0	0.472863	0	0	0	0.298475	0.00490196	25.2559	0	0.600498	0	819.078	0	3328.48	0	1810.1	0	5690.33	0	16.6356	0	0	0	0	0	0	0	0.107393	0	0	0	1.70356	0	0	0	4.44204	0	1298.28	0	0.004329	0	0	0	0	0	0.0384615	0	0	0	0	0	0	0	0	0	0	0	0	0	0	0	0	0	0	0.016282	0	0	0	0	0	0	0	0	0	0	0	0	361.778	0	0	0.0156863	0	0	0.107393	0	0.0685981	0	0	0	0	0.194279	3.09175	0	0.042776	0	0	0.194279	9.06264	0	0	0	0	0	0	0	0.228127	0	0	0.0358783	0	0	0	0	0	0	0	0	0	0	0	0	0	
2.4041e+07	MFG_L_7_3	0.03814	0	66162.9	0.00694444	3.75988e+06	536.271	0.769474	0	0	0	0.0764347	25.2555	29980.3	167.847	3.60724e+06	0.00724638	0.00595238	0	0	0	1.08676e+06	0	9540.29	0.0293076	1.28503	0	3.03384e+06	0.044175	0	0	1250.87	0	208.381	0.00595238	82537.1	0.00606061	1309.01	0.161753	52.2498	0	0.00258398	0	0.0208333	0	0.262215	0	0.476999	0.0154244	0.00462963	0	15592.5	0	0.0264675	0	1.24529	0	50.0996	0	18.9813	0	2.59526	0	0.0994983	0	0	0	0	0	0.563168	0	0.250341	0	0.611213	0	0.0439658	0	0.0520486	0	0.00333333	0	0	0	0.452909	0	34.3537	0	0.0155228	0	1.32187	0	0.522906	0	19.9427	0	0.33177	0	82.86	0	0.103464	0	1.17247	0	2.75512	0.0030581	3.26956	0	18.9433	0	0.00343643	0	0.00277778	0	0.00343643	0	0.00277778	0	0.163323	0	0	0	0	0	0.00490196	0	13.0609	0.0329019	16.0616	0.0567788	12.6757	0	477.347	0	0.124358	0	24621.9	0.0030581	0.779516	0	2.08564	0.00462963	2.57222	0	215.04	0	0.211922	0	0.394787	0.0318314	0	0.0035461	10142	0.0035461	0	0	0.0205323	0	0.636409	0	0.0457733	0	87.5437	0	6387.5	0.0035461	0.302432	0	8344.78	0	49929.5	0	87.2805	0	6347.43	0	0	0	0	0.0302544	0	0	0	0	0	0	0	0	0	0	0.0158645	0.0307138	1.39138	0	9.30875	0	0	0	1447.32	0.00326797	4.4892	0	6.49333	0	3.28554	0	1.41128	0.00311526	8603.97	0.0035461	10542.7	0.0035461	0.0578208	0.0042735	0.883193	0.0030581	78.8519	0.0288907	85.2813	0.0030581	2607.02	0.157096	60.926	0.113017	2297.57	0.0103359	74448.5	0	17507	7.55727	91632.9	0.0132084	3636.39	2.53212	267.288	8.9839	5.64009	0.0125331	1954.77	0.0185328	27.4124	0.77179	98.7866	0.00617284	2004.39	0.0259511	1133.11	5.29566	
1.53689e+07	MFG_R_7_3	0	0.0732797	0	314.985	0	2.39575e+06	0	0.0666848	0	0	0	0	0.00653595	17175	0	1.74256e+06	0.00520833	0	0	0	0	1.06482e+06	0.00520833	214.772	0.00520833	0.0302721	0	2.43482e+06	0	0	0	0.102455	0	7.34798	0	76.5814	0	5283.54	0	1.04453	0	0	0	3071.82	0	0.0642317	0	5.3835	0	0	0	7939.48	0	0.0107527	0	0	0	0	0	0	0	0.985768	0	0	0	0	0	0	0	2.10594	0	0.0857875	0	0.293119	0	0.0857875	0	0.332115	0	0.0346671	0	0.124656	0	0.316214	0	1.66162	0	0.560093	0	1.51012	0	0.843392	0	4.38355	0	0.0263134	0	1.59809	0	3.10861	0	0.0211427	0	11.0672	0	2.12001	0	0.125633	0	0.444083	0	0	0	0.466758	0	0	0	0.00326797	0	0	0	0.0984	0	0.126309	0	1.68934	0	0.0187943	0	0.00358423	0	0.741009	0	5.75324	0	2.14717	0	4.4675	0	2.5313	0	44.8483	0	0.190899	0	68.2118	0	0	0	0	0	639.548	0	0	0	0	0	0.520325	0	0.00529101	0	0.7911	0	97.7544	0	0.00411523	0	0.904963	0	769.211	0	0.0539031	0	0.488639	0	0	0	0	0	0	0	0	0	0	0	0	0	0	0.00209644	82.6624	0	0	0	0.740227	0	0	0	0.759402	0	0.226672	0	0.062681	0	22.3619	0.00860788	237.403	0	637.292	0	610.339	0	0	0	0.0558736	0	1.43699	0	13.5277	0	289.524	0	22.9037	0	203.934	0	1547.14	0.00387597	5.05191	0	7037.14	0	31.953	0	6.19579	0	0	0	0.004329	0	0	0	1.97168	0	1.53585	0	4.17653	
1.42745e+07	MFG_L_7_4	8.00939	0.00574713	8280.42	0.0253831	56497.1	48.8974	11.9072	0.00574713	0	0	0	2.75246	3512.15	1.83096	810841	4.14459	235090	0	1.08676e+06	0	0	0.309239	188580	0.00854701	3355	0	868.219	0	1748.89	0	356023	0	33752.3	0.00694444	2.4594e+06	0.026614	25573.4	0.109375	3712.8	0	0	0	0	0.00248756	0.98737	0	0.741379	0.00248756	0	0	3045.58	0	20077.1	0	3712.01	0	463.14	0	844.729	0	209.349	0	293793	0	0	0	0	0	0.810553	0.011149	10149.3	0	37.2179	0	10749.2	0	77.3265	0	50.4821	0	158181	0	9539.88	0	99794.7	0	16601.8	0	2441.49	0	217.829	0	192.877	0	26827.8	0	15181.4	0	608301	0	209064	0	2.54506	0	3.23534	0	183.299	0	0.0121104	0	0.00268817	0	0.00268817	0	0	0.00314465	0.114859	0.00262467	0.00268817	0.00314465	118918	0	5688.87	0	3.3811	0.0035461	0.709527	0	56.7408	0	93.2273	0	0	0.00392157	33700.2	0.00294985	0.0770511	0.0155951	2014.66	0	10499.3	0.00469484	936.192	0	1084.52	0.0187793	0.185713	0	0	0.00462963	6045.08	0.0320293	0	0	226.197	0	5.0269	0	3.38303	0	3.98186	0	6477.13	0.030277	16.2733	0	19532.1	0	93997	0	510.828	0	31631	0	0	0	0	0	0	0	0	0.00314465	0	0	0.00546448	0	0	0	0	0.0359044	1.52311	0	10.9136	0	0.0317289	0	1370.62	0	2.64687	0	15.0194	0	3.48416	0	0.488019	0	6008.63	0.0320293	7153.27	0.0320293	0.416489	0	0.166403	0.011149	19.3746	0.138969	27.3138	0.011149	0.460904	0.00248756	264.017	0.301567	67.7342	0.0113243	3358.96	0.00248756	5535.2	17.4596	16850.7	0.274119	344.425	5.97571	95.3489	15.302	0.111429	0	172.474	0.00483092	39.7275	1.47172	59.5058	0.0269388	409.196	0.248594	139.454	13.2794	
