data	data	6.67962e+07	7.89732e+07	9.51066e+07	1.65914e+07	1.73605e+08	6.70043e+07	1.52403e+08	9.5609e+07	8.0476e+07	2.1366e+07	1.9811e+07	2.49655e+07	1.60162e+08	3.87031e+07	2.0547e+07	7.75328e+07	2.62225e+07	2.0333e+07	3.78369e+07	3.26354e+07	8.22662e+07	2.08421e+08	5.72453e+07	7.96838e+07	4.3335e+07	1.39241e+07	2.48574e+08	2.04913e+08	4.0333e+06	6.91221e+06	7.74952e+07	1.9104e+08	8.34992e+07	1.95449e+07	5.17342e+07	6.24942e+07	5.57447e+07	2.34101e+07	6.14401e+07	6.72914e+06	4.50586e+06	8.01335e+06	1.84344e+08	2.44677e+07	2.95116e+07	1.47986e+07	1.91552e+08	1.20407e+08	9.10694e+06	4.917e+06	1.00991e+08	1.03653e+08	4.00378e+07	1.22205e+07	8.94017e+07	1.12716e+07	3.4656e+08	3.28526e+07	2.16392e+08	1.93853e+08	8.19706e+06	2.59016e+07	2.7342e+07	1.60815e+07	2.85877e+07	3.50753e+07	3.51806e+06	1.57673e+07	7.6935e+07	1.11109e+08	4.31597e+07	5.15041e+07	7.49311e+07	6.98735e+07	3.03925e+07	2.7365e+07	8.70829e+07	4.96471e+07	7.37501e+07	3.83642e+07	4.19703e+07	4.77769e+07	4.30941e+07	4.80189e+07	3.48439e+07	3.99734e+07	5.06812e+07	6.23599e+07	5.90016e+07	4.4303e+07	1.82409e+07	2.77078e+06	7.22073e+07	6.37766e+07	2.59264e+07	1.88038e+07	4.52821e+07	1.37926e+07	6.50355e+07	2.18897e+07	4.77451e+07	2.14324e+07	1.44827e+08	1.53366e+08	9.31072e+07	2.50887e+08	1.25324e+08	6.76475e+07	1.16127e+07	1.18449e+07	7.16328e+06	2.3828e+07	1.03043e+07	1.72047e+07	3.06238e+07	9.21323e+07	2.86643e+07	3.27082e+06	1.82789e+06	4.5748e+06	1.83455e+07	1.98449e+07	4.84209e+06	9.46709e+06	4.962e+07	2.87737e+07	3.91207e+07	7.04353e+07	7.95316e+06	1.60815e+07	4.09639e+07	4.48736e+07	1.11449e+07	2.10835e+07	6.85538e+07	7.72242e+07	9.24695e+07	9.41708e+07	6.35896e+07	4.8643e+07	7.18613e+07	2.91678e+07	1.18533e+08	3.67701e+07	5.06499e+07	2.6211e+07	1.75344e+07	4.52966e+07	9.41653e+06	3.62444e+07	2.93132e+07	7.13027e+07	3.20269e+06	7.87138e+06	5.334e+07	3.09031e+07	2.53821e+07	2.24245e+07	6.91672e+07	3.86679e+07	1.95341e+08	1.30577e+08	1.93553e+07	1.62466e+07	4.13459e+07	2.12814e+07	2.16815e+07	4.07636e+06	1.88349e+08	4.0486e+07	1.60299e+07	1.14851e+07	1.10705e+08	2.84793e+06	789682	1.03466e+07	1.5667e+07	2.79108e+07	7.4028e+06	5.66276e+06	7.45478e+06	1.51915e+07	986520	2.45643e+06	1.17881e+06	4.7302e+06	5.87902e+06	8.73999e+06	4.18755e+07	1.68427e+08	1.7453e+08	1.78226e+08	5.50779e+07	2.30679e+08	5.56676e+07	1.68926e+08	2.07487e+08	2.59941e+08	4.85702e+07	7.36115e+07	4.06704e+07	5.10057e+07	7.25357e+07	1.29731e+08	2.58715e+07	1.16559e+08	1.16026e+08	1.06999e+08	4.37816e+07	4.22009e+07	2.35746e+07	7.30981e+07	7.45084e+07	1.48196e+08	3.11095e+08	4.81888e+08	2.96803e+08	3.6942e+08	1.91927e+08	2.14863e+08	2.1695e+08	3.48594e+08	3.36194e+08	3.7317e+08	4.40513e+08	2.36328e+08	8.55522e+07	1.75569e+08	1.7235e+08	2.3058e+08	9.41082e+07	7.53311e+07	2.6443e+08	3.38562e+07	1.06714e+08	2.46429e+07	1.28454e+08	7.47408e+07	1.12453e+08	6.2074e+07	6.83038e+07	1.19514e+08	1.06237e+08	1.02697e+08	1.27846e+08	6.60418e+07	
data	data	SFG_L_7_1	SFG_R_7_1	SFG_L_7_2	SFG_R_7_2	SFG_L_7_3	SFG_R_7_3	SFG_L_7_4	SFG_R_7_4	SFG_L_7_5	SFG_R_7_5	SFG_L_7_6	SFG_R_7_6	SFG_L_7_7	SFG_R_7_7	MFG_L_7_1	MFG_R_7_1	MFG_L_7_2	MFG_R_7_2	MFG_L_7_3	MFG_R_7_3	MFG_L_7_4	MFG_R_7_4	MFG_L_7_5	MFG_R_7_5	MFG_L_7_6	MFG_R_7_6	MFG_L_7_7	MFG_R_7_7	IFG_L_6_1	IFG_R_6_1	IFG_L_6_2	IFG_R_6_2	IFG_L_6_3	IFG_R_6_3	IFG_L_6_4	IFG_R_6_4	IFG_L_6_5	IFG_R_6_5	IFG_L_6_6	IFG_R_6_6	OrG_L_6_1	OrG_R_6_1	OrG_L_6_2	OrG_R_6_2	OrG_L_6_3	OrG_R_6_3	OrG_L_6_4	OrG_R_6_4	OrG_L_6_5	OrG_R_6_5	OrG_R_6_6	OrG_R_6_6	PrG_L_6_1	PrG_R_6_1	PrG_L_6_2	PrG_R_6_2	PrG_L_6_3	PrG_R_6_3	PrG_L_6_4	PrG_R_6_4	PrG_L_6_5	PrG_R_6_5	PrG_L_6_6	PrG_R_6_6	PCL_L_2_1	PCL_R_2_1	PCL_L_2_2	PCL_R_2_2	STG_L_6_1	STG_R_6_1	STG_L_6_2	STG_R_6_2	STG_L_6_3	STG_R_6_3	STG_L_6_4	STG_R_6_4	STG_L_6_5	STG_R_6_5	STG_L_6_6	STG_R_6_6	MTG_L_4_1	MTG_R_4_1	MTG_L_4_2	MTG_R_4_2	MTG_L_4_3	MTG_R_4_3	MTG_L_4_4	MTG_R_4_4	ITG_L_7_1	ITG_R_7_1	ITG_L_7_2	ITG_R_7_2	ITG_L_7_3	ITG_R_7_3	ITG_L_7_4	ITG_R_7_4	ITG_L_7_5	ITG_R_7_5	ITG_L_7_6	ITG_R_7_6	ITG_L_7_7	ITG_R_7_7	FuG_L_3_1	FuG_R_3_1	FuG_L_3_2	FuG_R_3_2	FuG_L_3_3	FuG_R_3_3	PhG_L_6_1	PhG_R_6_1	PhG_L_6_2	PhG_R_6_2	PhG_L_6_3	PhG_R_6_3	PhG_L_6_4	PhG_R_6_4	PhG_L_6_5	PhG_R_6_5	PhG_L_6_6	PhG_R_6_6	pSTS_L_2_1	pSTS_R_2_1	pSTS_L_2_2	pSTS_R_2_2	SPL_L_5_1	SPL_R_5_1	SPL_L_5_2	SPL_R_5_2	SPL_L_5_3	SPL_R_5_3	SPL_L_5_4	SPL_R_5_4	SPL_L_5_5	SPL_R_5_5	IPL_L_6_1	IPL_R_6_1	IPL_L_6_2	IPL_R_6_2	IPL_L_6_3	IPL_R_6_3	IPL_L_6_4	IPL_R_6_4	IPL_L_6_5	IPL_R_6_5	IPL_L_6_6	IPL_R_6_6	PCun_L_4_1	PCun_R_4_1	PCun_L_4_2	PCun_R_4_2	PCun_L_4_3	PCun_R_4_3	PCun_L_4_4	PCun_R_4_4	PoG_L_4_1	PoG_R_4_1	PoG_L_4_2	PoG_R_4_2	PoG_L_4_3	PoG_R_4_3	PoG_L_4_4	PoG_R_4_4	INS_L_6_1	INS_R_6_1	INS_L_6_2	INS_R_6_2	INS_L_6_3	INS_R_6_3	INS_L_6_4	INS_R_6_4	INS_L_6_5	INS_R_6_5	INS_L_6_6	INS_R_6_6	CG_L_7_1	CG_R_7_1	CG_L_7_2	CG_R_7_2	CG_L_7_3	CG_R_7_3	CG_L_7_4	CG_R_7_4	CG_L_7_5	CG_R_7_5	CG_L_7_6	CG_R_7_6	CG_L_7_7	CG_R_7_7	MVOcC	MVOcC	MVOcC	MVOcC	MVOcC	MVOcC	MVOcC	MVOcC	MVOcC	MVOcC	LOcC_L_4_1	LOcC_R_4_1	LOcC_L_4_2	LOcC_R_4_2	LOcC_L_4_3	LOcC_R_4_3	LOcC_L_4_4	LOcC_R_4_4	LOcC_L_2_1	LOcC_R_2_1	LOcC_L_2_2	LOcC_R_2_2	Amyg_L_2_1	Amyg_R_2_1	Amyg_L_2_2	Amyg_R_2_2	Hipp_L_2_1	Hipp_R_2_1	Hipp_L_2_2	Hipp_R_2_2	BG_L_6_1	BG_R_6_1	BG_L_6_2	BG_R_6_2	BG_L_6_3	BG_R_6_3	BG_L_6_4	BG_R_6_4	BG_L_6_5	BG_R_6_5	BG_L_6_6	BG_R_6_6	Tha_L_8_1	Tha_R_8_1	Tha_L_8_2	Tha_R_8_2	Tha_L_8_3	Tha_R_8_3	Tha_L_8_4	Tha_R_8_4	Tha_L_8_5	Tha_R_8_5	Tha_L_8_6	Tha_R_8_6	Tha_L_8_7	Tha_R_8_7	Tha_L_8_8	Tha_R_8_8	
6.67962e+07	SFG_L_7_1	0	1.02695e+06	1.42712e+07	13794.1	1.94187e+06	5658.3	653993	110915	136040	2030.93	13918.6	29729.7	45.8053	0	13095.2	13901.4	281398	498.293	2333.43	0	311462	79603	4.86263e+06	164423	149936	2153.69	693.648	0.0144033	10818.9	39005.6	89393.8	150855	159940	697.678	27.0413	0.702145	464556	21.6468	1.87944e+06	151.823	0.00564972	0	0.00330033	0.00378788	0	0	0.0418304	0	0.0165517	0	18.7882	0.0543278	0.00666667	0	0.137271	4.52112	316.92	1.29285	52.0238	272.933	79922.7	0.0264052	14717.6	0.00694444	2373.43	1.17586	278.214	13.6331	0.297872	0.0346286	2.69388	0	16328.8	0	0.00617284	0	248.129	0	120.221	0	0.218606	0	41.1373	0.00378788	0	0	34.5001	0	0.123996	0.0494204	0.004329	0.0042735	935.029	0.193201	2.10181	0	12.073	0	0.328121	0	0.403128	0.002849	0.247677	0.0285183	1.39549	0.146739	13.383	0.0379787	0	0	0	0	0	0	51.6217	0.00252525	0.209561	0	0.02103	0	0	0	0	0	2711.04	1.2441	126.225	1.13667	0	0	141.674	8.36034	2.99952	0.00932583	4258.99	0	3410.5	0	12.601	0.00574713	0.00529101	0.00529101	8530.28	0	38.6611	0.0222469	14960.3	10.7482	2512.2	8.83974	1552.94	1.19112	6795.61	7.95519	0	0	1.68202	0	0.0241546	0	358.525	9.02905	1119.44	0	0.318082	0	3020.14	0.0070922	827214	0.00323625	668.828	0	1.3381e+06	0	2.13992	0.737692	15114.7	43572.8	799.227	6.18342	795.034	4.31966	3359.19	868.777	1082.64	11.6539	0.325831	0.429459	6.91298	0.0385109	1.26596	0	6.00675	0.0445218	5.20344	0.0180213	16.9205	0.00666667	89.2011	0	109.561	0	9.60123	0.02668	0.628231	27.3757	11.6552	0.030356	1.48352	0	0.464315	0.606907	1.84682	0.0739502	17691.9	28.7392	1151.15	1.06139	3.65218	0.0298694	260011	76.6871	19.8011	1.02246	7.09028	0.109931	218249	102232	33913.7	0.0224373	0.0365975	0.293242	1.5355e+06	0.112602	23069.2	3.21701	69857.6	7.34841	427557	6.74877	170253	0.670514	337893	4.12487	920154	2.07216	
7.89732e+07	SFG_R_7_1	1.02695e+06	0	20173.2	842601	1357.05	19097.1	246391	2.64059e+07	3242.35	1.2575e+06	145.588	1.50957e+06	11.0038	1.16697	0.275143	71868.8	221498	182881	0	13.7167	10939.9	2372.03	89829.8	1.00668e+06	6724.47	1076.97	0.0164875	26.0558	94.4448	40297	1912.72	10593.6	1812.43	55539.4	0.4351	294.047	2928.57	190269	18905.5	150401	0	0	0.0175983	4.9288	0	0.103962	0.0344399	1.67595	0.0229942	0.00877193	0.0796282	185.938	4.14683	0.938368	7720.8	7.72345	29.1038	1.28272	1646.16	2892.18	730.19	626.613	268.176	4139.54	12.0221	5524.52	0.184031	3580.46	0.0153497	285.347	0.0364384	2.11379	121.239	126.798	0	0.378172	111.609	1.34088	38.453	0	0.00406504	526.803	4.75967	141.822	0.00358423	2.10639	3.29686	143.431	0.0292586	0.294832	0.00378788	0.0743719	15.5799	10333.9	0.116469	0.316433	0.954408	0	0.0305217	0.798991	0.214299	0.375202	0	21.3343	2.10843	0.2662	1.79689	0.372876	0	4.73483	0	0.870651	0	0	0	1923.7	0.00340136	0.123667	0	5.71124	0	11.604	0	0.382754	41.2744	147.986	31.0083	25.7257	0	0.033804	5.20544	2424.08	0.316099	0.668164	309.05	0	565.232	586.542	2.41393	39.3374	0.0459499	890.762	1322.89	1.83682	6.6417	3113.45	89.9407	3881.5	10.4351	10515.8	3.74172	4263.71	15.0922	42411.6	0	0.394618	0.0166718	0.724854	0.0480065	8.09032	15.3608	3288.23	122.044	72.8891	0.150252	264.831	30.978	430.282	52363.9	2397.99	4.45017	6.66277	33340.9	26562.1	18.9392	4204.45	11687.5	78212.1	4.75273	66324.8	18.8539	22264.8	6.76258	468729	0.0618032	11133.9	1.54372	7.49291	14.2712	96.4328	0.287556	0.482847	1.30264	154.816	0.415684	5.88564	2.26147	248.733	7.13055	0.640283	18.6711	0	4.22284	79.4743	1.83456	23.7293	1.33444	10.5011	0.136188	0.167664	0.0383816	131963	0.0333522	264.385	99.0441	316474	1.93787	50647.9	1.48118	36.8577	4728.5	1.09672e+06	9.21863	1830.29	6.63416	303.772	545.268	1.40892e+06	8774.56	65574.5	0.0356407	32873.3	704.264	628218	9.78822	626.455	246.769	15806.2	131.852	346084	36.0849	261671	383.774	342903	7.6963	475996	
9.51066e+07	SFG_L_7_2	1.42712e+07	20173.2	0	148.666	1.38052e+07	16586.5	929666	351.552	0.0367521	1.20272	22974	11770.1	3.53178	2.41861	394332	637.841	215630	1.25782	56013.5	0.336121	1.40783e+06	12538	1.21105e+07	3661.39	439359	3.03123	17081.4	0.0479243	4741.03	140.864	989754	14102.7	1.03526e+06	306.623	755.273	35.7449	293313	0.250247	898415	0.626103	0	0	0	0	0	0	0	0	0	0	376.597	2.96371	0	0	2.52008	0.244271	9.73753	0.0151593	1.81713	0.440758	4084.16	0	1679.86	0.00584795	2.13244	0.106927	0.0111111	0	0.0255675	0	0.24887	0	1793.98	0	0.0222959	0	64.9198	0	40.5054	0	1.49073	0	5.83555	0	0.0403653	0	6.2881	0	0.0293947	0	0.0175469	0	82.9842	0.00387597	1.14575	0	7.44664	0	0.817086	0	0.0746243	0	0.0199005	0	0.0957868	0.00401606	7.81585	0	0	0	0	0	0	0	0	0	0.00537634	0	0	0	0.00520833	0	0	0	39.126	0.0147695	1.90432	0.00910136	0	0	20.3579	0.204052	1.25605	0	1030.61	0	417.907	0	2.68844	0	0.0178285	0.00529101	961.37	0	7.1092	0	2.35327	0.0312558	0.337558	0.065802	0.0266773	0	0.216308	0	0.0244408	0	1.48534	0	0.0216931	0	27.0064	0.208401	133.687	0	0.0455589	0	11771.3	0	196608	0	33.401	0	249764	0	0	0	173.999	30.525	0	0.194126	0.025987	0	0	0	0.0299663	0	0.00694444	0	0.390859	0	0.0376892	0	0.157324	0.003367	0.178538	0	0.352655	0	72.1253	0	55.1816	0	0.51836	0.003367	0.00182149	0.389046	53.5113	0	0.765667	0	0.0197247	0.0561321	0.0480826	0.00271003	933.719	1.26042	45.2653	0.00387597	0.0130003	0.0139485	25082.6	2.49535	0.239129	0.0466873	39.7924	0.002331	7956.97	3128.95	8712.55	0.002331	0.0722611	0.025679	31213.2	0.0190123	60.6851	0.109593	2443.74	0	5579.97	0.218361	4298.89	0.0377495	9089.52	0.0658366	12931	0.128343	
1.65914e+07	SFG_R_7_2	13794.1	842601	148.666	0	159.055	376103	1254.07	204411	19.9988	7.56992	26.829	5.38886	0.0719176	0.0107527	0.0748431	3.74468e+06	1301.62	4499.26	0	2117.79	46.8197	63041.1	430.897	2.31e+06	126.202	502180	0.00628931	274.072	0.33763	22219.6	30.7506	113598	1093.72	20447.9	0	74.0062	39.017	27615.4	132.058	4027.43	0	0	0	0.0953767	0	0	0	0.00396825	0	0	0.00628931	1.06847	0.173887	0.0348387	100.575	12428.2	2.8382	1412.79	5.38919	20.7956	2.53478	2851	2.2612	36.785	2.01747	0.877498	0.00694444	0	0.00444444	0.230955	0.00401606	3.54432	0.148805	56.1688	0	2.19379	0.0197628	0	0.0197628	0.0245344	0.0157929	203.417	0.13347	0.96881	0	14.5438	0.0573939	66.4123	0.00326797	141.688	0	0.840075	0.939479	3.37077	0	6.10458	0.0037037	0.575329	0	82.6257	0.00326797	84.9165	0	73.8656	0	0	0.0037037	0.815296	0	0	0	0	0	0	0	0	0	0	0	0	0	16.6872	0	0.211266	6.79575	1.14243	0.421195	0.179244	0	4.58018	0.296463	28.5588	0	0.829198	0.674187	0.0070922	0.325407	14.1016	0.0212982	5.34556	0.00574713	300.62	1.61699	0.0613407	0.00411523	1292.12	17.9377	0.0421272	1.2479	0.677724	0	0.0190632	0	0	0	43.7479	0.00490196	1.34853	0	4.61345	2.49711	164.753	0.060072	1.38321	0	18.6853	0.184666	5.93951	75.1667	70.4627	0	0.506548	76.1948	2418.95	0	0	0	0	0.217879	0	0	0	0.717101	0	0	0	0	0	0.0389624	0.117589	0.014737	0	0.184381	0.455808	0	0	0.184381	0.0738696	0.0341285	0.0720916	0.0338384	0.0236007	0.299581	0.282792	0.00462963	0.0414818	0.00392157	0.668345	0.0168803	0	0.00483092	268.545	0.00444444	0.271472	0.189993	426.416	0.155608	8.79687	0.0381618	0.0786365	6.54872	10115.7	0.336616	0.592238	0.330917	0.220876	72.117	541.34	5.76727	5310.59	0	1.02897	20.5759	2.88321	0.161742	0.438547	17.8128	6.12152	12.0001	23.2764	1.41491	42.9939	26.0582	79.4858	2.52973	2.90523	
1.73605e+08	SFG_L_7_3	1.94187e+06	1357.05	1.38052e+07	159.055	0	1.79142e+06	2.64306	3.2968	64.4405	1.97477	8.88319e+06	321657	3.05719e+07	1.42036e+06	3.05034e+06	8832.7	2358.16	0.0271998	2.31141e+06	825.361	4.73952e+06	952965	258636	36416.9	0.165544	0.00641026	172942	909932	656.279	58.1796	3.57547e+06	1.02504e+06	3.19693e+06	2315.82	1.75865e+06	23977.2	455499	1.76306	397387	1.86198	0	0.278312	2808.61	8.75469	0	0	0.0301358	3217.42	0.00282486	0.00641026	974784	3288.95	546.838	0	40.3323	0.125799	4007.55	0.0152426	251.818	7.37549	70.1059	0	0.974876	0.00584795	38.6424	0.0575551	0	0	1.22259	0.0139001	0.348232	0	1673.37	0	0.113023	0	111.262	0	125.721	0	437.953	0	38.2657	0.0405603	8.97593	0	37.3329	0	1.26031	0	0.00444444	0	151.276	0.0300593	43.1979	0	200.692	0	682.345	0	5.07492	0	1.63857	0	0.319626	0.0361586	28.4414	0	0.0185185	0.0168776	0.298414	0.00421941	0	0	5491.39	0.107075	0.367458	0	74.6576	0.00421941	0	0	0	0	414.257	0.306279	43.5046	0.171158	0	0	612.471	0.925022	8.61512	0.00229885	4512.49	0	2142.64	0	31.6637	0	7.40476	0	3730.87	0	41.1149	0	177.325	3.03707	3.79573	0.285315	14034.2	1.53785	31552.4	0.0556468	192.755	0	496.614	0	92.4063	0	2722.18	7.66019	1020.33	0	0.0371517	0	77753.6	0	535359	0	943.917	0	337127	0	3425.14	0.194639	906211	580998	13628.6	12.9913	106530	16.1127	8278.61	0.00680272	2244.88	0.081465	58912.9	6.41823	1.61579	0.519909	4.41708	0.0143098	34.53	0.16368	2.28001	0.0178923	49.7042	0.186988	1095.64	0	378.96	0	118.595	0.0535521	0.20483	0.778031	2967.78	0.366163	41.4931	0.0437597	4.68234	0.0273886	18.6987	0.0495701	12363.6	2.15432	10892.5	0.258858	3.41733	0.053849	40847.5	3.66477	24.5142	2.29044	8934.31	28.8892	352860	7902.26	176316	4.00734	13964.5	0.429259	295975	0.039875	1405.81	1.09965	3374.51	0.171207	55417.8	2.43818	68291.9	0.0887791	76931.7	0.354892	363398	0.499141	
6.70043e+07	SFG_R_7_3	5658.3	19097.1	16586.5	376103	1.79142e+06	0	0.122888	6.12235	0.990507	43.9387	46373.4	8.5849e+06	213727	2.75287e+06	916.111	4.1298e+06	0.101401	0	929.398	799245	194465	2.17365e+06	8.33001	380502	0.156242	0.159548	1351.39	11961	0	7340.79	353258	3.2662e+06	2.18736e+06	348977	16358.3	295417	82586.8	23380.4	80526.8	2854.25	0.0655487	0.0252955	8.62044	4318.85	0.0102185	0	185.721	1.02749	0.0772206	0	97.159	72301.9	0	0.00564972	2.68688	0.26184	1.4528	1.38363	0.667817	17.6576	0.294744	2.32227	0.0238171	0.0218814	0.197052	3.97678	0	0.982356	0.0254419	2.98391	0	0.347081	13.7714	3.62712	0	0.0244834	0.961468	58.6776	1.4203	0.024026	0.0137472	2.40137	0.318951	56.7288	0.0139025	0	0.392593	3.03014	0	0.0281385	0	0.00512821	2.93393	16.3981	0.00314465	0.0626956	0.281765	0.0450159	0.0516826	1.01339	0.00277778	0.0926097	0.0570694	1.46427	0.123834	0.107165	0.404152	0.220169	0.0159064	4222.44	0	385.111	0	0.0294636	0.216205	95163.5	0	24.349	0.017556	4356.34	0	0.0206891	0	0	1.02476	8.90878	4.11044	96.1563	0	0.0179043	1.11759	62.8191	0.0263987	1.94135	59.6833	0	7.01666	3.02446	0.0587542	1.53968	0	9.97313	7.66979	0	0.129421	127.717	6.19546	1196.81	0.00606061	1991.86	4.6234	70209.6	16.1971	483369	0	0.249772	0.0160643	1.59873	0	13.5608	1.92598	157.715	2.16582	72.6613	0	0.271481	726.418	0.010101	4744.23	137.214	0.0961789	4.10952	3399.63	5.7733	233.78	156910	187650	596854	821.861	209631	24.8343	697115	1.66639	23759.5	0.0929586	4769.58	15451.7	16.9004	0.121364	1999.12	10.4539	6063.78	0.669661	2571.75	0.014652	2.3349	1.64463	21077	17.7531	2.25749	8.26936	0.00497512	0.877118	46.0744	0.0496547	12.5218	24.9128	61.9667	3.54297	0.851932	0.110633	68.1354	0.271156	9.2571	1.64199	115941	168.701	84441.4	31.2681	22.9727	0.45534	14536.8	352.094	1769.6	1997.46	65585.4	152.422	1.21828e+06	212.822	10786.4	0.777915	301583	9.81052	364689	10.7403	9.06173	10.9202	2060.04	103.573	34386.5	100.025	99213.5	86.186	10055.5	104.29	338649	
1.52403e+08	SFG_L_7_4	653993	246391	929666	1254.07	2.64306	0.122888	0	156868	2.45254e+07	2.05049e+06	0.026614	0	0	0.050565	0	17.2993	815028	36.8871	0.00268817	0	18362.4	1.68918	318897	316.359	2.9496e+06	5247.7	0.0332113	0.538712	108876	1.4312	5891.58	2.69099	4485.89	3.91185	5.28503	0.189764	6341.8	16.6037	282939	3.66172	0	0	0.0446069	0.0148607	0	0	0.0332113	0.00401606	0.00444444	0	2.28217	0.0563826	122605	1.11737	1.56328e+07	14182.2	133.323	37.8031	2.95319e+06	524.53	253783	608.4	2.40535e+06	510.564	18.8049	6.14255	61.8257	51851.1	0.00243309	0	0.249877	0	6109.38	3.15827	0.0290404	0	4775.74	0	1514.35	0	7.72253	0.0383197	18.8681	0	1.44494	0	22.4102	0	0.329944	0.362134	0.00277778	0.158383	0.0498592	0	2.88035	0.004329	0.560193	0	3.54849	0.0168885	1.67758	0.187072	0	0.228737	51.6614	1.53394	2.42864	0.621863	0	0.00512821	0	0.00512821	0	0	0	1.68227	0.00243309	0	0	0.0208384	0.00694444	0	0	0	334.949	0.872955	7.59041	0.211605	0	0.215636	45.8347	8.24646	3.96935	0	102.435	0	261.02	0.345055	1.00709	0	0.697717	0	601.38	0	5.91521	0	22.6224	1.2655	1.12538	7.58749	0	0.173847	0	2.90996	16.3716	0	0.198257	0	1.41812	0	201.673	1.92925	140.768	0	0.149182	0.00546448	309.734	0.0531681	603942	0.0116795	1954.27	0.00574713	1.04462e+06	0.136613	0	0.00833333	0.0319088	1.81681	0	0	0	6.55252	0	150.597	0	0.649005	0	0	63.6849	10.769	0.323237	0	0.689865	0	39.6839	1.05446	1.42134	0.167402	4.60666	0	10.3339	0	1.18017	0	2.55887	583.938	9.50886	0.00358423	0.0183509	0	37.1621	11.2343	0.204775	0.0020202	694749	299.344	0	1.49886	0.171951	0.490008	8.33587e+06	2325.66	11.6213	0.0323088	0.563951	0.525248	10797.3	3.82189	691858	2.85456	0.8908	0.0309829	1.00802e+07	0.0219609	20250.5	0.793537	26.1138	0.130569	15236.7	1.44844	1037.97	0.0260101	5976.63	0.0455941	161100	0.12238	
9.5609e+07	SFG_R_7_4	110915	2.64059e+07	351.552	204411	3.2968	6.12235	156868	0	52971.3	2.31567e+06	0.610633	0.257085	0.0252381	0.223453	0	1501.53	60900.7	309197	0	2.3977	113.638	857.684	1906.72	227952	3753.06	769090	0.0353275	19.6126	31.8434	21542.4	26.3649	3520.26	3.42104	23614.4	0.0691934	288.787	38.8159	575873	1028.27	193391	0	0	0.0126313	2.01385	0	0.104734	0.0194534	0.761845	0.003367	0	0.00234742	96.7494	10.1614	21.0429	9769.37	241106	139.095	144.988	2072	11398.5	54.6617	221518	196.51	193585	6.39507	319.555	0.484842	0.0743034	0.00411523	90.528	0	1.33188	4.50088	1978.4	0	0.287691	10.2413	1.61211	4.85047	0.00362319	0	203.126	0.475877	45.453	0	1.30725	0.324548	32.5536	0.00311526	2.96636	0	1.05592	15.4887	2556.34	0.0124034	0.0764665	0.003663	0	0.00330033	0.587979	0.0128312	1.71026	0.00378788	7.58729	2.6926	3.88835	0.11224	5.90101	0	0	0	0	0	0	0	0.00383142	0.00260417	0.00505051	0	0	0	7.36409	0	0.285264	35.427	53.3806	4.83683	32.5583	0	3.45592	2.35975	1147.22	0.00392157	0.298361	15.2313	0	36.1916	500.221	0.371255	24.6348	0.0471918	91.7156	105.545	1.42465	0.273366	424.071	51.0834	19.1273	4.1123	125.29	0.00595238	0.656038	0.0367654	0.0184679	0	0.160012	0.0166718	1.65423	0.0492392	7.41027	18.3994	1631.1	6.74131	18.9177	0.0635337	411.925	1.8571	939.203	3838.03	662.989	0.394053	28.2758	2264.43	43445.9	0.0299663	0	11.4957	0.210044	0	0	0.0638174	0	12.9936	0	0.00854701	0	0	0	78.795	695.957	0.808598	0.0718384	2.26604	65.9128	3.08436	104.181	4.27063	3.32573	0.225886	0.725568	0.363969	0	5.12561	42.9595	1.81512	227.876	0.295602	9.29431	0.036236	0.174332	0.0317014	651657	0.0309606	50.915	77.4575	1.76168e+06	1.61645	5781.59	1.0497	87.9869	2367.13	1.04504e+07	6.31106	1021.74	2.92696	222.783	724.751	669706	860.964	24529.3	0.0495032	24654.2	2262.44	1.18059e+06	40.3157	590.022	247.332	1622.99	228.185	177204	63.5051	100331	500.382	143268	48.1247	419262	
8.0476e+07	SFG_L_7_5	136040	3242.35	0.0367521	19.9988	64.4405	0.990507	2.45254e+07	52971.3	0	2.09167e+06	191.897	4.06781	0.0902583	0.00505051	0	469.615	189.277	19.0592	0	0	5.25848	1651.71	6.49457	5065.73	535.219	389.746	0.0130084	17.1047	205.857	1.10825	4.76458	460.235	6.30961	10.0396	0.0528664	0.0969896	10.617	5.61284	492.357	2.32575	0	0.0231729	0.00666667	0.036008	0	0	0.0130084	27.4513	0.00444444	0	0.192699	0.0622195	42770.6	17.5337	4.29641e+06	158776	251.067	264.451	2.65632e+06	12844.5	7082.31	85.6384	90268.2	3754.66	594.398	294.082	721675	206472	0.0180334	0	0	0	11.2608	0.240946	0	0	120.756	0	41.1833	0	0.0266667	0	0.896336	0	0.00333333	0.00456621	0.829594	0	0.0342598	1.19031	0.00277778	0.0396674	0.251226	0	0	0	0	0	0.00666667	0.00421941	0.0181578	0.620374	0	0.929154	29.9322	0.0644173	0.231354	0.213053	0	0.189019	0	0.0206731	0	0	0.0191856	25.5449	0.00271003	0	0	0.0846988	0	0	0	0	810.308	1.52563	1.52646	0.052617	0	0.64605	114.336	4.27885	1.47167	0	1.39425	0	3.54608	0.19474	0.0281259	0	0.00854701	0	14.2327	0	0.380224	0	1647.16	59.0862	1594.21	354.972	0.793605	45.9606	2998.94	292.693	4.05405	0	0	0	0	0.0253991	185.989	11.0903	4.91636	0	0	0	0.5936	0.0042735	6203.24	0	17.6909	0	14340.2	0	3.02345	275.209	0.821838	116.118	0.00793651	2.41599	0.715756	1416.56	1568.81	7.08739	94546	27.8935	0.00653595	0.00653595	40.3961	4.22716	1.08581	0.00653595	5.57524	0	3.99724	0.44864	11.8343	8.35428	0.0618713	0	0.157377	0	7.63791	0	3.89485	192.76	1.00487	0.00219298	0.048861	0	62.9905	25.428	0.206437	0.0350705	149762	317.268	0.122149	30.4247	0.220655	0.4689	910181	1452.02	18.9514	0.090042	0.305593	0.310752	38566.9	69.4376	40384.9	0.212129	0.842847	0.0309829	3.59438e+06	0.0664802	59805	1.17076	139.427	0.0352973	45023.6	14.8764	2962.68	0.108783	22144.2	0.00606061	228400	0.222471	
2.1366e+07	SFG_R_7_5	2030.93	1.2575e+06	1.20272	7.56992	1.97477	43.9387	2.05049e+06	2.31567e+06	2.09167e+06	0	1.01131	473.238	0.056039	0.0149832	0	2.00825	6030.28	317.19	0	0	2.20159	9.66673	44.3415	31.3858	1273.48	354.67	0	1.56827	0.316032	4.88878	0.376312	2.69998	0.0228337	0.00574713	0.00326797	0.541935	0.155878	1.88731	15.4139	18.8542	0	0	0	0.0656527	0	0.00416667	0	0.0362007	0	0	0	3.66824	0.00666667	5.66615	246347	44797.7	9483.97	0.140004	401134	193256	0.328758	126.641	13.1481	4682.01	2.188	124.005	3111.35	241282	0	6.64554	0	0	0	0.0417074	0	0	0	0.093809	0	0	0	0	0	2.11804	0	0	0	0	0	0	0	0	0.0147436	183.38	0	0.00520833	0	0	0	0	0	0	0.00292398	0.156805	0.0459318	0.101867	0.0120915	0	0	0	0	0.00343643	0	0.00343643	0	0.00383142	0	0	0	0	0	0	0	0	0.791635	4.09116	0.0280881	0.843367	0	0	0	177.829	0	0.0037037	0.00297619	0	0.0131988	0.0224148	0	0	0	0	0	0	0	0.101633	8.12804	19.3692	6.50131	68.0525	1.73176	0.153601	18.238	11.4401	0	0	0	0	0.00574713	0	0.41635	328.622	0	0	0	0.0775236	0.00617284	0	0.00617284	0.427402	0	0.0848088	0.548411	0.153632	208.592	0.010101	215.688	0.752525	0	395.18	118.453	0.337927	0.015873	5098.76	1.39653	5259.92	0	0	4.42028	119.786	0	0.00401606	0.00358423	10.2205	0.889274	15.4222	0.00358423	0.220631	0.00333333	0.00444444	0	0	0.00358423	4.80714	0.0614024	46.3657	0.0134007	2.22986	0	0.0187739	0	2724.9	0	10.2719	0.395657	95220	0.00416667	210.463	0.00226757	89.1749	14.8253	906970	0.113453	423.308	0.014186	20.4882	0.626886	84708.9	0.0042735	192.986	0	3811.95	37.7427	555181	1.33869	154.379	0.0919485	0.18713	0.676965	47161.5	0.0182399	10419	0.27937	14767.1	0.129647	78145.1	
1.9811e+07	SFG_L_7_6	13918.6	145.588	22974	26.829	8.88319e+06	46373.4	0.026614	0.610633	191.897	1.01131	0	66254.6	357348	120.671	110.704	2370.65	0.0123457	0.00854701	0.226966	0.182944	3185.26	75329.8	15.2288	6647.34	0	0	1.11641	5.87797	6.53221	0.277291	15761.4	108811	35204.6	3299.81	27.2133	3559.41	3795.16	1.51167	1368.41	0.0592645	0.0446328	0	0.00222222	0.00387597	0	0	0	0.0251662	0.0249473	0.00641026	0.813302	20.1087	2.22036	0	0.82792	0.00333333	23.7585	0.0154148	1.99523	0.0554727	0.0526316	0	0	0	1.13691	0.0310849	0	0	0.0490691	0	0	0	5.6654	0	0	0	2.75504	0	4.48359	0	3.04313	0	0.254413	0	0.144952	0	0.181159	0	0.0332166	0	0	0	9.69439	0	0.0918286	0	4.20482	0	14.1871	0	0.0155228	0	0.0405405	0	0.0929907	0	0.428781	0	0	0	0	0	0	0	124.861	0	0.210486	0	0.31145	0	0	0	0	0	9.44617	0.0452023	1.63984	0.00861377	0	0	3.48177	0.232539	0.108151	0	277.427	0	165.047	0	0.428423	0	0.0186562	0	208.501	0	1.32083	0	28.7768	1.35951	0.24299	0.528999	1843.69	0.309676	2084.1	1.24548	2.14834	0	9.04585	0	0.833458	0	19.3366	0.0556509	30.6613	0	0	0	406.814	0	10266	0	5.58479	0	2013.15	0	14.8083	0.520607	2575.79	918.554	42092.5	45278.3	4436.79	2.16725	246.118	0.0386555	81.0846	0.219863	8.50616	106.387	0.132008	0.0639099	0.0612419	0	0.185282	0	0.859	0.00483092	0.188374	0.0150064	56.3145	0	8.55869	0	1.47515	0	0.0106527	0.201453	180.316	0.0030303	1.38009	0	0.352924	0.00273224	1.01284	0.00273224	690.91	0.0937405	461.297	0	0.204644	0.00387597	12680.5	0.304155	1.28662	0.954388	269.612	0.018863	6928.37	0.867998	6959.98	0.0191432	127.702	0.0634783	45955.3	0	174.808	0.13302	103.17	0.0231902	4511.27	0.176836	4044.89	0.00606061	4234.53	0.0238171	54689.9	0.0783226	
2.49655e+07	SFG_R_7_6	29729.7	1.50957e+06	11770.1	5.38886	321657	8.5849e+06	0	0.257085	4.06781	473.238	66254.6	0	5265.1	139670	913.433	23974.4	0.483991	0	144.638	53.2823	26332.3	4341.18	136.655	10802.6	0	0.00505051	110.259	0.145348	0	452.094	26826.6	5272.43	42573.7	377.872	1316.65	99.5282	8280.85	18.7586	4413.22	39.846	0	0	0	0.0325477	0	0	0.0235665	0.0639246	0.0392496	0	3.66058	3.45075	0	0	0	0.275552	0.00520833	0	0	135.72	0.430359	0.00900901	0	0.00775194	0.00520833	258.921	0	199.875	0.00340136	2.19602	0	0.00564972	5.74168	0	0	0	0.0455472	0.00490196	0.0791001	0	0	0.00497512	0.0333991	1.45046	0.00358423	0	0.0625892	0	0	0	0	0	0.0143156	17.0224	0.00314465	0.00505051	0.0926297	0	0	0	0	0	0	0.203971	0.00275482	0	0.0926297	0	0.00444444	604.081	0	71.5125	0	0.0120666	0.0178979	40537	0.00340136	5.21357	0.0045045	210.94	0	0	0	0	0.0451101	9.50368	0.256869	0.0755667	0	0	0.0390207	167.575	0	0	47.5438	0	5.10171	0	0	0.00740741	0	1.53259	10.7191	0	0.00421941	8.89205	0.461057	1774.26	0.00666667	3965.41	0.0413725	13035.9	1.04956	84637.2	0	0	0	0.0227937	0	0	0.0162098	255.651	2.4566	0.0483982	0	0.219748	371.351	0	2942.27	1.85381	0	0.00574713	2458.04	0.00606061	13.2406	13750	18447.8	130061	143.535	941230	1.25693	145914	0	9535.73	0	3867.37	2344.82	2391.04	0.00275482	0.87209	0	1.1246	0	3.3723	0.00529101	0	0	1354.56	6.83382	0	6.972	0	0.00287356	0.590892	0.00387597	0.0042735	11.338	0.241375	0.344415	0	0	144.829	0.00340136	6.56115	0.0173847	51399.9	0.11813	42892.2	0.0301702	0.141424	0.0852345	6368.67	0.0538323	24.9553	0.130381	5.68548	0.976021	32658.9	71.5835	23.6911	0	1879.65	0.0357376	48460.2	0.0406511	6.50547	0.0491511	111.626	0.187958	26878.5	0.281436	1209.91	0.286738	758.819	0.426458	23238.4	
1.60162e+08	SFG_L_7_7	45.8053	11.0038	3.53178	0.0719176	3.05719e+07	213727	0	0.0252381	0.0902583	0.056039	357348	5265.1	0	4.38348e+06	868.391	2.88624	0.00421941	0	122611	318.654	1170.33	37031.2	0.204981	3.06132	0.00421941	0	2.26943e+07	7.49426e+06	0	0	7.40732	44560.3	2.09842	0	81383.1	2587.95	1.19588	0.00628931	8.00147	0	430572	5311.67	159967	4.39672	3208.06	9.60517	1.75709e+06	1.4426e+06	1780.6	5.29088	1.30201e+06	577.135	0	0	0.00497512	0	80.677	0	11.4453	0.47217	0.00666667	0	0	0	2.44115	0	0	0.0273133	23.5311	0.0144699	0.189476	0	130.245	0	0	0	1883.37	0	181.047	0	0.00641026	0	103.962	0.152639	0.00406504	0	14.5109	0	0	0	0	0	183.984	0.002849	0	0.002849	0.0680206	0	0.0678088	0	0	0	9.04794	0	0.00362319	0	0.842081	0	0	0	0.161907	0	0.103684	0	3499.42	0.00374532	0.00456621	0	239.09	0	0	0	0	0	131.214	0.0143519	20.7677	0.00350877	0.00326797	0	49.5847	0.0621003	0.786608	0	76.5617	0	101.484	0	0.443324	0	0.00537634	0	55.7505	0	7.17642	0	9.8939	0.239656	0.130019	0.0440862	7245.31	0.226088	36729.7	0.50149	0.0209987	0	0.357276	0	0.0208537	0	180.72	1.27302	12.754	0	3.08991	0	0.0234848	0	6392.11	0	0	0	0.0474224	0	31863.7	0.130803	3.14455e+06	1.71433e+06	2.82267e+06	2.05961	120987	1.93895	149467	0.0594092	3999.54	0.0876267	575629	3331.36	4.38537	0.120927	91.119	0.0806382	339.774	0.159761	0.110824	0	248.855	0.207837	109.883	0	0.784197	0	841.118	0.0295258	7.86572	0.0136785	178.087	0.163721	15.9161	0.00330033	0.146419	0	10.4936	0.0120472	5071.25	0.0145082	5952.95	0.00374532	42420.1	0.106347	604.419	0.0132481	485.734	2.21387	141812	24.8066	117200	0	689.019	5.32176	9875.5	0.0194025	5445.85	0.0143791	66.7607	0.566948	2901.24	0.021301	645.299	0.227955	1122.99	0	4697.1	0	2060.03	0.0445028	
3.87031e+07	SFG_R_7_7	0	1.16697	2.41861	0.0107527	1.42036e+06	2.75287e+06	0.050565	0.223453	0.00505051	0.0149832	120.671	139670	4.38348e+06	0	148.467	35.4446	0.0945808	0.0135367	20860.6	688.259	266.089	4403.83	0	1.6541	0.0532803	0	266665	4.37766e+06	0	0	753.234	478.486	1105.03	0.032967	15965.3	13140.4	130.056	0.620443	34.6004	0	3020.82	817217	1086.78	11133.8	2133.6	0	87113.2	1.131e+06	49.6842	30.1859	28391.4	65785.3	0	0	1.18819	0	5.82143	0	6.39227	0.503915	0	0.00529101	0	0.00529101	0.037071	0.0182683	0.0200513	0.0456876	0.0238879	0.965415	0	0	0.0201347	0.00456621	0	0.152118	0	349.137	0.00362319	0.218981	0	0.00383142	0.108248	385.952	0	0	0.109006	3.25617	0	0.0037037	0	0.0468826	5.14027	4.4032	0	0.10326	0	0.18285	0	0	0	0	0.0118884	0.726352	0.0211309	0.861826	0.00234742	1.23316	0.00350877	0.0173629	0	0	0	0.0042735	0.003003	6.10389	0	0	0	0.0726467	0	0	0	0	0.103209	1.20385	0.123419	35.6964	0	0.0172107	0.391918	2.96677	0	0.555822	0.0299136	0	0.0128502	0.927408	0	0	0	0	0.00358423	0	0	0.0198851	0.0841698	101.289	0	94.3118	0.003367	68.8793	0.150676	1635.92	0	0	0	0	0	0.160047	1.46566	0.777771	0	0.00456621	0	0	0.0393764	0	0.143274	0.0725402	0	0	0.172336	0	2.27107	6243.23	899246	1.546e+06	2.14534	9348.12	0.0037037	26.1651	0.0248179	131.664	0.0180212	492.019	117986	386471	0.0641442	22778.9	281.116	61405.9	1.25053	14344.5	0.0330891	212.064	9.67925	60294.8	0.00260417	12.2693	0	0.174451	0.995699	259.619	0.0244205	424.634	1.32106	450.411	0.00333333	6.16818	0.0767617	0	0.146012	6.89366	0.36714	44.2248	300.944	635.563	5625.3	1859.68	0.00314465	43.9858	1578.6	8748.05	3213.84	607333	19.0765	9894.22	27.3602	35033.9	0.0694184	369.83	0.0322662	54.4299	4.84795	1.31325	1.75658	251.074	22.363	250.505	9.90505	320	3.19715	744.039	0.0560579	189.392	
2.0547e+07	MFG_L_7_1	13095.2	0.275143	394332	0.0748431	3.05034e+06	916.111	0	0	0	0	110.704	913.433	868.391	148.467	0	0.00757576	0.0151515	0	3.37321e+06	1.10103	238077	274.148	3.11781e+06	0.0703212	0	0	46226.8	14.8477	0	0.0267094	8569.61	429.114	1228.56	0.0284203	23941.4	62.6822	9.24251	0.0629806	0.546959	0	0	0	0	0.0243056	0	0	0	0	0	0	1767.11	4.4164	0	0	0	0	1.90602	0	0.980815	0.0375156	0	0	0	0	0.00546448	0	0	0	0	0	0	0	0	0	0.00512821	0	0.00757576	0	0.00757576	0	0	0	0	0	0	0	0	0	0	0	0	0	0.1649	0	0	0	0	0	0.00406504	0	0	0	0.00444444	0	0	0	0	0	0	0	0	0	0	0	0	0	0	0	0	0	0	0	0	0	0.505587	0.0037037	0.00456621	0	0	0	7.84951	0.00383142	0	0	0	0	0	0	0	0	0	0	0.00529101	0	0.00546448	0	0.0440295	0.0037037	0	0.0037037	0	0.00320513	0	0	0	0	0	0	0	0	5.06871	0.0375156	0.019059	0	0	0	0.107637	0	0.26779	0	0.00406504	0	0.198649	0	0	0.0037037	27.3693	734.521	0.00854701	0.440873	0	0	0	0	0	0	0	0	0	0	0.00387597	0	0.0621053	0	0	0	0.0350847	0	0	0	0	0	0.0970114	0	0	0	0.0035461	0.00320513	0	0	0.0205177	0	0	0	0	0	0.0405455	0	0	0	0.0672365	0	0.0193277	0	0.287626	0.00320513	300.784	0.0884025	0.216758	0	19.7744	0.0260892	2.30575	0.00595238	0.739072	0	0.840718	0	7.81302	0.0070922	10.6117	0	15.3355	0	18.4152	0.00595238	
7.75328e+07	MFG_R_7_1	13901.4	71868.8	637.841	3.74468e+06	8832.7	4.1298e+06	17.2993	1501.53	469.615	2.00825	2370.65	23974.4	2.88624	35.4446	0.00757576	0	51.0603	448.316	0.00724638	3.44155e+06	189.85	654738	136.187	2.636e+07	2.09328	24455.6	0.0898386	74921.7	0.171634	15.5216	185.484	6219.89	55242.9	6304.2	0.423035	29.4135	56416.7	455.835	38768.5	34.8578	0.00564972	0	0	0.00406504	0	0	0	0	0	0	0.0251662	3.16034	0	3.22953	0.504124	2423.34	2.61173	223.031	1.39506	347.269	4.24323	29.8639	0	589.906	2.97326	9.35876	0	0	0	1.3092	0	5.46268	54.1064	1.89058	0	1.33923	0.0200513	1.22397	0.0793182	0.0209552	0	1337.99	0.0821548	36.1091	0.0147334	3.12594	0.0821548	575.008	0.0031746	81.5158	0.00378788	0.421127	4.07816	86.6861	0.0326929	154.087	2.1428	0.269756	0.00350877	322.782	0.0130832	115.001	0	11.0985	0.032619	0	2.31772	0.188134	0	0.00520833	0	0	0	0	0	0	0	0.00555556	0	0	0	71.5713	0	0.104111	1.39894	2.97384	0.140593	0.394694	0	0.86031	3.42379	84.7817	0.0904661	0.0566612	201.519	0.00383142	15.7726	34.1267	0.106501	1.08652	0	22.9631	58.1999	0.176735	0.491862	123.506	2.09757	0.0434003	59.6014	4.81978	0.311085	0.00347222	602.355	0.00617284	0	201.903	0.0394173	0.458783	0	5.58708	7.84059	298.368	5.57184	7.73886	0	0.00421941	809.726	0.0536769	10289.3	28.7293	0	0.507746	7743.74	42.9909	0.00757576	0.117043	0.127846	1.68817	9.48904	0	0.00490196	0	29.8899	0.0464744	469.822	0.0104167	0.00653595	0	0.332763	1.50935	0.0143369	0.00362319	0.130554	1.98427	0	0.082611	0.435826	0.205385	29.1916	0.00456621	23.0653	0	0.435325	0.763739	0.0378504	0.00462963	23.4431	0.221743	0.0342574	0	0.0161012	4.20796	0.0519513	1.45579	0.00406504	152.269	2.33986	106.002	0.00406504	0.115869	7.04423	1625.61	0.240635	5.61537	0.107587	0.970972	431.435	13408.7	273.243	132.14	0	276.343	9.46221	1042.12	2.67976	4.37803	80.2635	40.5827	82.9134	371.027	75.1834	616.28	280.182	441.639	100.417	823.953	
2.62225e+07	MFG_L_7_2	281398	221498	215630	1301.62	2358.16	0.101401	815028	60900.7	189.277	6030.28	0.0123457	0.483991	0.00421941	0.0945808	0.0151515	51.0603	0	126.159	0	0	2.20035e+06	188.003	3.56574e+06	1826.54	2.80505e+06	551.586	0.0385394	0.0991661	516925	350.955	44140.7	668.174	256.112	0.230979	3.13374	0.0846709	699.386	0.598374	48984.1	1.90435	0	0	0.0178979	0	0	0	0.00401606	0	0	0	0.16075	0.0407024	148349	0	1.22654e+06	0.0559558	4414.12	0.00595238	9368.05	0.0781104	97.2708	0.90785	876235	0.238431	0	0.0731083	0.0119048	0.0070922	0	0	32.1162	0	8.38338	0	19.6857	0	4.97309	0	1.71836	0	8484.63	0	170.194	0	1074.92	0	673.832	0	115.577	0	0	0	4.43844	0.0155993	2125.06	0	725.31	0	7609.33	0	1278.22	0	0	0.00411523	0	0	0.335023	0	0	0	0	0	0	0	0	0	0	0	0	0	1298.81	0	0.69339	0	0.239557	0	0.101298	0.00358423	0.00854701	0	1.18453	0	0.0240385	0	2.26805	0	1366.72	0.00483092	286.257	0	2610.42	0	39.0033	0	4.47328	0.044124	0.105375	0	0	0.00444444	2.10783	0	2.34019	0	22687.7	0	1.32705	0	270.099	0	1109.26	0.113908	15.1001	0	0.500478	0.00444444	7.90989	0	844.86	0	1.72079	0	890.679	0.0205848	0.0851655	0	0.0842949	0.0764347	0	0	0.480286	0	0	0	0.416222	0	0	0	0	0	0.00444444	0	0	0	0	0	0.00444444	0	0.122464	0.0035461	0.716747	0	0	0.0035461	0	0	0.0398246	0	0.158856	0	0	1.63555	0	0.004329	2.75097	4.76917	0.174729	0.14852	0.00546448	0	105.712	21.4514	0.183743	0	0.361988	0.00197239	62.8444	1739.31	95.2654	0.0187881	0	0	176.362	0	1.07603	0.0148441	1.99784	0.0448389	3.47659	0.0392481	3.14023	0.111685	4.91242	0.440089	21.5	0.00595238	
2.0333e+07	MFG_R_7_2	498.293	182881	1.25782	4499.26	0.0271998	0	36.8871	309197	19.0592	317.19	0.00854701	0	0	0.0135367	0	448.316	126.159	0	0	0.004329	1.46387	616.885	100.223	3.24096e+06	8.88595	1.60427e+06	0.00326797	1.36973	0.00680272	257159	0.623616	6327.61	1.3464	8.01556	0.00512821	2.08775	6.19285	739.074	33.2363	166.999	0	0	0	1.4899	0	0.0327334	0	0.0156025	0	0	0	1.33388	0.00653595	990.725	9.94784	205208	1.32841	28326.6	1.7271	57182	1.79399	90.7256	0.0254545	2.75115e+06	0.585737	0	0.0251662	0	0	47.6415	0.00277778	130.652	0.565618	11.363	0	93.0546	0.555953	1.91363	0.322753	1.78548	0	399587	0.003003	20030.5	0	1299.83	0.003003	92989.4	0	1415.97	0	0.576412	1.36291	5543.5	0	99805.7	0.00362319	1.50843	0	38032.9	0	6960.35	0	291.178	0	0	0.00362319	0.137612	0	0	0	0	0	0	0	0	0	0	0	0	0	8859.54	0	7.80207	0.618877	0.128111	0.258662	0.0515949	0	313.62	0.290944	1.87047	0.0129107	1184.77	1.29744	0.00641026	1.44557	736541	0.00469484	8483.21	0	30664	5.72328	101.167	0.092361	65.5816	0.787862	0.0128087	0.0208537	0.0140491	0	0.0037037	0	0	0	41473	0.00469484	6.82186	0	19040.3	0.777234	1129.03	0.192937	4.62066	0	0.0992656	0.00694444	0	174.7	1.11316	0.0760258	0	89.5121	0.263108	0	0	0	0	0.00854701	0	0	0	0.313236	0	0	0	0	0	0.003663	0	0	0	0.0939834	0.266489	0	0	0.059861	0	0.0156884	0.0582928	0.136177	0.00606061	0.0586116	0.273158	0	0	0.0155993	0.337171	0.00396825	0.00320513	0.00350877	11.3114	0.00350877	0.302634	0.940771	15.7302	0.347536	1.80774	0.0612723	1.09095	62.4109	46.7644	0.182764	3.53462	0.151396	16.3174	60.8549	244.43	32.0642	73.937	0	1.453	39.2512	4.02927	0.442232	0.004329	18.9703	0.100499	6.26437	21.3791	2.07658	12.4456	23.3508	5.71678	2.30969	8.64543	
3.78369e+07	MFG_L_7_3	2333.43	0	56013.5	0	2.31141e+06	929.398	0.00268817	0	0	0	0.226966	144.638	122611	20860.6	3.37321e+06	0.00724638	0	0	0	1.1679	1.54286e+06	34.7466	71704.9	0	0	0	1.11191e+07	5997.52	0	0	1.58511	28.381	1.73476	0.0529449	254494	35.0576	0.598811	0.00584795	0.392996	0	0	0	0	0.0670206	0	0	0.0166667	0.0249243	0.00980392	0	35829	22.0672	0	0	0	0	5.30536	0	2.86936	0	0	0	0.00694444	0	0.19732	0	0	0	0.00469484	0	0	0	0	0	0	0	0.11102	0	0.0265107	0	0.0189363	0	0.0562518	0.00462963	0	0	0.00628931	0	0	0	0	0	0	0	0.004329	0	0	0	0	0	0.004329	0	0	0	0	0	0	0	0	0	0	0	0	0	0	0	0	0	0	0	0	0	0	0	0.126495	0	0.0738421	0	0	0	1.01544	0	0	0	0.0441177	0	0	0	0	0	0	0	0.0047619	0	0	0	0.041683	0	0.00546448	0	0	0.00340136	0	0	0.00546448	0	0	0	0	0	2.36129	0	0.0047619	0	0	0	0.00584795	0	0.814374	0	0	0	0.0475229	0	0	0	0.693047	3.99062	0.0283816	0.0280733	0	0	0	0	0	0	0.693047	0.00854701	0	0	0	0	0.00383142	0	0	0	0.0154148	0	0.0183509	0	0	0	0.0657013	0	0	0	0.112417	0.00340136	0.0182648	0	0	0	0	0	0.00469484	0.00326797	0	0.00326797	0.15681	0	0.292141	0	0.0429097	0	3.66882	0.016062	663.93	0.015083	2.64619	0	37.5107	0	2.83674	0	0.151797	0	2.27189	0	1.63714	0	33.0262	0.00326797	37.8253	0.00326797	3.60825	0	
3.26354e+07	MFG_R_7_3	0	13.7167	0.336121	2117.79	825.361	799245	0	2.3977	0	0	0.182944	53.2823	318.654	688.259	1.10103	3.44155e+06	0	0.004329	1.1679	0	12.9612	3.00691e+06	0.0529449	65306.6	0	0.0393439	0.617927	8.97697e+06	0	0.0360011	14.3837	1705.02	2420.95	0.0326279	16.5478	272.638	5313.31	0.695637	3851.8	0.528331	0	0	0.00991449	55.1779	0	0	0.123654	0.336623	0	0	1.62693	482.605	0	0	0	0.00724638	0.012053	0.00555556	0.00215054	0.144167	0	0.574684	0	0	0	0.00529101	0	0	0	0.742467	0	0.00574713	1.02975	1.52252	0	0	0.00456621	0.277905	0.00456621	0	0	0.147782	0	0.937151	0	0	0	0.0153277	0	0.0150664	0	0	0	0.662606	0	0.004329	0.547182	0	0	0.104985	0	0.0662551	0	0.058891	0.00973799	0	0.547182	0	0	0	0	0	0	0	0	0.975311	0	0.00505051	0	0	0	0	0	0	0.110763	0.456397	0.0514122	3.92431	0	0	0.00358423	1.09511	0.0507125	0.0789481	5.59855	0	1.26508	0.622303	0	0	0	0.0220401	2.35827	0	0.0121846	0.635225	0.0155123	0.163404	0	0.00529101	0	0.11282	0.0155123	0	0	0.140888	0	0.0543931	0	1.57116	0.0284962	11.8761	0.287545	10.0669	0	0.004329	36.2935	0	261.11	1.59118	0	0.0430275	226.376	0	0	0	0.784309	0.421629	0	0	0	0	0	0	0	0	0.127095	0	0.00948184	1.7315	0.00462963	2.77872	0.0031746	7.87361	0	0	0.0031746	7.30217	0.786324	0.00444444	2.42082	0	0.0119048	0.550579	0	0.0441431	0.567056	1.84527	0.003663	0.0045045	0	0.0414663	0.00972113	0.0457603	0.0127024	23.4675	0.0430005	62.5083	0.0456713	3300.79	0.0264865	306.512	0.541857	37.4202	1.31492	2351.2	0	1321.94	1.26276	404.923	0	391.162	0.00387597	131.641	0.0687255	0.0194872	0	158.43	0.107071	0.228711	0.012289	141.402	0	305.922	0	23.3722	
