data	data	3.63398e+07	7.88705e+07	3.10556e+08	2.082e+07	3.96715e+08	1.10885e+08	1.31688e+08	7.7947e+07	4.07123e+07	2.29375e+07	1.9309e+07	3.70851e+07	1.03044e+08	3.59624e+07	3.68919e+07	2.91706e+07	8.9035e+06	1.47679e+07	6.87507e+07	6.56614e+07	1.61845e+07	3.94038e+07	2.1295e+07	3.35246e+07	2.25997e+07	5.60699e+06	1.77053e+08	2.24567e+08	7.31218e+06	1.11912e+07	3.15419e+07	2.91514e+07	4.03793e+07	3.44122e+07	1.87384e+07	5.97235e+06	2.05026e+07	1.1008e+07	2.61963e+07	4.11261e+07	1.04445e+07	1.00033e+07	4.66929e+07	1.42819e+07	3.61111e+07	1.42267e+07	4.55465e+07	1.22157e+08	2.31572e+07	3.64567e+06	4.31277e+07	2.02961e+07	1.04349e+08	1.64957e+07	2.90067e+07	2.64529e+07	1.47945e+08	2.1244e+07	9.52315e+07	5.69105e+07	2.38772e+07	2.16804e+07	1.0377e+08	2.69161e+07	2.7954e+06	1.2536e+07	1.22302e+06	3.34335e+06	6.53705e+07	3.17443e+08	9.54778e+07	5.22637e+07	7.19376e+07	3.5944e+07	9.03387e+07	5.02074e+07	6.74277e+07	2.57283e+07	1.08428e+08	3.02248e+07	6.8183e+07	3.53617e+07	4.01098e+07	3.65223e+07	3.58502e+07	6.74638e+07	3.72231e+07	5.30568e+07	1.53343e+08	8.55759e+07	1.01004e+08	2.01570e+07	9.63227e+07	1.03359e+07	6.676e+07	4.34777e+07	4.62947e+07	7.01331e+07	7.50456e+07	4.61246e+07	1.45506e+08	1.23438e+07	2.77222e+08	4.90115e+08	3.75749e+08	5.68248e+08	1.74901e+08	3.95636e+07	3.09348e+06	6.32461e+07	8.41518e+06	1.09666e+08	3.14515e+07	9.55439e+07	2.42342e+07	4.30914e+07	3.20266e+07	4.30335e+07	6.63689e+06	2.20376e+07	2.05132e+07	9.62614e+06	2.15257e+07	2.20534e+07	2.08255e+07	7.13316e+07	4.80302e+07	3.67105e+07	2.19716e+06	1.84842e+07	1.44117e+07	1.02794e+07	1.30523e+07	4.28727e+07	3.75737e+07	1.4215e+08	5.85445e+07	8.60833e+07	9.39533e+07	1.49719e+08	1.4172e+08	1.21731e+08	4.13286e+07	6.30591e+07	4.03796e+07	2.23845e+07	2.94971e+07	2.95616e+07	4.69701e+06	2.68554e+07	4.32424e+07	1.80843e+08	4.21074e+06	1.56653e+07	5.37883e+07	3.36402e+07	7.58122e+06	3.43549e+06	3.28555e+07	3.95323e+07	5.00775e+07	4.4853e+07	2.32423e+07	8.16121e+06	3.68834e+07	1.46587e+07	1.23892e+07	979944	7.30819e+07	2.55727e+07	7.8523e+06	933563	2.55377e+07	2.51708e+06	666770	1.44078e+07	5.32834e+06	4.26989e+07	1.16409e+07	1.30969e+07	9.71628e+06	3.73663e+07	3.0761e+06	4.57488e+06	5.84629e+06	8.07605e+06	1.14358e+07	1.21444e+07	1.91722e+08	1.04027e+08	1.02486e+09	2.4219e+08	5.92015e+08	1.148e+08	7.67324e+07	2.55966e+08	8.25857e+08	2.82001e+08	1.11328e+08	1.58353e+08	2.80961e+07	9.28399e+07	2.65555e+08	2.01425e+08	2.96307e+08	2.35028e+08	4.06595e+08	1.09783e+08	3.25654e+07	5.95656e+07	1.77104e+07	6.75377e+07	8.81492e+07	1.94085e+08	2.67388e+08	3.56371e+08	3.0982e+08	4.6757e+08	5.35785e+07	1.16432e+08	2.24699e+08	2.69928e+08	2.44925e+08	3.47222e+08	1.81745e+08	1.29504e+08	1.15603e+08	2.61466e+08	7.19405e+07	1.91861e+08	9.95162e+07	1.12296e+08	3.15171e+08	3.82323e+07	7.9074e+07	3.19465e+07	1.71777e+08	2.6341e+07	1.21861e+08	1.57401e+08	1.66984e+08	2.19431e+08	1.74733e+08	1.88361e+08	1.86217e+08	1.02383e+08	
data	data	SFG_L_7_1	SFG_R_7_1	SFG_L_7_2	SFG_R_7_2	SFG_L_7_3	SFG_R_7_3	SFG_L_7_4	SFG_R_7_4	SFG_L_7_5	SFG_R_7_5	SFG_L_7_6	SFG_R_7_6	SFG_L_7_7	SFG_R_7_7	MFG_L_7_1	MFG_R_7_1	MFG_L_7_2	MFG_R_7_2	MFG_L_7_3	MFG_R_7_3	MFG_L_7_4	MFG_R_7_4	MFG_L_7_5	MFG_R_7_5	MFG_L_7_6	MFG_R_7_6	MFG_L_7_7	MFG_R_7_7	IFG_L_6_1	IFG_R_6_1	IFG_L_6_2	IFG_R_6_2	IFG_L_6_3	IFG_R_6_3	IFG_L_6_4	IFG_R_6_4	IFG_L_6_5	IFG_R_6_5	IFG_L_6_6	IFG_R_6_6	OrG_L_6_1	OrG_R_6_1	OrG_L_6_2	OrG_R_6_2	OrG_L_6_3	OrG_R_6_3	OrG_L_6_4	OrG_R_6_4	OrG_L_6_5	OrG_R_6_5	OrG_R_6_6	OrG_R_6_6	PrG_L_6_1	PrG_R_6_1	PrG_L_6_2	PrG_R_6_2	PrG_L_6_3	PrG_R_6_3	PrG_L_6_4	PrG_R_6_4	PrG_L_6_5	PrG_R_6_5	PrG_L_6_6	PrG_R_6_6	PCL_L_2_1	PCL_R_2_1	PCL_L_2_2	PCL_R_2_2	STG_L_6_1	STG_R_6_1	STG_L_6_2	STG_R_6_2	STG_L_6_3	STG_R_6_3	STG_L_6_4	STG_R_6_4	STG_L_6_5	STG_R_6_5	STG_L_6_6	STG_R_6_6	MTG_L_4_1	MTG_R_4_1	MTG_L_4_2	MTG_R_4_2	MTG_L_4_3	MTG_R_4_3	MTG_L_4_4	MTG_R_4_4	ITG_L_7_1	ITG_R_7_1	ITG_L_7_2	ITG_R_7_2	ITG_L_7_3	ITG_R_7_3	ITG_L_7_4	ITG_R_7_4	ITG_L_7_5	ITG_R_7_5	ITG_L_7_6	ITG_R_7_6	ITG_L_7_7	ITG_R_7_7	FuG_L_3_1	FuG_R_3_1	FuG_L_3_2	FuG_R_3_2	FuG_L_3_3	FuG_R_3_3	PhG_L_6_1	PhG_R_6_1	PhG_L_6_2	PhG_R_6_2	PhG_L_6_3	PhG_R_6_3	PhG_L_6_4	PhG_R_6_4	PhG_L_6_5	PhG_R_6_5	PhG_L_6_6	PhG_R_6_6	pSTS_L_2_1	pSTS_R_2_1	pSTS_L_2_2	pSTS_R_2_2	SPL_L_5_1	SPL_R_5_1	SPL_L_5_2	SPL_R_5_2	SPL_L_5_3	SPL_R_5_3	SPL_L_5_4	SPL_R_5_4	SPL_L_5_5	SPL_R_5_5	IPL_L_6_1	IPL_R_6_1	IPL_L_6_2	IPL_R_6_2	IPL_L_6_3	IPL_R_6_3	IPL_L_6_4	IPL_R_6_4	IPL_L_6_5	IPL_R_6_5	IPL_L_6_6	IPL_R_6_6	PCun_L_4_1	PCun_R_4_1	PCun_L_4_2	PCun_R_4_2	PCun_L_4_3	PCun_R_4_3	PCun_L_4_4	PCun_R_4_4	PoG_L_4_1	PoG_R_4_1	PoG_L_4_2	PoG_R_4_2	PoG_L_4_3	PoG_R_4_3	PoG_L_4_4	PoG_R_4_4	INS_L_6_1	INS_R_6_1	INS_L_6_2	INS_R_6_2	INS_L_6_3	INS_R_6_3	INS_L_6_4	INS_R_6_4	INS_L_6_5	INS_R_6_5	INS_L_6_6	INS_R_6_6	CG_L_7_1	CG_R_7_1	CG_L_7_2	CG_R_7_2	CG_L_7_3	CG_R_7_3	CG_L_7_4	CG_R_7_4	CG_L_7_5	CG_R_7_5	CG_L_7_6	CG_R_7_6	CG_L_7_7	CG_R_7_7	MVOcC	MVOcC	MVOcC	MVOcC	MVOcC	MVOcC	MVOcC	MVOcC	MVOcC	MVOcC	LOcC_L_4_1	LOcC_R_4_1	LOcC_L_4_2	LOcC_R_4_2	LOcC_L_4_3	LOcC_R_4_3	LOcC_L_4_4	LOcC_R_4_4	LOcC_L_2_1	LOcC_R_2_1	LOcC_L_2_2	LOcC_R_2_2	Amyg_L_2_1	Amyg_R_2_1	Amyg_L_2_2	Amyg_R_2_2	Hipp_L_2_1	Hipp_R_2_1	Hipp_L_2_2	Hipp_R_2_2	BG_L_6_1	BG_R_6_1	BG_L_6_2	BG_R_6_2	BG_L_6_3	BG_R_6_3	BG_L_6_4	BG_R_6_4	BG_L_6_5	BG_R_6_5	BG_L_6_6	BG_R_6_6	Tha_L_8_1	Tha_R_8_1	Tha_L_8_2	Tha_R_8_2	Tha_L_8_3	Tha_R_8_3	Tha_L_8_4	Tha_R_8_4	Tha_L_8_5	Tha_R_8_5	Tha_L_8_6	Tha_R_8_6	Tha_L_8_7	Tha_R_8_7	Tha_L_8_8	Tha_R_8_8	
3.63398e+07	SFG_L_7_1	0	2.75846e+06	5.25355e+06	15812.9	318651	15124.2	4.95486e+06	210819	158449	1249.51	63195.2	1111.15	18.4476	92.5246	0.0131034	1800.06	6.74524	73.6746	5.51754	1.50305	91.5914	380.459	265.706	8945.04	38.8678	0.378053	0.867842	84.1838	901.092	14981.2	383.438	27.8007	361.265	3927.77	17.3315	0.231818	61.8067	27.5771	2409.43	3543.16	0	0	0.0035461	0	0.0610413	0	0.143519	0.0194472	0.0198851	0	0.118031	0	0.003367	0	0.210807	0.107842	4.16121	0.0607918	0.771143	1.96481	0.826872	0	25.6758	0	741.978	0.7056	22.8933	1.48675	0.0870364	0.0227384	0	0	0	0	0	0	0.00900901	0.00198413	0	0	0	0	0.108098	0	0	0	0	0	0.21222	0	0.254657	0	1.3144	0	0	0	0.0368437	0	0	0	0.003663	0	0.722766	0.00925926	0	0.185906	0.854427	0	0.00320513	0	0	0	0	0	0.305596	0	0.0199005	0	0	0.00546448	0	0	0	0	3363.98	1.10942	25.7681	0.192491	0	0	95.1286	0.0333417	1.43607	0.0155993	0.0394786	0	0.0394786	0.00320513	0	0	0	0	0	0	0	0.00314465	30979	0.0406247	12619.9	0.0436643	7231.9	0.141079	4215.66	0.682341	0	0	0	0	0	0	17.7981	0.384482	0.780676	0	0.035112	0	0.035112	0	0.20082	0.00347222	0	0	311.147	0.00347222	0.841384	0	0.595872	160.021	0.3	0.13611	1440.55	0.162351	65040.6	55.5622	1227.27	0.0897543	0	0	10.1495	0.265984	2.18929	0.0031746	0.0921844	0	3.37658	0.153562	1.07095	0.0103175	0.003367	0	0	0	0.093133	0.00347222	1.03552	5.3003	3.66551	0.0811172	0.239807	0	16.0373	10.4643	23.4701	0.00217865	258.346	10.3318	49.1812	0.0324532	0.145117	0.0203084	66053	269.104	86.4321	0.0150794	13.7765	0.0042735	399.092	128905	46.4683	0.233412	2.18897	0.0151593	2.50025e+06	0.225606	19292.2	0.0955339	20.4212	0	7790.67	0.0945154	3667.21	0.0127271	260.538	0.00248756	1.52513e+06	0.0426304	
7.88705e+07	SFG_R_7_1	2.75846e+06	0	857631	722976	161616	3.22355e+06	2.33203e+06	1.98003e+07	925137	883500	31011.6	1.56584e+06	3044.6	60.5003	17.7885	131906	0.00775194	52577.5	1556.23	48.3747	164.727	97107.5	4675.96	269360	30338	7.50627	710.747	71.7669	0.0261438	851892	0.822067	17007.6	772.444	425530	2.59525	45.3189	547.982	4951.18	10936.2	412653	0.425059	0.033891	0	0.0547751	0	0.0359568	0.89511	2.64487	0.0442547	0	1.52361	0.800639	5.48355	0	0.983256	579.341	75.2368	9.18984	94.7687	124.568	21.266	0.316771	147.324	192.627	0.196366	1785.21	2.08642	217.728	0.0945347	33.7245	0	0.00396825	0	0.00248756	0	0.00260417	0.101796	0.0991128	0.0552929	0.178413	0	0.270407	0.0098413	0.0131008	0	0.170903	0	0.680063	4.06014	0.66204	0.550322	0.00490196	5.77225	0.0497587	0.23708	0.127166	0.00326797	0.528317	0	1.03376	0.851585	0.874069	1.20027	15.3172	0	35.1574	2.17869	0	0	0.00326797	0	1.195	0	0.424122	0	0.178225	0	0.334977	0	0.117424	0	1.2069	0	0.00287356	4.91047	893.616	0.564468	0.23806	0	0.186541	10.3263	187.937	0.416309	4.10846	0.130958	2.34085	0.175808	0.165863	0	0.668653	0	0.492094	0.0151033	0	0	0	66.3653	326.366	5.46199	1039.39	5.51365	2329.89	354.262	50994.9	0	0	0	0	0	0	12.9344	58.5885	10.7903	0.0181616	0.302965	0	5.24857	0.672484	1.2537	4.10543	0.0210181	0.0327513	4679.56	4.42039	0.00628931	181.089	463.043	2181.52	0.51519	941.605	31.0805	11572.1	706.227	8301.4	0.0272109	1495.52	0.0193587	0.489027	443.718	82.7417	0.447279	0.201453	0.0096971	1.13944	25.0822	41.1659	0.255376	2.05068	0	0.106145	0	0.0610056	0.0305624	3.71453	60.6044	54.0877	0.520497	18.6499	0.0135956	0.00444444	0.0669548	74272	0.600201	13.3031	255.078	8931.45	0.00444444	95.485	0.267379	17.5267	99461.4	1.86697e+06	4.79378	50.3595	24.4659	0.209864	442.576	208400	2180.03	79.714	0.579101	10393.3	96066.5	878469	30.558	11937.1	0.48223	82.9394	25.3388	170877	4.40973	41829.7	0.174251	78203.5	20081.4	197023	
3.10556e+08	SFG_L_7_2	5.25355e+06	857631	0	11989.1	8.76512e+07	1.62291e+06	1.34172e+07	4531.75	62.8302	624.14	22337.8	204894	33355.7	508.866	3.18373e+06	216.088	2586.65	12.3776	368551	1551.35	48996.7	622.692	4.92801e+06	794.267	25300.1	0.0662879	43885.7	9560.2	71766	2040.4	220233	38.8561	954236	890.688	23634.8	0.197666	63946.5	6.40207	945184	872.719	7829.62	0	346.577	0.00287356	30.0954	6.8186	47.8547	4407.81	1490.15	0	3047.21	0	32.0173	0.202449	65.1497	37.5473	4.80667	16.3768	0.850483	67.7851	478.205	3.24183	42619.4	3.97067	0.217234	0.549641	0	0.137408	113.885	0.413135	9.82768	0.13184	4.93653	0.0804213	0.348253	0.179265	102.15	0.0254769	101.653	0.0819532	42.163	0.30329	48.9333	0.099775	0.0461666	0.38599	42.8587	1.48756	1055.87	1.00521	1509.23	0.0728585	9386.52	0.273495	52.7415	1.02149	479.997	0.36033	18.7129	1.45676	200.595	0	2377.99	0.394187	0.261964	89.2396	1396.68	0.0030581	0.878938	0.00246914	0	0.0470398	0.00998766	0.00258398	0.679131	0.00287356	0.113011	0.0099134	0	0	0.476794	3.12138	0	0.494261	1120.53	610.73	2038.62	41.3463	0.0225989	0.0158753	13.9555	2.25028	192.014	13.2848	2908.08	2.0613	1389.28	1.1209	0.300378	0.0906011	2.94705	0.231017	1.79287	0.115487	0.222442	0.240511	648.367	6.63272	19.9578	16.7296	110.629	0.417124	52.0887	2.61913	0.0985997	0	0.746717	0	0.0537786	0	24.8413	61.3668	20111.3	0.040185	12.3639	0.00287356	5427.81	0.004329	4801.31	0.0427489	1422.04	0	206005	0.00271003	0.512722	0.0382257	774.265	571.775	184.536	0.577133	58.9364	0.392979	0.511202	0.682786	60.7702	0.0190515	66.6742	0	1230.39	523.475	277.059	0	122.111	0	444.456	668.978	202.077	0.00260417	30.6255	0	3.43194	0.0237748	68.0151	0	166.289	492.611	133.283	0.568236	81.1639	0.0826664	27.2338	255.201	88.9579	0	86977.5	3363.77	14190.3	0.0960892	406.932	43.1128	8.56907e+06	5928.93	1622.09	0.094776	52327.4	0.0558436	625427	25535.5	378627	49.0433	187685	0.438214	1.45809e+07	0.0146538	21973.7	8.875	198069	0.0843389	659823	0.634448	786409	0.115608	937861	0.0801101	7.83312e+06	0.975425	
2.082e+07	SFG_R_7_2	15812.9	722976	11989.1	0	136953	5.7211e+06	0.475358	1.27485e+06	0.021783	1.16565	27947.9	0	223.467	74.3437	0.495749	935568	0	659.239	41.5068	64.7017	9.05898	43215.6	0.0412979	44506.5	0.0412979	223466	25.0479	124.153	0.110809	167173	0	7039.52	53.4643	226598	0	47.3431	0.335872	2950.97	28.2326	136307	0	0	0.00469484	0.061394	0	0.0037037	0.0431806	5.22454	0	0	0	0.136885	0	0.0873916	0	35298.9	7.30906	1585.54	4.81728	5879.44	0.00617284	0.0561246	0.00617284	1.22841	0.00406504	0.0853388	0	0.0471536	0	7653.37	0	0.0149832	0	0.906038	0	0.0301083	0	1.7704	0	0.27475	0	0.680937	0	1.9639	0	10.1422	0	1.54523	0.003367	506.827	0	56.572	0.0252412	10.7886	0	14.8329	0	341.041	0	132.328	0	12.8358	0.00995462	2355.1	0.00326797	1.21994	0	1.10472	0	0.141373	0	0.00320513	0	0.0308944	0	0.00358423	0	42.2025	0	0	0	0.822005	0	0.0250216	0.0972464	479.386	0.0133227	0.0272222	0	1.21544	0.141318	26.7676	0.0134769	99.5076	0.033392	7461.28	0.0151691	63.5236	0	0.61578	0	0.226986	0	0	0	0	0.568185	0.05126	0.0353235	1.46599	0.194267	1.79144	0.0156073	0.00564972	0	0.00320513	0	0	0	0	0.19787	0.410317	0.003663	0.32469	0	0.0116792	0	0.865785	0	20.4438	0	1.24076	0.932554	0.511453	0	0	0	0.0827312	0	0	0.00529101	7.50707	0.0204758	0	0.00406504	0	0	0	0.884633	25.4237	0	0.955149	0	0.264233	0.153589	0.103075	0	4.89449	0	10.7998	0	1930.76	0	2.81719	0.227695	72.4783	0	353.231	0	160.556	0	1431.53	0	2.66346	0.263239	1246.19	0	128.581	0.0185759	2.65637	14.2795	136239	0.00945114	10.2827	0.0135565	0.334618	330.807	85145.3	0.0740828	322.467	0.0535416	28723.5	232.216	159385	0.887709	29.2408	0.0535416	307.638	1.28035	67714.8	0.15653	50858.8	0.00456621	31253.4	76.6664	82057	
3.96715e+08	SFG_L_7_3	318651	161616	8.76512e+07	136953	0	1.22563e+07	114.787	13.0276	15.0345	27.9669	6.27743e+06	1.25871e+06	2.20291e+07	1.18904e+06	8.72978e+06	2952.93	74.9057	0.848496	2.07827e+07	721790	80353	9275.25	14663.2	997.233	212.798	0	7.12952e+06	1.74692e+06	942.408	116.684	216449	211.841	597258	51.5209	155239	0.490508	24917.9	2.339	37511.5	0.983823	277768	78.954	179120	0.0785017	706.358	304.525	9109.77	273026	32458.3	0.226346	389982	0.143824	4.51422	0.147092	1.52686	9.47629	2.49749	5.67064	1.13297	13.6952	14.5916	0.412074	13.9594	0.407649	32.8886	0.75959	0.730067	1.31272	401.178	0.44046	13.8265	0.118952	6.52172	0.0284726	0.53174	0.123667	98.3805	0.00280112	96.9653	0.0128486	53.4357	0.0770001	52.4322	0.0113477	0.103513	0.252303	53.817	0.30497	1118.61	0.100674	2964.74	0.0261751	24050.1	0.024458	41.4374	0.183754	1476.26	0.108303	33.9781	0.773004	239.597	0	3045.37	0.127842	0.244611	15.0286	1077.04	0.0030581	1.83465	0.00246914	0	0.0109989	0.00248756	0.0112286	123.505	0.00287356	9.89953	0.0099134	0	0	0.76056	0.626542	0	0.221733	6000.17	1267.47	6116.96	97.0566	0.00564972	0.185556	39.5818	1.6073	254.273	32.724	7783.14	3.16151	3126.23	1.53163	0.300378	0.00387597	3.32308	0.0135108	5.81535	0.029031	0.205782	0.0340996	24148.6	32.3459	2352.65	45.6591	15928.9	0.450033	15892.7	11.5738	0.156668	0	0.746717	0	0.0243581	0	219.472	6.3587	10655.6	0.00254453	19.1308	0.00287356	5013.9	0	3837.18	0.00287356	1379.8	0	23977.2	0	38.5754	0.685798	131500	1.06962e+06	11137	0.878331	20656.4	2.07839	7744.63	3.26064	3792.37	0.196003	6142.59	0.0541126	353.704	118.899	1108.73	0.00401606	2311.33	0	90.2229	131.731	787.919	0.0767075	117.302	0	13.3504	0.0104735	894.967	0	66.8057	54.5189	422.618	0.0607905	236.425	0.0816917	70.2269	47.5722	75.286	0.0415572	42335.8	741.994	134747	0.14573	9549.74	2860.53	2.20822e+06	1097.51	5233.06	4.56339	275174	0.00254453	4.26752e+06	3141.06	257037	21.6922	1.23014e+06	2.94726	3.39837e+06	0.134371	1352.51	4.0243	942976	0.827181	1.32268e+06	2.04816	2.14054e+06	2.44608	3.40003e+06	2.4661	4.59933e+06	4.40375	
1.10885e+08	SFG_R_7_3	15124.2	3.22355e+06	1.62291e+06	5.7211e+06	1.22563e+07	0	47.4518	718.96	35.1885	8.94906	606671	1.34694e+07	188995	3.57488e+06	39255.9	487915	0	0.550624	304051	825945	15469	41145.4	0.935395	1963.86	0	0.0458163	160216	522633	0.0618301	116.153	0.00666667	58331.8	502.69	1294.72	9.50044	4794.09	23.2419	319.627	1163.53	5.40304	45.7958	2348.57	5.82715	0.113108	6.68373	0.560852	352.848	52070	14.3884	8.15304	571.976	384.368	0	0.406202	0	12.1401	6.11384	9.93886	3.37498	35.392	0.398656	0.179747	3.11723	0.979684	0.00653595	19.9327	0	0.793393	0.00260417	248.814	0	0.104221	0	0.221409	0	0.140332	0	0.341817	0	0.419287	0	0.34644	0	0.121932	0	0.173872	0	1.93311	0.112766	6.90629	0	0.0230218	0.29239	0.990652	0.0143785	3.94779	0	30.9199	0	66.7309	0.0333523	95.2088	0.0239415	61.4376	0	9.22836	0.0426747	0.0143785	0	1.40698	0	0.130784	0	0.444841	0	2.92884	0	29.3008	0	1.93858	0	2.58437	0	0.0666251	0.249429	476.027	0.110193	0.162626	0.004329	2.16995	1.63058	20.1968	0.00277778	144.934	0.00392157	3.26255	0.0153338	0.554742	0	6.32942	0	6.37122	0	0	0	0.712681	8.34019	2.17433	0.107265	87.5106	6.5633	15185.4	2438.43	152688	0	0.00320513	0	0	0	0.0200513	2.35055	2.71547	0.285181	5.54601	0	0.00250627	0	2.62028	0.00378788	432.517	0.0047619	59.8581	291.021	5.206	0.65292	15820.6	76292.1	1.57309e+06	5.83129	37363.4	37.7751	446656	1.39851	42.1724	0.577828	36342.2	4.67693	368.615	6.26586	197.265	0.0223736	15.2136	4.75224	4.56553	0.669158	0.348841	0.00246914	32.6759	0	0.0173189	0	0.168005	0.74863	37.4074	0.726578	1165.21	0.185659	98.2971	0	0.155204	0.00416667	9.28748	0.00416667	29.52	0.597088	6482.33	0.153063	6552.96	41.5564	16727.1	270.869	373575	8.56189	108.409	13.1673	23.8074	3441.37	4.12669e+06	8.30453	6637.74	7.13203	1.76153e+06	2050.22	1.01253e+06	2.99937	23.3636	1.56128	5457.77	5.83112	284291	4.17273	688392	0.860687	573226	1110.8	1.01241e+06	
1.31688e+08	SFG_L_7_4	4.95486e+06	2.33203e+06	1.34172e+07	0.475358	114.787	47.4518	0	226898	1.41591e+07	1.14625e+06	0.148915	2657.49	0.0104023	0	0.0145724	0.299978	1.00306	1.0399	33.3044	0.0031746	11.6028	0.432175	4068.46	6.7634	225365	0.328297	4.71559	0.0468195	1012.88	140.653	23.1543	0.393573	273.258	2654.5	57.4106	0.00584795	942.945	27.7427	48729.9	2872.14	0	0	0.0145319	0.00239808	0.00406504	0.00320513	0.0381735	0.0107113	0.0439068	0	0.21872	0.00239808	46249.8	0.194859	1.66658e+06	37423.9	409.01	231.057	175197	8426.18	28345	3.76497	248131	10.3974	1.82253	4.4099	9.85364	784.961	1.12454	28.9823	0.00401606	0.0301113	0	0.106199	0.00401606	0.12614	9.74178	0.0448004	5.91436	0.169188	1.7475	0.110775	7.19194	0.0427622	0.0242504	0.252277	1.2235	0.372677	151.598	0.949787	11.5958	0.0992375	175.435	0.321097	18.5708	0.218407	0.296773	0.645205	13.1385	0.829102	95.2412	0.0118203	56.6355	6.55942	1.48741	114.013	53.4391	0.00392157	0.0137516	0	0	0.0936239	0.0099508	0.022846	0.00350877	0.00292398	0	0.00222222	0	0.0118003	0.00617284	1.52036	0.00793651	0.412387	29.5886	80.0269	42.7509	2.467	0	0.0150702	204.208	4.7413	29.8779	10.3167	7.10116	27.2171	7.00183	1.65518	3.36478	0.0886604	6.92833	0.18465	0.224043	0.26191	0.0847532	0.301272	8.28001	0.61146	0.769535	1.22883	2.48081	0.792101	0.519009	0.161059	291.454	0	0	0	1.05808	0	1263.07	111.689	160.513	0.0227823	40.5401	0.00243309	173.633	0.004329	78.9985	0.0913583	1.8999	0	4188.46	0.00245098	0.00925926	0	0	12.06	0	0.0782726	5.26926	0	70.7011	983.169	0.00877193	4.98383	0	0	7186.24	565.349	28.2506	0	0.762444	0.0123583	1487.74	685.842	11.2718	0.00260417	0.407793	0.00416667	0	0.841559	0.332695	0.0278832	943.857	645.444	71.3965	4.8878	5.64619	0.00362319	221.231	1149.92	421.567	0.00222222	212827	4839.14	33.6571	0.19706	1.12807	1.57789	7.78083e+06	14762.5	2115.8	12.2062	562.504	0.442878	492.595	2710.59	114181	70.1247	0.0307529	0	1.66249e+07	0.0121355	64771.1	13.5842	36.4131	0.0738306	2551.15	2.98363	1407.94	1.44501	348.676	0.439898	2.25744e+06	0.0366789	
7.7947e+07	SFG_R_7_4	210819	1.98003e+07	4531.75	1.27485e+06	13.0276	718.96	226898	0	388977	1.47764e+06	0.00740741	0.00320513	0	0.00287356	0.0517746	157804	0	28377	0.345737	5.51498	0.0385802	30447.1	10.2573	197648	275.006	145455	0.0174897	11.8501	0	298913	0.102486	4736.78	0.267369	1.27069e+06	0.90407	2.13984	1.41837	25562.8	4.04644	3.37017e+06	0	0	0	0.0513935	0	0.0166667	0	0.192681	0.00469484	0	0.0164646	2.02668	1.04363	0.00952381	1.34577	779822	45.7689	8428.23	102.725	21409.5	0.152287	99.9177	0.746035	5709.31	0.0699771	939.711	0.0446462	22.0389	0.00252525	21160.4	0	0.0335422	0	3.57511	0	0.0302794	0.0021097	11.257	0.0021097	2.50516	0	13.6298	0	14.3262	0	195.747	0	10.1544	0.0102185	1981.39	0.0128633	906.041	0.0371346	53.802	0	63.5846	0	7181.45	0	483.616	0	26.7218	0.0191899	14222.6	0.0286657	76.0832	0	24.035	0	6.62467	0.00222222	1.56703	0.00222222	1.09365	0	0	0	387.442	0	0.203353	0	2.78916	0	0.0109741	0.377544	9193.93	0.015105	4.53849	0.00362319	4.14362	44.5587	2753.72	0.133505	349.163	0.084219	39115.5	0.167825	1019.92	0	3.3936	0	6.11597	0.0133453	0.0222779	0	0.0396584	0.191252	9.149	0.153464	3028.77	0.0319467	1.20587	0.0342215	0.00595238	0	0	0	0	0	0.00666667	38.4514	240.311	0.112165	7.17738	0.017663	0.56404	0.619481	0.556875	0.058895	72.3661	0	0.0946731	5.08982	39.6118	0	0	0	0	0	0	0	0.00320513	0.0651567	0	0	0	0	0	131.388	89.1193	0.003367	0.0192654	0	2.36217	1.7114	44.2024	0.003367	3.56461	0	284.087	0	30939	0.0132065	12.4637	28.685	58.0361	0.003367	1636.94	0.00362319	837.957	0	198470	0	51.0008	24.7491	125531	0.0111785	80.9403	0	77.1349	4584.89	8.07005e+06	0.0126103	215.541	0.17067	21.0841	0.127694	188526	64.6326	1201.77	0.00653595	26.8541	2075.26	238637	11.7719	13297.7	0.00653595	4.72559	3.28035	90145.6	0.00666667	20789.5	0.039802	96959.5	15.6506	54304.3	
4.07123e+07	SFG_L_7_5	158449	925137	62.8302	0.021783	15.0345	35.1885	1.41591e+07	388977	0	2.42673e+06	0.198963	518.573	0.0180344	0.00411523	0	0.00606061	0	0.00490196	0.835233	0	0.170563	0.025974	0.560554	0.00490196	12.7813	0.446241	0.456483	0.00411523	0	0.680792	0	0	0	0.207817	0.0194295	0	0.0577065	0.00617284	0.0577065	0.153801	0	0.00606061	0	0	0	0	0	0	0	0.00606061	0.0152985	0	403.918	0	21483.6	199843	30.6072	11312.1	27975.8	142482	0	0	0.11327	0.399543	30828.4	348.188	72915.8	13230.6	0.00350877	55.956	0	0	0	0	0	0	0.00294985	0	0	0	0	0	0.101591	0	0	0	0	0	0.00343643	0.00974066	0	0.00262467	0.390747	0.0272742	0	0	0	0.00262467	0	0	0	0.0115309	0.09321	9.91292	0.353779	2.55467	0.00275482	0	0	0	0	0	0	0	0	0.00497512	0	0.00497512	0	0.00497512	0	0	0	0	763.148	37.5138	2.05576	0.0674226	0	0	1022.59	0.875406	1.67843	17.5469	0.23873	99.0534	0.173368	0.0125786	0	0.00314465	0.0242854	0	0.0267857	0	0	0	429.598	6.32591	2400.75	12.1433	6.47887	5.5903	24.8345	373.749	63.7206	0	0	0	0	0	9532.57	12.4262	0	0	0	0.00243309	0	0	0	0.00243309	0	0	0.0682504	0	0.0430108	0.419686	0.218293	4.97902	0	0.236147	14.1076	42.1105	1670.05	1149.57	35813.6	625.165	0.00411523	0.00606061	1882.06	6.47971	3.05637	0	0.0026455	0	454.766	5.99796	1.15586	0.00757576	0.0144945	0.0182786	0	3.73312	0.030002	0.00311526	132.808	20.6625	11.5564	0.0110652	0.631999	0	43.6292	8.92921	83.8202	0	1866.84	30.4826	4.34664	0.0306554	0.197535	0.00378788	49680.6	498.051	531.319	3.10706	6.79367	0.00378788	3.15466	6.41648	125.291	40.3271	0	0	1.61728e+06	0	3586.75	1.7672	4.25908	0	11.9548	0.0447373	35.7317	0.0035461	2.48627	0	45662.9	0.0248179	
2.29375e+07	SFG_R_7_5	1249.51	883500	624.14	1.16565	27.9669	8.94906	1.14625e+06	1.47764e+06	2.42673e+06	0	0.015873	90.4361	0	0	0.0830296	0.0152983	0.0892075	56.0178	1.61738	2.60542	0.320705	11.3532	14.9002	0.447266	124.293	5.80184	0.0364975	10.1751	0	72.5043	0.195989	9.91405	0.800104	1746.51	1.18082	0.328739	2.8963	279.38	1.43757	79116.7	0	0.00512821	0	0	0	0.0378205	0.00343643	0.493081	0.00854701	0.00512821	0.0628995	0.0560618	16975.1	6.80951	23761.6	521070	1740.33	23.2518	28846.1	253282	0.0936041	643.661	0.649011	26719.8	2.43626	11100.2	101.902	62881.1	0	114.408	0	0.00362319	0	0.0445149	0	0	0	0.0677119	0	0.073383	0	0.0662501	0	0.00241546	0	0.04208	0	0.128693	0.0101425	0.374586	0.0030303	0.00421941	0.00932108	0.0110112	0.00222222	0	0	0.0394345	0	0.126496	0.00222222	0.309353	0.0225286	48.885	0.0367433	127.37	0	0	0.002849	0.0132026	0	3.04016	0	0.609289	0	0.0466652	0	0.139328	0	0.0671054	0	0.16577	0	0	1.1764	12420.6	0.0711765	0.334869	0	0.0733199	41.3314	1122.54	0.131685	0.941654	0.578675	1.94802	0.416057	0.0194257	0.003663	0.238676	0.003663	0.210795	0.12294	0.025679	0	0	5.12583	124.602	1.48202	8270.58	0.397138	230.39	40.6786	6167.92	644.998	0.0867418	0	0	0	0	45.1781	163.99	0.0233622	0.0151728	0.0434436	0	2.46026	0.124307	0.0845915	6.24779	0	0	4.08122	10.034	0	1.10163	0	1.41288	0.00287356	1.80695	2.48594	352.472	310.111	5549.85	0.300465	2452.78	0.00287356	0.0133333	185.994	73.6548	0.0021097	0.0193237	0	1.52285	0.606756	43.2455	0	1.04806	0	0.0724857	0	0.00421941	0.00323625	10.7502	72.8159	29.1241	0.00894754	37.9565	0.00350877	0.0193277	24.6869	17763.9	0.0125713	35.6761	1282.13	246433	0	21.5215	0	143.866	24547.5	2.41043e+06	0.101894	191.599	0.360686	25.4338	0.0370579	469100	1988.02	41.0432	0	0.0519783	6620.88	739275	24.1554	41194.6	0	0.258068	10.012	157773	0.161076	26746.2	0.0972752	152336	2.13521	169262	
1.9309e+07	SFG_L_7_6	63195.2	31011.6	22337.8	27947.9	6.27743e+06	606671	0.148915	0.00740741	0.198963	0.015873	0	3360.96	2.08139e+06	46040.4	5.23144	8.74675	0	0	0.281174	11901.6	0	346.553	0.00877193	1.26897	0	0	35118.9	216549	0	0.243446	0	4.30913	0.00775194	0.448472	0.00343643	0.0269608	0	0.192118	0	0	4409.99	0.436761	0.0600095	0	0.00877193	47.6591	2.26848	66346.5	376.752	3.66511	0.171446	0	0	0	0	0	0.0030303	0	0.0030303	0	0	0	0	0	31.9789	0	0.00952381	0.00574713	0.136832	0.0677445	0	0	0	0	0	0	0	0	0	0	0	0	0	0	0	0	0	0	0	0	0	0	0.00262467	0	0	0	0	0	0	0	0	0	0.00340136	0.00246914	0	0.00246914	0	0	0	0.00246914	0	0.00246914	0	0	197.257	0	4.98415	0.00246914	0	0.0026455	0	0	0	0	67.6166	0.0558657	0.112213	0.00401606	0	0	0	0.00374532	0	0.00358423	0	0	0	0	0	0	0	0	0	0	0	0	13363.7	0.0241346	4776.63	0.0132738	20438.6	0.171138	12144.9	68.8244	0	0	0	0	0	0	0	0	0	0	0	0	0	0	0	0	0	0	0	0	9.94199	100.637	6574.53	19760.4	4229.02	5380.16	8488.36	2.11164	56905	73.0168	5007.56	11.83	823.373	257.809	0	0	0	0.00401606	0	0	0	0.00899471	0	0.0804914	0	0	0	0	0	0	0	0	0	0.00401606	0	0	16.8886	0	4.72768	0.0236007	291.202	0.00246914	601.557	0.0439302	28.4359	271.026	0.191563	0.06528	4.36529	5.82439	0.00326797	0.00185185	2.2514	7.38945	0.0731567	0.00358423	0.0466871	0.0149813	0.0481859	0.00374532	0	0	3.24991	0.00406504	0.0845136	0.00374532	34.896	0.00374532	0.153508	0.00374532	0.159793	0.0149813	
3.70851e+07	SFG_R_7_6	1111.15	1.56584e+06	204894	0	1.25871e+06	1.34694e+07	2657.49	0.00320513	518.573	90.4361	3360.96	0	10954.6	470800	11890.8	0.943974	0.00775194	0.0114943	67436	0.0595458	1290.75	9.71933	126.145	1.40863	236.815	0	27203.6	1.93362	0	0.43706	0.229494	7.21213	555.414	0.651114	0.079508	0.156358	134.036	0.00952381	2413.09	0.166748	2.35334	49.4615	0.158751	0	1.78288	0	41.6378	1.5039	0.580436	5.16869	453.178	0	0.156201	0	0	0.0031746	0	0.013175	0	0	2.42964	0	18.6661	0	0.0339052	0.953027	0	0.00952381	0.00271003	0.0167775	0	0	0	0	0	0	0.0200894	0	0.00350877	0	0	0	0.00266667	0	0	0	0	0	0.29048	0	0.0298059	0	0.286012	0	0.0604904	0	0.00326797	0	0	0	0.140922	0	0.0240845	0	0	0.031156	0.07075	0	0	0	0	0	0	0	0	0.0185507	0	0.0167775	0	0.0406466	0	0	0	0	0	0	0.0384371	0	0	0	0	0	0.0155228	0	0.00392157	0	0.0153338	0	0	0	0	0	0	0	0	0	0.591846	3.24941	0.00653595	1.38372	0.184454	8342.2	2053.26	122386	0	0	0	0	0	0	0.0278921	0.0125198	0.609804	0	0.158488	0	0.278117	0	0.377747	0	0.0221024	0	791.72	0	0.238829	29358.3	2450.75	927320	1.54374	99178.3	3.87814	220380	0.126812	51.7697	0.05859	22242.9	0.528859	459.516	1.2513	0.0577201	0	0.0172763	0.206707	0	0.193828	0.0320541	0	0.0462504	0	0	0	0	0.0226385	0.003663	0.0884859	0.0554302	0	0	0	0	0	0.0149573	0	0.00411523	8.80967	1.80234	0.00287356	35.5808	6.44452	0.53376	2233.12	7.2053	1.37018	0.287653	2.54518	0	5.21681	100.925	16.2335	0.045977	0.0601655	48.2356	3606.58	7.00292	0.731267	0.00340136	0.00287356	0.573703	0.214461	1.38795	0.0938917	18.5044	0.0938917	23.9246	1176.9	11.1323	
1.03044e+08	SFG_L_7_7	18.4476	3044.6	33355.7	223.467	2.20291e+07	188995	0.0104023	0	0.0180344	0	2.08139e+06	10954.6	0	1.07122e+06	90807.1	2.25435	0	0	434327	128568	226.165	9.50119	0	0.0829557	0	0	2.09108e+07	1.30653e+06	0	0	29.9686	0.178176	17.1093	0	585.317	0	0.54197	0	0	0	1.70297e+06	3547.38	100725	0.00694444	704.334	172.227	105244	158040	75767	7.82676	44719.6	0	0	0	0	0.00362319	0.0342914	0	0.0398289	0	0	0	0	0	3.84909	0.0605534	0	0.0542137	5.87218	0	0	0	0	0	0	0	0	0	0	0	0	0	0	0	0.00383142	0	0	0	0.0774014	0	2.34584	0	120.773	0	0	0	1.17131	0	0	0	0.0121768	0	20.8655	0.0120125	0	0.0120125	0.386578	0	0.0362801	0	0	0.00280112	0	0	477.461	0	20.5842	0	0	0	0	0	0	0	57.1737	3.91754	12.0379	0.650282	0	0	1.65075	0.0605148	0.0970579	0.119837	4.62767	0	2.69577	0.003003	0	0	0	0	0.0164348	0	0	0	8447.35	1.69871	8186.98	0.534564	16506.7	0.0531643	32178.3	0.899607	0	0	0	0	0	0	82.6738	0.00406504	0.0909576	0	0.162866	0	0.015695	0	0.333982	0	0.00383142	0	0.0347784	0	380.168	1.47234	139629	289259	146117	0.651217	51609.2	0.0954862	4003.38	0.322027	31710.4	0.00617284	69059.2	10.7545	1.61686	0	26.6057	0	3013.29	0	0.0435217	0	23.6651	0	0.421088	0	0.0277581	0	681.312	0	0.0143813	0	2.03839	0.00287356	0.476414	0	3.84538	0	8.9545	0	1705.37	0.0338595	4512.2	0.00401606	17695.1	2215.46	690.821	0.0651442	1539.56	5.94397	32421.7	0	75769.6	0.366852	9.4817	0	36666.3	0.0319456	5154.04	0	9.71116	0.00347222	4371.54	0.0035461	2342.19	0.037528	13964	0.199137	16581.4	0.135601	22727	0.192716	
3.59624e+07	SFG_R_7_7	92.5246	60.5003	508.866	74.3437	1.18904e+06	3.57488e+06	0	0.00287356	0.00411523	0	46040.4	470800	1.07122e+06	0	1270.9	0.0189144	0	0	481847	49.4462	12910.7	0.00347222	0	0.00347222	0	0	1.84251e+06	5.40516e+06	0	0.00347222	0	0.0297139	0	0.00311526	0	0.0307435	0	0	0	0	1662.4	1.45264e+06	966.503	0	4735.43	1.0588	133239	672161	357.081	13898.1	1683.61	0	0	0	0	0	0	0	0	0	0	0	0	0	0.0414286	0	0.00666667	0	0.0160189	0.00411523	0	0	0	0	0	0	0	0	0	0	0	0	0	0	0	0	0	0	0	0	0	0	0	0	0	0	0	0	0	0	0	0	0.0459784	0	0	0	0	0	0	0	0	0	0	0	0.0244704	0	0.0160189	0	0	0	0	0	0	0	0.0329854	0	0	0	0	0	0.00347222	0	0	0	0	0	0	0	0	0	0	0	0	0	0	0	26.0805	0	5.09216	0.00653595	45.5528	1.22322	115.191	448.191	0	0	0	0	0	0	0	0	0	0	0	0	0	0	0	0	0	0	0	0	1.15786	2045.71	127277	1.44967e+06	2.55545	585.884	1.3299	1566.89	41.9914	0.385817	8.65164	74.1024	18319.6	2795.34	0.0115942	0	0.140724	0	23.9942	0	0	0.00185185	0.234349	0	0	0	0	0	6.51416	0	0	0	0	0	0	0	0.0165329	0.00287356	0.0160189	0.00900901	0.141127	0.00287356	0.729396	0.0614441	58.3563	7.5292	0.0122987	0.037579	33.2461	164.742	33.7636	0.00185185	0.496038	5.28214	0	0	0.656629	1.79416	0.116041	0.135898	0	0	0.0885976	0.00680272	0	0.263237	0.143399	2.12017	0.145083	1.30746	0.261719	0.526591	
3.68919e+07	MFG_L_7_1	0.0131034	17.7885	3.18373e+06	0.495749	8.72978e+06	39255.9	0.0145724	0.0517746	0	0.0830296	5.23144	11890.8	90807.1	1270.9	0	0	78.8355	0	2.2323e+06	36339.8	2.30152e+06	2.48015	1.54524e+06	0	23799.1	0	137472	7626.57	0	0	584.952	0.144592	2752.17	0	26777.2	0	1815.55	0	13.579	0	1850.7	0	1385.3	0	1.66102	1.15658	9.04923	372.912	371.644	0	11086.4	0	0.0513015	0	0	0.11858	0	0.0306383	0	0.0130084	0.00793651	0	0	0	0	0.00387597	0	0.003663	0.454202	0	0.0146716	0	0.00416667	0	0.00438596	0	0.201689	0	0.0873936	0	0.036295	0	0.296623	0	0	0	0.0329494	0	1.39938	0	3.03337	0	131.568	0	0.0894437	0	0.329667	0	0.0601428	0	0.195324	0	6.75539	0	0	0	1.93419	0	0	0	0	0	0	0	0.154602	0.00287356	0.0030303	0	0	0	0.00406504	0	0	0	13.371	1.89571	15.1143	0.757737	0	0.015873	0.682505	0.015873	2.46032	0.0921661	3.66756	0	4.1401	0	0.00462963	0	0.00462963	0	0	0	0.0193603	0	23.4022	1.21178	4.95122	0.0555438	4.57056	0.00287356	7.40407	0.0327687	0.00641026	0	0	0	0	0	18.1418	0.0133076	9.00732	0	2.04306	0	16.0103	0	7.97727	0	2.09075	0	13.0874	0	0.154583	0	7.62573	1379.43	52.9449	0	8.2571	0.00287356	0.0693847	0	11.5242	0	18.4712	0	0.326534	0.0609297	6.65679	0	7.41422	0	0.0187831	0.0609297	3.82069	0	1.44099	0	0.00416667	0	5.16137	0	0.0593148	0	2.22238	0	0.17646	0	0.0121212	0.162702	0.0164773	0	68.9581	0.746296	621.303	0.0114943	84.9101	1.14969	3560.23	1.47797	15.2752	0	16788.3	0	14561.4	0.364281	853.488	0	3709.8	0.127806	6318.8	0	5.55907	0	1270.84	0.0146591	841.82	0.0158753	1472.55	0.227631	2550.53	0.0950153	3249.83	0.140907	
2.91706e+07	MFG_R_7_1	1800.06	131906	216.088	935568	2952.93	487915	0.299978	157804	0.00606061	0.0152983	8.74675	0.943974	2.25435	0.0189144	0	0	0.00641026	598.172	0.203587	763321	0.15013	690091	1.00213	1.11359e+07	0.00775194	246003	0.436151	0.90778	0.553179	139.123	0.135354	2566.14	165.241	77.6406	0.00595238	11.0311	12.3603	32.5235	474.966	4.20991	0.00483092	0	0	0	0	0	0.0181007	0.289252	0	0	0	0.109981	0	0	0	450.992	0.0645562	295.246	0.14125	534.906	0.00680272	0	0.0272109	0.964184	0.0364384	0.0506793	0	0	0.024129	134.417	0	0.00340136	0	0	0	0.00340136	0	0.0266254	0	0	0	0.00512821	0.00268817	0.00350877	0	0.0892144	0	0	0.104495	16.5273	0.0324053	0.00374532	0.530297	4.05145	0.0037037	0.662829	0	2.0143	0	3.10172	0.0037037	0.00374532	0.272188	79.3603	0	0.0527825	0.270153	0	0	0	0	0	0	0	0	0	0	0.137317	0	0	0	0	0	0	0.0148166	32.6978	0.00280112	0	0	0.00641026	0.00421941	0.0577957	0.014737	6.30026	0.0152505	6.91121	0.0626483	0.0201058	0	0.0239316	0	0.427881	0	0.160543	0	0	2.49039	0	0.472005	1.25053	0.224903	0	0.642943	0	0	0	0	0	0	0	0.00421941	1.25358	1.64181	0.0135236	0	0	0	0.0879986	0.174212	7.24016	0	0.503425	179.999	0.0189593	0.00378788	0	0	0	0	0	0	0.00854701	6.89953	0	0.197505	0	0	0	0.454102	0.0420192	0.00343643	0	0.00343643	0	0.065924	0.00362319	0.00343643	0.00438596	0.0035461	0.00362319	0	0.053112	0	0.0351465	0.0560156	0.133657	0.00343643	0.977827	0.0156863	0.319191	0	0.474003	0	0.00217865	5.78489	40.3543	0	0.565806	0	0.00641026	1586.94	5064.98	0.00280112	0	1.75942	0.0970472	425.357	7232.84	36.3288	96.4491	0	1852.98	2034.21	1718.65	0.0546841	7.33789	0	111.984	0.411842	961.813	0.00617284	1104.92	0	835.769	401.469	2465.22	
8.9035e+06	MFG_L_7_2	6.74524	0.00775194	2586.65	0	74.9057	0	1.00306	0	0	0.0892075	0	0.00775194	0	0	78.8355	0.00641026	0	0	81952.9	0	154456	0	932422	0.00641026	1.11936e+06	0	0	0	327754	0.0275177	585136	0	204873	0	703.584	0	1105.48	0	109288	0	0	0	0	0	0	0	0	0	0	0	0.141292	0	122835	0	39067.6	0.00606061	1.4121	0	1.86986	0	229.388	0	623890	0	0	0	0	0	21.828	0.00171821	1.95029	0	0.315278	0	0.521016	0	532.499	0	353.376	0	5376.87	0	361.161	0	8738.23	0	25.91	0	35917	0	1116.79	0	6710.41	0	5702.11	0	321.778	0	8604.91	0	29593.6	0	849.999	0	0.230618	0.00438596	10512.5	0	0.113839	0	0	0	0	0	0	0	0	0	0	0	230.528	0	23.553	0	0	0	0.0219363	0	0.00793651	0	0	0	1.01077	0	6.51357	0	162.177	0	286.106	0	618.05	0	127.717	0	0.0284516	0	0	0	0	0	0	0	0	0	5070.4	0	0	0	3773.11	0	1.58959	0	22.4685	0	3.91885	0	15.2459	0	4.78166	0	8.26943	0	19825.6	0	0	0	0	0	0	0	0	0	0	0	0	0	0	0	0	0	6.67914	0	2.96622	0	0.00529101	0	0.934631	0	1.67422	0	0	0	0.0323096	0	1.04291	0.016902	8.85876	0	0.0693705	0	0	0	0	0	0.603507	0.00311526	0.481497	0	0.00254453	0	700.299	0.00311526	0.0171416	0	11.4597	0	0.0665395	0.0070922	263.375	0	0	0	0.599771	0	0	0	0.0240716	0	0.0110951	0	0	0	0.0240716	0	0.00653595	0	
1.47679e+07	MFG_R_7_2	73.6746	52577.5	12.3776	659.239	0.848496	0.550624	1.0399	28377	0.00490196	56.0178	0	0.0114943	0	0	0	598.172	0	0	0	0.014934	0.021104	897.759	0.100019	1.55491e+06	0.0222447	396567	0	0.12503	0	1.21902e+06	0.00653595	73.6672	0.122009	3223.62	0	0.00595238	0.0622465	2.11484	0.692907	9335.01	0	0	0	0	0	0	0	0.0045045	0	0	0	0	0.00406504	402.561	0	720.185	0.00207039	344.232	0.0155375	247.278	0	0.0230159	0.00641026	4.03658e+06	0	0.223927	0	0	0	61.5342	0	0.128683	0	8.32873	0	0.376263	0	7.80749	0	11.9381	0	281.17	0	19.3666	0	12461.4	0	147.284	0	241.167	0.00323625	106.408	0.00262467	12.437	0	8.59211	0	6131.16	0	6397.81	0	0.00469484	0	340.823	0	0.629337	0.00262467	0.00383142	0	0	0	0	0	0.0139804	0	0	0	0.0653016	0	0	0	43.3129	0	1.71194	0	199.864	0	0	0	0.669001	0.11451	0.668203	0	0.762362	0.00456621	138.77	0.0181414	309.916	0	5292.31	0	7755.51	0.00456621	35840.8	0	0	0.00362319	0	0.00387597	59.3004	0.00350877	0.00505051	0.0148148	0	0.00406504	35.5044	0	0	0	7.55522	0.443326	251.017	0.00262467	1.93655	0	0.00546448	0	0	0	2.00639	0	0	0.430294	0.002849	0	0	0	0	0	0	0	0	0.0149983	0	0	0	0	0	0.0486423	0.0042735	0	0	0	0.0187831	0	0	0	0.0171966	0	0	0	0.386476	0	0.0192095	0.0248538	0.0042735	0	0.278257	0	0.00505051	0	1.1412	0	0.0308716	0.469189	20.5058	0	0.252587	0	0.288335	20.0861	74.4205	0	0.418902	0.00262467	0.245153	0.39699	2534.43	0.00323625	1.86652	0	0.0311021	214.656	4.78838	0.0517415	6.76166	0	0.0031746	0	32.3569	0	7.44134	0	32.3144	103.816	14.7411	
6.87507e+07	MFG_L_7_3	5.51754	1556.23	368551	41.5068	2.07827e+07	304051	33.3044	0.345737	0.835233	1.61738	0.281174	67436	434327	481847	2.2323e+06	0.203587	81952.9	0	0	128866	2.66276e+06	9.90234	114589	0.344306	42087.8	0	4.60906e+06	223933	0.00209644	0.249061	4.20483	0.444677	50.6186	0.395327	59229.4	0.052581	496.678	0	6.01931	0.036295	442.368	8.3124	216753	0.00666667	19.2993	0.308828	1269.97	765.015	11.6483	0.051664	625549	0.0269388	521.087	0	251.24	0.285164	0.70874	0.032225	0.347788	0.0149888	0.0240404	0.00383142	862.511	0.00383142	0.00595238	0.015873	0	0.0325092	19.3794	0.0155836	1.56223	0	0.966186	0	0.0343497	0	48.0752	0	24.9258	0	88.9119	0	24.7859	0	72.8746	0.00258398	12.9895	0	365.725	0	45.6386	0.00282486	1081.24	0	79.1076	0.00271003	6.07823	0.00292398	66.0876	0.0249984	326.859	0	79.1568	0.0108915	0.0130732	0.228936	133.931	0	0.00323625	0	0	0.0030303	0	0.0030303	0.0288765	0	0.275306	0	0	0	22.9694	0.0112064	0.0173669	0.00320513	114.098	16.4011	86.6179	2.83226	0.00512821	0.016282	12.2455	0.14171	4.87737	0.472193	28.5935	0.0538551	51.8601	0.0137516	0.56043	0.00239808	2.39414	0.00239808	2.17768	0	0.0509045	0	93.3241	9.09025	0.763173	1.44076	7.85845	0.0568933	3.58008	1.31134	7.17669	0	0.146296	0	3.62631	0	155.117	0.0155565	171.066	0	22.5668	0	680.711	0	171.346	0	91.8727	0	162.33	0	0.517285	0.00401606	27.9244	11158.2	38.2498	0	13.4653	0.00358423	0.0342715	0	1.29961	0.00401606	28.0598	0	22.1253	6.68564	130.399	0	141.046	0	4.53423	3.49129	99.8514	0	24.3907	0	0.00421941	0	64.6633	0	6.22234	0.560818	55.1748	0	1.10441	0.00350877	0	1.11004	0.910262	0.0415572	1465.27	14.1075	6347.38	0.0114976	53.9952	1.22084	73219.3	22.3867	115.498	0.0228739	121556	0	234858	6.3916	8470.46	0.00564972	102464	1.71866	162555	0.0969532	71.9715	0.0138889	17237.8	0.0155039	19983.2	0.0640796	36505.2	0.764634	50850.7	0.561283	80985.4	1.44202	
6.56614e+07	MFG_R_7_3	1.50305	48.3747	1551.35	64.7017	721790	825945	0.0031746	5.51498	0	2.60542	11901.6	0.0595458	128568	49.4462	36339.8	763321	0	0.014934	128866	0	4260.17	3.89229e+06	0	449.11	0.00234742	1.62357	94074.1	2.32831e+07	0	0.015873	10.1418	15133.7	16.6089	14.3921	42.0722	70248.8	0.0503844	184.079	0.100312	4.45535	994.787	0.0238095	5.73497	4595.11	0.269641	2.96282	59.6654	10064.5	187.992	0	823.567	425960	0	0.210791	0	5.77815	0.0163605	4.35201	0.0163605	3.92741	0	10.3122	0	1.76427	0.00411523	0.861269	0	0	0.00537634	453.86	0	49.8439	0	26.687	0	19.1787	0	2.06242	0.00347222	8.14906	0	2.20997	0	6.09751	0	1.78015	0	4.24401	0	47.4503	0	0.0137845	0.0721408	2.48141	0	25.3723	0	8.28494	0	15.4216	0	12.2149	0.0255999	391.003	0	21.4905	0	0.00374532	0	12.316	0	0.448076	0	1.21595	0.0100615	0.108817	0.0154808	113.141	0	0.298041	0	2.36382	0	0.522378	0.362931	256.641	2.96033	0.205588	0	6.54966	0.147205	1.66258	0.177489	180.555	0	135.009	0.0560859	16.3372	0	101.115	0	63.7536	0.0030581	0.284159	0	107.146	2.19317	2.68672	1.69956	10.7399	0.120211	122.87	0.0535744	0.020202	0	0.0031746	0	0.176559	0	0.199817	0.500718	0.434204	0	478.681	0	2.6305	0	14.6359	0	208.96	0	5.34462	0.00406504	11.0998	0.00343643	0	0.786856	1.65259	11.1425	0	0.0825896	153.59	0.123831	0	3.14074	0	3.536	0	0.616576	3.21291	0.0237015	11.0459	6.26682	136.985	0.774281	2.80742	0.0103365	29.4053	0.0261102	0.991337	0	7.06376	0.849864	1419.38	0.104762	9.08103	0.0106728	2249.04	0.00350877	17.7686	0.00236407	15.188	0.113155	53.4278	0.268157	2847.91	0.643204	5526.76	20.5427	180949	0.180661	56325.2	4.64216	131.728	10.145	41788.9	23.098	1.07356e+06	0.00350877	65827.6	11.0874	444495	0.651237	67867	0.387422	1.98937	3.85223	13019.4	6.88162	4480.7	3.71438	141403	1.0214	203415	11.1312	100886	
